  0.000234  -0.0000   0.00100000
  0.000508  -0.0000   0.00200000
  0.001377  -0.0000   0.00300000
  0.007121  -0.0000   0.00450000
  0.007811  -0.0000   0.00675000
  0.008744  -0.0000   0.01013000
  0.010161  -0.0000   0.01519000
  0.012347  -0.0000   0.02278000
  0.013390  -0.0000   0.02634000
  0.014452  -0.0000   0.02990000
  0.015534  -0.0000   0.03346000
  0.017209  -0.0000   0.03880000
  0.018942  -0.0000   0.04414000
  0.020299  -0.0000   0.04821000
  0.021386  -0.0000   0.05228000
  0.021721  -0.0000   0.05635000
  0.022227  -0.0000   0.06245000
  0.022995  -0.0000   0.07161000
  0.024170  -0.0000   0.08535000
  0.025186  -0.0000   0.09698000
  0.026227  -0.0000   0.10900000
  0.027297  -0.0000   0.12000000
  0.028499  -0.0000   0.13300000
  0.029745  -0.0000   0.14500000
  0.031043  -0.0000   0.15800000
  0.032397  -0.0000   0.17100000
  0.033812  -0.0000   0.18300000
  0.035294  -0.0000   0.19600000
  0.036848  -0.0000   0.20900000
  0.038197  -0.0000   0.21900000
  0.039601  -0.0000   0.23000000
  0.041063  -0.0000   0.24000000
  0.042583  -0.0000   0.25100000
  0.043764  -0.0000   0.26100000
  0.044047  -0.0000   0.26600000
  0.044329  -0.0000   0.27000000
  0.044610  -0.0000   0.27400000
  0.045031  -0.0000   0.28100000
  0.045550  -0.0000   0.28900000
  0.046069  -0.0000   0.29700000
  0.046590  -0.0000   0.30500000
  0.047287  -0.0000   0.31600000
  0.047989  -0.0000   0.32600000
  0.048892  -0.0000   0.34000000
  0.049808  -0.0000   0.35300000
  0.050996  -0.0000   0.37000000
  0.052215  -0.0000   0.38800000
  0.054023  -0.0000   0.41200000
  0.055915  -0.0000   0.43600000
  0.057635  -0.0000   0.45700000
  0.059431  -0.0000   0.47900000
  0.061307  -0.0000   0.50000000
  0.063199  -0.0000   0.52000000
  0.065169  -0.0000   0.54100000
  0.065582  -0.0000   0.54800000
  0.065993  -0.0000   0.55600000
  0.066403  -0.0000   0.56400000
  0.067016  -0.0000   0.57500000
  0.067936  -0.0000   0.59200000
  0.068860  -0.0000   0.60900000
  0.069791  -0.0000   0.62600000
  0.070732  -0.0000   0.64300000
  0.072171  -0.0000   0.66800000
  0.074196  -0.0000   0.70300000
  0.076303  -0.0000   0.73700000
  0.078504  -0.0000   0.77200000
  0.080810  -0.0000   0.80600000
  0.083228  -0.0000   0.84100000
  0.085768  -0.0000   0.87500000
  0.086939  -0.0000   0.89300000
  0.087783  -0.0000   0.91000000
  0.088625  -0.0000   0.92800000
  0.089466  -0.0000   0.94500000
  0.090310  -0.0000   0.96300000
  0.091586  -0.0000   0.98900000
  0.092758  -0.0000   1.02000000
  0.093680  -0.0000   1.06000000
  0.094571  -0.0000   1.09000000
  0.095437  -0.0000   1.12000000
  0.096692  -0.0000   1.18000000
  0.098158  -0.0000   1.24000000
  0.099585  -0.0000   1.30000000
  0.100982  -0.0000   1.36000000
  0.103023  -0.0000   1.45000000
  0.105020  -0.0000   1.54000000
  0.105438  -0.0000   1.56000000
  0.105718  -0.0000   1.58000000
  0.105992  -0.0000   1.60000000
  0.106390  -0.0000   1.64000000
  0.106963  -0.0000   1.68000000
  0.107780  -0.0000   1.75000000
  0.108565  -0.0000   1.82000000
  0.109323  -0.0000   1.89000000
  0.110060  -0.0000   1.96000000
  0.111129  -0.0000   2.06000000
  0.112676  -0.0000   2.21000000
  0.114544  -0.0000   2.41000000
  0.116373  -0.0000   2.60000000
  0.118172  -0.0000   2.79000000
  0.120529  -0.0000   3.05000000
  0.122856  -0.0000   3.30000000
  0.123287  -0.0000   3.35000000
  0.123605  -0.0000   3.40000000
  0.123893  -0.0000   3.44000000
  0.124313  -0.0000   3.52000000
  0.124917  -0.0000   3.62000000
  0.125724  -0.0000   3.77000000
  0.126504  -0.0000   3.92000000
  0.127264  -0.0000   4.07000000
  0.128371  -0.0000   4.29000000
  0.129988  -0.0000   4.63000000
  0.131919  -0.0000   5.04000000
  0.133825  -0.0000   5.45000000
  0.135716  -0.0000   5.85000000
  0.137594  -0.0000   6.26000000
  0.140188  -0.0000   6.83000000
  0.140899  -0.0000   6.99000000
  0.141574  -0.0000   7.15000000
  0.142068  -0.0000   7.30000000
  0.142775  -0.0000   7.54000000
  0.143457  -0.0000   7.77000000
  0.144120  -0.0000   8.01000000
  0.144769  -0.0000   8.24000000
  0.145720  -0.0000   8.59000000
  0.147119  -0.0000   9.12000000
  0.148683  -0.0000   9.72000000
  0.150236  -0.0000  10.30000000
  0.151782  -0.0000  10.90000000
  0.153855  -0.0000  11.70000000
  0.155920  -0.0000  12.50000000
  0.158996  -0.0000  13.70000000
  0.159427  -0.0000  13.90000000
  0.159826  -0.0000  14.10000000
  0.160140  -0.0000  14.20000000
  0.160596  -0.0000  14.50000000
  0.161253  -0.0000  14.90000000
  0.161973  -0.0000  15.30000000
  0.162677  -0.0000  15.70000000
  0.163713  -0.0000  16.40000000
  0.165242  -0.0000  17.40000000
  0.166761  -0.0000  18.30000000
  0.168274  -0.0000  19.30000000
  0.169785  -0.0000  20.30000000
  0.171933  -0.0000  21.60000000
  0.174076  -0.0000  23.00000000
  0.177275  -0.0000  25.10000000
  0.177698  -0.0000  25.40000000
  0.178113  -0.0000  25.70000000
  0.178431  -0.0000  25.90000000
  0.178892  -0.0000  26.30000000
  0.179558  -0.0000  27.00000000
  0.180207  -0.0000  27.60000000
  0.180846  -0.0000  28.20000000
  0.181789  -0.0000  29.10000000
  0.183189  -0.0000  30.50000000
  0.184583  -0.0000  31.90000000
  0.185975  -0.0000  33.30000000
  0.187366  -0.0000  34.70000000
  0.189450  -0.0000  36.80000000
  0.192488  -0.0000  39.80000000
  0.196521  -0.0000  43.90000000
  0.196769  -0.0000  44.20000000
  0.197007  -0.0000  44.50000000
  0.197242  -0.0000  44.80000000
  0.197586  -0.0000  45.30000000
  0.198091  -0.0000  46.00000000
  0.198832  -0.0000  47.10000000
  0.199925  -0.0000  48.70000000
  0.201342  -0.0000  50.80000000
  0.202757  -0.0000  52.90000000
  0.204170  -0.0000  55.00000000
  0.205583  -0.0000  57.10000000
  0.207702  -0.0000  60.20000000
  0.210872  -0.0000  64.90000000
  0.213233  -0.0000  68.50000000
  0.214706  -0.0000  70.70000000
  0.215213  -0.0000  71.50000000
  0.215633  -0.0000  72.30000000
  0.216042  -0.0000  73.10000000
  0.216640  -0.0000  74.30000000
  0.217229  -0.0000  75.60000000
  0.218101  -0.0000  77.40000000
  0.219401  -0.0000  80.20000000
  0.220699  -0.0000  82.90000000
  0.221997  -0.0000  85.70000000
  0.223295  -0.0000  88.40000000
  0.225242  -0.0000  92.60000000
  0.228158  -0.0000  98.80000000
  0.232514  -0.0000 108.00000000
  0.232851  -0.0000 109.00000000
  0.233188  -0.0000 109.00000000
  0.233525  -0.0000 110.00000000
  0.233959  -0.0000 111.00000000
  0.234541  -0.0000 113.00000000
  0.235109  -0.0000 115.00000000
  0.235668  -0.0000 116.00000000
  0.236223  -0.0000 118.00000000
  0.237051  -0.0000 120.00000000
  0.238290  -0.0000 124.00000000
  0.239881  -0.0000 129.00000000
  0.241473  -0.0000 133.00000000
  0.243065  -0.0000 138.00000000
  0.245452  -0.0000 145.00000000
  0.249022  -0.0000 155.00000000
  0.249716  -0.0000 157.00000000
  0.250410  -0.0000 160.00000000
  0.251103  -0.0000 162.00000000
  0.252142  -0.0000 165.00000000
  0.252547  -0.0000 166.00000000
  0.252907  -0.0000 167.00000000
  0.253258  -0.0000 169.00000000
  0.253776  -0.0000 171.00000000
  0.254542  -0.0000 174.00000000
  0.255683  -0.0000 178.00000000
  0.256823  -0.0000 183.00000000
  0.257964  -0.0000 187.00000000
  0.259105  -0.0000 192.00000000
  0.260818  -0.0000 199.00000000
  0.263386  -0.0000 209.00000000
  0.267228  -0.0000 224.00000000
  0.268013  -0.0000 227.00000000
  0.268798  -0.0000 230.00000000
  0.269582  -0.0000 233.00000000
  0.270757  -0.0000 238.00000000
  0.271183  -0.0000 240.00000000
  0.271547  -0.0000 242.00000000
  0.271903  -0.0000 244.00000000
  0.272427  -0.0000 246.00000000
  0.273205  -0.0000 250.00000000
  0.274365  -0.0000 256.00000000
  0.275525  -0.0000 262.00000000
  0.276686  -0.0000 269.00000000
  0.277848  -0.0000 275.00000000
  0.279592  -0.0000 284.00000000
  0.282206  -0.0000 297.00000000
  0.286116  -0.0000 318.00000000
  0.286836  -0.0000 322.00000000
  0.287555  -0.0000 326.00000000
  0.288273  -0.0000 329.00000000
  0.289349  -0.0000 335.00000000
  0.289858  -0.0000 338.00000000
  0.290282  -0.0000 340.00000000
  0.290697  -0.0000 343.00000000
  0.291308  -0.0000 347.00000000
  0.291915  -0.0000 351.00000000
  0.292822  -0.0000 358.00000000
  0.294141  -0.0000 367.00000000
  0.295461  -0.0000 376.00000000
  0.296782  -0.0000 384.00000000
  0.298764  -0.0000 398.00000000
  0.301734  -0.0000 418.00000000
  0.306173  -0.0000 448.00000000
  0.306611  -0.0000 451.00000000
  0.307048  -0.0000 454.00000000
  0.307485  -0.0000 457.00000000
  0.308139  -0.0000 462.00000000
  0.308864  -0.0000 467.00000000
  0.309501  -0.0000 472.00000000
  0.310127  -0.0000 478.00000000
  0.310750  -0.0000 483.00000000
  0.311372  -0.0000 489.00000000
  0.312305  -0.0000 497.00000000
  0.313706  -0.0000 509.00000000
  0.315585  -0.0000 525.00000000
  0.317464  -0.0000 541.00000000
  0.320280  -0.0000 566.00000000
  0.324490  -0.0000 602.00000000
  0.325008  -0.0000 606.00000000
  0.325525  -0.0000 611.00000000
  0.326042  -0.0000 615.00000000
  0.326817  -0.0000 622.00000000
  0.327571  -0.0000 629.00000000
  0.328067  -0.0000 634.00000000
  0.328554  -0.0000 640.00000000
  0.329038  -0.0000 645.00000000
  0.329520  -0.0000 650.00000000
  0.330244  -0.0000 658.00000000
  0.331330  -0.0000 670.00000000
  0.332961  -0.0000 687.00000000
  0.334593  -0.0000 705.00000000
  0.337041  -0.0000 731.00000000
  0.340706  -0.0000 771.00000000
  0.346177  -0.0000 831.00000000
  0.346447  -0.0000 834.00000000
  0.346706  -0.0000 838.00000000
  0.346963  -0.0000 841.00000000
  0.347343  -0.0000 846.00000000
  0.347911  -0.0000 854.00000000
  0.348761  -0.0000 865.00000000
  0.350038  -0.0000 882.00000000
  0.351317  -0.0000 900.00000000
  0.352596  -0.0000 917.00000000
  0.354516  -0.0000 942.00000000
  0.357391  -0.0000 981.00000000
  0.361692  -0.0000 1039.00000000
  0.362288  -0.0000 1047.00000000
  0.362883  -0.0000 1055.00000000
  0.363478  -0.0000 1063.00000000
  0.364370  -0.0000 1075.00000000
  0.365140  -0.0000 1086.00000000
  0.365575  -0.0000 1093.00000000
  0.366002  -0.0000 1100.00000000
  0.366427  -0.0000 1107.00000000
  0.367062  -0.0000 1117.00000000
  0.368015  -0.0000 1133.00000000
  0.369327  -0.0000 1154.00000000
  0.370641  -0.0000 1176.00000000
  0.371955  -0.0000 1197.00000000
  0.373926  -0.0000 1230.00000000
  0.376879  -0.0000 1278.00000000
  0.381293  -0.0000 1351.00000000
  0.381781  -0.0000 1359.00000000
  0.382270  -0.0000 1367.00000000
  0.382757  -0.0000 1375.00000000
  0.383489  -0.0000 1388.00000000
  0.384149  -0.0000 1399.00000000
  0.384733  -0.0000 1411.00000000
  0.385312  -0.0000 1422.00000000
  0.385889  -0.0000 1434.00000000
  0.386467  -0.0000 1445.00000000
  0.387334  -0.0000 1462.00000000
  0.388636  -0.0000 1488.00000000
  0.390591  -0.0000 1527.00000000
  0.393521  -0.0000 1586.00000000
  0.397906  -0.0000 1673.00000000
  0.399051  -0.0000 1696.00000000
  0.400194  -0.0000 1719.00000000
  0.401336  -0.0000 1742.00000000
  0.403009  -0.0000 1776.00000000
  0.403352  -0.0000 1784.00000000
  0.403691  -0.0000 1792.00000000
  0.404027  -0.0000 1800.00000000
  0.404531  -0.0000 1812.00000000
  0.405287  -0.0000 1830.00000000
  0.406423  -0.0000 1858.00000000
  0.407955  -0.0000 1894.00000000
  0.409487  -0.0000 1931.00000000
  0.411786  -0.0000 1986.00000000
  0.415227  -0.0000 2068.00000000
  0.420371  -0.0000 2192.00000000
  0.420748  -0.0000 2201.00000000
  0.421126  -0.0000 2210.00000000
  0.421504  -0.0000 2219.00000000
  0.422024  -0.0000 2233.00000000
  0.422743  -0.0000 2253.00000000
  0.423459  -0.0000 2274.00000000
  0.424176  -0.0000 2294.00000000
  0.424893  -0.0000 2315.00000000
  0.425971  -0.0000 2345.00000000
  0.427588  -0.0000 2391.00000000
  0.430014  -0.0000 2460.00000000
  0.433645  -0.0000 2564.00000000
  0.439071  -0.0000 2719.00000000
  0.439455  -0.0000 2730.00000000
  0.439840  -0.0000 2741.00000000
  0.440224  -0.0000 2752.00000000
  0.440776  -0.0000 2768.00000000
  0.441262  -0.0000 2785.00000000
  0.441744  -0.0000 2801.00000000
  0.442225  -0.0000 2817.00000000
  0.442947  -0.0000 2841.00000000
  0.444032  -0.0000 2878.00000000
  0.445586  -0.0000 2930.00000000
  0.447141  -0.0000 2982.00000000
  0.449471  -0.0000 3061.00000000
  0.452961  -0.0000 3178.00000000
  0.458175  -0.0000 3354.00000000
  0.458561  -0.0000 3367.00000000
  0.458948  -0.0000 3380.00000000
  0.459334  -0.0000 3394.00000000
  0.459869  -0.0000 3413.00000000
  0.460614  -0.0000 3443.00000000
  0.461357  -0.0000 3472.00000000
  0.462101  -0.0000 3501.00000000
  0.462846  -0.0000 3531.00000000
  0.463965  -0.0000 3575.00000000
  0.465644  -0.0000 3641.00000000
  0.468160  -0.0000 3740.00000000
  0.471927  -0.0000 3889.00000000
  0.477555  -0.0000 4112.00000000
  0.477920  -0.0000 4127.00000000
  0.478286  -0.0000 4141.00000000
  0.478633  -0.0000 4156.00000000
  0.479108  -0.0000 4177.00000000
  0.479816  -0.0000 4210.00000000
  0.480524  -0.0000 4243.00000000
  0.481233  -0.0000 4275.00000000
  0.481943  -0.0000 4308.00000000
  0.483009  -0.0000 4357.00000000
  0.484607  -0.0000 4430.00000000
  0.487003  -0.0000 4540.00000000
  0.490590  -0.0000 4705.00000000
  0.495951  -0.0000 4953.00000000
  0.496347  -0.0000 4971.00000000
  0.496744  -0.0000 4990.00000000
  0.497140  -0.0000 5008.00000000
  0.497701  -0.0000 5036.00000000
  0.498280  -0.0000 5066.00000000
  0.498857  -0.0000 5097.00000000
  0.499434  -0.0000 5128.00000000
  0.500013  -0.0000 5159.00000000
  0.500881  -0.0000 5205.00000000
  0.502185  -0.0000 5274.00000000
  0.504140  -0.0000 5379.00000000
  0.507069  -0.0000 5535.00000000
  0.511452  -0.0000 5769.00000000
  0.512752  -0.0000 5838.00000000
  0.514051  -0.0000 5908.00000000
  0.515348  -0.0000 5977.00000000
  0.516145  -0.0000 6020.00000000
  0.516876  -0.0000 6062.00000000
  0.517570  -0.0000 6105.00000000
  0.518265  -0.0000 6148.00000000
  0.518960  -0.0000 6190.00000000
  0.519656  -0.0000 6233.00000000
  0.520702  -0.0000 6297.00000000
  0.522269  -0.0000 6393.00000000
  0.524619  -0.0000 6537.00000000
  0.528138  -0.0000 6754.00000000
  0.533397  -0.0000 7078.00000000
  0.533831  -0.0000 7104.00000000
  0.534265  -0.0000 7131.00000000
  0.534699  -0.0000 7158.00000000
  0.535350  -0.0000 7198.00000000
  0.535767  -0.0000 7227.00000000
  0.536174  -0.0000 7255.00000000
  0.536580  -0.0000 7284.00000000
  0.537190  -0.0000 7327.00000000
  0.538106  -0.0000 7391.00000000
  0.539482  -0.0000 7488.00000000
  0.540858  -0.0000 7585.00000000
  0.542921  -0.0000 7730.00000000
  0.546011  -0.0000 7947.00000000
  0.550632  -0.0000 8273.00000000
  0.551323  -0.0000 8322.00000000
  0.552014  -0.0000 8371.00000000
  0.552704  -0.0000 8420.00000000
  0.553739  -0.0000 8493.00000000
  0.554385  -0.0000 8538.00000000
  0.554824  -0.0000 8573.00000000
  0.555259  -0.0000 8608.00000000
  0.555693  -0.0000 8643.00000000
  0.556128  -0.0000 8678.00000000
  0.556781  -0.0000 8731.00000000
  0.557762  -0.0000 8809.00000000
  0.559234  -0.0000 8927.00000000
  0.561440  -0.0000 9104.00000000
  0.564745  -0.0000 9369.00000000
  0.569686  -0.0000 9767.00000000
  0.572577  -0.0000 10000.00000000
  0.569688  -0.0000 10000.00000000
  0.569688  -0.0000 10000.00000000
  0.569688  -0.0000 10000.00000000
  0.569688  -0.0000 10000.00000000
  0.569687  -0.0000 10000.00000000
  0.569686  -0.0000 10000.00000000
  0.569684  -0.0000 10000.00000000
  0.569679  -0.0000 10000.00000000
  0.569670  -0.0000 10000.00000000
  0.569652  -0.0000 10000.00000000
  0.569616  -0.0000 10000.00000000
  0.569548  -0.0000 10000.00000000
