  0.000123  -0.0000   0.00100000
  0.000262  -0.0000   0.00178400
  0.000407  -0.0000   0.00210500
  0.001364  -0.0000   0.00242700
  0.006540  -0.0000   0.00274800
  0.006747  -0.0000   0.00308000
  0.006977  -0.0000   0.00341100
  0.007141  -0.0000   0.00360400
  0.007348  -0.0000   0.00379800
  0.007610  -0.0000   0.00399200
  0.007869  -0.0000   0.00415000
  0.008181  -0.0000   0.00430800
  0.008552  -0.0000   0.00446600
  0.008988  -0.0000   0.00462400
  0.009384  -0.0000   0.00475100
  0.009825  -0.0000   0.00487900
  0.010312  -0.0000   0.00500600
  0.010922  -0.0000   0.00515100
  0.011586  -0.0000   0.00529500
  0.012301  -0.0000   0.00544000
  0.013059  -0.0000   0.00558500
  0.013855  -0.0000   0.00572900
  0.014684  -0.0000   0.00587400
  0.015539  -0.0000   0.00601800
  0.016756  -0.0000   0.00621800
  0.017997  -0.0000   0.00641700
  0.019539  -0.0000   0.00666100
  0.019582  -0.0000   0.00667100
  0.019588  -0.0000   0.00668100
  0.019593  -0.0000   0.00669100
  0.019598  -0.0000   0.00670600
  0.019604  -0.0000   0.00672800
  0.019612  -0.0000   0.00676200
  0.019620  -0.0000   0.00681300
  0.019630  -0.0000   0.00688900
  0.019643  -0.0000   0.00700300
  0.019659  -0.0000   0.00717300
  0.019681  -0.0000   0.00743000
  0.019711  -0.0000   0.00781400
  0.019753  -0.0000   0.00839100
  0.019817  -0.0000   0.00925600
  0.019918  -0.0000   0.01055000
  0.020108  -0.0000   0.01250000
  0.020177  -0.0000   0.01312000
  0.020257  -0.0000   0.01374000
  0.020352  -0.0000   0.01435000
  0.020537  -0.0000   0.01528000
  0.020681  -0.0000   0.01588000
  0.020852  -0.0000   0.01648000
  0.021056  -0.0000   0.01708000
  0.021306  -0.0000   0.01770000
  0.021601  -0.0000   0.01832000
  0.021946  -0.0000   0.01894000
  0.022271  -0.0000   0.01945000
  0.022636  -0.0000   0.01997000
  0.023044  -0.0000   0.02048000
  0.023456  -0.0000   0.02095000
  0.023908  -0.0000   0.02143000
  0.024399  -0.0000   0.02190000
  0.024926  -0.0000   0.02236000
  0.025492  -0.0000   0.02283000
  0.026099  -0.0000   0.02330000
  0.026875  -0.0000   0.02385000
  0.027706  -0.0000   0.02440000
  0.028591  -0.0000   0.02495000
  0.029530  -0.0000   0.02550000
  0.030522  -0.0000   0.02606000
  0.031564  -0.0000   0.02661000
  0.032655  -0.0000   0.02716000
  0.033794  -0.0000   0.02771000
  0.034980  -0.0000   0.02826000
  0.035045  -0.0000   0.02829000
  0.035109  -0.0000   0.02832000
  0.035130  -0.0000   0.02835000
  0.035145  -0.0000   0.02840000
  0.035161  -0.0000   0.02847000
  0.035174  -0.0000   0.02853000
  0.035191  -0.0000   0.02864000
  0.035212  -0.0000   0.02879000
  0.035238  -0.0000   0.02902000
  0.035271  -0.0000   0.02936000
  0.035316  -0.0000   0.02987000
  0.035376  -0.0000   0.03064000
  0.035464  -0.0000   0.03180000
  0.035605  -0.0000   0.03353000
  0.035875  -0.0000   0.03613000
  0.036081  -0.0000   0.03774000
  0.036335  -0.0000   0.03935000
  0.036649  -0.0000   0.04095000
  0.036963  -0.0000   0.04232000
  0.037332  -0.0000   0.04369000
  0.037760  -0.0000   0.04505000
  0.038179  -0.0000   0.04623000
  0.038649  -0.0000   0.04742000
  0.039176  -0.0000   0.04860000
  0.039707  -0.0000   0.04968000
  0.040290  -0.0000   0.05076000
  0.040928  -0.0000   0.05185000
  0.041602  -0.0000   0.05290000
  0.042331  -0.0000   0.05395000
  0.043117  -0.0000   0.05500000
  0.043973  -0.0000   0.05607000
  0.044890  -0.0000   0.05713000
  0.045870  -0.0000   0.05820000
  0.047033  -0.0000   0.05937000
  0.048274  -0.0000   0.06055000
  0.049595  -0.0000   0.06172000
  0.050994  -0.0000   0.06290000
  0.051437  -0.0000   0.06327000
  0.051887  -0.0000   0.06363000
  0.052086  -0.0000   0.06379000
  0.052157  -0.0000   0.06391000
  0.052187  -0.0000   0.06402000
  0.052212  -0.0000   0.06414000
  0.052242  -0.0000   0.06431000
  0.052280  -0.0000   0.06457000
  0.052328  -0.0000   0.06496000
  0.052390  -0.0000   0.06554000
  0.052474  -0.0000   0.06641000
  0.052594  -0.0000   0.06772000
  0.052785  -0.0000   0.06968000
  0.053129  -0.0000   0.07262000
  0.053459  -0.0000   0.07498000
  0.053852  -0.0000   0.07734000
  0.054315  -0.0000   0.07970000
  0.054813  -0.0000   0.08190000
  0.055383  -0.0000   0.08410000
  0.056032  -0.0000   0.08630000
  0.056765  -0.0000   0.08849000
  0.057588  -0.0000   0.09069000
  0.058325  -0.0000   0.09249000
  0.059130  -0.0000   0.09429000
  0.060006  -0.0000   0.09608000
  0.060955  -0.0000   0.09788000
  0.061981  -0.0000   0.10000000
  0.063085  -0.0000   0.10100000
  0.064270  -0.0000   0.10300000
  0.065538  -0.0000   0.10500000
  0.066888  -0.0000   0.10700000
  0.068322  -0.0000   0.10900000
  0.068519  -0.0000   0.10900000
  0.068718  -0.0000   0.10900000
  0.068919  -0.0000   0.10900000
  0.069142  -0.0000   0.11000000
  0.069190  -0.0000   0.11000000
  0.069228  -0.0000   0.11000000
  0.069262  -0.0000   0.11000000
  0.069305  -0.0000   0.11100000
  0.069361  -0.0000   0.11100000
  0.069437  -0.0000   0.11200000
  0.069542  -0.0000   0.11300000
  0.069696  -0.0000   0.11400000
  0.069944  -0.0000   0.11700000
  0.070381  -0.0000   0.12000000
  0.070899  -0.0000   0.12400000
  0.071509  -0.0000   0.12700000
  0.072216  -0.0000   0.13100000
  0.072835  -0.0000   0.13400000
  0.073524  -0.0000   0.13600000
  0.074287  -0.0000   0.13900000
  0.075127  -0.0000   0.14200000
  0.076050  -0.0000   0.14500000
  0.077059  -0.0000   0.14700000
  0.078160  -0.0000   0.15000000
  0.079355  -0.0000   0.15300000
  0.080431  -0.0000   0.15500000
  0.081577  -0.0000   0.15800000
  0.082796  -0.0000   0.16000000
  0.084088  -0.0000   0.16200000
  0.085454  -0.0000   0.16400000
  0.085602  -0.0000   0.16500000
  0.085750  -0.0000   0.16500000
  0.085899  -0.0000   0.16500000
  0.085983  -0.0000   0.16500000
  0.086034  -0.0000   0.16600000
  0.086076  -0.0000   0.16600000
  0.086130  -0.0000   0.16600000
  0.086201  -0.0000   0.16700000
  0.086297  -0.0000   0.16800000
  0.086431  -0.0000   0.16900000
  0.086633  -0.0000   0.17100000
  0.086961  -0.0000   0.17400000
  0.087396  -0.0000   0.17800000
  0.087887  -0.0000   0.18100000
  0.088435  -0.0000   0.18500000
  0.089228  -0.0000   0.18900000
  0.089961  -0.0000   0.19300000
  0.090770  -0.0000   0.19600000
  0.091660  -0.0000   0.20000000
  0.092636  -0.0000   0.20400000
  0.093701  -0.0000   0.20700000
  0.094861  -0.0000   0.21100000
  0.096120  -0.0000   0.21500000
  0.097252  -0.0000   0.21800000
  0.098458  -0.0000   0.22100000
  0.099739  -0.0000   0.22400000
  0.101097  -0.0000   0.22700000
  0.102532  -0.0000   0.23000000
  0.102670  -0.0000   0.23000000
  0.102809  -0.0000   0.23100000
  0.102928  -0.0000   0.23100000
  0.103009  -0.0000   0.23100000
  0.103074  -0.0000   0.23200000
  0.103132  -0.0000   0.23200000
  0.103185  -0.0000   0.23300000
  0.103259  -0.0000   0.23300000
  0.103363  -0.0000   0.23400000
  0.103515  -0.0000   0.23600000
  0.103750  -0.0000   0.23800000
  0.104132  -0.0000   0.24100000
  0.104656  -0.0000   0.24600000
  0.105236  -0.0000   0.25000000
  0.105875  -0.0000   0.25400000
  0.106797  -0.0000   0.25900000
  0.107824  -0.0000   0.26400000
  0.108726  -0.0000   0.26900000
  0.109703  -0.0000   0.27300000
  0.110761  -0.0000   0.27700000
  0.111902  -0.0000   0.28100000
  0.113131  -0.0000   0.28600000
  0.114448  -0.0000   0.29000000
  0.115859  -0.0000   0.29400000
  0.117363  -0.0000   0.29900000
  0.118962  -0.0000   0.30300000
  0.119236  -0.0000   0.30400000
  0.119513  -0.0000   0.30400000
  0.119792  -0.0000   0.30500000
  0.119974  -0.0000   0.30600000
  0.120061  -0.0000   0.30600000
  0.120133  -0.0000   0.30700000
  0.120198  -0.0000   0.30700000
  0.120257  -0.0000   0.30800000
  0.120341  -0.0000   0.30800000
  0.120461  -0.0000   0.31000000
  0.120639  -0.0000   0.31100000
  0.120917  -0.0000   0.31400000
  0.121369  -0.0000   0.31800000
  0.121970  -0.0000   0.32300000
  0.122628  -0.0000   0.32700000
  0.123344  -0.0000   0.33200000
  0.124399  -0.0000   0.33900000
  0.125369  -0.0000   0.34400000
  0.126420  -0.0000   0.34900000
  0.127558  -0.0000   0.35500000
  0.128785  -0.0000   0.36000000
  0.130106  -0.0000   0.36500000
  0.131522  -0.0000   0.37100000
  0.133039  -0.0000   0.37600000
  0.134656  -0.0000   0.38100000
  0.136375  -0.0000   0.38700000
  0.136549  -0.0000   0.38700000
  0.136723  -0.0000   0.38800000
  0.136899  -0.0000   0.38800000
  0.137087  -0.0000   0.38900000
  0.137197  -0.0000   0.39000000
  0.137292  -0.0000   0.39100000
  0.137379  -0.0000   0.39100000
  0.137462  -0.0000   0.39200000
  0.137583  -0.0000   0.39300000
  0.137763  -0.0000   0.39500000
  0.138043  -0.0000   0.39800000
  0.138495  -0.0000   0.40200000
  0.139244  -0.0000   0.40800000
  0.140065  -0.0000   0.41400000
  0.140958  -0.0000   0.42000000
  0.141925  -0.0000   0.42600000
  0.142994  -0.0000   0.43300000
  0.144147  -0.0000   0.43900000
  0.145387  -0.0000   0.44500000
  0.146718  -0.0000   0.45100000
  0.148143  -0.0000   0.45800000
  0.149664  -0.0000   0.46400000
  0.151284  -0.0000   0.47000000
  0.153005  -0.0000   0.47600000
  0.153316  -0.0000   0.47700000
  0.153630  -0.0000   0.47800000
  0.153947  -0.0000   0.48000000
  0.154132  -0.0000   0.48000000
  0.154232  -0.0000   0.48100000
  0.154317  -0.0000   0.48200000
  0.154395  -0.0000   0.48200000
  0.154468  -0.0000   0.48300000
  0.154572  -0.0000   0.48400000
  0.154725  -0.0000   0.48600000
  0.154957  -0.0000   0.48800000
  0.155322  -0.0000   0.49200000
  0.155915  -0.0000   0.49700000
  0.156552  -0.0000   0.50200000
  0.157231  -0.0000   0.50800000
  0.157953  -0.0000   0.51300000
  0.159134  -0.0000   0.52100000
  0.160417  -0.0000   0.52900000
  0.161805  -0.0000   0.53700000
  0.163304  -0.0000   0.54500000
  0.164617  -0.0000   0.55100000
  0.166010  -0.0000   0.55800000
  0.167485  -0.0000   0.56500000
  0.169209  -0.0000   0.57200000
  0.171033  -0.0000   0.57900000
  0.171166  -0.0000   0.58000000
  0.171267  -0.0000   0.58000000
  0.171338  -0.0000   0.58100000
  0.171429  -0.0000   0.58100000
  0.171551  -0.0000   0.58300000
  0.171666  -0.0000   0.58400000
  0.171834  -0.0000   0.58600000
  0.172089  -0.0000   0.58800000
  0.172490  -0.0000   0.59200000
  0.173139  -0.0000   0.59800000
  0.173833  -0.0000   0.60400000
  0.174570  -0.0000   0.61000000
  0.175350  -0.0000   0.61600000
  0.176620  -0.0000   0.62500000
  0.177992  -0.0000   0.63400000
  0.179470  -0.0000   0.64300000
  0.181059  -0.0000   0.65200000
  0.182462  -0.0000   0.66000000
  0.183947  -0.0000   0.66700000
  0.185513  -0.0000   0.67500000
  0.187163  -0.0000   0.68200000
  0.187566  -0.0000   0.68400000
  0.187973  -0.0000   0.68600000
  0.188360  -0.0000   0.68800000
  0.188448  -0.0000   0.68800000
  0.188526  -0.0000   0.68900000
  0.188597  -0.0000   0.69000000
  0.188696  -0.0000   0.69100000
  0.188839  -0.0000   0.69200000
  0.189049  -0.0000   0.69500000
  0.189374  -0.0000   0.69800000
  0.189891  -0.0000   0.70300000
  0.190672  -0.0000   0.71000000
  0.191506  -0.0000   0.71800000
  0.192391  -0.0000   0.72500000
  0.193329  -0.0000   0.73200000
  0.194595  -0.0000   0.74100000
  0.195948  -0.0000   0.75100000
  0.197390  -0.0000   0.76000000
  0.198925  -0.0000   0.76900000
  0.200554  -0.0000   0.77800000
  0.202280  -0.0000   0.78700000
  0.204103  -0.0000   0.79600000
  0.204565  -0.0000   0.79900000
  0.205032  -0.0000   0.80100000
  0.205482  -0.0000   0.80300000
  0.205572  -0.0000   0.80400000
  0.205652  -0.0000   0.80500000
  0.205726  -0.0000   0.80500000
  0.205830  -0.0000   0.80600000
  0.205979  -0.0000   0.80800000
  0.206201  -0.0000   0.81100000
  0.206544  -0.0000   0.81400000
  0.207088  -0.0000   0.82000000
  0.207661  -0.0000   0.82600000
  0.208261  -0.0000   0.83100000
  0.208887  -0.0000   0.83700000
  0.209883  -0.0000   0.84500000
  0.211129  -0.0000   0.85500000
  0.212456  -0.0000   0.86500000
  0.213866  -0.0000   0.87500000
  0.215608  -0.0000   0.88600000
  0.217116  -0.0000   0.89500000
  0.218705  -0.0000   0.90500000
  0.220376  -0.0000   0.91400000
  0.222331  -0.0000   0.92400000
  0.222476  -0.0000   0.92500000
  0.222601  -0.0000   0.92600000
  0.222688  -0.0000   0.92700000
  0.222802  -0.0000   0.92800000
  0.222957  -0.0000   0.93000000
  0.223107  -0.0000   0.93100000
  0.223331  -0.0000   0.93400000
  0.223676  -0.0000   0.93800000
  0.224222  -0.0000   0.94400000
  0.224955  -0.0000   0.95100000
  0.225727  -0.0000   0.95800000
  0.226535  -0.0000   0.96600000
  0.227829  -0.0000   0.97700000
  0.229024  -0.0000   0.98600000
  0.230285  -0.0000   0.99600000
  0.231539  -0.0000   1.01000000
  0.233347  -0.0000   1.02000000
  0.235112  -0.0000   1.03000000
  0.237673  -0.0000   1.06000000
  0.238094  -0.0000   1.06000000
  0.238511  -0.0000   1.06000000
  0.238927  -0.0000   1.07000000
  0.239545  -0.0000   1.07000000
  0.239637  -0.0000   1.07000000
  0.239716  -0.0000   1.07000000
  0.239788  -0.0000   1.08000000
  0.239889  -0.0000   1.08000000
  0.240031  -0.0000   1.08000000
  0.240240  -0.0000   1.08000000
  0.240552  -0.0000   1.09000000
  0.241024  -0.0000   1.10000000
  0.241737  -0.0000   1.11000000
  0.242448  -0.0000   1.13000000
  0.243155  -0.0000   1.14000000
  0.244205  -0.0000   1.16000000
  0.245754  -0.0000   1.19000000
  0.248022  -0.0000   1.24000000
  0.250234  -0.0000   1.28000000
  0.252394  -0.0000   1.33000000
  0.254502  -0.0000   1.38000000
  0.255491  -0.0000   1.40000000
  0.256419  -0.0000   1.42000000
  0.256512  -0.0000   1.42000000
  0.256595  -0.0000   1.43000000
  0.256672  -0.0000   1.43000000
  0.256782  -0.0000   1.44000000
  0.256942  -0.0000   1.44000000
  0.257181  -0.0000   1.45000000
  0.257542  -0.0000   1.47000000
  0.258089  -0.0000   1.50000000
  0.258826  -0.0000   1.53000000
  0.259561  -0.0000   1.57000000
  0.260655  -0.0000   1.62000000
  0.262269  -0.0000   1.70000000
  0.264634  -0.0000   1.81000000
  0.266944  -0.0000   1.93000000
  0.269200  -0.0000   2.04000000
  0.271402  -0.0000   2.16000000
  0.271943  -0.0000   2.19000000
  0.272480  -0.0000   2.22000000
  0.273014  -0.0000   2.25000000
  0.273162  -0.0000   2.26000000
  0.273261  -0.0000   2.26000000
  0.273350  -0.0000   2.27000000
  0.273474  -0.0000   2.29000000
  0.273594  -0.0000   2.30000000
  0.273773  -0.0000   2.32000000
  0.274044  -0.0000   2.35000000
  0.274453  -0.0000   2.39000000
  0.275070  -0.0000   2.46000000
  0.275687  -0.0000   2.52000000
  0.276605  -0.0000   2.62000000
  0.277965  -0.0000   2.77000000
  0.279966  -0.0000   2.99000000
  0.281892  -0.0000   3.21000000
  0.283782  -0.0000   3.43000000
  0.285637  -0.0000   3.64000000
  0.288247  -0.0000   3.96000000
  0.288539  -0.0000   3.99000000
  0.288830  -0.0000   4.03000000
  0.289120  -0.0000   4.06000000
  0.289554  -0.0000   4.12000000
  0.289777  -0.0000   4.14000000
  0.289929  -0.0000   4.17000000
  0.290054  -0.0000   4.20000000
  0.290173  -0.0000   4.23000000
  0.290289  -0.0000   4.25000000
  0.290463  -0.0000   4.30000000
  0.290727  -0.0000   4.36000000
  0.291127  -0.0000   4.45000000
  0.291727  -0.0000   4.59000000
  0.292623  -0.0000   4.80000000
  0.293953  -0.0000   5.11000000
  0.295911  -0.0000   5.58000000
  0.297834  -0.0000   6.05000000
  0.299722  -0.0000   6.52000000
  0.301576  -0.0000   6.98000000
  0.304080  -0.0000   7.63000000
  0.306521  -0.0000   8.28000000
  0.306613  -0.0000   8.32000000
  0.306695  -0.0000   8.36000000
  0.306772  -0.0000   8.39000000
  0.306883  -0.0000   8.45000000
  0.307049  -0.0000   8.53000000
  0.307300  -0.0000   8.65000000
  0.307681  -0.0000   8.83000000
  0.308254  -0.0000   9.11000000
  0.308826  -0.0000   9.39000000
  0.309679  -0.0000   9.80000000
  0.310943  -0.0000  10.40000000
  0.312808  -0.0000  11.40000000
  0.314713  -0.0000  12.30000000
  0.316585  -0.0000  13.30000000
  0.318425  -0.0000  14.30000000
  0.321035  -0.0000  15.70000000
  0.321735  -0.0000  16.00000000
  0.322431  -0.0000  16.40000000
  0.323121  -0.0000  16.80000000
  0.323250  -0.0000  16.90000000
  0.323345  -0.0000  17.00000000
  0.323433  -0.0000  17.10000000
  0.323560  -0.0000  17.20000000
  0.323751  -0.0000  17.40000000
  0.324040  -0.0000  17.70000000
  0.324477  -0.0000  18.10000000
  0.325134  -0.0000  18.70000000
  0.325789  -0.0000  19.30000000
  0.326762  -0.0000  20.30000000
  0.328204  -0.0000  21.70000000
  0.330326  -0.0000  23.80000000
  0.332409  -0.0000  26.00000000
  0.334453  -0.0000  28.10000000
  0.336459  -0.0000  30.30000000
  0.339064  -0.0000  33.10000000
  0.339248  -0.0000  33.30000000
  0.339433  -0.0000  33.50000000
  0.339616  -0.0000  33.70000000
  0.339890  -0.0000  34.00000000
  0.339989  -0.0000  34.20000000
  0.340079  -0.0000  34.30000000
  0.340166  -0.0000  34.50000000
  0.340296  -0.0000  34.80000000
  0.340492  -0.0000  35.10000000
  0.340789  -0.0000  35.70000000
  0.341238  -0.0000  36.50000000
  0.341910  -0.0000  37.80000000
  0.342911  -0.0000  39.60000000
  0.344394  -0.0000  42.50000000
  0.346576  -0.0000  46.70000000
  0.348718  -0.0000  50.90000000
  0.350820  -0.0000  55.10000000
  0.352884  -0.0000  59.40000000
  0.354908  -0.0000  63.60000000
  0.355197  -0.0000  64.20000000
  0.355485  -0.0000  64.80000000
  0.355772  -0.0000  65.40000000
  0.356201  -0.0000  66.30000000
  0.356501  -0.0000  67.00000000
  0.356643  -0.0000  67.40000000
  0.356760  -0.0000  67.80000000
  0.356872  -0.0000  68.20000000
  0.357042  -0.0000  68.80000000
  0.357299  -0.0000  69.70000000
  0.357688  -0.0000  71.00000000
  0.358271  -0.0000  73.10000000
  0.358853  -0.0000  75.10000000
  0.359719  -0.0000  78.10000000
  0.361005  -0.0000  82.70000000
  0.362901  -0.0000  89.50000000
  0.364978  -0.0000  97.20000000
  0.367020  -0.0000 105.00000000
  0.369025  -0.0000 112.00000000
  0.371588  -0.0000 122.00000000
  0.371928  -0.0000 124.00000000
  0.372267  -0.0000 125.00000000
  0.372605  -0.0000 126.00000000
  0.373109  -0.0000 128.00000000
  0.373254  -0.0000 129.00000000
  0.373362  -0.0000 130.00000000
  0.373464  -0.0000 130.00000000
  0.373616  -0.0000 131.00000000
  0.373769  -0.0000 132.00000000
  0.374001  -0.0000 134.00000000
  0.374352  -0.0000 136.00000000
  0.374877  -0.0000 139.00000000
  0.375661  -0.0000 144.00000000
  0.376825  -0.0000 152.00000000
  0.378546  -0.0000 163.00000000
  0.380452  -0.0000 176.00000000
  0.382329  -0.0000 188.00000000
  0.384177  -0.0000 201.00000000
  0.386719  -0.0000 219.00000000
  0.389204  -0.0000 236.00000000
  0.389386  -0.0000 238.00000000
  0.389568  -0.0000 239.00000000
  0.389749  -0.0000 240.00000000
  0.389974  -0.0000 242.00000000
  0.390152  -0.0000 244.00000000
  0.390329  -0.0000 246.00000000
  0.390508  -0.0000 248.00000000
  0.390688  -0.0000 250.00000000
  0.390960  -0.0000 253.00000000
  0.391367  -0.0000 258.00000000
  0.391976  -0.0000 265.00000000
  0.392882  -0.0000 275.00000000
  0.394226  -0.0000 290.00000000
  0.396207  -0.0000 313.00000000
  0.398157  -0.0000 336.00000000
  0.400077  -0.0000 360.00000000
  0.401965  -0.0000 383.00000000
  0.404657  -0.0000 416.00000000
  0.405094  -0.0000 422.00000000
  0.405529  -0.0000 427.00000000
  0.405962  -0.0000 433.00000000
  0.406594  -0.0000 441.00000000
  0.406709  -0.0000 443.00000000
  0.406819  -0.0000 445.00000000
  0.406929  -0.0000 447.00000000
  0.407039  -0.0000 450.00000000
  0.407207  -0.0000 453.00000000
  0.407460  -0.0000 458.00000000
  0.407841  -0.0000 465.00000000
  0.408410  -0.0000 476.00000000
  0.409258  -0.0000 493.00000000
  0.410518  -0.0000 518.00000000
  0.412378  -0.0000 555.00000000
  0.414547  -0.0000 599.00000000
  0.416679  -0.0000 643.00000000
  0.418774  -0.0000 687.00000000
  0.420832  -0.0000 732.00000000
  0.422009  -0.0000 757.00000000
  0.423172  -0.0000 783.00000000
  0.423307  -0.0000 786.00000000
  0.423413  -0.0000 790.00000000
  0.423517  -0.0000 793.00000000
  0.423673  -0.0000 798.00000000
  0.423909  -0.0000 806.00000000
  0.424267  -0.0000 818.00000000
  0.424802  -0.0000 835.00000000
  0.425601  -0.0000 861.00000000
  0.426787  -0.0000 901.00000000
  0.428540  -0.0000 960.00000000
  0.430568  -0.0000 1029.00000000
  0.432563  -0.0000 1099.00000000
  0.434528  -0.0000 1168.00000000
  0.436460  -0.0000 1238.00000000
  0.439245  -0.0000 1340.00000000
  0.439422  -0.0000 1347.00000000
  0.439600  -0.0000 1353.00000000
  0.439777  -0.0000 1360.00000000
  0.439997  -0.0000 1370.00000000
  0.440202  -0.0000 1381.00000000
  0.440409  -0.0000 1392.00000000
  0.440619  -0.0000 1404.00000000
  0.440829  -0.0000 1415.00000000
  0.441145  -0.0000 1432.00000000
  0.441617  -0.0000 1458.00000000
  0.442321  -0.0000 1496.00000000
  0.443368  -0.0000 1554.00000000
  0.444918  -0.0000 1640.00000000
  0.447200  -0.0000 1769.00000000
  0.449442  -0.0000 1899.00000000
  0.451645  -0.0000 2028.00000000
  0.453808  -0.0000 2157.00000000
  0.456290  -0.0000 2309.00000000
  0.456453  -0.0000 2319.00000000
  0.456616  -0.0000 2329.00000000
  0.456730  -0.0000 2339.00000000
  0.456841  -0.0000 2349.00000000
  0.456952  -0.0000 2359.00000000
  0.457065  -0.0000 2369.00000000
  0.457235  -0.0000 2384.00000000
  0.457491  -0.0000 2407.00000000
  0.457874  -0.0000 2440.00000000
  0.458448  -0.0000 2491.00000000
  0.459301  -0.0000 2566.00000000
  0.460567  -0.0000 2680.00000000
  0.462438  -0.0000 2851.00000000
  0.464281  -0.0000 3021.00000000
  0.466099  -0.0000 3191.00000000
  0.467891  -0.0000 3362.00000000
  0.470521  -0.0000 3618.00000000
  0.473093  -0.0000 3873.00000000
  0.473250  -0.0000 3889.00000000
  0.473375  -0.0000 3905.00000000
  0.473484  -0.0000 3920.00000000
  0.473649  -0.0000 3944.00000000
  0.473816  -0.0000 3968.00000000
  0.474068  -0.0000 4003.00000000
  0.474447  -0.0000 4056.00000000
  0.475012  -0.0000 4135.00000000
  0.475854  -0.0000 4255.00000000
  0.477103  -0.0000 4434.00000000
  0.478949  -0.0000 4702.00000000
  0.480769  -0.0000 4970.00000000
  0.482563  -0.0000 5239.00000000
  0.484333  -0.0000 5507.00000000
  0.486933  -0.0000 5909.00000000
  0.489477  -0.0000 6312.00000000
  0.489653  -0.0000 6340.00000000
  0.489829  -0.0000 6368.00000000
  0.490003  -0.0000 6396.00000000
  0.490067  -0.0000 6410.00000000
  0.490160  -0.0000 6431.00000000
  0.490300  -0.0000 6462.00000000
  0.490441  -0.0000 6493.00000000
  0.490655  -0.0000 6540.00000000
  0.490976  -0.0000 6611.00000000
  0.491457  -0.0000 6717.00000000
  0.492173  -0.0000 6876.00000000
  0.493238  -0.0000 7115.00000000
  0.494815  -0.0000 7473.00000000
  0.497137  -0.0000 8009.00000000
  0.499420  -0.0000 8546.00000000
  0.501663  -0.0000 9083.00000000
  0.503866  -0.0000 9620.00000000
  0.505406  -0.0000 10000.00000000
  0.503805  -0.0000 10000.00000000
  0.503805  -0.0000 10000.00000000
  0.503805  -0.0000 10000.00000000
  0.503805  -0.0000 10000.00000000
  0.503805  -0.0000 10000.00000000
  0.503804  -0.0000 10000.00000000
  0.503804  -0.0000 10000.00000000
  0.503803  -0.0000 10000.00000000
  0.503800  -0.0000 10000.00000000
  0.503797  -0.0000 10000.00000000
  0.503792  -0.0000 10000.00000000
  0.503784  -0.0000 10000.00000000
  0.503772  -0.0000 10000.00000000
  0.503769  -0.0000 10000.00000000
