  0.000147  -0.0000   0.00100000
  0.000370  -0.0000   0.00200000
  0.000494  -0.0000   0.00223300
  0.001323  -0.0000   0.00246500
  0.006550  -0.0000   0.00269800
  0.006773  -0.0000   0.00304700
  0.006945  -0.0000   0.00333000
  0.007152  -0.0000   0.00361300
  0.007412  -0.0000   0.00389700
  0.007638  -0.0000   0.00410000
  0.007916  -0.0000   0.00430300
  0.008258  -0.0000   0.00450700
  0.008555  -0.0000   0.00465900
  0.008899  -0.0000   0.00481100
  0.009293  -0.0000   0.00496400
  0.009739  -0.0000   0.00511600
  0.010240  -0.0000   0.00526900
  0.010796  -0.0000   0.00542100
  0.011406  -0.0000   0.00557300
  0.012067  -0.0000   0.00572600
  0.012776  -0.0000   0.00587800
  0.013530  -0.0000   0.00603000
  0.014322  -0.0000   0.00618300
  0.015149  -0.0000   0.00633500
  0.016172  -0.0000   0.00651600
  0.017228  -0.0000   0.00669700
  0.018492  -0.0000   0.00690900
  0.019368  -0.0000   0.00705400
  0.019464  -0.0000   0.00707000
  0.019561  -0.0000   0.00708600
  0.019657  -0.0000   0.00710200
  0.019671  -0.0000   0.00712000
  0.019679  -0.0000   0.00713900
  0.019686  -0.0000   0.00715700
  0.019691  -0.0000   0.00717600
  0.019698  -0.0000   0.00720300
  0.019707  -0.0000   0.00724400
  0.019718  -0.0000   0.00730600
  0.019731  -0.0000   0.00739900
  0.019749  -0.0000   0.00753900
  0.019771  -0.0000   0.00774800
  0.019801  -0.0000   0.00806200
  0.019843  -0.0000   0.00853200
  0.019904  -0.0000   0.00923800
  0.019996  -0.0000   0.01030000
  0.020148  -0.0000   0.01188000
  0.020374  -0.0000   0.01376000
  0.020537  -0.0000   0.01484000
  0.020747  -0.0000   0.01593000
  0.021023  -0.0000   0.01701000
  0.021267  -0.0000   0.01780000
  0.021563  -0.0000   0.01858000
  0.021919  -0.0000   0.01936000
  0.022344  -0.0000   0.02015000
  0.022703  -0.0000   0.02073000
  0.023107  -0.0000   0.02131000
  0.023560  -0.0000   0.02190000
  0.024010  -0.0000   0.02242000
  0.024503  -0.0000   0.02295000
  0.025040  -0.0000   0.02347000
  0.025606  -0.0000   0.02398000
  0.026215  -0.0000   0.02449000
  0.026868  -0.0000   0.02500000
  0.027633  -0.0000   0.02556000
  0.028449  -0.0000   0.02612000
  0.029318  -0.0000   0.02668000
  0.030236  -0.0000   0.02723000
  0.031204  -0.0000   0.02779000
  0.032220  -0.0000   0.02835000
  0.033284  -0.0000   0.02891000
  0.034392  -0.0000   0.02946000
  0.034999  -0.0000   0.02976000
  0.035168  -0.0000   0.02984000
  0.035338  -0.0000   0.02993000
  0.035401  -0.0000   0.02998000
  0.035419  -0.0000   0.03004000
  0.035434  -0.0000   0.03009000
  0.035452  -0.0000   0.03017000
  0.035467  -0.0000   0.03025000
  0.035487  -0.0000   0.03037000
  0.035513  -0.0000   0.03055000
  0.035546  -0.0000   0.03083000
  0.035589  -0.0000   0.03124000
  0.035647  -0.0000   0.03185000
  0.035727  -0.0000   0.03277000
  0.035846  -0.0000   0.03415000
  0.036040  -0.0000   0.03622000
  0.036293  -0.0000   0.03846000
  0.036617  -0.0000   0.04069000
  0.036896  -0.0000   0.04228000
  0.037230  -0.0000   0.04388000
  0.037628  -0.0000   0.04547000
  0.038060  -0.0000   0.04696000
  0.038559  -0.0000   0.04845000
  0.039131  -0.0000   0.04994000
  0.039781  -0.0000   0.05143000
  0.040516  -0.0000   0.05291000
  0.041182  -0.0000   0.05414000
  0.041913  -0.0000   0.05537000
  0.042710  -0.0000   0.05660000
  0.043576  -0.0000   0.05782000
  0.044513  -0.0000   0.05905000
  0.045524  -0.0000   0.06028000
  0.046610  -0.0000   0.06151000
  0.047772  -0.0000   0.06273000
  0.049011  -0.0000   0.06396000
  0.050328  -0.0000   0.06519000
  0.051721  -0.0000   0.06641000
  0.051935  -0.0000   0.06660000
  0.052151  -0.0000   0.06679000
  0.052368  -0.0000   0.06698000
  0.052579  -0.0000   0.06719000
  0.052617  -0.0000   0.06732000
  0.052647  -0.0000   0.06744000
  0.052673  -0.0000   0.06757000
  0.052706  -0.0000   0.06775000
  0.052749  -0.0000   0.06803000
  0.052804  -0.0000   0.06845000
  0.052877  -0.0000   0.06908000
  0.052976  -0.0000   0.07003000
  0.053117  -0.0000   0.07145000
  0.053338  -0.0000   0.07357000
  0.053730  -0.0000   0.07676000
  0.054061  -0.0000   0.07906000
  0.054447  -0.0000   0.08137000
  0.054895  -0.0000   0.08367000
  0.055410  -0.0000   0.08597000
  0.055998  -0.0000   0.08827000
  0.056663  -0.0000   0.09058000
  0.057412  -0.0000   0.09288000
  0.058250  -0.0000   0.09518000
  0.059026  -0.0000   0.09713000
  0.059874  -0.0000   0.09908000
  0.060795  -0.0000   0.10100000
  0.061794  -0.0000   0.10300000
  0.062873  -0.0000   0.10500000
  0.064035  -0.0000   0.10700000
  0.065281  -0.0000   0.10900000
  0.066612  -0.0000   0.11100000
  0.068031  -0.0000   0.11300000
  0.069535  -0.0000   0.11500000
  0.069641  -0.0000   0.11500000
  0.069719  -0.0000   0.11500000
  0.069755  -0.0000   0.11500000
  0.069800  -0.0000   0.11500000
  0.069854  -0.0000   0.11600000
  0.069901  -0.0000   0.11600000
  0.069963  -0.0000   0.11600000
  0.070046  -0.0000   0.11700000
  0.070160  -0.0000   0.11800000
  0.070324  -0.0000   0.12000000
  0.070576  -0.0000   0.12200000
  0.071008  -0.0000   0.12500000
  0.071512  -0.0000   0.12900000
  0.072099  -0.0000   0.13300000
  0.072775  -0.0000   0.13600000
  0.073546  -0.0000   0.14000000
  0.074264  -0.0000   0.14200000
  0.075058  -0.0000   0.14500000
  0.075932  -0.0000   0.14800000
  0.076890  -0.0000   0.15100000
  0.077936  -0.0000   0.15400000
  0.079076  -0.0000   0.15700000
  0.080311  -0.0000   0.16000000
  0.081410  -0.0000   0.16300000
  0.082579  -0.0000   0.16500000
  0.083821  -0.0000   0.16700000
  0.085269  -0.0000   0.17000000
  0.086711  -0.0000   0.17300000
  0.086766  -0.0000   0.17300000
  0.086812  -0.0000   0.17300000
  0.086853  -0.0000   0.17400000
  0.086907  -0.0000   0.17400000
  0.086978  -0.0000   0.17400000
  0.087074  -0.0000   0.17500000
  0.087207  -0.0000   0.17700000
  0.087399  -0.0000   0.17800000
  0.087698  -0.0000   0.18100000
  0.088204  -0.0000   0.18500000
  0.088781  -0.0000   0.18900000
  0.089436  -0.0000   0.19300000
  0.090173  -0.0000   0.19800000
  0.090994  -0.0000   0.20200000
  0.091906  -0.0000   0.20600000
  0.092913  -0.0000   0.21000000
  0.094020  -0.0000   0.21400000
  0.095019  -0.0000   0.21700000
  0.096094  -0.0000   0.22100000
  0.097248  -0.0000   0.22400000
  0.098483  -0.0000   0.22800000
  0.099800  -0.0000   0.23100000
  0.101203  -0.0000   0.23500000
  0.102690  -0.0000   0.23800000
  0.103129  -0.0000   0.23900000
  0.103574  -0.0000   0.24000000
  0.103833  -0.0000   0.24100000
  0.103904  -0.0000   0.24100000
  0.103964  -0.0000   0.24100000
  0.104018  -0.0000   0.24200000
  0.104090  -0.0000   0.24200000
  0.104186  -0.0000   0.24300000
  0.104320  -0.0000   0.24400000
  0.104512  -0.0000   0.24600000
  0.104806  -0.0000   0.24900000
  0.105287  -0.0000   0.25300000
  0.105744  -0.0000   0.25600000
  0.106242  -0.0000   0.26000000
  0.106781  -0.0000   0.26400000
  0.107684  -0.0000   0.26900000
  0.108686  -0.0000   0.27400000
  0.109791  -0.0000   0.28000000
  0.110802  -0.0000   0.28400000
  0.111895  -0.0000   0.28900000
  0.113072  -0.0000   0.29300000
  0.114335  -0.0000   0.29800000
  0.115689  -0.0000   0.30200000
  0.117135  -0.0000   0.30700000
  0.118675  -0.0000   0.31100000
  0.120310  -0.0000   0.31600000
  0.120493  -0.0000   0.31600000
  0.120678  -0.0000   0.31700000
  0.120864  -0.0000   0.31700000
  0.121052  -0.0000   0.31800000
  0.121165  -0.0000   0.31900000
  0.121262  -0.0000   0.31900000
  0.121351  -0.0000   0.32000000
  0.121435  -0.0000   0.32100000
  0.121556  -0.0000   0.32200000
  0.121732  -0.0000   0.32400000
  0.122002  -0.0000   0.32600000
  0.122434  -0.0000   0.33000000
  0.122992  -0.0000   0.33500000
  0.123599  -0.0000   0.33900000
  0.124254  -0.0000   0.34400000
  0.125269  -0.0000   0.35000000
  0.126384  -0.0000   0.35600000
  0.127604  -0.0000   0.36300000
  0.128934  -0.0000   0.36900000
  0.130100  -0.0000   0.37400000
  0.131346  -0.0000   0.37900000
  0.132672  -0.0000   0.38500000
  0.134083  -0.0000   0.39000000
  0.135578  -0.0000   0.39500000
  0.137160  -0.0000   0.40000000
  0.137493  -0.0000   0.40100000
  0.137831  -0.0000   0.40200000
  0.138172  -0.0000   0.40300000
  0.138268  -0.0000   0.40400000
  0.138339  -0.0000   0.40400000
  0.138404  -0.0000   0.40500000
  0.138490  -0.0000   0.40600000
  0.138608  -0.0000   0.40700000
  0.138773  -0.0000   0.40800000
  0.139015  -0.0000   0.41100000
  0.139391  -0.0000   0.41400000
  0.140003  -0.0000   0.42000000
  0.140670  -0.0000   0.42500000
  0.141389  -0.0000   0.43000000
  0.142162  -0.0000   0.43600000
  0.143345  -0.0000   0.44300000
  0.144637  -0.0000   0.45100000
  0.146041  -0.0000   0.45800000
  0.147267  -0.0000   0.46400000
  0.148575  -0.0000   0.47100000
  0.149964  -0.0000   0.47700000
  0.151605  -0.0000   0.48300000
  0.153352  -0.0000   0.49000000
  0.155205  -0.0000   0.49700000
  0.155343  -0.0000   0.49800000
  0.155464  -0.0000   0.49800000
  0.155540  -0.0000   0.49900000
  0.155638  -0.0000   0.49900000
  0.155766  -0.0000   0.50000000
  0.155885  -0.0000   0.50200000
  0.156055  -0.0000   0.50300000
  0.156307  -0.0000   0.50600000
  0.156697  -0.0000   0.51000000
  0.157330  -0.0000   0.51500000
  0.158012  -0.0000   0.52100000
  0.158741  -0.0000   0.52700000
  0.159518  -0.0000   0.53300000
  0.160788  -0.0000   0.54100000
  0.162168  -0.0000   0.55000000
  0.163662  -0.0000   0.55800000
  0.164974  -0.0000   0.56500000
  0.166367  -0.0000   0.57300000
  0.167845  -0.0000   0.58000000
  0.169408  -0.0000   0.58700000
  0.171058  -0.0000   0.59400000
  0.172733  -0.0000   0.60100000
  0.172825  -0.0000   0.60200000
  0.172907  -0.0000   0.60200000
  0.172983  -0.0000   0.60300000
  0.173087  -0.0000   0.60400000
  0.173234  -0.0000   0.60500000
  0.173448  -0.0000   0.60800000
  0.173771  -0.0000   0.61100000
  0.174284  -0.0000   0.61600000
  0.174828  -0.0000   0.62100000
  0.175403  -0.0000   0.62600000
  0.176008  -0.0000   0.63100000
  0.176980  -0.0000   0.63900000
  0.178032  -0.0000   0.64600000
  0.179152  -0.0000   0.65400000
  0.180342  -0.0000   0.66200000
  0.181624  -0.0000   0.66900000
  0.182983  -0.0000   0.67700000
  0.184419  -0.0000   0.68500000
  0.185952  -0.0000   0.69300000
  0.187568  -0.0000   0.70000000
  0.189266  -0.0000   0.70800000
  0.189471  -0.0000   0.70900000
  0.189677  -0.0000   0.71000000
  0.189885  -0.0000   0.71100000
  0.190030  -0.0000   0.71200000
  0.190141  -0.0000   0.71300000
  0.190241  -0.0000   0.71400000
  0.190380  -0.0000   0.71500000
  0.190578  -0.0000   0.71700000
  0.190871  -0.0000   0.72000000
  0.191328  -0.0000   0.72500000
  0.191895  -0.0000   0.73100000
  0.192493  -0.0000   0.73600000
  0.193120  -0.0000   0.74200000
  0.194124  -0.0000   0.75000000
  0.195375  -0.0000   0.76000000
  0.196714  -0.0000   0.76900000
  0.198141  -0.0000   0.77900000
  0.199659  -0.0000   0.78800000
  0.201271  -0.0000   0.79800000
  0.202978  -0.0000   0.80800000
  0.204782  -0.0000   0.81700000
  0.206684  -0.0000   0.82700000
  0.206852  -0.0000   0.82800000
  0.207020  -0.0000   0.82900000
  0.207169  -0.0000   0.82900000
  0.207314  -0.0000   0.83100000
  0.207443  -0.0000   0.83200000
  0.207564  -0.0000   0.83300000
  0.207681  -0.0000   0.83500000
  0.207851  -0.0000   0.83600000
  0.208107  -0.0000   0.83900000
  0.208504  -0.0000   0.84300000
  0.209134  -0.0000   0.85000000
  0.209799  -0.0000   0.85600000
  0.210497  -0.0000   0.86300000
  0.211226  -0.0000   0.86900000
  0.212389  -0.0000   0.87900000
  0.213604  -0.0000   0.88800000
  0.214888  -0.0000   0.89800000
  0.216244  -0.0000   0.90700000
  0.217689  -0.0000   0.91700000
  0.219211  -0.0000   0.92600000
  0.220809  -0.0000   0.93600000
  0.222525  -0.0000   0.94500000
  0.224322  -0.0000   0.95500000
  0.224449  -0.0000   0.95600000
  0.224540  -0.0000   0.95700000
  0.224623  -0.0000   0.95800000
  0.224737  -0.0000   0.95900000
  0.224898  -0.0000   0.96000000
  0.225130  -0.0000   0.96300000
  0.225479  -0.0000   0.96700000
  0.226028  -0.0000   0.97300000
  0.226604  -0.0000   0.97900000
  0.227205  -0.0000   0.98500000
  0.227830  -0.0000   0.99100000
  0.228820  -0.0000   1.00000000
  0.230224  -0.0000   1.01000000
  0.232274  -0.0000   1.03000000
  0.234278  -0.0000   1.05000000
  0.236861  -0.0000   1.08000000
  0.239372  -0.0000   1.11000000
  0.240001  -0.0000   1.11000000
  0.240626  -0.0000   1.12000000
  0.241246  -0.0000   1.13000000
  0.241416  -0.0000   1.13000000
  0.241529  -0.0000   1.13000000
  0.241627  -0.0000   1.13000000
  0.241759  -0.0000   1.14000000
  0.241884  -0.0000   1.14000000
  0.242063  -0.0000   1.14000000
  0.242326  -0.0000   1.15000000
  0.242722  -0.0000   1.16000000
  0.243321  -0.0000   1.17000000
  0.243923  -0.0000   1.19000000
  0.244525  -0.0000   1.20000000
  0.245424  -0.0000   1.22000000
  0.246758  -0.0000   1.25000000
  0.248726  -0.0000   1.30000000
  0.250841  -0.0000   1.35000000
  0.252914  -0.0000   1.40000000
  0.254946  -0.0000   1.46000000
  0.257580  -0.0000   1.53000000
  0.257748  -0.0000   1.53000000
  0.257915  -0.0000   1.53000000
  0.258082  -0.0000   1.54000000
  0.258306  -0.0000   1.55000000
  0.258435  -0.0000   1.55000000
  0.258551  -0.0000   1.56000000
  0.258660  -0.0000   1.56000000
  0.258817  -0.0000   1.57000000
  0.259047  -0.0000   1.58000000
  0.259394  -0.0000   1.60000000
  0.259919  -0.0000   1.63000000
  0.260627  -0.0000   1.67000000
  0.261335  -0.0000   1.71000000
  0.262041  -0.0000   1.74000000
  0.263093  -0.0000   1.80000000
  0.264651  -0.0000   1.89000000
  0.266943  -0.0000   2.02000000
  0.269188  -0.0000   2.14000000
  0.271389  -0.0000   2.27000000
  0.273544  -0.0000   2.40000000
  0.273806  -0.0000   2.42000000
  0.274066  -0.0000   2.43000000
  0.274326  -0.0000   2.45000000
  0.274715  -0.0000   2.47000000
  0.275056  -0.0000   2.49000000
  0.275168  -0.0000   2.50000000
  0.275267  -0.0000   2.51000000
  0.275360  -0.0000   2.52000000
  0.275492  -0.0000   2.54000000
  0.275686  -0.0000   2.56000000
  0.275975  -0.0000   2.60000000
  0.276415  -0.0000   2.65000000
  0.277079  -0.0000   2.72000000
  0.277745  -0.0000   2.80000000
  0.278409  -0.0000   2.88000000
  0.279398  -0.0000   3.00000000
  0.280867  -0.0000   3.17000000
  0.283031  -0.0000   3.43000000
  0.285128  -0.0000   3.69000000
  0.287188  -0.0000   3.95000000
  0.289211  -0.0000   4.21000000
  0.290279  -0.0000   4.35000000
  0.291336  -0.0000   4.49000000
  0.291572  -0.0000   4.52000000
  0.291806  -0.0000   4.55000000
  0.291924  -0.0000   4.57000000
  0.292030  -0.0000   4.60000000
  0.292130  -0.0000   4.62000000
  0.292227  -0.0000   4.64000000
  0.292370  -0.0000   4.68000000
  0.292585  -0.0000   4.73000000
  0.292910  -0.0000   4.81000000
  0.293403  -0.0000   4.93000000
  0.294144  -0.0000   5.11000000
  0.294884  -0.0000   5.29000000
  0.295987  -0.0000   5.56000000
  0.297623  -0.0000   5.97000000
  0.300030  -0.0000   6.57000000
  0.302391  -0.0000   7.18000000
  0.304706  -0.0000   7.79000000
  0.306975  -0.0000   8.39000000
  0.307367  -0.0000   8.50000000
  0.307758  -0.0000   8.60000000
  0.308147  -0.0000   8.71000000
  0.308558  -0.0000   8.82000000
  0.308670  -0.0000   8.87000000
  0.308772  -0.0000   8.92000000
  0.308869  -0.0000   8.96000000
  0.309011  -0.0000   9.03000000
  0.309222  -0.0000   9.14000000
  0.309542  -0.0000   9.29000000
  0.310027  -0.0000   9.53000000
  0.310740  -0.0000   9.87000000
  0.311452  -0.0000  10.20000000
  0.312514  -0.0000  10.70000000
  0.314091  -0.0000  11.50000000
  0.316414  -0.0000  12.70000000
  0.318696  -0.0000  13.80000000
  0.320937  -0.0000  15.00000000
  0.323136  -0.0000  16.20000000
  0.323617  -0.0000  16.40000000
  0.324095  -0.0000  16.70000000
  0.324572  -0.0000  16.90000000
  0.325269  -0.0000  17.30000000
  0.325385  -0.0000  17.40000000
  0.325492  -0.0000  17.50000000
  0.325594  -0.0000  17.60000000
  0.325695  -0.0000  17.70000000
  0.325846  -0.0000  17.80000000
  0.326074  -0.0000  18.10000000
  0.326419  -0.0000  18.40000000
  0.326940  -0.0000  18.90000000
  0.327723  -0.0000  19.60000000
  0.328890  -0.0000  20.70000000
  0.330621  -0.0000  22.30000000
  0.333171  -0.0000  24.70000000
  0.335673  -0.0000  27.20000000
  0.338127  -0.0000  29.60000000
  0.340531  -0.0000  32.10000000
  0.340842  -0.0000  32.40000000
  0.341151  -0.0000  32.70000000
  0.341459  -0.0000  33.00000000
  0.341920  -0.0000  33.50000000
  0.342042  -0.0000  33.70000000
  0.342144  -0.0000  33.90000000
  0.342240  -0.0000  34.00000000
  0.342381  -0.0000  34.30000000
  0.342593  -0.0000  34.60000000
  0.342914  -0.0000  35.20000000
  0.343400  -0.0000  36.00000000
  0.344124  -0.0000  37.30000000
  0.344847  -0.0000  38.50000000
  0.345923  -0.0000  40.40000000
  0.347521  -0.0000  43.20000000
  0.349876  -0.0000  47.40000000
  0.352191  -0.0000  51.60000000
  0.354465  -0.0000  55.80000000
  0.356699  -0.0000  60.00000000
  0.357104  -0.0000  60.70000000
  0.357507  -0.0000  61.50000000
  0.357909  -0.0000  62.30000000
  0.358509  -0.0000  63.40000000
  0.358667  -0.0000  63.70000000
  0.358780  -0.0000  64.00000000
  0.358885  -0.0000  64.40000000
  0.359038  -0.0000  64.90000000
  0.359192  -0.0000  65.30000000
  0.359424  -0.0000  66.10000000
  0.359777  -0.0000  67.20000000
  0.360307  -0.0000  68.80000000
  0.361102  -0.0000  71.30000000
  0.362287  -0.0000  75.00000000
  0.364043  -0.0000  80.50000000
  0.366117  -0.0000  87.10000000
  0.368162  -0.0000  93.80000000
  0.370175  -0.0000 100.00000000
  0.372817  -0.0000 109.00000000
  0.375389  -0.0000 118.00000000
  0.375499  -0.0000 119.00000000
  0.375602  -0.0000 119.00000000
  0.375701  -0.0000 120.00000000
  0.375800  -0.0000 120.00000000
  0.375950  -0.0000 121.00000000
  0.376177  -0.0000 123.00000000
  0.376520  -0.0000 124.00000000
  0.377037  -0.0000 127.00000000
  0.377811  -0.0000 131.00000000
  0.378966  -0.0000 138.00000000
  0.380682  -0.0000 147.00000000
  0.383212  -0.0000 161.00000000
  0.385700  -0.0000 176.00000000
  0.388142  -0.0000 190.00000000
  0.390540  -0.0000 204.00000000
  0.390851  -0.0000 206.00000000
  0.391162  -0.0000 208.00000000
  0.391472  -0.0000 210.00000000
  0.391934  -0.0000 213.00000000
  0.392138  -0.0000 214.00000000
  0.392277  -0.0000 215.00000000
  0.392407  -0.0000 216.00000000
  0.392537  -0.0000 217.00000000
  0.392667  -0.0000 219.00000000
  0.392865  -0.0000 221.00000000
  0.393163  -0.0000 223.00000000
  0.393613  -0.0000 227.00000000
  0.394287  -0.0000 234.00000000
  0.395292  -0.0000 243.00000000
  0.396787  -0.0000 257.00000000
  0.398994  -0.0000 278.00000000
  0.401169  -0.0000 299.00000000
  0.403311  -0.0000 320.00000000
  0.405420  -0.0000 341.00000000
  0.408271  -0.0000 370.00000000
  0.408437  -0.0000 372.00000000
  0.408602  -0.0000 374.00000000
  0.408753  -0.0000 376.00000000
  0.408918  -0.0000 378.00000000
  0.409078  -0.0000 381.00000000
  0.409239  -0.0000 383.00000000
  0.409402  -0.0000 386.00000000
  0.409648  -0.0000 390.00000000
  0.410018  -0.0000 395.00000000
  0.410573  -0.0000 404.00000000
  0.411402  -0.0000 417.00000000
  0.412637  -0.0000 436.00000000
  0.414466  -0.0000 465.00000000
  0.416560  -0.0000 499.00000000
  0.418625  -0.0000 532.00000000
  0.420660  -0.0000 566.00000000
  0.423408  -0.0000 612.00000000
  0.423952  -0.0000 622.00000000
  0.424493  -0.0000 631.00000000
  0.425032  -0.0000 640.00000000
  0.425359  -0.0000 646.00000000
  0.425580  -0.0000 650.00000000
  0.425757  -0.0000 655.00000000
  0.425932  -0.0000 659.00000000
  0.426179  -0.0000 666.00000000
  0.426427  -0.0000 672.00000000
  0.426802  -0.0000 681.00000000
  0.427363  -0.0000 696.00000000
  0.428201  -0.0000 717.00000000
  0.429449  -0.0000 749.00000000
  0.431297  -0.0000 797.00000000
  0.433437  -0.0000 853.00000000
  0.435547  -0.0000 910.00000000
  0.437627  -0.0000 966.00000000
  0.440389  -0.0000 1043.00000000
  0.440790  -0.0000 1054.00000000
  0.441189  -0.0000 1065.00000000
  0.441587  -0.0000 1076.00000000
  0.442181  -0.0000 1093.00000000
  0.442312  -0.0000 1097.00000000
  0.442423  -0.0000 1102.00000000
  0.442532  -0.0000 1106.00000000
  0.442697  -0.0000 1113.00000000
  0.442948  -0.0000 1123.00000000
  0.443326  -0.0000 1139.00000000
  0.443894  -0.0000 1162.00000000
  0.444742  -0.0000 1197.00000000
  0.446005  -0.0000 1249.00000000
  0.447876  -0.0000 1327.00000000
  0.449999  -0.0000 1416.00000000
  0.452093  -0.0000 1506.00000000
  0.454157  -0.0000 1596.00000000
  0.456899  -0.0000 1717.00000000
  0.457442  -0.0000 1742.00000000
  0.457984  -0.0000 1766.00000000
  0.458523  -0.0000 1790.00000000
  0.458835  -0.0000 1804.00000000
  0.459087  -0.0000 1818.00000000
  0.459301  -0.0000 1832.00000000
  0.459517  -0.0000 1846.00000000
  0.459735  -0.0000 1861.00000000
  0.460064  -0.0000 1882.00000000
  0.460557  -0.0000 1913.00000000
  0.461295  -0.0000 1961.00000000
  0.462394  -0.0000 2032.00000000
  0.464025  -0.0000 2139.00000000
  0.466434  -0.0000 2300.00000000
  0.468805  -0.0000 2460.00000000
  0.471139  -0.0000 2620.00000000
  0.473435  -0.0000 2781.00000000
  0.474162  -0.0000 2832.00000000
  0.474885  -0.0000 2883.00000000
  0.475603  -0.0000 2934.00000000
  0.475756  -0.0000 2946.00000000
  0.475876  -0.0000 2958.00000000
  0.475993  -0.0000 2970.00000000
  0.476171  -0.0000 2988.00000000
  0.476350  -0.0000 3006.00000000
  0.476620  -0.0000 3033.00000000
  0.477027  -0.0000 3074.00000000
  0.477635  -0.0000 3134.00000000
  0.478543  -0.0000 3225.00000000
  0.479893  -0.0000 3362.00000000
  0.481892  -0.0000 3567.00000000
  0.484464  -0.0000 3835.00000000
  0.486994  -0.0000 4104.00000000
  0.489481  -0.0000 4372.00000000
  0.491924  -0.0000 4640.00000000
  0.492107  -0.0000 4660.00000000
  0.492290  -0.0000 4680.00000000
  0.492470  -0.0000 4700.00000000
  0.492595  -0.0000 4720.00000000
  0.492717  -0.0000 4739.00000000
  0.492840  -0.0000 4758.00000000
  0.492965  -0.0000 4777.00000000
  0.493152  -0.0000 4806.00000000
  0.493434  -0.0000 4849.00000000
  0.493858  -0.0000 4913.00000000
  0.494492  -0.0000 5010.00000000
  0.495438  -0.0000 5155.00000000
  0.496843  -0.0000 5373.00000000
  0.498923  -0.0000 5700.00000000
  0.500975  -0.0000 6027.00000000
  0.503001  -0.0000 6353.00000000
  0.505000  -0.0000 6680.00000000
  0.507937  -0.0000 7170.00000000
  0.508179  -0.0000 7211.00000000
  0.508421  -0.0000 7251.00000000
  0.508663  -0.0000 7292.00000000
  0.509024  -0.0000 7353.00000000
  0.509239  -0.0000 7391.00000000
  0.509402  -0.0000 7429.00000000
  0.509566  -0.0000 7468.00000000
  0.509732  -0.0000 7506.00000000
  0.509899  -0.0000 7545.00000000
  0.510150  -0.0000 7602.00000000
  0.510527  -0.0000 7689.00000000
  0.511091  -0.0000 7818.00000000
  0.511932  -0.0000 8013.00000000
  0.513184  -0.0000 8305.00000000
  0.515040  -0.0000 8742.00000000
  0.517732  -0.0000 9388.00000000
  0.520244  -0.0000 10000.00000000
  0.518389  -0.0000 10000.00000000
  0.518389  -0.0000 10000.00000000
  0.518389  -0.0000 10000.00000000
  0.518389  -0.0000 10000.00000000
  0.518389  -0.0000 10000.00000000
  0.518388  -0.0000 10000.00000000
  0.518387  -0.0000 10000.00000000
  0.518386  -0.0000 10000.00000000
  0.518382  -0.0000 10000.00000000
  0.518375  -0.0000 10000.00000000
  0.518362  -0.0000 10000.00000000
  0.518342  -0.0000 10000.00000000
  0.518336  -0.0000 10000.00000000
