  0.000263  -0.0000   0.00100000
  0.000577  -0.0000   0.00200000
  0.001599  -0.0000   0.00300000
  0.003647  -0.0000   0.00325300
  0.006952  -0.0000   0.00331600
  0.007082  -0.0000   0.00338000
  0.007120  -0.0000   0.00347400
  0.007180  -0.0000   0.00361700
  0.007278  -0.0000   0.00383000
  0.007444  -0.0000   0.00415000
  0.007744  -0.0000   0.00463100
  0.008101  -0.0000   0.00511100
  0.008518  -0.0000   0.00559100
  0.008995  -0.0000   0.00607200
  0.009425  -0.0000   0.00645900
  0.009907  -0.0000   0.00684700
  0.010453  -0.0000   0.00723500
  0.010906  -0.0000   0.00752700
  0.011407  -0.0000   0.00781900
  0.011964  -0.0000   0.00811000
  0.012580  -0.0000   0.00840200
  0.013260  -0.0000   0.00869400
  0.013878  -0.0000   0.00893900
  0.014543  -0.0000   0.00918500
  0.015255  -0.0000   0.00943000
  0.016095  -0.0000   0.00970000
  0.016990  -0.0000   0.00997000
  0.017939  -0.0000   0.01024000
  0.018938  -0.0000   0.01051000
  0.019983  -0.0000   0.01078000
  0.020096  -0.0000   0.01081000
  0.020168  -0.0000   0.01084000
  0.020185  -0.0000   0.01087000
  0.020206  -0.0000   0.01091000
  0.020233  -0.0000   0.01098000
  0.020264  -0.0000   0.01107000
  0.020291  -0.0000   0.01116000
  0.020326  -0.0000   0.01129000
  0.020358  -0.0000   0.01142000
  0.020400  -0.0000   0.01162000
  0.020457  -0.0000   0.01191000
  0.020528  -0.0000   0.01232000
  0.020594  -0.0000   0.01273000
  0.020689  -0.0000   0.01334000
  0.020781  -0.0000   0.01395000
  0.020915  -0.0000   0.01487000
  0.021118  -0.0000   0.01624000
  0.021437  -0.0000   0.01830000
  0.021992  -0.0000   0.02139000
  0.022267  -0.0000   0.02278000
  0.022576  -0.0000   0.02416000
  0.022931  -0.0000   0.02555000
  0.023234  -0.0000   0.02661000
  0.023575  -0.0000   0.02767000
  0.023959  -0.0000   0.02873000
  0.024353  -0.0000   0.02971000
  0.024792  -0.0000   0.03069000
  0.025280  -0.0000   0.03167000
  0.025724  -0.0000   0.03249000
  0.026206  -0.0000   0.03331000
  0.026729  -0.0000   0.03413000
  0.027240  -0.0000   0.03488000
  0.027788  -0.0000   0.03562000
  0.028372  -0.0000   0.03637000
  0.028966  -0.0000   0.03709000
  0.029596  -0.0000   0.03780000
  0.030262  -0.0000   0.03852000
  0.030957  -0.0000   0.03922000
  0.031689  -0.0000   0.03993000
  0.032457  -0.0000   0.04064000
  0.033280  -0.0000   0.04136000
  0.034140  -0.0000   0.04208000
  0.035039  -0.0000   0.04281000
  0.036161  -0.0000   0.04366000
  0.036643  -0.0000   0.04402000
  0.037103  -0.0000   0.04439000
  0.037130  -0.0000   0.04446000
  0.037155  -0.0000   0.04454000
  0.037177  -0.0000   0.04461000
  0.037207  -0.0000   0.04472000
  0.037247  -0.0000   0.04489000
  0.037299  -0.0000   0.04514000
  0.037369  -0.0000   0.04552000
  0.037461  -0.0000   0.04609000
  0.037576  -0.0000   0.04687000
  0.037683  -0.0000   0.04765000
  0.037833  -0.0000   0.04882000
  0.038051  -0.0000   0.05058000
  0.038377  -0.0000   0.05322000
  0.038909  -0.0000   0.05717000
  0.039207  -0.0000   0.05923000
  0.039531  -0.0000   0.06129000
  0.039889  -0.0000   0.06336000
  0.040353  -0.0000   0.06572000
  0.040880  -0.0000   0.06809000
  0.041478  -0.0000   0.07045000
  0.042155  -0.0000   0.07282000
  0.042917  -0.0000   0.07519000
  0.043771  -0.0000   0.07755000
  0.044721  -0.0000   0.07992000
  0.045562  -0.0000   0.08185000
  0.046474  -0.0000   0.08377000
  0.047458  -0.0000   0.08570000
  0.048517  -0.0000   0.08763000
  0.049654  -0.0000   0.08955000
  0.050870  -0.0000   0.09148000
  0.052166  -0.0000   0.09341000
  0.053544  -0.0000   0.09533000
  0.055003  -0.0000   0.09726000
  0.055121  -0.0000   0.09743000
  0.055169  -0.0000   0.09759000
  0.055212  -0.0000   0.09776000
  0.055270  -0.0000   0.09801000
  0.055347  -0.0000   0.09838000
  0.055448  -0.0000   0.09894000
  0.055581  -0.0000   0.10000000
  0.055760  -0.0000   0.10100000
  0.055926  -0.0000   0.10200000
  0.056162  -0.0000   0.10400000
  0.056506  -0.0000   0.10700000
  0.057041  -0.0000   0.11100000
  0.057480  -0.0000   0.11500000
  0.057960  -0.0000   0.11800000
  0.058491  -0.0000   0.12100000
  0.058967  -0.0000   0.12400000
  0.059486  -0.0000   0.12600000
  0.060053  -0.0000   0.12900000
  0.060808  -0.0000   0.13200000
  0.061639  -0.0000   0.13600000
  0.062551  -0.0000   0.13900000
  0.063679  -0.0000   0.14200000
  0.064662  -0.0000   0.14500000
  0.065719  -0.0000   0.14800000
  0.066852  -0.0000   0.15100000
  0.068063  -0.0000   0.15400000
  0.069355  -0.0000   0.15700000
  0.070728  -0.0000   0.16000000
  0.072184  -0.0000   0.16300000
  0.072492  -0.0000   0.16400000
  0.072804  -0.0000   0.16400000
  0.073082  -0.0000   0.16500000
  0.073170  -0.0000   0.16500000
  0.073249  -0.0000   0.16600000
  0.073321  -0.0000   0.16600000
  0.073420  -0.0000   0.16700000
  0.073554  -0.0000   0.16800000
  0.073736  -0.0000   0.16900000
  0.073986  -0.0000   0.17100000
  0.074341  -0.0000   0.17400000
  0.074871  -0.0000   0.17800000
  0.075477  -0.0000   0.18300000
  0.076140  -0.0000   0.18800000
  0.076876  -0.0000   0.19300000
  0.077697  -0.0000   0.19800000
  0.078611  -0.0000   0.20300000
  0.079624  -0.0000   0.20800000
  0.080739  -0.0000   0.21300000
  0.081960  -0.0000   0.21800000
  0.083065  -0.0000   0.22200000
  0.084251  -0.0000   0.22600000
  0.085519  -0.0000   0.23000000
  0.086872  -0.0000   0.23400000
  0.088311  -0.0000   0.23800000
  0.089837  -0.0000   0.24300000
  0.090264  -0.0000   0.24400000
  0.090698  -0.0000   0.24500000
  0.090958  -0.0000   0.24600000
  0.091111  -0.0000   0.24700000
  0.091247  -0.0000   0.24800000
  0.091372  -0.0000   0.24800000
  0.091489  -0.0000   0.24900000
  0.091654  -0.0000   0.25100000
  0.091886  -0.0000   0.25300000
  0.092218  -0.0000   0.25600000
  0.092710  -0.0000   0.26000000
  0.093491  -0.0000   0.26700000
  0.094101  -0.0000   0.27200000
  0.094760  -0.0000   0.27700000
  0.095473  -0.0000   0.28200000
  0.096420  -0.0000   0.28700000
  0.097457  -0.0000   0.29300000
  0.098587  -0.0000   0.29900000
  0.099812  -0.0000   0.30500000
  0.101137  -0.0000   0.31100000
  0.102563  -0.0000   0.31700000
  0.104093  -0.0000   0.32300000
  0.105730  -0.0000   0.32900000
  0.107190  -0.0000   0.33400000
  0.108729  -0.0000   0.33900000
  0.108855  -0.0000   0.33900000
  0.108941  -0.0000   0.34000000
  0.109020  -0.0000   0.34000000
  0.109131  -0.0000   0.34100000
  0.109282  -0.0000   0.34200000
  0.109490  -0.0000   0.34400000
  0.109778  -0.0000   0.34700000
  0.110187  -0.0000   0.35100000
  0.110797  -0.0000   0.35600000
  0.111409  -0.0000   0.36200000
  0.112058  -0.0000   0.36800000
  0.112754  -0.0000   0.37300000
  0.113701  -0.0000   0.38000000
  0.114732  -0.0000   0.38700000
  0.115851  -0.0000   0.39400000
  0.117060  -0.0000   0.40100000
  0.118360  -0.0000   0.40800000
  0.119754  -0.0000   0.41500000
  0.121243  -0.0000   0.42200000
  0.122830  -0.0000   0.42900000
  0.124516  -0.0000   0.43600000
  0.126303  -0.0000   0.44300000
  0.126499  -0.0000   0.44400000
  0.126696  -0.0000   0.44500000
  0.126837  -0.0000   0.44600000
  0.126998  -0.0000   0.44700000
  0.127212  -0.0000   0.44800000
  0.127411  -0.0000   0.45000000
  0.127599  -0.0000   0.45200000
  0.127867  -0.0000   0.45400000
  0.128254  -0.0000   0.45800000
  0.128835  -0.0000   0.46400000
  0.129509  -0.0000   0.47100000
  0.130221  -0.0000   0.47700000
  0.130981  -0.0000   0.48400000
  0.131913  -0.0000   0.49100000
  0.132915  -0.0000   0.49800000
  0.133986  -0.0000   0.50600000
  0.135129  -0.0000   0.51300000
  0.136722  -0.0000   0.52300000
  0.138126  -0.0000   0.53000000
  0.139616  -0.0000   0.53800000
  0.141192  -0.0000   0.54600000
  0.143035  -0.0000   0.55500000
  0.144829  -0.0000   0.56400000
  0.144938  -0.0000   0.56400000
  0.145041  -0.0000   0.56500000
  0.145138  -0.0000   0.56600000
  0.145277  -0.0000   0.56700000
  0.145471  -0.0000   0.56900000
  0.145746  -0.0000   0.57200000
  0.146141  -0.0000   0.57600000
  0.146725  -0.0000   0.58200000
  0.147410  -0.0000   0.58900000
  0.148130  -0.0000   0.59600000
  0.148891  -0.0000   0.60300000
  0.149802  -0.0000   0.61100000
  0.150772  -0.0000   0.61800000
  0.151802  -0.0000   0.62600000
  0.152893  -0.0000   0.63400000
  0.154267  -0.0000   0.64300000
  0.155729  -0.0000   0.65300000
  0.157278  -0.0000   0.66200000
  0.159119  -0.0000   0.67200000
  0.161073  -0.0000   0.68200000
  0.161829  -0.0000   0.68600000
  0.162600  -0.0000   0.69000000
  0.162742  -0.0000   0.69100000
  0.162867  -0.0000   0.69200000
  0.162985  -0.0000   0.69300000
  0.163152  -0.0000   0.69500000
  0.163387  -0.0000   0.69700000
  0.163719  -0.0000   0.70100000
  0.164200  -0.0000   0.70600000
  0.164924  -0.0000   0.71400000
  0.165497  -0.0000   0.72000000
  0.166092  -0.0000   0.72600000
  0.166712  -0.0000   0.73200000
  0.167703  -0.0000   0.74100000
  0.168756  -0.0000   0.75000000
  0.169872  -0.0000   0.75900000
  0.171051  -0.0000   0.76900000
  0.172838  -0.0000   0.78100000
  0.174396  -0.0000   0.79200000
  0.176041  -0.0000   0.80200000
  0.177775  -0.0000   0.81300000
  0.179813  -0.0000   0.82500000
  0.180050  -0.0000   0.82600000
  0.180288  -0.0000   0.82700000
  0.180520  -0.0000   0.82900000
  0.180686  -0.0000   0.83000000
  0.180840  -0.0000   0.83200000
  0.180987  -0.0000   0.83300000
  0.181194  -0.0000   0.83500000
  0.181489  -0.0000   0.83800000
  0.181912  -0.0000   0.84300000
  0.182541  -0.0000   0.85000000
  0.183198  -0.0000   0.85800000
  0.183880  -0.0000   0.86500000
  0.184592  -0.0000   0.87300000
  0.185553  -0.0000   0.88200000
  0.186569  -0.0000   0.89100000
  0.187638  -0.0000   0.90100000
  0.188761  -0.0000   0.91000000
  0.190566  -0.0000   0.92400000
  0.192493  -0.0000   0.93900000
  0.194543  -0.0000   0.95300000
  0.196324  -0.0000   0.96400000
  0.198191  -0.0000   0.97600000
  0.198386  -0.0000   0.97700000
  0.198539  -0.0000   0.97900000
  0.198669  -0.0000   0.98000000
  0.198852  -0.0000   0.98200000
  0.199107  -0.0000   0.98400000
  0.199467  -0.0000   0.98800000
  0.199987  -0.0000   0.99500000
  0.200718  -0.0000   1.00000000
  0.201455  -0.0000   1.01000000
  0.202186  -0.0000   1.02000000
  0.202914  -0.0000   1.03000000
  0.203641  -0.0000   1.04000000
  0.204726  -0.0000   1.06000000
  0.206338  -0.0000   1.08000000
  0.208715  -0.0000   1.12000000
  0.211488  -0.0000   1.16000000
  0.214197  -0.0000   1.20000000
  0.214479  -0.0000   1.20000000
  0.214760  -0.0000   1.21000000
  0.215040  -0.0000   1.21000000
  0.215459  -0.0000   1.22000000
  0.215669  -0.0000   1.22000000
  0.215830  -0.0000   1.23000000
  0.215980  -0.0000   1.23000000
  0.216188  -0.0000   1.23000000
  0.216385  -0.0000   1.24000000
  0.216663  -0.0000   1.25000000
  0.217061  -0.0000   1.26000000
  0.217641  -0.0000   1.28000000
  0.218352  -0.0000   1.30000000
  0.219063  -0.0000   1.33000000
  0.219777  -0.0000   1.35000000
  0.220491  -0.0000   1.38000000
  0.221561  -0.0000   1.41000000
  0.223158  -0.0000   1.47000000
  0.225522  -0.0000   1.55000000
  0.228371  -0.0000   1.64000000
  0.231162  -0.0000   1.74000000
  0.231436  -0.0000   1.75000000
  0.231710  -0.0000   1.76000000
  0.231983  -0.0000   1.77000000
  0.232391  -0.0000   1.79000000
  0.232626  -0.0000   1.80000000
  0.232800  -0.0000   1.81000000
  0.232961  -0.0000   1.82000000
  0.233186  -0.0000   1.83000000
  0.233398  -0.0000   1.84000000
  0.233701  -0.0000   1.87000000
  0.234141  -0.0000   1.90000000
  0.234793  -0.0000   1.95000000
  0.235491  -0.0000   2.00000000
  0.236193  -0.0000   2.05000000
  0.236896  -0.0000   2.10000000
  0.237952  -0.0000   2.18000000
  0.239530  -0.0000   2.29000000
  0.241872  -0.0000   2.47000000
  0.244752  -0.0000   2.68000000
  0.247577  -0.0000   2.90000000
  0.247964  -0.0000   2.93000000
  0.248349  -0.0000   2.96000000
  0.248733  -0.0000   2.99000000
  0.249307  -0.0000   3.04000000
  0.249485  -0.0000   3.05000000
  0.249624  -0.0000   3.07000000
  0.249754  -0.0000   3.08000000
  0.249936  -0.0000   3.11000000
  0.250191  -0.0000   3.14000000
  0.250554  -0.0000   3.20000000
  0.251086  -0.0000   3.28000000
  0.251703  -0.0000   3.37000000
  0.252322  -0.0000   3.47000000
  0.252945  -0.0000   3.56000000
  0.253881  -0.0000   3.70000000
  0.254818  -0.0000   3.85000000
  0.256218  -0.0000   4.06000000
  0.258301  -0.0000   4.38000000
  0.261373  -0.0000   4.85000000
  0.264389  -0.0000   5.33000000
  0.264742  -0.0000   5.39000000
  0.265094  -0.0000   5.44000000
  0.265446  -0.0000   5.50000000
  0.265971  -0.0000   5.58000000
  0.266241  -0.0000   5.63000000
  0.266431  -0.0000   5.67000000
  0.266602  -0.0000   5.71000000
  0.266764  -0.0000   5.76000000
  0.266919  -0.0000   5.80000000
  0.267142  -0.0000   5.87000000
  0.267469  -0.0000   5.96000000
  0.267954  -0.0000   6.11000000
  0.268684  -0.0000   6.33000000
  0.269420  -0.0000   6.55000000
  0.270158  -0.0000   6.77000000
  0.270898  -0.0000   6.99000000
  0.272006  -0.0000   7.31000000
  0.273659  -0.0000   7.81000000
  0.276113  -0.0000   8.55000000
  0.278946  -0.0000   9.41000000
  0.281731  -0.0000  10.30000000
  0.281998  -0.0000  10.40000000
  0.282264  -0.0000  10.40000000
  0.282530  -0.0000  10.50000000
  0.282927  -0.0000  10.70000000
  0.283133  -0.0000  10.70000000
  0.283295  -0.0000  10.80000000
  0.283446  -0.0000  10.90000000
  0.283659  -0.0000  11.00000000
  0.283864  -0.0000  11.10000000
  0.284164  -0.0000  11.30000000
  0.284611  -0.0000  11.50000000
  0.285285  -0.0000  11.90000000
  0.285964  -0.0000  12.30000000
  0.286645  -0.0000  12.70000000
  0.287328  -0.0000  13.00000000
  0.288352  -0.0000  13.60000000
  0.289882  -0.0000  14.50000000
  0.292156  -0.0000  15.80000000
  0.295511  -0.0000  17.70000000
  0.298803  -0.0000  19.60000000
  0.299014  -0.0000  19.70000000
  0.299225  -0.0000  19.80000000
  0.299435  -0.0000  20.00000000
  0.299750  -0.0000  20.20000000
  0.299961  -0.0000  20.30000000
  0.300131  -0.0000  20.50000000
  0.300292  -0.0000  20.60000000
  0.300519  -0.0000  20.80000000
  0.300740  -0.0000  21.10000000
  0.301068  -0.0000  21.40000000
  0.301561  -0.0000  21.90000000
  0.302306  -0.0000  22.60000000
  0.303056  -0.0000  23.40000000
  0.303808  -0.0000  24.20000000
  0.304560  -0.0000  24.90000000
  0.305687  -0.0000  26.10000000
  0.307367  -0.0000  27.80000000
  0.309862  -0.0000  30.30000000
  0.312778  -0.0000  33.30000000
  0.315647  -0.0000  36.40000000
  0.315871  -0.0000  36.60000000
  0.316095  -0.0000  36.80000000
  0.316318  -0.0000  37.10000000
  0.316653  -0.0000  37.40000000
  0.316800  -0.0000  37.60000000
  0.316935  -0.0000  37.80000000
  0.317064  -0.0000  38.10000000
  0.317249  -0.0000  38.40000000
  0.317519  -0.0000  38.90000000
  0.317920  -0.0000  39.60000000
  0.318527  -0.0000  40.70000000
  0.319138  -0.0000  41.70000000
  0.319753  -0.0000  42.80000000
  0.320369  -0.0000  43.90000000
  0.321292  -0.0000  45.50000000
  0.322674  -0.0000  48.00000000
  0.324732  -0.0000  51.60000000
  0.327779  -0.0000  57.10000000
  0.330779  -0.0000  62.50000000
  0.332113  -0.0000  65.00000000
  0.333438  -0.0000  67.40000000
  0.333574  -0.0000  67.80000000
  0.333695  -0.0000  68.10000000
  0.333810  -0.0000  68.40000000
  0.333976  -0.0000  68.90000000
  0.334216  -0.0000  69.60000000
  0.334574  -0.0000  70.70000000
  0.335114  -0.0000  72.30000000
  0.335802  -0.0000  74.40000000
  0.336494  -0.0000  76.50000000
  0.337187  -0.0000  78.50000000
  0.338226  -0.0000  81.60000000
  0.339780  -0.0000  86.30000000
  0.342091  -0.0000  93.20000000
  0.345506  -0.0000 104.00000000
  0.348864  -0.0000 114.00000000
  0.349115  -0.0000 115.00000000
  0.349365  -0.0000 116.00000000
  0.349616  -0.0000 116.00000000
  0.349991  -0.0000 118.00000000
  0.350349  -0.0000 119.00000000
  0.350527  -0.0000 120.00000000
  0.350695  -0.0000 120.00000000
  0.350856  -0.0000 121.00000000
  0.351015  -0.0000 122.00000000
  0.351252  -0.0000 123.00000000
  0.351609  -0.0000 125.00000000
  0.352149  -0.0000 128.00000000
  0.352933  -0.0000 131.00000000
  0.353720  -0.0000 135.00000000
  0.354507  -0.0000 139.00000000
  0.355686  -0.0000 145.00000000
  0.357444  -0.0000 154.00000000
  0.360056  -0.0000 167.00000000
  0.363012  -0.0000 182.00000000
  0.365925  -0.0000 197.00000000
  0.366177  -0.0000 198.00000000
  0.366428  -0.0000 199.00000000
  0.366679  -0.0000 200.00000000
  0.367055  -0.0000 202.00000000
  0.367237  -0.0000 204.00000000
  0.367390  -0.0000 205.00000000
  0.367535  -0.0000 206.00000000
  0.367746  -0.0000 207.00000000
  0.368059  -0.0000 210.00000000
  0.368532  -0.0000 214.00000000
  0.369187  -0.0000 219.00000000
  0.369845  -0.0000 224.00000000
  0.370505  -0.0000 229.00000000
  0.371496  -0.0000 237.00000000
  0.372976  -0.0000 249.00000000
  0.375181  -0.0000 267.00000000
  0.378445  -0.0000 293.00000000
  0.381661  -0.0000 319.00000000
  0.382169  -0.0000 323.00000000
  0.382675  -0.0000 328.00000000
  0.383180  -0.0000 332.00000000
  0.383935  -0.0000 338.00000000
  0.384081  -0.0000 340.00000000
  0.384209  -0.0000 341.00000000
  0.384332  -0.0000 343.00000000
  0.384510  -0.0000 345.00000000
  0.384775  -0.0000 348.00000000
  0.385173  -0.0000 353.00000000
  0.385778  -0.0000 361.00000000
  0.386386  -0.0000 368.00000000
  0.386995  -0.0000 376.00000000
  0.387911  -0.0000 387.00000000
  0.389280  -0.0000 404.00000000
  0.391322  -0.0000 430.00000000
  0.394350  -0.0000 468.00000000
  0.397338  -0.0000 507.00000000
  0.400285  -0.0000 545.00000000
  0.400479  -0.0000 547.00000000
  0.400672  -0.0000 550.00000000
  0.400862  -0.0000 553.00000000
  0.401019  -0.0000 555.00000000
  0.401167  -0.0000 558.00000000
  0.401310  -0.0000 561.00000000
  0.401522  -0.0000 565.00000000
  0.401841  -0.0000 571.00000000
  0.402324  -0.0000 581.00000000
  0.402988  -0.0000 593.00000000
  0.403654  -0.0000 606.00000000
  0.404322  -0.0000 619.00000000
  0.405322  -0.0000 638.00000000
  0.406817  -0.0000 667.00000000
  0.409043  -0.0000 710.00000000
  0.412340  -0.0000 775.00000000
  0.415590  -0.0000 839.00000000
  0.416019  -0.0000 848.00000000
  0.416446  -0.0000 857.00000000
  0.416873  -0.0000 865.00000000
  0.417511  -0.0000 878.00000000
  0.417731  -0.0000 882.00000000
  0.417897  -0.0000 887.00000000
  0.418051  -0.0000 891.00000000
  0.418202  -0.0000 896.00000000
  0.418351  -0.0000 900.00000000
  0.418576  -0.0000 907.00000000
  0.418915  -0.0000 917.00000000
  0.419428  -0.0000 932.00000000
  0.420202  -0.0000 954.00000000
  0.420977  -0.0000 977.00000000
  0.422139  -0.0000 1010.00000000
  0.423874  -0.0000 1061.00000000
  0.426454  -0.0000 1137.00000000
  0.429332  -0.0000 1223.00000000
  0.432174  -0.0000 1308.00000000
  0.433242  -0.0000 1340.00000000
  0.434304  -0.0000 1373.00000000
  0.434540  -0.0000 1380.00000000
  0.434736  -0.0000 1387.00000000
  0.434905  -0.0000 1394.00000000
  0.435150  -0.0000 1405.00000000
  0.435394  -0.0000 1416.00000000
  0.435763  -0.0000 1432.00000000
  0.436322  -0.0000 1456.00000000
  0.436883  -0.0000 1481.00000000
  0.437727  -0.0000 1517.00000000
  0.438991  -0.0000 1572.00000000
  0.440878  -0.0000 1654.00000000
  0.443683  -0.0000 1777.00000000
  0.446457  -0.0000 1900.00000000
  0.449200  -0.0000 2023.00000000
  0.450220  -0.0000 2069.00000000
  0.451235  -0.0000 2114.00000000
  0.451473  -0.0000 2125.00000000
  0.451667  -0.0000 2136.00000000
  0.451838  -0.0000 2147.00000000
  0.452087  -0.0000 2163.00000000
  0.452337  -0.0000 2179.00000000
  0.452715  -0.0000 2203.00000000
  0.453287  -0.0000 2240.00000000
  0.453861  -0.0000 2276.00000000
  0.454723  -0.0000 2331.00000000
  0.456014  -0.0000 2413.00000000
  0.457941  -0.0000 2535.00000000
  0.460804  -0.0000 2719.00000000
  0.463636  -0.0000 2904.00000000
  0.466435  -0.0000 3088.00000000
  0.466975  -0.0000 3123.00000000
  0.467514  -0.0000 3159.00000000
  0.468052  -0.0000 3195.00000000
  0.468383  -0.0000 3217.00000000
  0.468589  -0.0000 3233.00000000
  0.468771  -0.0000 3250.00000000
  0.468949  -0.0000 3267.00000000
  0.469217  -0.0000 3292.00000000
  0.469623  -0.0000 3329.00000000
  0.470218  -0.0000 3384.00000000
  0.470815  -0.0000 3439.00000000
  0.471712  -0.0000 3521.00000000
  0.473054  -0.0000 3644.00000000
  0.475056  -0.0000 3828.00000000
  0.478029  -0.0000 4105.00000000
  0.480969  -0.0000 4381.00000000
  0.483874  -0.0000 4658.00000000
  0.484193  -0.0000 4688.00000000
  0.484511  -0.0000 4719.00000000
  0.484829  -0.0000 4749.00000000
  0.485305  -0.0000 4795.00000000
  0.485478  -0.0000 4814.00000000
  0.485628  -0.0000 4834.00000000
  0.485773  -0.0000 4853.00000000
  0.485991  -0.0000 4882.00000000
  0.486320  -0.0000 4926.00000000
  0.486818  -0.0000 4991.00000000
  0.487484  -0.0000 5078.00000000
  0.488151  -0.0000 5165.00000000
  0.489151  -0.0000 5295.00000000
  0.490646  -0.0000 5491.00000000
  0.492873  -0.0000 5784.00000000
  0.496176  -0.0000 6224.00000000
  0.499437  -0.0000 6664.00000000
  0.500690  -0.0000 6834.00000000
  0.501936  -0.0000 7004.00000000
  0.502175  -0.0000 7037.00000000
  0.502391  -0.0000 7069.00000000
  0.502570  -0.0000 7102.00000000
  0.502830  -0.0000 7151.00000000
  0.503092  -0.0000 7200.00000000
  0.503355  -0.0000 7249.00000000
  0.503754  -0.0000 7322.00000000
  0.504354  -0.0000 7433.00000000
  0.505255  -0.0000 7598.00000000
  0.506605  -0.0000 7846.00000000
  0.508619  -0.0000 8218.00000000
  0.511610  -0.0000 8776.00000000
  0.514569  -0.0000 9334.00000000
  0.517494  -0.0000 9892.00000000
  0.518058  -0.0000 10000.00000000
  0.514638  -0.0000 10000.00000000
  0.514637  -0.0000 10000.00000000
  0.514637  -0.0000 10000.00000000
  0.514637  -0.0000 10000.00000000
  0.514635  -0.0000 10000.00000000
  0.514633  -0.0000 10000.00000000
  0.514629  -0.0000 10000.00000000
  0.514620  -0.0000 10000.00000000
  0.514602  -0.0000 10000.00000000
  0.514567  -0.0000 10000.00000000
  0.514496  -0.0000 10000.00000000
  0.514360  -0.0000 10000.00000000
