  0.000244  -0.0000   0.00100000
  0.000545  -0.0000   0.00200000
  0.001030  -0.0000   0.00256300
  0.005129  -0.0000   0.00312700
  0.007015  -0.0000   0.00326700
  0.007145  -0.0000   0.00347900
  0.007327  -0.0000   0.00379500
  0.007599  -0.0000   0.00419200
  0.007916  -0.0000   0.00458900
  0.008282  -0.0000   0.00498500
  0.008705  -0.0000   0.00538200
  0.009104  -0.0000   0.00571100
  0.009561  -0.0000   0.00604100
  0.009983  -0.0000   0.00631200
  0.010460  -0.0000   0.00658200
  0.010998  -0.0000   0.00685300
  0.011501  -0.0000   0.00708200
  0.012054  -0.0000   0.00731100
  0.012659  -0.0000   0.00754100
  0.013317  -0.0000   0.00777000
  0.014029  -0.0000   0.00799900
  0.014792  -0.0000   0.00822800
  0.015606  -0.0000   0.00845800
  0.016469  -0.0000   0.00868700
  0.017378  -0.0000   0.00891600
  0.018331  -0.0000   0.00914500
  0.019323  -0.0000   0.00937400
  0.019656  -0.0000   0.00945100
  0.019993  -0.0000   0.00952700
  0.020069  -0.0000   0.00956300
  0.020090  -0.0000   0.00960000
  0.020107  -0.0000   0.00963700
  0.020129  -0.0000   0.00969100
  0.020156  -0.0000   0.00977300
  0.020186  -0.0000   0.00988100
  0.020213  -0.0000   0.00998900
  0.020249  -0.0000   0.01015000
  0.020281  -0.0000   0.01031000
  0.020325  -0.0000   0.01056000
  0.020385  -0.0000   0.01092000
  0.020469  -0.0000   0.01147000
  0.020550  -0.0000   0.01202000
  0.020669  -0.0000   0.01284000
  0.020848  -0.0000   0.01407000
  0.021133  -0.0000   0.01592000
  0.021653  -0.0000   0.01869000
  0.021858  -0.0000   0.01968000
  0.022087  -0.0000   0.02067000
  0.022347  -0.0000   0.02166000
  0.022700  -0.0000   0.02282000
  0.023113  -0.0000   0.02397000
  0.023595  -0.0000   0.02513000
  0.024050  -0.0000   0.02609000
  0.024565  -0.0000   0.02705000
  0.025143  -0.0000   0.02801000
  0.025790  -0.0000   0.02897000
  0.026345  -0.0000   0.02972000
  0.026947  -0.0000   0.03048000
  0.027598  -0.0000   0.03123000
  0.028300  -0.0000   0.03199000
  0.029053  -0.0000   0.03275000
  0.029859  -0.0000   0.03350000
  0.030718  -0.0000   0.03426000
  0.031631  -0.0000   0.03501000
  0.032599  -0.0000   0.03577000
  0.033621  -0.0000   0.03653000
  0.034697  -0.0000   0.03728000
  0.035826  -0.0000   0.03804000
  0.036257  -0.0000   0.03832000
  0.036696  -0.0000   0.03861000
  0.036769  -0.0000   0.03867000
  0.036796  -0.0000   0.03874000
  0.036819  -0.0000   0.03881000
  0.036849  -0.0000   0.03891000
  0.036888  -0.0000   0.03906000
  0.036939  -0.0000   0.03929000
  0.037005  -0.0000   0.03963000
  0.037088  -0.0000   0.04013000
  0.037164  -0.0000   0.04062000
  0.037269  -0.0000   0.04135000
  0.037416  -0.0000   0.04246000
  0.037629  -0.0000   0.04412000
  0.037958  -0.0000   0.04660000
  0.038527  -0.0000   0.05033000
  0.038846  -0.0000   0.05222000
  0.039205  -0.0000   0.05410000
  0.039610  -0.0000   0.05598000
  0.040021  -0.0000   0.05770000
  0.040480  -0.0000   0.05941000
  0.040991  -0.0000   0.06112000
  0.041576  -0.0000   0.06288000
  0.042224  -0.0000   0.06464000
  0.042937  -0.0000   0.06640000
  0.043667  -0.0000   0.06805000
  0.044461  -0.0000   0.06971000
  0.045321  -0.0000   0.07136000
  0.046206  -0.0000   0.07294000
  0.047157  -0.0000   0.07452000
  0.048174  -0.0000   0.07610000
  0.049435  -0.0000   0.07792000
  0.050531  -0.0000   0.07941000
  0.051690  -0.0000   0.08090000
  0.052912  -0.0000   0.08239000
  0.054358  -0.0000   0.08406000
  0.054492  -0.0000   0.08421000
  0.054627  -0.0000   0.08437000
  0.054677  -0.0000   0.08452000
  0.054741  -0.0000   0.08475000
  0.054821  -0.0000   0.08510000
  0.054893  -0.0000   0.08545000
  0.054988  -0.0000   0.08597000
  0.055114  -0.0000   0.08675000
  0.055286  -0.0000   0.08792000
  0.055525  -0.0000   0.08968000
  0.055876  -0.0000   0.09231000
  0.056441  -0.0000   0.09627000
  0.056774  -0.0000   0.09845000
  0.057134  -0.0000   0.10100000
  0.057527  -0.0000   0.10300000
  0.058197  -0.0000   0.10600000
  0.058957  -0.0000   0.10900000
  0.059813  -0.0000   0.11300000
  0.060771  -0.0000   0.11600000
  0.061653  -0.0000   0.11900000
  0.062614  -0.0000   0.12100000
  0.063658  -0.0000   0.12400000
  0.064788  -0.0000   0.12700000
  0.066006  -0.0000   0.13000000
  0.067316  -0.0000   0.13200000
  0.068719  -0.0000   0.13500000
  0.070218  -0.0000   0.13800000
  0.071544  -0.0000   0.14000000
  0.071892  -0.0000   0.14100000
  0.072246  -0.0000   0.14100000
  0.072487  -0.0000   0.14200000
  0.072598  -0.0000   0.14300000
  0.072695  -0.0000   0.14300000
  0.072783  -0.0000   0.14400000
  0.072865  -0.0000   0.14400000
  0.072979  -0.0000   0.14500000
  0.073138  -0.0000   0.14600000
  0.073362  -0.0000   0.14800000
  0.073688  -0.0000   0.15000000
  0.074193  -0.0000   0.15400000
  0.074672  -0.0000   0.15700000
  0.075193  -0.0000   0.16100000
  0.075764  -0.0000   0.16400000
  0.076438  -0.0000   0.16800000
  0.077179  -0.0000   0.17100000
  0.077988  -0.0000   0.17500000
  0.079112  -0.0000   0.17900000
  0.080101  -0.0000   0.18300000
  0.081170  -0.0000   0.18700000
  0.082321  -0.0000   0.19000000
  0.083556  -0.0000   0.19400000
  0.084879  -0.0000   0.19800000
  0.086291  -0.0000   0.20200000
  0.087793  -0.0000   0.20500000
  0.089388  -0.0000   0.20900000
  0.089610  -0.0000   0.20900000
  0.089835  -0.0000   0.21000000
  0.090061  -0.0000   0.21000000
  0.090177  -0.0000   0.21100000
  0.090272  -0.0000   0.21100000
  0.090358  -0.0000   0.21200000
  0.090475  -0.0000   0.21300000
  0.090634  -0.0000   0.21400000
  0.090853  -0.0000   0.21500000
  0.091162  -0.0000   0.21800000
  0.091620  -0.0000   0.22100000
  0.092352  -0.0000   0.22700000
  0.092919  -0.0000   0.23100000
  0.093532  -0.0000   0.23500000
  0.094195  -0.0000   0.23900000
  0.095142  -0.0000   0.24400000
  0.096179  -0.0000   0.24900000
  0.097310  -0.0000   0.25400000
  0.098536  -0.0000   0.26000000
  0.099862  -0.0000   0.26500000
  0.101290  -0.0000   0.27000000
  0.102823  -0.0000   0.27500000
  0.104464  -0.0000   0.28000000
  0.105921  -0.0000   0.28500000
  0.107456  -0.0000   0.28900000
  0.107646  -0.0000   0.29000000
  0.107838  -0.0000   0.29000000
  0.107964  -0.0000   0.29100000
  0.108104  -0.0000   0.29100000
  0.108287  -0.0000   0.29300000
  0.108454  -0.0000   0.29400000
  0.108612  -0.0000   0.29500000
  0.108836  -0.0000   0.29700000
  0.109161  -0.0000   0.30000000
  0.109652  -0.0000   0.30400000
  0.110282  -0.0000   0.30900000
  0.110958  -0.0000   0.31400000
  0.111687  -0.0000   0.31900000
  0.112473  -0.0000   0.32300000
  0.113314  -0.0000   0.32800000
  0.114527  -0.0000   0.33500000
  0.115843  -0.0000   0.34200000
  0.117265  -0.0000   0.34800000
  0.118796  -0.0000   0.35500000
  0.120439  -0.0000   0.36100000
  0.121915  -0.0000   0.36700000
  0.123476  -0.0000   0.37200000
  0.125120  -0.0000   0.37800000
  0.125337  -0.0000   0.37900000
  0.125556  -0.0000   0.37900000
  0.125742  -0.0000   0.38000000
  0.125918  -0.0000   0.38100000
  0.126076  -0.0000   0.38200000
  0.126223  -0.0000   0.38300000
  0.126362  -0.0000   0.38400000
  0.126560  -0.0000   0.38600000
  0.126846  -0.0000   0.38900000
  0.127269  -0.0000   0.39200000
  0.127927  -0.0000   0.39800000
  0.128454  -0.0000   0.40200000
  0.129010  -0.0000   0.40600000
  0.129595  -0.0000   0.41100000
  0.130540  -0.0000   0.41700000
  0.131755  -0.0000   0.42400000
  0.133067  -0.0000   0.43200000
  0.134478  -0.0000   0.44000000
  0.135991  -0.0000   0.44700000
  0.137608  -0.0000   0.45500000
  0.139331  -0.0000   0.46200000
  0.141161  -0.0000   0.47000000
  0.143100  -0.0000   0.47700000
  0.143284  -0.0000   0.47800000
  0.143469  -0.0000   0.47900000
  0.143596  -0.0000   0.47900000
  0.143751  -0.0000   0.48000000
  0.143961  -0.0000   0.48200000
  0.144155  -0.0000   0.48400000
  0.144341  -0.0000   0.48500000
  0.144609  -0.0000   0.48800000
  0.145004  -0.0000   0.49100000
  0.145611  -0.0000   0.49700000
  0.146194  -0.0000   0.50200000
  0.146806  -0.0000   0.50700000
  0.147450  -0.0000   0.51200000
  0.148488  -0.0000   0.51900000
  0.149597  -0.0000   0.52700000
  0.150779  -0.0000   0.53400000
  0.152035  -0.0000   0.54200000
  0.153449  -0.0000   0.54900000
  0.154947  -0.0000   0.55700000
  0.156532  -0.0000   0.56500000
  0.158484  -0.0000   0.57500000
  0.160204  -0.0000   0.58200000
  0.160615  -0.0000   0.58400000
  0.161030  -0.0000   0.58600000
  0.161391  -0.0000   0.58800000
  0.161550  -0.0000   0.58900000
  0.161697  -0.0000   0.59000000
  0.161837  -0.0000   0.59100000
  0.162034  -0.0000   0.59300000
  0.162315  -0.0000   0.59500000
  0.162726  -0.0000   0.59900000
  0.163351  -0.0000   0.60500000
  0.163923  -0.0000   0.61000000
  0.164518  -0.0000   0.61500000
  0.165141  -0.0000   0.62100000
  0.166136  -0.0000   0.62800000
  0.167191  -0.0000   0.63600000
  0.168601  -0.0000   0.64600000
  0.170105  -0.0000   0.65500000
  0.171891  -0.0000   0.66600000
  0.173795  -0.0000   0.67700000
  0.175821  -0.0000   0.68700000
  0.177581  -0.0000   0.69600000
  0.178878  -0.0000   0.70300000
  0.179083  -0.0000   0.70400000
  0.179230  -0.0000   0.70500000
  0.179358  -0.0000   0.70600000
  0.179536  -0.0000   0.70700000
  0.179782  -0.0000   0.70900000
  0.180131  -0.0000   0.71300000
  0.180642  -0.0000   0.71800000
  0.181427  -0.0000   0.72500000
  0.182107  -0.0000   0.73200000
  0.182818  -0.0000   0.73800000
  0.183563  -0.0000   0.74400000
  0.184586  -0.0000   0.75200000
  0.185664  -0.0000   0.76000000
  0.187375  -0.0000   0.77300000
  0.189205  -0.0000   0.78500000
  0.191154  -0.0000   0.79700000
  0.193224  -0.0000   0.80900000
  0.195054  -0.0000   0.81900000
  0.196937  -0.0000   0.82900000
  0.197053  -0.0000   0.83000000
  0.197162  -0.0000   0.83100000
  0.197266  -0.0000   0.83200000
  0.197414  -0.0000   0.83300000
  0.197624  -0.0000   0.83500000
  0.197926  -0.0000   0.83800000
  0.198368  -0.0000   0.84300000
  0.199040  -0.0000   0.85000000
  0.199737  -0.0000   0.85600000
  0.200465  -0.0000   0.86300000
  0.201225  -0.0000   0.87000000
  0.202016  -0.0000   0.87700000
  0.203267  -0.0000   0.88700000
  0.204586  -0.0000   0.89700000
  0.206196  -0.0000   0.90900000
  0.207897  -0.0000   0.92100000
  0.209689  -0.0000   0.93200000
  0.211785  -0.0000   0.94500000
  0.213995  -0.0000   0.95800000
  0.214228  -0.0000   0.96000000
  0.214461  -0.0000   0.96100000
  0.214696  -0.0000   0.96200000
  0.214882  -0.0000   0.96400000
  0.215054  -0.0000   0.96500000
  0.215217  -0.0000   0.96700000
  0.215374  -0.0000   0.96900000
  0.215600  -0.0000   0.97100000
  0.215931  -0.0000   0.97400000
  0.216424  -0.0000   0.98000000
  0.217184  -0.0000   0.98700000
  0.217976  -0.0000   0.99500000
  0.218768  -0.0000   1.00000000
  0.219524  -0.0000   1.01000000
  0.220277  -0.0000   1.02000000
  0.221399  -0.0000   1.03000000
  0.223062  -0.0000   1.05000000
  0.225513  -0.0000   1.07000000
  0.228309  -0.0000   1.11000000
  0.231047  -0.0000   1.14000000
  0.231261  -0.0000   1.14000000
  0.231475  -0.0000   1.14000000
  0.231689  -0.0000   1.14000000
  0.231988  -0.0000   1.15000000
  0.232157  -0.0000   1.15000000
  0.232314  -0.0000   1.15000000
  0.232462  -0.0000   1.16000000
  0.232672  -0.0000   1.16000000
  0.232970  -0.0000   1.17000000
  0.233401  -0.0000   1.18000000
  0.234039  -0.0000   1.19000000
  0.234722  -0.0000   1.21000000
  0.235408  -0.0000   1.22000000
  0.236096  -0.0000   1.24000000
  0.237129  -0.0000   1.26000000
  0.238673  -0.0000   1.30000000
  0.240966  -0.0000   1.35000000
  0.244341  -0.0000   1.43000000
  0.247645  -0.0000   1.51000000
  0.247889  -0.0000   1.51000000
  0.248133  -0.0000   1.52000000
  0.248376  -0.0000   1.52000000
  0.248739  -0.0000   1.53000000
  0.249146  -0.0000   1.54000000
  0.249338  -0.0000   1.55000000
  0.249515  -0.0000   1.56000000
  0.249683  -0.0000   1.56000000
  0.249923  -0.0000   1.58000000
  0.250271  -0.0000   1.59000000
  0.250785  -0.0000   1.61000000
  0.251558  -0.0000   1.65000000
  0.252336  -0.0000   1.69000000
  0.253116  -0.0000   1.72000000
  0.253898  -0.0000   1.76000000
  0.255069  -0.0000   1.81000000
  0.256816  -0.0000   1.89000000
  0.259404  -0.0000   2.01000000
  0.262242  -0.0000   2.14000000
  0.265030  -0.0000   2.28000000
  0.265257  -0.0000   2.29000000
  0.265483  -0.0000   2.30000000
  0.265709  -0.0000   2.31000000
  0.266045  -0.0000   2.32000000
  0.266183  -0.0000   2.33000000
  0.266312  -0.0000   2.34000000
  0.266434  -0.0000   2.35000000
  0.266607  -0.0000   2.37000000
  0.266856  -0.0000   2.39000000
  0.267218  -0.0000   2.42000000
  0.267758  -0.0000   2.47000000
  0.268429  -0.0000   2.53000000
  0.269104  -0.0000   2.58000000
  0.269781  -0.0000   2.64000000
  0.270460  -0.0000   2.70000000
  0.271478  -0.0000   2.79000000
  0.272998  -0.0000   2.92000000
  0.275259  -0.0000   3.12000000
  0.278593  -0.0000   3.42000000
  0.281867  -0.0000   3.71000000
  0.282087  -0.0000   3.73000000
  0.282307  -0.0000   3.75000000
  0.282526  -0.0000   3.77000000
  0.282855  -0.0000   3.80000000
  0.283089  -0.0000   3.83000000
  0.283273  -0.0000   3.85000000
  0.283445  -0.0000   3.88000000
  0.283689  -0.0000   3.92000000
  0.283926  -0.0000   3.95000000
  0.284277  -0.0000   4.01000000
  0.284805  -0.0000   4.09000000
  0.285604  -0.0000   4.22000000
  0.286407  -0.0000   4.35000000
  0.287212  -0.0000   4.48000000
  0.288017  -0.0000   4.60000000
  0.289222  -0.0000   4.79000000
  0.291019  -0.0000   5.08000000
  0.293682  -0.0000   5.51000000
  0.296598  -0.0000   5.99000000
  0.299468  -0.0000   6.46000000
  0.299651  -0.0000   6.49000000
  0.299834  -0.0000   6.52000000
  0.299990  -0.0000   6.55000000
  0.300177  -0.0000   6.60000000
  0.300433  -0.0000   6.67000000
  0.300679  -0.0000   6.74000000
  0.300921  -0.0000   6.81000000
  0.301283  -0.0000   6.91000000
  0.301829  -0.0000   7.06000000
  0.302608  -0.0000   7.28000000
  0.303391  -0.0000   7.50000000
  0.304175  -0.0000   7.72000000
  0.305349  -0.0000   8.04000000
  0.307102  -0.0000   8.53000000
  0.309704  -0.0000   9.27000000
  0.312577  -0.0000  10.10000000
  0.315408  -0.0000  10.90000000
  0.315701  -0.0000  11.00000000
  0.315993  -0.0000  11.10000000
  0.316285  -0.0000  11.20000000
  0.316721  -0.0000  11.30000000
  0.316919  -0.0000  11.40000000
  0.317078  -0.0000  11.40000000
  0.317226  -0.0000  11.50000000
  0.317439  -0.0000  11.60000000
  0.317646  -0.0000  11.70000000
  0.317956  -0.0000  11.80000000
  0.318422  -0.0000  12.10000000
  0.319128  -0.0000  12.40000000
  0.319837  -0.0000  12.70000000
  0.320549  -0.0000  13.10000000
  0.321616  -0.0000  13.60000000
  0.323211  -0.0000  14.40000000
  0.325584  -0.0000  15.50000000
  0.329090  -0.0000  17.20000000
  0.332536  -0.0000  18.90000000
  0.332766  -0.0000  19.00000000
  0.332994  -0.0000  19.10000000
  0.333223  -0.0000  19.20000000
  0.333565  -0.0000  19.40000000
  0.333836  -0.0000  19.60000000
  0.334044  -0.0000  19.70000000
  0.334240  -0.0000  19.90000000
  0.334430  -0.0000  20.00000000
  0.334619  -0.0000  20.20000000
  0.334901  -0.0000  20.40000000
  0.335326  -0.0000  20.70000000
  0.335970  -0.0000  21.30000000
  0.336821  -0.0000  21.90000000
  0.337674  -0.0000  22.60000000
  0.338951  -0.0000  23.60000000
  0.340857  -0.0000  25.10000000
  0.343686  -0.0000  27.40000000
  0.346511  -0.0000  29.60000000
  0.349297  -0.0000  31.90000000
  0.349590  -0.0000  32.20000000
  0.349882  -0.0000  32.40000000
  0.350173  -0.0000  32.70000000
  0.350610  -0.0000  33.00000000
  0.350782  -0.0000  33.20000000
  0.350928  -0.0000  33.40000000
  0.351067  -0.0000  33.50000000
  0.351269  -0.0000  33.80000000
  0.351568  -0.0000  34.20000000
  0.352018  -0.0000  34.80000000
  0.352700  -0.0000  35.60000000
  0.353387  -0.0000  36.50000000
  0.354075  -0.0000  37.40000000
  0.355107  -0.0000  38.70000000
  0.356650  -0.0000  40.60000000
  0.358948  -0.0000  43.60000000
  0.362348  -0.0000  48.00000000
  0.365697  -0.0000  52.40000000
  0.366036  -0.0000  52.90000000
  0.366374  -0.0000  53.30000000
  0.366711  -0.0000  53.80000000
  0.367216  -0.0000  54.40000000
  0.367564  -0.0000  54.90000000
  0.367749  -0.0000  55.20000000
  0.367913  -0.0000  55.50000000
  0.368071  -0.0000  55.90000000
  0.368304  -0.0000  56.30000000
  0.368653  -0.0000  57.00000000
  0.369182  -0.0000  58.10000000
  0.369838  -0.0000  59.40000000
  0.370497  -0.0000  60.80000000
  0.371156  -0.0000  62.10000000
  0.372145  -0.0000  64.10000000
  0.373624  -0.0000  67.00000000
  0.375826  -0.0000  71.50000000
  0.379087  -0.0000  78.10000000
  0.382302  -0.0000  84.80000000
  0.382782  -0.0000  85.80000000
  0.383261  -0.0000  86.80000000
  0.383739  -0.0000  87.80000000
  0.384453  -0.0000  89.30000000
  0.384619  -0.0000  89.70000000
  0.384757  -0.0000  90.10000000
  0.384889  -0.0000  90.50000000
  0.385080  -0.0000  91.10000000
  0.385366  -0.0000  92.00000000
  0.385797  -0.0000  93.40000000
  0.386451  -0.0000  95.40000000
  0.387108  -0.0000  97.50000000
  0.387766  -0.0000  99.50000000
  0.388754  -0.0000 103.00000000
  0.390230  -0.0000 107.00000000
  0.392430  -0.0000 114.00000000
  0.395689  -0.0000 124.00000000
  0.398905  -0.0000 135.00000000
  0.399655  -0.0000 137.00000000
  0.400403  -0.0000 139.00000000
  0.401147  -0.0000 142.00000000
  0.401388  -0.0000 143.00000000
  0.401592  -0.0000 143.00000000
  0.401763  -0.0000 144.00000000
  0.402008  -0.0000 145.00000000
  0.402252  -0.0000 146.00000000
  0.402619  -0.0000 148.00000000
  0.403176  -0.0000 151.00000000
  0.403736  -0.0000 153.00000000
  0.404297  -0.0000 156.00000000
  0.405140  -0.0000 160.00000000
  0.406401  -0.0000 166.00000000
  0.408283  -0.0000 175.00000000
  0.411079  -0.0000 188.00000000
  0.414155  -0.0000 203.00000000
  0.417190  -0.0000 218.00000000
  0.417452  -0.0000 219.00000000
  0.417714  -0.0000 220.00000000
  0.417975  -0.0000 222.00000000
  0.418367  -0.0000 223.00000000
  0.418548  -0.0000 224.00000000
  0.418704  -0.0000 226.00000000
  0.418854  -0.0000 227.00000000
  0.419077  -0.0000 228.00000000
  0.419413  -0.0000 231.00000000
  0.419921  -0.0000 234.00000000
  0.420563  -0.0000 239.00000000
  0.421207  -0.0000 243.00000000
  0.422174  -0.0000 250.00000000
  0.423619  -0.0000 260.00000000
  0.425775  -0.0000 275.00000000
  0.428971  -0.0000 298.00000000
  0.432128  -0.0000 320.00000000
  0.435242  -0.0000 343.00000000
  0.435418  -0.0000 344.00000000
  0.435553  -0.0000 346.00000000
  0.435681  -0.0000 347.00000000
  0.435868  -0.0000 349.00000000
  0.436054  -0.0000 351.00000000
  0.436334  -0.0000 354.00000000
  0.436759  -0.0000 358.00000000
  0.437401  -0.0000 365.00000000
  0.438044  -0.0000 371.00000000
  0.439009  -0.0000 381.00000000
  0.440454  -0.0000 396.00000000
  0.442607  -0.0000 418.00000000
  0.445802  -0.0000 451.00000000
  0.448959  -0.0000 484.00000000
  0.452073  -0.0000 518.00000000
  0.452258  -0.0000 520.00000000
  0.452430  -0.0000 522.00000000
  0.452569  -0.0000 523.00000000
  0.452767  -0.0000 526.00000000
  0.453062  -0.0000 531.00000000
  0.453360  -0.0000 535.00000000
  0.453809  -0.0000 542.00000000
  0.454261  -0.0000 549.00000000
  0.454942  -0.0000 559.00000000
  0.455962  -0.0000 574.00000000
  0.457488  -0.0000 596.00000000
  0.459762  -0.0000 630.00000000
  0.463134  -0.0000 680.00000000
  0.466463  -0.0000 731.00000000
  0.467634  -0.0000 749.00000000
  0.468799  -0.0000 767.00000000
  0.469122  -0.0000 772.00000000
  0.469425  -0.0000 777.00000000
  0.469621  -0.0000 781.00000000
  0.469810  -0.0000 785.00000000
  0.470000  -0.0000 789.00000000
  0.470190  -0.0000 793.00000000
  0.470477  -0.0000 799.00000000
  0.470911  -0.0000 808.00000000
  0.471565  -0.0000 822.00000000
  0.472547  -0.0000 842.00000000
  0.474016  -0.0000 873.00000000
  0.476207  -0.0000 919.00000000
  0.479458  -0.0000 988.00000000
  0.482672  -0.0000 1058.00000000
  0.485844  -0.0000 1127.00000000
  0.486042  -0.0000 1131.00000000
  0.486239  -0.0000 1136.00000000
  0.486422  -0.0000 1140.00000000
  0.486643  -0.0000 1146.00000000
  0.486858  -0.0000 1153.00000000
  0.487075  -0.0000 1159.00000000
  0.487293  -0.0000 1166.00000000
  0.487622  -0.0000 1176.00000000
  0.488118  -0.0000 1190.00000000
  0.488864  -0.0000 1212.00000000
  0.489983  -0.0000 1245.00000000
  0.491655  -0.0000 1294.00000000
  0.494145  -0.0000 1368.00000000
  0.497253  -0.0000 1461.00000000
  0.500325  -0.0000 1555.00000000
  0.503359  -0.0000 1648.00000000
  0.503498  -0.0000 1653.00000000
  0.503630  -0.0000 1659.00000000
  0.503759  -0.0000 1664.00000000
  0.503954  -0.0000 1672.00000000
  0.504248  -0.0000 1684.00000000
  0.504693  -0.0000 1702.00000000
  0.505364  -0.0000 1730.00000000
  0.506036  -0.0000 1757.00000000
  0.507043  -0.0000 1798.00000000
  0.508548  -0.0000 1860.00000000
  0.510791  -0.0000 1952.00000000
  0.514120  -0.0000 2090.00000000
  0.517408  -0.0000 2229.00000000
  0.518897  -0.0000 2292.00000000
  0.520377  -0.0000 2355.00000000
  0.520518  -0.0000 2363.00000000
  0.520654  -0.0000 2371.00000000
  0.520788  -0.0000 2378.00000000
  0.520991  -0.0000 2390.00000000
  0.521297  -0.0000 2407.00000000
  0.521760  -0.0000 2433.00000000
  0.522458  -0.0000 2472.00000000
  0.523504  -0.0000 2531.00000000
  0.525070  -0.0000 2618.00000000
  0.527402  -0.0000 2750.00000000
  0.530863  -0.0000 2947.00000000
  0.534281  -0.0000 3145.00000000
  0.535902  -0.0000 3239.00000000
  0.537476  -0.0000 3333.00000000
  0.537637  -0.0000 3346.00000000
  0.537794  -0.0000 3358.00000000
  0.537951  -0.0000 3370.00000000
  0.538109  -0.0000 3382.00000000
  0.538347  -0.0000 3400.00000000
  0.538706  -0.0000 3428.00000000
  0.539247  -0.0000 3469.00000000
  0.540060  -0.0000 3531.00000000
  0.541277  -0.0000 3624.00000000
  0.543097  -0.0000 3763.00000000
  0.545806  -0.0000 3971.00000000
  0.549068  -0.0000 4225.00000000
  0.552293  -0.0000 4479.00000000
  0.552793  -0.0000 4519.00000000
  0.553293  -0.0000 4558.00000000
  0.553791  -0.0000 4598.00000000
  0.554520  -0.0000 4657.00000000
  0.554695  -0.0000 4675.00000000
  0.554866  -0.0000 4693.00000000
  0.555037  -0.0000 4711.00000000
  0.555209  -0.0000 4729.00000000
  0.555469  -0.0000 4755.00000000
  0.555862  -0.0000 4796.00000000
  0.556452  -0.0000 4856.00000000
  0.557338  -0.0000 4946.00000000
  0.558665  -0.0000 5082.00000000
  0.560644  -0.0000 5286.00000000
  0.563588  -0.0000 5591.00000000
  0.566776  -0.0000 5925.00000000
  0.569926  -0.0000 6260.00000000
  0.570236  -0.0000 6292.00000000
  0.570545  -0.0000 6325.00000000
  0.570854  -0.0000 6358.00000000
  0.571316  -0.0000 6408.00000000
  0.571516  -0.0000 6431.00000000
  0.571688  -0.0000 6455.00000000
  0.571858  -0.0000 6479.00000000
  0.572115  -0.0000 6514.00000000
  0.572374  -0.0000 6550.00000000
  0.572764  -0.0000 6603.00000000
  0.573351  -0.0000 6683.00000000
  0.574233  -0.0000 6803.00000000
  0.575551  -0.0000 6982.00000000
  0.577519  -0.0000 7252.00000000
  0.580446  -0.0000 7657.00000000
  0.583344  -0.0000 8061.00000000
  0.586213  -0.0000 8466.00000000
  0.586952  -0.0000 8570.00000000
  0.587688  -0.0000 8675.00000000
  0.588423  -0.0000 8779.00000000
  0.588587  -0.0000 8807.00000000
  0.588737  -0.0000 8834.00000000
  0.588886  -0.0000 8862.00000000
  0.589111  -0.0000 8903.00000000
  0.589451  -0.0000 8964.00000000
  0.589965  -0.0000 9057.00000000
  0.590736  -0.0000 9196.00000000
  0.591893  -0.0000 9404.00000000
  0.593620  -0.0000 9716.00000000
  0.595186  -0.0000 10000.00000000
  0.592492  -0.0000 10000.00000000
  0.592492  -0.0000 10000.00000000
  0.592492  -0.0000 10000.00000000
  0.592492  -0.0000 10000.00000000
  0.592491  -0.0000 10000.00000000
  0.592491  -0.0000 10000.00000000
  0.592489  -0.0000 10000.00000000
  0.592485  -0.0000 10000.00000000
  0.592478  -0.0000 10000.00000000
  0.592464  -0.0000 10000.00000000
  0.592435  -0.0000 10000.00000000
  0.592381  -0.0000 10000.00000000
