  0.000055  -0.0000   0.00100000
  0.000098  -0.0000   0.00144300
  0.000208  -0.0000   0.00188700
  0.000660  -0.0000   0.00224500
  0.003049  -0.0000   0.00245800
  0.006360  -0.0000   0.00251200
  0.006400  -0.0000   0.00256500
  0.006449  -0.0000   0.00264500
  0.006541  -0.0000   0.00276500
  0.006734  -0.0000   0.00294400
  0.006938  -0.0000   0.00309100
  0.007196  -0.0000   0.00323900
  0.007515  -0.0000   0.00338600
  0.007900  -0.0000   0.00353300
  0.008258  -0.0000   0.00365300
  0.008661  -0.0000   0.00377300
  0.009108  -0.0000   0.00389300
  0.009675  -0.0000   0.00403000
  0.010291  -0.0000   0.00416800
  0.010950  -0.0000   0.00430500
  0.011647  -0.0000   0.00444200
  0.012376  -0.0000   0.00458000
  0.013334  -0.0000   0.00475300
  0.014325  -0.0000   0.00492500
  0.015554  -0.0000   0.00513300
  0.016820  -0.0000   0.00534000
  0.018002  -0.0000   0.00552800
  0.019215  -0.0000   0.00571700
  0.019285  -0.0000   0.00572800
  0.019355  -0.0000   0.00573900
  0.019425  -0.0000   0.00575000
  0.019457  -0.0000   0.00576700
  0.019462  -0.0000   0.00578300
  0.019466  -0.0000   0.00579900
  0.019469  -0.0000   0.00581600
  0.019473  -0.0000   0.00584100
  0.019478  -0.0000   0.00587800
  0.019483  -0.0000   0.00593300
  0.019491  -0.0000   0.00601600
  0.019500  -0.0000   0.00614100
  0.019511  -0.0000   0.00632900
  0.019527  -0.0000   0.00661000
  0.019547  -0.0000   0.00703200
  0.019580  -0.0000   0.00766400
  0.019645  -0.0000   0.00861300
  0.019720  -0.0000   0.00940300
  0.019826  -0.0000   0.01019000
  0.019974  -0.0000   0.01098000
  0.020177  -0.0000   0.01177000
  0.020384  -0.0000   0.01241000
  0.020644  -0.0000   0.01305000
  0.020962  -0.0000   0.01369000
  0.021345  -0.0000   0.01433000
  0.021800  -0.0000   0.01497000
  0.022328  -0.0000   0.01561000
  0.022826  -0.0000   0.01615000
  0.023379  -0.0000   0.01669000
  0.023987  -0.0000   0.01723000
  0.024720  -0.0000   0.01782000
  0.025521  -0.0000   0.01840000
  0.026391  -0.0000   0.01899000
  0.027333  -0.0000   0.01958000
  0.028349  -0.0000   0.02017000
  0.029441  -0.0000   0.02076000
  0.030400  -0.0000   0.02124000
  0.031415  -0.0000   0.02173000
  0.032485  -0.0000   0.02222000
  0.033732  -0.0000   0.02275000
  0.035048  -0.0000   0.02329000
  0.035114  -0.0000   0.02332000
  0.035140  -0.0000   0.02335000
  0.035149  -0.0000   0.02337000
  0.035160  -0.0000   0.02341000
  0.035168  -0.0000   0.02345000
  0.035178  -0.0000   0.02351000
  0.035191  -0.0000   0.02361000
  0.035208  -0.0000   0.02374000
  0.035229  -0.0000   0.02395000
  0.035258  -0.0000   0.02426000
  0.035299  -0.0000   0.02472000
  0.035365  -0.0000   0.02541000
  0.035479  -0.0000   0.02646000
  0.035700  -0.0000   0.02802000
  0.035925  -0.0000   0.02932000
  0.036195  -0.0000   0.03062000
  0.036518  -0.0000   0.03192000
  0.036834  -0.0000   0.03302000
  0.037196  -0.0000   0.03412000
  0.037608  -0.0000   0.03523000
  0.038037  -0.0000   0.03625000
  0.038517  -0.0000   0.03727000
  0.039050  -0.0000   0.03830000
  0.039621  -0.0000   0.03929000
  0.040250  -0.0000   0.04028000
  0.040939  -0.0000   0.04127000
  0.041692  -0.0000   0.04226000
  0.042512  -0.0000   0.04325000
  0.043401  -0.0000   0.04424000
  0.044347  -0.0000   0.04522000
  0.045365  -0.0000   0.04619000
  0.046456  -0.0000   0.04717000
  0.047762  -0.0000   0.04825000
  0.049162  -0.0000   0.04934000
  0.050654  -0.0000   0.05042000
  0.051101  -0.0000   0.05074000
  0.051556  -0.0000   0.05106000
  0.051826  -0.0000   0.05125000
  0.051876  -0.0000   0.05133000
  0.051896  -0.0000   0.05140000
  0.051912  -0.0000   0.05148000
  0.051932  -0.0000   0.05159000
  0.051957  -0.0000   0.05176000
  0.051991  -0.0000   0.05202000
  0.052038  -0.0000   0.05241000
  0.052109  -0.0000   0.05299000
  0.052223  -0.0000   0.05386000
  0.052413  -0.0000   0.05517000
  0.052747  -0.0000   0.05713000
  0.053133  -0.0000   0.05908000
  0.053578  -0.0000   0.06102000
  0.054088  -0.0000   0.06297000
  0.054597  -0.0000   0.06470000
  0.055169  -0.0000   0.06643000
  0.055807  -0.0000   0.06816000
  0.056475  -0.0000   0.06979000
  0.057212  -0.0000   0.07143000
  0.058022  -0.0000   0.07306000
  0.058883  -0.0000   0.07465000
  0.059821  -0.0000   0.07624000
  0.060839  -0.0000   0.07783000
  0.062078  -0.0000   0.07960000
  0.063425  -0.0000   0.08138000
  0.064620  -0.0000   0.08285000
  0.065892  -0.0000   0.08432000
  0.067240  -0.0000   0.08580000
  0.067977  -0.0000   0.08658000
  0.068412  -0.0000   0.08703000
  0.068555  -0.0000   0.08718000
  0.068588  -0.0000   0.08731000
  0.068614  -0.0000   0.08743000
  0.068635  -0.0000   0.08756000
  0.068655  -0.0000   0.08768000
  0.068683  -0.0000   0.08787000
  0.068722  -0.0000   0.08815000
  0.068779  -0.0000   0.08858000
  0.068868  -0.0000   0.08921000
  0.069007  -0.0000   0.09016000
  0.069231  -0.0000   0.09158000
  0.069606  -0.0000   0.09372000
  0.070256  -0.0000   0.09692000
  0.071006  -0.0000   0.10000000
  0.071672  -0.0000   0.10300000
  0.072415  -0.0000   0.10500000
  0.073241  -0.0000   0.10800000
  0.074156  -0.0000   0.11000000
  0.075167  -0.0000   0.11300000
  0.076281  -0.0000   0.11500000
  0.077503  -0.0000   0.11800000
  0.078598  -0.0000   0.12000000
  0.079774  -0.0000   0.12200000
  0.081033  -0.0000   0.12400000
  0.082376  -0.0000   0.12600000
  0.083804  -0.0000   0.12900000
  0.085223  -0.0000   0.13100000
  0.085255  -0.0000   0.13100000
  0.085292  -0.0000   0.13100000
  0.085323  -0.0000   0.13100000
  0.085353  -0.0000   0.13100000
  0.085396  -0.0000   0.13200000
  0.085458  -0.0000   0.13200000
  0.085554  -0.0000   0.13300000
  0.085704  -0.0000   0.13400000
  0.085942  -0.0000   0.13500000
  0.086327  -0.0000   0.13800000
  0.086970  -0.0000   0.14100000
  0.087556  -0.0000   0.14400000
  0.088196  -0.0000   0.14700000
  0.088894  -0.0000   0.14900000
  0.089669  -0.0000   0.15200000
  0.090513  -0.0000   0.15500000
  0.091431  -0.0000   0.15800000
  0.092386  -0.0000   0.16100000
  0.093417  -0.0000   0.16400000
  0.094526  -0.0000   0.16600000
  0.095700  -0.0000   0.16900000
  0.096956  -0.0000   0.17200000
  0.098295  -0.0000   0.17500000
  0.099882  -0.0000   0.17800000
  0.101571  -0.0000   0.18100000
  0.101703  -0.0000   0.18100000
  0.101835  -0.0000   0.18100000
  0.101944  -0.0000   0.18100000
  0.102009  -0.0000   0.18200000
  0.102064  -0.0000   0.18200000
  0.102116  -0.0000   0.18200000
  0.102166  -0.0000   0.18300000
  0.102243  -0.0000   0.18300000
  0.102361  -0.0000   0.18400000
  0.102544  -0.0000   0.18500000
  0.102831  -0.0000   0.18700000
  0.103290  -0.0000   0.19000000
  0.104043  -0.0000   0.19400000
  0.104762  -0.0000   0.19700000
  0.105541  -0.0000   0.20100000
  0.106384  -0.0000   0.20400000
  0.107262  -0.0000   0.20800000
  0.108209  -0.0000   0.21100000
  0.109228  -0.0000   0.21500000
  0.110284  -0.0000   0.21800000
  0.111415  -0.0000   0.22100000
  0.112621  -0.0000   0.22500000
  0.113915  -0.0000   0.22800000
  0.115290  -0.0000   0.23100000
  0.116746  -0.0000   0.23500000
  0.118519  -0.0000   0.23800000
  0.118641  -0.0000   0.23900000
  0.118724  -0.0000   0.23900000
  0.118771  -0.0000   0.23900000
  0.118830  -0.0000   0.24000000
  0.118914  -0.0000   0.24000000
  0.118998  -0.0000   0.24100000
  0.119127  -0.0000   0.24200000
  0.119327  -0.0000   0.24300000
  0.119640  -0.0000   0.24500000
  0.120134  -0.0000   0.24800000
  0.120934  -0.0000   0.25200000
  0.121756  -0.0000   0.25700000
  0.122641  -0.0000   0.26100000
  0.123594  -0.0000   0.26500000
  0.124580  -0.0000   0.26900000
  0.125637  -0.0000   0.27400000
  0.126769  -0.0000   0.27800000
  0.127945  -0.0000   0.28200000
  0.129198  -0.0000   0.28600000
  0.130531  -0.0000   0.29000000
  0.131978  -0.0000   0.29400000
  0.133510  -0.0000   0.29800000
  0.135126  -0.0000   0.30200000
  0.135273  -0.0000   0.30200000
  0.135421  -0.0000   0.30300000
  0.135564  -0.0000   0.30300000
  0.135627  -0.0000   0.30300000
  0.135680  -0.0000   0.30400000
  0.135731  -0.0000   0.30400000
  0.135781  -0.0000   0.30500000
  0.135856  -0.0000   0.30500000
  0.135971  -0.0000   0.30600000
  0.136148  -0.0000   0.30700000
  0.136422  -0.0000   0.30900000
  0.136849  -0.0000   0.31200000
  0.137528  -0.0000   0.31600000
  0.138635  -0.0000   0.32200000
  0.139841  -0.0000   0.32800000
  0.141154  -0.0000   0.33400000
  0.142583  -0.0000   0.34000000
  0.143874  -0.0000   0.34600000
  0.145256  -0.0000   0.35100000
  0.146732  -0.0000   0.35600000
  0.148305  -0.0000   0.36100000
  0.149975  -0.0000   0.36600000
  0.151743  -0.0000   0.37200000
  0.151932  -0.0000   0.37200000
  0.152123  -0.0000   0.37300000
  0.152315  -0.0000   0.37300000
  0.152500  -0.0000   0.37400000
  0.152601  -0.0000   0.37500000
  0.152696  -0.0000   0.37500000
  0.152792  -0.0000   0.37600000
  0.152889  -0.0000   0.37700000
  0.153038  -0.0000   0.37800000
  0.153267  -0.0000   0.37900000
  0.153621  -0.0000   0.38200000
  0.154174  -0.0000   0.38500000
  0.155054  -0.0000   0.39100000
  0.156103  -0.0000   0.39700000
  0.157227  -0.0000   0.40300000
  0.158430  -0.0000   0.40900000
  0.159704  -0.0000   0.41500000
  0.161064  -0.0000   0.42000000
  0.162515  -0.0000   0.42600000
  0.164289  -0.0000   0.43300000
  0.165848  -0.0000   0.43900000
  0.167492  -0.0000   0.44400000
  0.169221  -0.0000   0.45000000
  0.169353  -0.0000   0.45000000
  0.169421  -0.0000   0.45100000
  0.169480  -0.0000   0.45100000
  0.169564  -0.0000   0.45200000
  0.169647  -0.0000   0.45200000
  0.169776  -0.0000   0.45300000
  0.169973  -0.0000   0.45500000
  0.170277  -0.0000   0.45700000
  0.170747  -0.0000   0.46000000
  0.171486  -0.0000   0.46500000
  0.172673  -0.0000   0.47200000
  0.173947  -0.0000   0.48000000
  0.175312  -0.0000   0.48700000
  0.176776  -0.0000   0.49400000
  0.178343  -0.0000   0.50200000
  0.180018  -0.0000   0.50900000
  0.181803  -0.0000   0.51600000
  0.183700  -0.0000   0.52400000
  0.185707  -0.0000   0.53100000
  0.185874  -0.0000   0.53100000
  0.186041  -0.0000   0.53200000
  0.186210  -0.0000   0.53300000
  0.186326  -0.0000   0.53300000
  0.186409  -0.0000   0.53400000
  0.186490  -0.0000   0.53500000
  0.186611  -0.0000   0.53600000
  0.186797  -0.0000   0.53700000
  0.187084  -0.0000   0.53900000
  0.187528  -0.0000   0.54200000
  0.188221  -0.0000   0.54700000
  0.189321  -0.0000   0.55400000
  0.190505  -0.0000   0.56200000
  0.191761  -0.0000   0.56900000
  0.193095  -0.0000   0.57600000
  0.194524  -0.0000   0.58400000
  0.196040  -0.0000   0.59100000
  0.197643  -0.0000   0.59900000
  0.199634  -0.0000   0.60700000
  0.201399  -0.0000   0.61400000
  0.203212  -0.0000   0.62200000
  0.203276  -0.0000   0.62200000
  0.203360  -0.0000   0.62300000
  0.203442  -0.0000   0.62400000
  0.203525  -0.0000   0.62400000
  0.203652  -0.0000   0.62500000
  0.203846  -0.0000   0.62700000
  0.204144  -0.0000   0.62900000
  0.204604  -0.0000   0.63200000
  0.205319  -0.0000   0.63800000
  0.206455  -0.0000   0.64500000
  0.207663  -0.0000   0.65300000
  0.208942  -0.0000   0.66100000
  0.210294  -0.0000   0.66900000
  0.211743  -0.0000   0.67700000
  0.213272  -0.0000   0.68500000
  0.214883  -0.0000   0.69300000
  0.216626  -0.0000   0.70100000
  0.218457  -0.0000   0.70900000
  0.219998  -0.0000   0.71500000
  0.220138  -0.0000   0.71600000
  0.220219  -0.0000   0.71700000
  0.220293  -0.0000   0.71700000
  0.220403  -0.0000   0.71800000
  0.220514  -0.0000   0.71900000
  0.220684  -0.0000   0.72000000
  0.220944  -0.0000   0.72200000
  0.221345  -0.0000   0.72600000
  0.221963  -0.0000   0.73000000
  0.222930  -0.0000   0.73700000
  0.224479  -0.0000   0.74800000
  0.226133  -0.0000   0.75800000
  0.227898  -0.0000   0.76900000
  0.229778  -0.0000   0.77900000
  0.231778  -0.0000   0.79000000
  0.233899  -0.0000   0.80000000
  0.236140  -0.0000   0.81100000
  0.236341  -0.0000   0.81200000
  0.236542  -0.0000   0.81300000
  0.236744  -0.0000   0.81400000
  0.237017  -0.0000   0.81500000
  0.237083  -0.0000   0.81600000
  0.237174  -0.0000   0.81600000
  0.237309  -0.0000   0.81800000
  0.237448  -0.0000   0.81900000
  0.237660  -0.0000   0.82100000
  0.237985  -0.0000   0.82300000
  0.238484  -0.0000   0.82700000
  0.239258  -0.0000   0.83300000
  0.240477  -0.0000   0.84200000
  0.241845  -0.0000   0.85200000
  0.243287  -0.0000   0.86100000
  0.244807  -0.0000   0.87100000
  0.246439  -0.0000   0.88100000
  0.248156  -0.0000   0.89100000
  0.249960  -0.0000   0.90000000
  0.252201  -0.0000   0.91200000
  0.252754  -0.0000   0.91500000
  0.253313  -0.0000   0.91700000
  0.253879  -0.0000   0.92000000
  0.253986  -0.0000   0.92100000
  0.254069  -0.0000   0.92200000
  0.254150  -0.0000   0.92200000
  0.254272  -0.0000   0.92300000
  0.254459  -0.0000   0.92500000
  0.254747  -0.0000   0.92800000
  0.255188  -0.0000   0.93100000
  0.255867  -0.0000   0.93700000
  0.256928  -0.0000   0.94500000
  0.258619  -0.0000   0.95700000
  0.260417  -0.0000   0.97000000
  0.262326  -0.0000   0.98200000
  0.264350  -0.0000   0.99500000
  0.266382  -0.0000   1.01000000
  0.268351  -0.0000   1.02000000
  0.270269  -0.0000   1.03000000
  0.270430  -0.0000   1.03000000
  0.270591  -0.0000   1.03000000
  0.270752  -0.0000   1.04000000
  0.270927  -0.0000   1.04000000
  0.271062  -0.0000   1.04000000
  0.271196  -0.0000   1.04000000
  0.271332  -0.0000   1.04000000
  0.271537  -0.0000   1.04000000
  0.271843  -0.0000   1.05000000
  0.272300  -0.0000   1.05000000
  0.272977  -0.0000   1.06000000
  0.273976  -0.0000   1.07000000
  0.275441  -0.0000   1.09000000
  0.277250  -0.0000   1.11000000
  0.279019  -0.0000   1.14000000
  0.280751  -0.0000   1.16000000
  0.282447  -0.0000   1.18000000
  0.284780  -0.0000   1.21000000
  0.287046  -0.0000   1.25000000
  0.287230  -0.0000   1.25000000
  0.287413  -0.0000   1.25000000
  0.287596  -0.0000   1.25000000
  0.287813  -0.0000   1.26000000
  0.287973  -0.0000   1.26000000
  0.288133  -0.0000   1.26000000
  0.288295  -0.0000   1.27000000
  0.288457  -0.0000   1.27000000
  0.288701  -0.0000   1.28000000
  0.289064  -0.0000   1.29000000
  0.289603  -0.0000   1.30000000
  0.290402  -0.0000   1.32000000
  0.291577  -0.0000   1.35000000
  0.293299  -0.0000   1.39000000
  0.295415  -0.0000   1.45000000
  0.297479  -0.0000   1.51000000
  0.299495  -0.0000   1.56000000
  0.301463  -0.0000   1.62000000
  0.303385  -0.0000   1.68000000
  0.303647  -0.0000   1.68000000
  0.303908  -0.0000   1.69000000
  0.304167  -0.0000   1.70000000
  0.304555  -0.0000   1.71000000
  0.304673  -0.0000   1.72000000
  0.304769  -0.0000   1.72000000
  0.304864  -0.0000   1.73000000
  0.305010  -0.0000   1.73000000
  0.305229  -0.0000   1.74000000
  0.305556  -0.0000   1.76000000
  0.306045  -0.0000   1.78000000
  0.306768  -0.0000   1.82000000
  0.307833  -0.0000   1.87000000
  0.309396  -0.0000   1.95000000
  0.311481  -0.0000   2.06000000
  0.313516  -0.0000   2.17000000
  0.315504  -0.0000   2.28000000
  0.317447  -0.0000   2.39000000
  0.319346  -0.0000   2.50000000
  0.320551  -0.0000   2.57000000
  0.321062  -0.0000   2.60000000
  0.321517  -0.0000   2.63000000
  0.321598  -0.0000   2.64000000
  0.321717  -0.0000   2.65000000
  0.321899  -0.0000   2.67000000
  0.322081  -0.0000   2.69000000
  0.322353  -0.0000   2.71000000
  0.322760  -0.0000   2.75000000
  0.323364  -0.0000   2.81000000
  0.324256  -0.0000   2.90000000
  0.325568  -0.0000   3.02000000
  0.327489  -0.0000   3.22000000
  0.329368  -0.0000   3.41000000
  0.331207  -0.0000   3.61000000
  0.333009  -0.0000   3.80000000
  0.334774  -0.0000   4.00000000
  0.337118  -0.0000   4.26000000
  0.337381  -0.0000   4.29000000
  0.337643  -0.0000   4.32000000
  0.337905  -0.0000   4.35000000
  0.338295  -0.0000   4.39000000
  0.338400  -0.0000   4.41000000
  0.338499  -0.0000   4.43000000
  0.338600  -0.0000   4.45000000
  0.338751  -0.0000   4.47000000
  0.338979  -0.0000   4.51000000
  0.339320  -0.0000   4.57000000
  0.339827  -0.0000   4.66000000
  0.340576  -0.0000   4.80000000
  0.341681  -0.0000   5.00000000
  0.343303  -0.0000   5.30000000
  0.345244  -0.0000   5.67000000
  0.347143  -0.0000   6.04000000
  0.349002  -0.0000   6.41000000
  0.350824  -0.0000   6.78000000
  0.353009  -0.0000   7.24000000
  0.355129  -0.0000   7.69000000
  0.355231  -0.0000   7.72000000
  0.355331  -0.0000   7.76000000
  0.355433  -0.0000   7.79000000
  0.355536  -0.0000   7.82000000
  0.355690  -0.0000   7.87000000
  0.355921  -0.0000   7.95000000
  0.356265  -0.0000   8.06000000
  0.356777  -0.0000   8.22000000
  0.357536  -0.0000   8.47000000
  0.358656  -0.0000   8.84000000
  0.360301  -0.0000   9.40000000
  0.361916  -0.0000   9.96000000
  0.363502  -0.0000  10.50000000
  0.365061  -0.0000  11.10000000
  0.367199  -0.0000  11.90000000
  0.369288  -0.0000  12.60000000
  0.371326  -0.0000  13.40000000
  0.371531  -0.0000  13.50000000
  0.371736  -0.0000  13.60000000
  0.371939  -0.0000  13.70000000
  0.372093  -0.0000  13.70000000
  0.372229  -0.0000  13.80000000
  0.372367  -0.0000  13.90000000
  0.372574  -0.0000  14.00000000
  0.372884  -0.0000  14.20000000
  0.373345  -0.0000  14.40000000
  0.374028  -0.0000  14.80000000
  0.375036  -0.0000  15.40000000
  0.376518  -0.0000  16.30000000
  0.378280  -0.0000  17.40000000
  0.380008  -0.0000  18.40000000
  0.381703  -0.0000  19.50000000
  0.383368  -0.0000  20.60000000
  0.385642  -0.0000  22.00000000
  0.387859  -0.0000  23.50000000
  0.388078  -0.0000  23.70000000
  0.388296  -0.0000  23.80000000
  0.388514  -0.0000  24.00000000
  0.388791  -0.0000  24.20000000
  0.388848  -0.0000  24.30000000
  0.388934  -0.0000  24.30000000
  0.389064  -0.0000  24.50000000
  0.389259  -0.0000  24.70000000
  0.389551  -0.0000  24.90000000
  0.389986  -0.0000  25.40000000
  0.390630  -0.0000  26.00000000
  0.391581  -0.0000  26.90000000
  0.392981  -0.0000  28.40000000
  0.394717  -0.0000  30.10000000
  0.396420  -0.0000  31.90000000
  0.398092  -0.0000  33.70000000
  0.399734  -0.0000  35.50000000
  0.401999  -0.0000  38.10000000
  0.404209  -0.0000  40.60000000
  0.404552  -0.0000  41.00000000
  0.404894  -0.0000  41.40000000
  0.405235  -0.0000  41.80000000
  0.405596  -0.0000  42.30000000
  0.405665  -0.0000  42.40000000
  0.405734  -0.0000  42.50000000
  0.405838  -0.0000  42.70000000
  0.405995  -0.0000  42.90000000
  0.406230  -0.0000  43.30000000
  0.406581  -0.0000  43.90000000
  0.407102  -0.0000  44.70000000
  0.407873  -0.0000  46.00000000
  0.409011  -0.0000  47.90000000
  0.410683  -0.0000  50.80000000
  0.412323  -0.0000  53.70000000
  0.413935  -0.0000  56.60000000
  0.415519  -0.0000  59.50000000
  0.417691  -0.0000  63.50000000
  0.419812  -0.0000  67.60000000
  0.422253  -0.0000  72.40000000
  0.422431  -0.0000  72.70000000
  0.422574  -0.0000  73.10000000
  0.422719  -0.0000  73.50000000
  0.422937  -0.0000  74.10000000
  0.423154  -0.0000  74.70000000
  0.423479  -0.0000  75.50000000
  0.423960  -0.0000  76.80000000
  0.424674  -0.0000  78.80000000
  0.425729  -0.0000  81.70000000
  0.427280  -0.0000  86.10000000
  0.428804  -0.0000  90.50000000
  0.430303  -0.0000  94.90000000
  0.431779  -0.0000  99.30000000
  0.433942  -0.0000 106.00000000
  0.436057  -0.0000 113.00000000
  0.438533  -0.0000 120.00000000
  0.438730  -0.0000 121.00000000
  0.438926  -0.0000 122.00000000
  0.439121  -0.0000 122.00000000
  0.439296  -0.0000 123.00000000
  0.439455  -0.0000 124.00000000
  0.439616  -0.0000 124.00000000
  0.439857  -0.0000 125.00000000
  0.440097  -0.0000 127.00000000
  0.440455  -0.0000 128.00000000
  0.440987  -0.0000 130.00000000
  0.441774  -0.0000 134.00000000
  0.442935  -0.0000 139.00000000
  0.444643  -0.0000 147.00000000
  0.446318  -0.0000 155.00000000
  0.447965  -0.0000 163.00000000
  0.449583  -0.0000 171.00000000
  0.451824  -0.0000 182.00000000
  0.454012  -0.0000 193.00000000
  0.454549  -0.0000 196.00000000
  0.455083  -0.0000 198.00000000
  0.455614  -0.0000 201.00000000
  0.455903  -0.0000 203.00000000
  0.456141  -0.0000 204.00000000
  0.456360  -0.0000 206.00000000
  0.456581  -0.0000 207.00000000
  0.456801  -0.0000 209.00000000
  0.457129  -0.0000 211.00000000
  0.457616  -0.0000 214.00000000
  0.458338  -0.0000 219.00000000
  0.459405  -0.0000 227.00000000
  0.460975  -0.0000 238.00000000
  0.462517  -0.0000 250.00000000
  0.464035  -0.0000 261.00000000
  0.465529  -0.0000 273.00000000
  0.467720  -0.0000 290.00000000
  0.470191  -0.0000 310.00000000
  0.472600  -0.0000 330.00000000
  0.472775  -0.0000 331.00000000
  0.472926  -0.0000 333.00000000
  0.473061  -0.0000 334.00000000
  0.473265  -0.0000 336.00000000
  0.473571  -0.0000 339.00000000
  0.473876  -0.0000 343.00000000
  0.474328  -0.0000 348.00000000
  0.474999  -0.0000 355.00000000
  0.475991  -0.0000 366.00000000
  0.477453  -0.0000 382.00000000
  0.478891  -0.0000 399.00000000
  0.480307  -0.0000 416.00000000
  0.481702  -0.0000 432.00000000
  0.483751  -0.0000 457.00000000
  0.486271  -0.0000 488.00000000
  0.488727  -0.0000 520.00000000
  0.488963  -0.0000 523.00000000
  0.489199  -0.0000 526.00000000
  0.489435  -0.0000 529.00000000
  0.489756  -0.0000 533.00000000
  0.489859  -0.0000 535.00000000
  0.490014  -0.0000 537.00000000
  0.490248  -0.0000 541.00000000
  0.490481  -0.0000 545.00000000
  0.490828  -0.0000 551.00000000
  0.491343  -0.0000 559.00000000
  0.492107  -0.0000 572.00000000
  0.493236  -0.0000 592.00000000
  0.494870  -0.0000 620.00000000
  0.496477  -0.0000 649.00000000
  0.498056  -0.0000 678.00000000
  0.499611  -0.0000 706.00000000
  0.501888  -0.0000 749.00000000
  0.504113  -0.0000 792.00000000
  0.505314  -0.0000 816.00000000
  0.506500  -0.0000 839.00000000
  0.506640  -0.0000 843.00000000
  0.506779  -0.0000 846.00000000
  0.506919  -0.0000 850.00000000
  0.507058  -0.0000 853.00000000
  0.507267  -0.0000 858.00000000
  0.507578  -0.0000 866.00000000
  0.508040  -0.0000 878.00000000
  0.508726  -0.0000 895.00000000
  0.509739  -0.0000 922.00000000
  0.511233  -0.0000 961.00000000
  0.512702  -0.0000 1000.00000000
  0.514149  -0.0000 1040.00000000
  0.515575  -0.0000 1079.00000000
  0.517668  -0.0000 1138.00000000
  0.520208  -0.0000 1212.00000000
  0.522684  -0.0000 1286.00000000
  0.522894  -0.0000 1292.00000000
  0.523104  -0.0000 1298.00000000
  0.523314  -0.0000 1305.00000000
  0.523468  -0.0000 1310.00000000
  0.523620  -0.0000 1316.00000000
  0.523772  -0.0000 1321.00000000
  0.523925  -0.0000 1327.00000000
  0.524152  -0.0000 1336.00000000
  0.524491  -0.0000 1348.00000000
  0.524994  -0.0000 1367.00000000
  0.525741  -0.0000 1396.00000000
  0.526845  -0.0000 1439.00000000
  0.528470  -0.0000 1503.00000000
  0.530066  -0.0000 1568.00000000
  0.531637  -0.0000 1632.00000000
  0.533183  -0.0000 1697.00000000
  0.535449  -0.0000 1793.00000000
  0.537665  -0.0000 1890.00000000
  0.539503  -0.0000 1972.00000000
  0.539746  -0.0000 1982.00000000
  0.539988  -0.0000 1993.00000000
  0.540216  -0.0000 2004.00000000
  0.540289  -0.0000 2008.00000000
  0.540399  -0.0000 2014.00000000
  0.540566  -0.0000 2023.00000000
  0.540815  -0.0000 2037.00000000
  0.541185  -0.0000 2058.00000000
  0.541736  -0.0000 2088.00000000
  0.542552  -0.0000 2135.00000000
  0.543756  -0.0000 2204.00000000
  0.545198  -0.0000 2288.00000000
  0.546618  -0.0000 2373.00000000
  0.548017  -0.0000 2457.00000000
  0.549985  -0.0000 2578.00000000
  0.551915  -0.0000 2699.00000000
  0.554385  -0.0000 2858.00000000
  0.556313  -0.0000 2984.00000000
  0.556563  -0.0000 3000.00000000
  0.556812  -0.0000 3017.00000000
  0.557052  -0.0000 3033.00000000
  0.557128  -0.0000 3039.00000000
  0.557243  -0.0000 3049.00000000
  0.557416  -0.0000 3063.00000000
  0.557589  -0.0000 3076.00000000
  0.557847  -0.0000 3097.00000000
  0.558231  -0.0000 3128.00000000
  0.558801  -0.0000 3175.00000000
  0.559646  -0.0000 3245.00000000
  0.560894  -0.0000 3350.00000000
  0.562403  -0.0000 3480.00000000
  0.563889  -0.0000 3609.00000000
  0.565352  -0.0000 3738.00000000
  0.567358  -0.0000 3919.00000000
  0.569325  -0.0000 4100.00000000
  0.571854  -0.0000 4339.00000000
  0.572498  -0.0000 4400.00000000
  0.573138  -0.0000 4461.00000000
  0.573773  -0.0000 4522.00000000
  0.573950  -0.0000 4541.00000000
  0.574116  -0.0000 4560.00000000
  0.574282  -0.0000 4580.00000000
  0.574530  -0.0000 4608.00000000
  0.574901  -0.0000 4652.00000000
  0.575450  -0.0000 4716.00000000
  0.576265  -0.0000 4814.00000000
  0.577468  -0.0000 4959.00000000
  0.578921  -0.0000 5138.00000000
  0.580352  -0.0000 5317.00000000
  0.581762  -0.0000 5496.00000000
  0.583744  -0.0000 5753.00000000
  0.585688  -0.0000 6010.00000000
  0.588180  -0.0000 6347.00000000
  0.589881  -0.0000 6581.00000000
  0.590191  -0.0000 6623.00000000
  0.590500  -0.0000 6666.00000000
  0.590786  -0.0000 6709.00000000
  0.590882  -0.0000 6725.00000000
  0.591028  -0.0000 6749.00000000
  0.591246  -0.0000 6785.00000000
  0.591571  -0.0000 6839.00000000
  0.592055  -0.0000 6920.00000000
  0.592772  -0.0000 7042.00000000
  0.593832  -0.0000 7224.00000000
  0.595287  -0.0000 7479.00000000
  0.596719  -0.0000 7734.00000000
  0.598131  -0.0000 7988.00000000
  0.599522  -0.0000 8243.00000000
  0.601568  -0.0000 8625.00000000
  0.604121  -0.0000 9113.00000000
  0.605804  -0.0000 9441.00000000
  0.607464  -0.0000 9768.00000000
  0.607650  -0.0000 9809.00000000
  0.607694  -0.0000 9819.00000000
  0.607737  -0.0000 9829.00000000
  0.607802  -0.0000 9845.00000000
  0.607901  -0.0000 9867.00000000
  0.608048  -0.0000 9902.00000000
  0.608268  -0.0000 9953.00000000
  0.608466  -0.0000 10000.00000000
  0.607948  -0.0000 10000.00000000
  0.607948  -0.0000 10000.00000000
  0.607948  -0.0000 10000.00000000
  0.607948  -0.0000 10000.00000000
  0.607948  -0.0000 10000.00000000
  0.607948  -0.0000 10000.00000000
  0.607948  -0.0000 10000.00000000
  0.607948  -0.0000 10000.00000000
  0.607948  -0.0000 10000.00000000
  0.607948  -0.0000 10000.00000000
  0.607947  -0.0000 10000.00000000
  0.607947  -0.0000 10000.00000000
  0.607946  -0.0000 10000.00000000
  0.607944  -0.0000 10000.00000000
  0.607942  -0.0000 10000.00000000
  0.607941  -0.0000 10000.00000000
