  0.000244  -0.0000   0.00100000
  0.000535  -0.0000   0.00200000
  0.001469  -0.0000   0.00300000
  0.005519  -0.0000   0.00350400
  0.007046  -0.0000   0.00362900
  0.007115  -0.0000   0.00375500
  0.007186  -0.0000   0.00394400
  0.007299  -0.0000   0.00422700
  0.007489  -0.0000   0.00465200
  0.007826  -0.0000   0.00528900
  0.008226  -0.0000   0.00592700
  0.008582  -0.0000   0.00642800
  0.008984  -0.0000   0.00692900
  0.009434  -0.0000   0.00743100
  0.009902  -0.0000   0.00789900
  0.010422  -0.0000   0.00836700
  0.011002  -0.0000   0.00883500
  0.011649  -0.0000   0.00930300
  0.012202  -0.0000   0.00967000
  0.012804  -0.0000   0.01004000
  0.013457  -0.0000   0.01041000
  0.014164  -0.0000   0.01077000
  0.014926  -0.0000   0.01114000
  0.015744  -0.0000   0.01151000
  0.016619  -0.0000   0.01188000
  0.017549  -0.0000   0.01224000
  0.018536  -0.0000   0.01261000
  0.019577  -0.0000   0.01298000
  0.019979  -0.0000   0.01312000
  0.020321  -0.0000   0.01326000
  0.020353  -0.0000   0.01333000
  0.020380  -0.0000   0.01339000
  0.020405  -0.0000   0.01346000
  0.020439  -0.0000   0.01356000
  0.020482  -0.0000   0.01372000
  0.020536  -0.0000   0.01393000
  0.020584  -0.0000   0.01414000
  0.020629  -0.0000   0.01434000
  0.020691  -0.0000   0.01466000
  0.020777  -0.0000   0.01513000
  0.020882  -0.0000   0.01575000
  0.020983  -0.0000   0.01637000
  0.021125  -0.0000   0.01726000
  0.021265  -0.0000   0.01816000
  0.021476  -0.0000   0.01950000
  0.021805  -0.0000   0.02152000
  0.022366  -0.0000   0.02454000
  0.022603  -0.0000   0.02574000
  0.022859  -0.0000   0.02693000
  0.023138  -0.0000   0.02812000
  0.023617  -0.0000   0.02991000
  0.024170  -0.0000   0.03170000
  0.024690  -0.0000   0.03320000
  0.025275  -0.0000   0.03469000
  0.025932  -0.0000   0.03618000
  0.026539  -0.0000   0.03743000
  0.027204  -0.0000   0.03869000
  0.027931  -0.0000   0.03994000
  0.028721  -0.0000   0.04120000
  0.029578  -0.0000   0.04245000
  0.030333  -0.0000   0.04349000
  0.031137  -0.0000   0.04453000
  0.031989  -0.0000   0.04556000
  0.032892  -0.0000   0.04660000
  0.033845  -0.0000   0.04764000
  0.034848  -0.0000   0.04868000
  0.035903  -0.0000   0.04971000
  0.037010  -0.0000   0.05075000
  0.037214  -0.0000   0.05094000
  0.037419  -0.0000   0.05113000
  0.037627  -0.0000   0.05132000
  0.037677  -0.0000   0.05146000
  0.037717  -0.0000   0.05159000
  0.037754  -0.0000   0.05173000
  0.037804  -0.0000   0.05193000
  0.037871  -0.0000   0.05224000
  0.037961  -0.0000   0.05269000
  0.038069  -0.0000   0.05330000
  0.038169  -0.0000   0.05390000
  0.038309  -0.0000   0.05481000
  0.038506  -0.0000   0.05617000
  0.038790  -0.0000   0.05822000
  0.039074  -0.0000   0.06026000
  0.039519  -0.0000   0.06333000
  0.040088  -0.0000   0.06688000
  0.040733  -0.0000   0.07044000
  0.041271  -0.0000   0.07311000
  0.041870  -0.0000   0.07578000
  0.042535  -0.0000   0.07846000
  0.043407  -0.0000   0.08157000
  0.044383  -0.0000   0.08468000
  0.045259  -0.0000   0.08723000
  0.046214  -0.0000   0.08979000
  0.047250  -0.0000   0.09234000
  0.048370  -0.0000   0.09489000
  0.049579  -0.0000   0.09745000
  0.050877  -0.0000   0.10000000
  0.052268  -0.0000   0.10300000
  0.053752  -0.0000   0.10500000
  0.055062  -0.0000   0.10700000
  0.055479  -0.0000   0.10800000
  0.055903  -0.0000   0.10900000
  0.056016  -0.0000   0.10900000
  0.056100  -0.0000   0.10900000
  0.056176  -0.0000   0.11000000
  0.056280  -0.0000   0.11000000
  0.056422  -0.0000   0.11100000
  0.056614  -0.0000   0.11200000
  0.056865  -0.0000   0.11400000
  0.057105  -0.0000   0.11600000
  0.057457  -0.0000   0.11800000
  0.057997  -0.0000   0.12200000
  0.058599  -0.0000   0.12600000
  0.059256  -0.0000   0.13000000
  0.059980  -0.0000   0.13400000
  0.060779  -0.0000   0.13800000
  0.061658  -0.0000   0.14200000
  0.062623  -0.0000   0.14600000
  0.063676  -0.0000   0.15000000
  0.064821  -0.0000   0.15400000
  0.066062  -0.0000   0.15800000
  0.067401  -0.0000   0.16200000
  0.068842  -0.0000   0.16600000
  0.070387  -0.0000   0.17000000
  0.071765  -0.0000   0.17400000
  0.073220  -0.0000   0.17700000
  0.073625  -0.0000   0.17800000
  0.074035  -0.0000   0.17900000
  0.074239  -0.0000   0.18000000
  0.074377  -0.0000   0.18100000
  0.074503  -0.0000   0.18100000
  0.074675  -0.0000   0.18200000
  0.074835  -0.0000   0.18300000
  0.075060  -0.0000   0.18500000
  0.075380  -0.0000   0.18700000
  0.075850  -0.0000   0.19100000
  0.076580  -0.0000   0.19700000
  0.077133  -0.0000   0.20000000
  0.077720  -0.0000   0.20400000
  0.078346  -0.0000   0.20800000
  0.079175  -0.0000   0.21300000
  0.080072  -0.0000   0.21800000
  0.081039  -0.0000   0.22300000
  0.082342  -0.0000   0.22800000
  0.083759  -0.0000   0.23400000
  0.085292  -0.0000   0.24000000
  0.086639  -0.0000   0.24500000
  0.088069  -0.0000   0.25000000
  0.089584  -0.0000   0.25500000
  0.091356  -0.0000   0.26000000
  0.091671  -0.0000   0.26100000
  0.091990  -0.0000   0.26200000
  0.092290  -0.0000   0.26300000
  0.092431  -0.0000   0.26400000
  0.092561  -0.0000   0.26500000
  0.092683  -0.0000   0.26500000
  0.092854  -0.0000   0.26600000
  0.093092  -0.0000   0.26800000
  0.093429  -0.0000   0.27100000
  0.093919  -0.0000   0.27500000
  0.094668  -0.0000   0.28100000
  0.095310  -0.0000   0.28600000
  0.095988  -0.0000   0.29100000
  0.096710  -0.0000   0.29500000
  0.097778  -0.0000   0.30200000
  0.098935  -0.0000   0.30900000
  0.100182  -0.0000   0.31500000
  0.101522  -0.0000   0.32200000
  0.102956  -0.0000   0.32900000
  0.104486  -0.0000   0.33500000
  0.106115  -0.0000   0.34200000
  0.107843  -0.0000   0.34900000
  0.109673  -0.0000   0.35500000
  0.109969  -0.0000   0.35700000
  0.110268  -0.0000   0.35800000
  0.110537  -0.0000   0.35900000
  0.110715  -0.0000   0.36000000
  0.110880  -0.0000   0.36100000
  0.111035  -0.0000   0.36200000
  0.111253  -0.0000   0.36400000
  0.111563  -0.0000   0.36600000
  0.112011  -0.0000   0.37000000
  0.112682  -0.0000   0.37600000
  0.113353  -0.0000   0.38100000
  0.114055  -0.0000   0.38700000
  0.114795  -0.0000   0.39200000
  0.115860  -0.0000   0.40000000
  0.117000  -0.0000   0.40700000
  0.118218  -0.0000   0.41400000
  0.119514  -0.0000   0.42200000
  0.121229  -0.0000   0.43100000
  0.123067  -0.0000   0.44000000
  0.125028  -0.0000   0.44900000
  0.126736  -0.0000   0.45600000
  0.128529  -0.0000   0.46400000
  0.128714  -0.0000   0.46500000
  0.128838  -0.0000   0.46600000
  0.128955  -0.0000   0.46600000
  0.129120  -0.0000   0.46800000
  0.129352  -0.0000   0.46900000
  0.129680  -0.0000   0.47200000
  0.130150  -0.0000   0.47600000
  0.130853  -0.0000   0.48300000
  0.131576  -0.0000   0.48900000
  0.132301  -0.0000   0.49500000
  0.133060  -0.0000   0.50100000
  0.133856  -0.0000   0.50700000
  0.135052  -0.0000   0.51600000
  0.136322  -0.0000   0.52400000
  0.137669  -0.0000   0.53300000
  0.139092  -0.0000   0.54100000
  0.140708  -0.0000   0.55000000
  0.142413  -0.0000   0.55900000
  0.144208  -0.0000   0.56800000
  0.146387  -0.0000   0.57900000
  0.146617  -0.0000   0.58000000
  0.146848  -0.0000   0.58100000
  0.147013  -0.0000   0.58200000
  0.147225  -0.0000   0.58400000
  0.147519  -0.0000   0.58600000
  0.147798  -0.0000   0.58900000
  0.148068  -0.0000   0.59100000
  0.148463  -0.0000   0.59500000
  0.149055  -0.0000   0.60000000
  0.149974  -0.0000   0.60900000
  0.150940  -0.0000   0.61700000
  0.151960  -0.0000   0.62500000
  0.153034  -0.0000   0.63400000
  0.154164  -0.0000   0.64200000
  0.155349  -0.0000   0.65000000
  0.157252  -0.0000   0.66300000
  0.159280  -0.0000   0.67500000
  0.161435  -0.0000   0.68800000
  0.163718  -0.0000   0.70000000
  0.164146  -0.0000   0.70200000
  0.164578  -0.0000   0.70500000
  0.165014  -0.0000   0.70700000
  0.165223  -0.0000   0.70800000
  0.165406  -0.0000   0.71000000
  0.165581  -0.0000   0.71100000
  0.165830  -0.0000   0.71400000
  0.166187  -0.0000   0.71700000
  0.166708  -0.0000   0.72200000
  0.167494  -0.0000   0.73000000
  0.168176  -0.0000   0.73600000
  0.168881  -0.0000   0.74300000
  0.169612  -0.0000   0.74900000
  0.170763  -0.0000   0.75900000
  0.171974  -0.0000   0.76900000
  0.173244  -0.0000   0.77800000
  0.174574  -0.0000   0.78800000
  0.176700  -0.0000   0.80300000
  0.178960  -0.0000   0.81700000
  0.180920  -0.0000   0.82900000
  0.182972  -0.0000   0.84100000
  0.183196  -0.0000   0.84200000
  0.183368  -0.0000   0.84400000
  0.183519  -0.0000   0.84500000
  0.183735  -0.0000   0.84700000
  0.184042  -0.0000   0.85000000
  0.184482  -0.0000   0.85400000
  0.185129  -0.0000   0.86100000
  0.185782  -0.0000   0.86800000
  0.186544  -0.0000   0.87500000
  0.187332  -0.0000   0.88300000
  0.188149  -0.0000   0.89000000
  0.189279  -0.0000   0.90000000
  0.190459  -0.0000   0.91000000
  0.192124  -0.0000   0.92300000
  0.193878  -0.0000   0.93600000
  0.196189  -0.0000   0.95300000
  0.198202  -0.0000   0.96700000
  0.200309  -0.0000   0.98000000
  0.200697  -0.0000   0.98300000
  0.201089  -0.0000   0.98500000
  0.201456  -0.0000   0.98800000
  0.201690  -0.0000   0.99000000
  0.201914  -0.0000   0.99200000
  0.202129  -0.0000   0.99400000
  0.202439  -0.0000   0.99700000
  0.202874  -0.0000   1.00000000
  0.203472  -0.0000   1.01000000
  0.204348  -0.0000   1.02000000
  0.205220  -0.0000   1.03000000
  0.206091  -0.0000   1.04000000
  0.206961  -0.0000   1.05000000
  0.207830  -0.0000   1.06000000
  0.209129  -0.0000   1.08000000
  0.211063  -0.0000   1.10000000
  0.213925  -0.0000   1.14000000
  0.217357  -0.0000   1.18000000
  0.217643  -0.0000   1.19000000
  0.217927  -0.0000   1.19000000
  0.218212  -0.0000   1.20000000
  0.218637  -0.0000   1.20000000
  0.218962  -0.0000   1.21000000
  0.219213  -0.0000   1.21000000
  0.219448  -0.0000   1.22000000
  0.219780  -0.0000   1.22000000
  0.220099  -0.0000   1.23000000
  0.220564  -0.0000   1.24000000
  0.221250  -0.0000   1.26000000
  0.222035  -0.0000   1.28000000
  0.222822  -0.0000   1.30000000
  0.223611  -0.0000   1.31000000
  0.224795  -0.0000   1.34000000
  0.225979  -0.0000   1.37000000
  0.227749  -0.0000   1.41000000
  0.230379  -0.0000   1.48000000
  0.234260  -0.0000   1.57000000
  0.234573  -0.0000   1.58000000
  0.234886  -0.0000   1.59000000
  0.235198  -0.0000   1.60000000
  0.235666  -0.0000   1.61000000
  0.236307  -0.0000   1.62000000
  0.236495  -0.0000   1.63000000
  0.236674  -0.0000   1.64000000
  0.236845  -0.0000   1.64000000
  0.237092  -0.0000   1.65000000
  0.237449  -0.0000   1.67000000
  0.237973  -0.0000   1.69000000
  0.238753  -0.0000   1.73000000
  0.239536  -0.0000   1.76000000
  0.240322  -0.0000   1.79000000
  0.241110  -0.0000   1.83000000
  0.242293  -0.0000   1.88000000
  0.244064  -0.0000   1.96000000
  0.246703  -0.0000   2.07000000
  0.250605  -0.0000   2.24000000
  0.251186  -0.0000   2.27000000
  0.251766  -0.0000   2.29000000
  0.252344  -0.0000   2.32000000
  0.253208  -0.0000   2.36000000
  0.253456  -0.0000   2.37000000
  0.253643  -0.0000   2.38000000
  0.253814  -0.0000   2.39000000
  0.254057  -0.0000   2.41000000
  0.254291  -0.0000   2.42000000
  0.254630  -0.0000   2.45000000
  0.255130  -0.0000   2.49000000
  0.255879  -0.0000   2.54000000
  0.256631  -0.0000   2.60000000
  0.257386  -0.0000   2.66000000
  0.258143  -0.0000   2.71000000
  0.259279  -0.0000   2.80000000
  0.260981  -0.0000   2.92000000
  0.263519  -0.0000   3.11000000
  0.267278  -0.0000   3.40000000
  0.269182  -0.0000   3.54000000
  0.270048  -0.0000   3.61000000
  0.270846  -0.0000   3.67000000
  0.271045  -0.0000   3.70000000
  0.271235  -0.0000   3.72000000
  0.271417  -0.0000   3.74000000
  0.271682  -0.0000   3.77000000
  0.272072  -0.0000   3.82000000
  0.272653  -0.0000   3.89000000
  0.273529  -0.0000   4.00000000
  0.274410  -0.0000   4.11000000
  0.275293  -0.0000   4.22000000
  0.276178  -0.0000   4.33000000
  0.277505  -0.0000   4.49000000
  0.279488  -0.0000   4.74000000
  0.282438  -0.0000   5.10000000
  0.286795  -0.0000   5.66000000
  0.287027  -0.0000   5.69000000
  0.287258  -0.0000   5.72000000
  0.287489  -0.0000   5.74000000
  0.287834  -0.0000   5.79000000
  0.288117  -0.0000   5.83000000
  0.288352  -0.0000   5.87000000
  0.288577  -0.0000   5.92000000
  0.288901  -0.0000   5.98000000
  0.289221  -0.0000   6.04000000
  0.289698  -0.0000   6.14000000
  0.290418  -0.0000   6.28000000
  0.291265  -0.0000   6.45000000
  0.292114  -0.0000   6.62000000
  0.292965  -0.0000   6.79000000
  0.294241  -0.0000   7.04000000
  0.296150  -0.0000   7.42000000
  0.298991  -0.0000   7.99000000
  0.303195  -0.0000   8.84000000
  0.303507  -0.0000   8.90000000
  0.303818  -0.0000   8.97000000
  0.304128  -0.0000   9.03000000
  0.304594  -0.0000   9.12000000
  0.305260  -0.0000   9.27000000
  0.305438  -0.0000   9.31000000
  0.305608  -0.0000   9.36000000
  0.305772  -0.0000   9.41000000
  0.306011  -0.0000   9.49000000
  0.306364  -0.0000   9.60000000
  0.306894  -0.0000   9.76000000
  0.307693  -0.0000  10.00000000
  0.308496  -0.0000  10.30000000
  0.309303  -0.0000  10.50000000
  0.310110  -0.0000  10.80000000
  0.311321  -0.0000  11.10000000
  0.313133  -0.0000  11.70000000
  0.315833  -0.0000  12.50000000
  0.319833  -0.0000  13.80000000
  0.320307  -0.0000  13.90000000
  0.320781  -0.0000  14.10000000
  0.321253  -0.0000  14.20000000
  0.321960  -0.0000  14.50000000
  0.322331  -0.0000  14.60000000
  0.322640  -0.0000  14.70000000
  0.322903  -0.0000  14.80000000
  0.323157  -0.0000  14.90000000
  0.323405  -0.0000  15.10000000
  0.323777  -0.0000  15.20000000
  0.324336  -0.0000  15.50000000
  0.325167  -0.0000  15.90000000
  0.326002  -0.0000  16.30000000
  0.326839  -0.0000  16.70000000
  0.328094  -0.0000  17.30000000
  0.329971  -0.0000  18.20000000
  0.332770  -0.0000  19.50000000
  0.336917  -0.0000  21.50000000
  0.337413  -0.0000  21.70000000
  0.337909  -0.0000  21.90000000
  0.338403  -0.0000  22.20000000
  0.339143  -0.0000  22.50000000
  0.339527  -0.0000  22.70000000
  0.339857  -0.0000  22.90000000
  0.340133  -0.0000  23.10000000
  0.340529  -0.0000  23.40000000
  0.340922  -0.0000  23.70000000
  0.341316  -0.0000  23.90000000
  0.341911  -0.0000  24.40000000
  0.342718  -0.0000  24.90000000
  0.343529  -0.0000  25.50000000
  0.344745  -0.0000  26.30000000
  0.346567  -0.0000  27.60000000
  0.349284  -0.0000  29.50000000
  0.353314  -0.0000  32.40000000
  0.355185  -0.0000  33.70000000
  0.357026  -0.0000  35.10000000
  0.357215  -0.0000  35.20000000
  0.357394  -0.0000  35.40000000
  0.357568  -0.0000  35.60000000
  0.357825  -0.0000  35.90000000
  0.358210  -0.0000  36.30000000
  0.358791  -0.0000  36.90000000
  0.359540  -0.0000  37.60000000
  0.360293  -0.0000  38.40000000
  0.361047  -0.0000  39.20000000
  0.362179  -0.0000  40.30000000
  0.363876  -0.0000  42.10000000
  0.366407  -0.0000  44.60000000
  0.370169  -0.0000  48.50000000
  0.370780  -0.0000  49.20000000
  0.371389  -0.0000  49.80000000
  0.371998  -0.0000  50.40000000
  0.372908  -0.0000  51.40000000
  0.374266  -0.0000  52.80000000
  0.374429  -0.0000  53.00000000
  0.374580  -0.0000  53.20000000
  0.374726  -0.0000  53.40000000
  0.374940  -0.0000  53.80000000
  0.375260  -0.0000  54.20000000
  0.375743  -0.0000  54.90000000
  0.376471  -0.0000  56.00000000
  0.377203  -0.0000  57.10000000
  0.377937  -0.0000  58.10000000
  0.379039  -0.0000  59.80000000
  0.380688  -0.0000  62.20000000
  0.383151  -0.0000  65.80000000
  0.386811  -0.0000  71.20000000
  0.390433  -0.0000  76.60000000
  0.390687  -0.0000  76.90000000
  0.390941  -0.0000  77.30000000
  0.391195  -0.0000  77.70000000
  0.391561  -0.0000  78.30000000
  0.391765  -0.0000  78.70000000
  0.391962  -0.0000  79.10000000
  0.392155  -0.0000  79.50000000
  0.392443  -0.0000  80.10000000
  0.392878  -0.0000  81.00000000
  0.393534  -0.0000  82.30000000
  0.394343  -0.0000  84.00000000
  0.395154  -0.0000  85.70000000
  0.396371  -0.0000  88.20000000
  0.398192  -0.0000  91.90000000
  0.400909  -0.0000  97.50000000
  0.404943  -0.0000 106.00000000
  0.408914  -0.0000 114.00000000
  0.409076  -0.0000 115.00000000
  0.409230  -0.0000 115.00000000
  0.409382  -0.0000 116.00000000
  0.409606  -0.0000 116.00000000
  0.409942  -0.0000 117.00000000
  0.410449  -0.0000 119.00000000
  0.411166  -0.0000 121.00000000
  0.411886  -0.0000 123.00000000
  0.412968  -0.0000 126.00000000
  0.414592  -0.0000 131.00000000
  0.417019  -0.0000 137.00000000
  0.420633  -0.0000 148.00000000
  0.423852  -0.0000 157.00000000
  0.424531  -0.0000 159.00000000
  0.425210  -0.0000 161.00000000
  0.425886  -0.0000 163.00000000
  0.426189  -0.0000 164.00000000
  0.426434  -0.0000 165.00000000
  0.426661  -0.0000 166.00000000
  0.426885  -0.0000 167.00000000
  0.427110  -0.0000 168.00000000
  0.427448  -0.0000 169.00000000
  0.427958  -0.0000 171.00000000
  0.428728  -0.0000 174.00000000
  0.429885  -0.0000 178.00000000
  0.431620  -0.0000 185.00000000
  0.434211  -0.0000 195.00000000
  0.438065  -0.0000 210.00000000
  0.441880  -0.0000 225.00000000
  0.442180  -0.0000 227.00000000
  0.442479  -0.0000 228.00000000
  0.442778  -0.0000 229.00000000
  0.443226  -0.0000 231.00000000
  0.443500  -0.0000 232.00000000
  0.443729  -0.0000 233.00000000
  0.443953  -0.0000 234.00000000
  0.444287  -0.0000 236.00000000
  0.444623  -0.0000 238.00000000
  0.445130  -0.0000 241.00000000
  0.445894  -0.0000 245.00000000
  0.447043  -0.0000 251.00000000
  0.448765  -0.0000 260.00000000
  0.451338  -0.0000 273.00000000
  0.455164  -0.0000 293.00000000
  0.458953  -0.0000 314.00000000
  0.459320  -0.0000 316.00000000
  0.459687  -0.0000 318.00000000
  0.460053  -0.0000 320.00000000
  0.460601  -0.0000 323.00000000
  0.460909  -0.0000 324.00000000
  0.461156  -0.0000 326.00000000
  0.461395  -0.0000 328.00000000
  0.461634  -0.0000 329.00000000
  0.461874  -0.0000 331.00000000
  0.462235  -0.0000 334.00000000
  0.462781  -0.0000 337.00000000
  0.463602  -0.0000 343.00000000
  0.464835  -0.0000 352.00000000
  0.466681  -0.0000 365.00000000
  0.469437  -0.0000 384.00000000
  0.473533  -0.0000 413.00000000
  0.477584  -0.0000 442.00000000
  0.477809  -0.0000 444.00000000
  0.478033  -0.0000 445.00000000
  0.478247  -0.0000 447.00000000
  0.478509  -0.0000 449.00000000
  0.478766  -0.0000 452.00000000
  0.479024  -0.0000 454.00000000
  0.479283  -0.0000 457.00000000
  0.479673  -0.0000 460.00000000
  0.480261  -0.0000 466.00000000
  0.481145  -0.0000 474.00000000
  0.482472  -0.0000 486.00000000
  0.484457  -0.0000 504.00000000
  0.487418  -0.0000 532.00000000
  0.491814  -0.0000 573.00000000
  0.492897  -0.0000 583.00000000
  0.493976  -0.0000 593.00000000
  0.495052  -0.0000 604.00000000
  0.495338  -0.0000 606.00000000
  0.495613  -0.0000 609.00000000
  0.495838  -0.0000 612.00000000
  0.496059  -0.0000 614.00000000
  0.496279  -0.0000 617.00000000
  0.496500  -0.0000 620.00000000
  0.496834  -0.0000 624.00000000
  0.497337  -0.0000 630.00000000
  0.498095  -0.0000 639.00000000
  0.499231  -0.0000 653.00000000
  0.500934  -0.0000 673.00000000
  0.503478  -0.0000 704.00000000
  0.507263  -0.0000 750.00000000
  0.511012  -0.0000 796.00000000
  0.511391  -0.0000 801.00000000
  0.511770  -0.0000 806.00000000
  0.512148  -0.0000 810.00000000
  0.512715  -0.0000 817.00000000
  0.512992  -0.0000 821.00000000
  0.513221  -0.0000 824.00000000
  0.513445  -0.0000 828.00000000
  0.513670  -0.0000 832.00000000
  0.513895  -0.0000 835.00000000
  0.514235  -0.0000 840.00000000
  0.514748  -0.0000 848.00000000
  0.515519  -0.0000 860.00000000
  0.516676  -0.0000 879.00000000
  0.518409  -0.0000 906.00000000
  0.520996  -0.0000 946.00000000
  0.524846  -0.0000 1007.00000000
  0.528659  -0.0000 1068.00000000
  0.528988  -0.0000 1073.00000000
  0.529316  -0.0000 1078.00000000
  0.529644  -0.0000 1083.00000000
  0.530136  -0.0000 1091.00000000
  0.530405  -0.0000 1096.00000000
  0.530635  -0.0000 1100.00000000
  0.530862  -0.0000 1105.00000000
  0.531204  -0.0000 1112.00000000
  0.531547  -0.0000 1119.00000000
  0.532066  -0.0000 1129.00000000
  0.532846  -0.0000 1145.00000000
  0.534016  -0.0000 1168.00000000
  0.535769  -0.0000 1203.00000000
  0.538386  -0.0000 1256.00000000
  0.542279  -0.0000 1335.00000000
  0.546136  -0.0000 1414.00000000
  0.546452  -0.0000 1420.00000000
  0.546767  -0.0000 1427.00000000
  0.547082  -0.0000 1433.00000000
  0.547554  -0.0000 1443.00000000
  0.547812  -0.0000 1448.00000000
  0.548036  -0.0000 1454.00000000
  0.548258  -0.0000 1460.00000000
  0.548594  -0.0000 1469.00000000
  0.548931  -0.0000 1477.00000000
  0.549439  -0.0000 1490.00000000
  0.550203  -0.0000 1510.00000000
  0.551349  -0.0000 1539.00000000
  0.553066  -0.0000 1582.00000000
  0.555629  -0.0000 1648.00000000
  0.559444  -0.0000 1746.00000000
  0.562896  -0.0000 1836.00000000
  0.563425  -0.0000 1850.00000000
  0.563952  -0.0000 1863.00000000
  0.564479  -0.0000 1877.00000000
  0.565232  -0.0000 1898.00000000
  0.565444  -0.0000 1905.00000000
  0.565654  -0.0000 1911.00000000
  0.565864  -0.0000 1918.00000000
  0.566181  -0.0000 1929.00000000
  0.566660  -0.0000 1944.00000000
  0.567379  -0.0000 1967.00000000
  0.568460  -0.0000 2002.00000000
  0.570079  -0.0000 2054.00000000
  0.572498  -0.0000 2132.00000000
  0.576101  -0.0000 2249.00000000
  0.579359  -0.0000 2355.00000000
  0.582577  -0.0000 2462.00000000
  0.582743  -0.0000 2469.00000000
  0.582986  -0.0000 2479.00000000
  0.583230  -0.0000 2489.00000000
  0.583476  -0.0000 2499.00000000
  0.583845  -0.0000 2514.00000000
  0.584402  -0.0000 2536.00000000
  0.585239  -0.0000 2570.00000000
  0.586495  -0.0000 2621.00000000
  0.588375  -0.0000 2697.00000000
  0.591183  -0.0000 2810.00000000
  0.595359  -0.0000 2981.00000000
  0.599493  -0.0000 3152.00000000
  0.599719  -0.0000 3161.00000000
  0.599945  -0.0000 3171.00000000
  0.600136  -0.0000 3180.00000000
  0.600411  -0.0000 3194.00000000
  0.600687  -0.0000 3208.00000000
  0.600964  -0.0000 3222.00000000
  0.601383  -0.0000 3243.00000000
  0.602012  -0.0000 3274.00000000
  0.602956  -0.0000 3322.00000000
  0.604372  -0.0000 3393.00000000
  0.606488  -0.0000 3499.00000000
  0.609643  -0.0000 3658.00000000
  0.613335  -0.0000 3846.00000000
  0.616994  -0.0000 4034.00000000
  0.617212  -0.0000 4045.00000000
  0.617400  -0.0000 4057.00000000
  0.617578  -0.0000 4068.00000000
  0.617845  -0.0000 4085.00000000
  0.618114  -0.0000 4102.00000000
  0.618520  -0.0000 4127.00000000
  0.619131  -0.0000 4165.00000000
  0.620049  -0.0000 4221.00000000
  0.621424  -0.0000 4307.00000000
  0.623479  -0.0000 4434.00000000
  0.626545  -0.0000 4626.00000000
  0.630242  -0.0000 4859.00000000
  0.633907  -0.0000 5092.00000000
  0.634163  -0.0000 5108.00000000
  0.634419  -0.0000 5124.00000000
  0.634675  -0.0000 5141.00000000
  0.634939  -0.0000 5160.00000000
  0.635189  -0.0000 5179.00000000
  0.635440  -0.0000 5199.00000000
  0.635692  -0.0000 5218.00000000
  0.636072  -0.0000 5247.00000000
  0.636644  -0.0000 5291.00000000
  0.637502  -0.0000 5356.00000000
  0.638788  -0.0000 5454.00000000
  0.640711  -0.0000 5601.00000000
  0.643580  -0.0000 5821.00000000
  0.647847  -0.0000 6152.00000000
  0.652071  -0.0000 6483.00000000
  0.652265  -0.0000 6500.00000000
  0.652441  -0.0000 6516.00000000
  0.652618  -0.0000 6533.00000000
  0.652883  -0.0000 6558.00000000
  0.653285  -0.0000 6595.00000000
  0.653889  -0.0000 6652.00000000
  0.654796  -0.0000 6736.00000000
  0.656155  -0.0000 6863.00000000
  0.658188  -0.0000 7053.00000000
  0.661220  -0.0000 7338.00000000
  0.664876  -0.0000 7684.00000000
  0.668502  -0.0000 8031.00000000
  0.668782  -0.0000 8058.00000000
  0.669061  -0.0000 8084.00000000
  0.669341  -0.0000 8111.00000000
  0.669731  -0.0000 8151.00000000
  0.670013  -0.0000 8184.00000000
  0.670297  -0.0000 8216.00000000
  0.670583  -0.0000 8249.00000000
  0.670870  -0.0000 8282.00000000
  0.671301  -0.0000 8330.00000000
  0.671948  -0.0000 8404.00000000
  0.672918  -0.0000 8514.00000000
  0.674371  -0.0000 8679.00000000
  0.676542  -0.0000 8926.00000000
  0.679779  -0.0000 9297.00000000
  0.683241  -0.0000 9697.00000000
  0.685849  -0.0000 10000.00000000
  0.683483  -0.0000 10000.00000000
  0.683483  -0.0000 10000.00000000
  0.683483  -0.0000 10000.00000000
  0.683483  -0.0000 10000.00000000
  0.683482  -0.0000 10000.00000000
  0.683482  -0.0000 10000.00000000
  0.683481  -0.0000 10000.00000000
  0.683479  -0.0000 10000.00000000
  0.683476  -0.0000 10000.00000000
  0.683469  -0.0000 10000.00000000
  0.683454  -0.0000 10000.00000000
  0.683427  -0.0000 10000.00000000
