  0.000042  -0.0000   0.00100000
  0.000092  -0.0000   0.00200000
  0.000253  -0.0000   0.00300000
  0.002901  -0.0000   0.00450000
  0.006248  -0.0000   0.00506300
  0.006333  -0.0000   0.00590600
  0.006474  -0.0000   0.00717200
  0.006642  -0.0000   0.00836400
  0.006854  -0.0000   0.00955700
  0.007122  -0.0000   0.01075000
  0.007459  -0.0000   0.01194000
  0.007743  -0.0000   0.01279000
  0.008073  -0.0000   0.01364000
  0.008457  -0.0000   0.01449000
  0.008898  -0.0000   0.01535000
  0.009400  -0.0000   0.01620000
  0.009968  -0.0000   0.01705000
  0.010498  -0.0000   0.01777000
  0.011078  -0.0000   0.01849000
  0.011709  -0.0000   0.01922000
  0.012392  -0.0000   0.01994000
  0.013125  -0.0000   0.02066000
  0.013910  -0.0000   0.02138000
  0.014744  -0.0000   0.02211000
  0.015628  -0.0000   0.02283000
  0.016560  -0.0000   0.02355000
  0.017540  -0.0000   0.02427000
  0.018684  -0.0000   0.02508000
  0.019882  -0.0000   0.02588000
  0.019971  -0.0000   0.02594000
  0.020001  -0.0000   0.02599000
  0.020013  -0.0000   0.02605000
  0.020029  -0.0000   0.02614000
  0.020048  -0.0000   0.02628000
  0.020072  -0.0000   0.02647000
  0.020099  -0.0000   0.02676000
  0.020124  -0.0000   0.02704000
  0.020155  -0.0000   0.02746000
  0.020197  -0.0000   0.02810000
  0.020253  -0.0000   0.02905000
  0.020326  -0.0000   0.03040000
  0.020397  -0.0000   0.03174000
  0.020508  -0.0000   0.03376000
  0.020699  -0.0000   0.03679000
  0.020966  -0.0000   0.04025000
  0.021294  -0.0000   0.04371000
  0.021694  -0.0000   0.04717000
  0.022177  -0.0000   0.05063000
  0.022598  -0.0000   0.05327000
  0.023076  -0.0000   0.05590000
  0.023616  -0.0000   0.05854000
  0.024222  -0.0000   0.06117000
  0.024897  -0.0000   0.06381000
  0.025646  -0.0000   0.06644000
  0.026330  -0.0000   0.06866000
  0.027069  -0.0000   0.07087000
  0.027865  -0.0000   0.07309000
  0.028721  -0.0000   0.07530000
  0.029636  -0.0000   0.07751000
  0.030612  -0.0000   0.07973000
  0.031650  -0.0000   0.08194000
  0.032750  -0.0000   0.08416000
  0.033914  -0.0000   0.08637000
  0.035140  -0.0000   0.08859000
  0.036430  -0.0000   0.09080000
  0.036549  -0.0000   0.09101000
  0.036669  -0.0000   0.09121000
  0.036789  -0.0000   0.09141000
  0.036939  -0.0000   0.09172000
  0.036974  -0.0000   0.09193000
  0.037003  -0.0000   0.09215000
  0.037030  -0.0000   0.09236000
  0.037065  -0.0000   0.09268000
  0.037111  -0.0000   0.09316000
  0.037174  -0.0000   0.09388000
  0.037259  -0.0000   0.09496000
  0.037379  -0.0000   0.09658000
  0.037559  -0.0000   0.09900000
  0.037850  -0.0000   0.10300000
  0.038354  -0.0000   0.10800000
  0.038934  -0.0000   0.11400000
  0.039594  -0.0000   0.11900000
  0.040339  -0.0000   0.12400000
  0.041175  -0.0000   0.13000000
  0.042106  -0.0000   0.13500000
  0.043139  -0.0000   0.14100000
  0.044278  -0.0000   0.14600000
  0.045323  -0.0000   0.15100000
  0.046451  -0.0000   0.15600000
  0.047664  -0.0000   0.16000000
  0.048966  -0.0000   0.16500000
  0.050357  -0.0000   0.16900000
  0.051840  -0.0000   0.17400000
  0.053416  -0.0000   0.17900000
  0.055045  -0.0000   0.18300000
  0.055099  -0.0000   0.18400000
  0.055146  -0.0000   0.18400000
  0.055188  -0.0000   0.18400000
  0.055246  -0.0000   0.18500000
  0.055325  -0.0000   0.18600000
  0.055434  -0.0000   0.18700000
  0.055592  -0.0000   0.18900000
  0.055831  -0.0000   0.19200000
  0.056211  -0.0000   0.19600000
  0.056842  -0.0000   0.20300000
  0.057536  -0.0000   0.20900000
  0.058294  -0.0000   0.21600000
  0.059117  -0.0000   0.22200000
  0.060093  -0.0000   0.22900000
  0.061152  -0.0000   0.23600000
  0.062297  -0.0000   0.24300000
  0.063749  -0.0000   0.25100000
  0.065015  -0.0000   0.25800000
  0.066367  -0.0000   0.26400000
  0.067808  -0.0000   0.27100000
  0.069529  -0.0000   0.27800000
  0.071364  -0.0000   0.28600000
  0.072939  -0.0000   0.29200000
  0.073057  -0.0000   0.29200000
  0.073124  -0.0000   0.29300000
  0.073184  -0.0000   0.29300000
  0.073266  -0.0000   0.29400000
  0.073378  -0.0000   0.29600000
  0.073539  -0.0000   0.29700000
  0.073776  -0.0000   0.30000000
  0.074146  -0.0000   0.30500000
  0.074739  -0.0000   0.31100000
  0.075665  -0.0000   0.32000000
  0.076671  -0.0000   0.32900000
  0.077757  -0.0000   0.33800000
  0.078926  -0.0000   0.34700000
  0.080206  -0.0000   0.35700000
  0.081578  -0.0000   0.36600000
  0.083045  -0.0000   0.37500000
  0.084843  -0.0000   0.38600000
  0.086447  -0.0000   0.39500000
  0.088145  -0.0000   0.40300000
  0.089938  -0.0000   0.41200000
  0.090291  -0.0000   0.41400000
  0.090647  -0.0000   0.41600000
  0.091007  -0.0000   0.41700000
  0.091111  -0.0000   0.41800000
  0.091200  -0.0000   0.41900000
  0.091283  -0.0000   0.42000000
  0.091399  -0.0000   0.42200000
  0.091567  -0.0000   0.42400000
  0.091818  -0.0000   0.42700000
  0.092207  -0.0000   0.43100000
  0.092824  -0.0000   0.43800000
  0.093782  -0.0000   0.44800000
  0.094806  -0.0000   0.45800000
  0.095896  -0.0000   0.46800000
  0.097621  -0.0000   0.48200000
  0.099121  -0.0000   0.49400000
  0.100721  -0.0000   0.50600000
  0.102421  -0.0000   0.51800000
  0.104445  -0.0000   0.53100000
  0.106600  -0.0000   0.54400000
  0.108509  -0.0000   0.55500000
  0.108750  -0.0000   0.55600000
  0.108992  -0.0000   0.55800000
  0.109220  -0.0000   0.55900000
  0.109356  -0.0000   0.56000000
  0.109480  -0.0000   0.56200000
  0.109597  -0.0000   0.56300000
  0.109767  -0.0000   0.56500000
  0.110021  -0.0000   0.56800000
  0.110412  -0.0000   0.57300000
  0.111026  -0.0000   0.58000000
  0.112004  -0.0000   0.59100000
  0.113037  -0.0000   0.60200000
  0.114125  -0.0000   0.61200000
  0.115881  -0.0000   0.62800000
  0.117762  -0.0000   0.64400000
  0.119773  -0.0000   0.66000000
  0.121918  -0.0000   0.67600000
  0.124198  -0.0000   0.69200000
  0.126211  -0.0000   0.70600000
  0.126576  -0.0000   0.70800000
  0.126945  -0.0000   0.71000000
  0.127317  -0.0000   0.71300000
  0.127466  -0.0000   0.71400000
  0.127590  -0.0000   0.71600000
  0.127708  -0.0000   0.71700000
  0.127878  -0.0000   0.71900000
  0.128132  -0.0000   0.72300000
  0.128520  -0.0000   0.72700000
  0.129124  -0.0000   0.73500000
  0.130078  -0.0000   0.74600000
  0.131078  -0.0000   0.75700000
  0.132121  -0.0000   0.76800000
  0.133783  -0.0000   0.78400000
  0.135298  -0.0000   0.79800000
  0.136889  -0.0000   0.81200000
  0.138556  -0.0000   0.82700000
  0.140411  -0.0000   0.84200000
  0.142355  -0.0000   0.85700000
  0.144390  -0.0000   0.87200000
  0.144681  -0.0000   0.87400000
  0.144975  -0.0000   0.87600000
  0.145270  -0.0000   0.87800000
  0.145634  -0.0000   0.88200000
  0.145853  -0.0000   0.88400000
  0.146062  -0.0000   0.88700000
  0.146268  -0.0000   0.89000000
  0.146475  -0.0000   0.89300000
  0.146790  -0.0000   0.89700000
  0.147277  -0.0000   0.90300000
  0.148034  -0.0000   0.91200000
  0.149226  -0.0000   0.92600000
  0.151036  -0.0000   0.94500000
  0.152955  -0.0000   0.96500000
  0.155344  -0.0000   0.98800000
  0.157777  -0.0000   1.01000000
  0.160148  -0.0000   1.03000000
  0.162485  -0.0000   1.06000000
  0.162727  -0.0000   1.06000000
  0.162969  -0.0000   1.06000000
  0.163210  -0.0000   1.06000000
  0.163571  -0.0000   1.07000000
  0.163757  -0.0000   1.07000000
  0.163909  -0.0000   1.07000000
  0.164054  -0.0000   1.07000000
  0.164265  -0.0000   1.08000000
  0.164579  -0.0000   1.08000000
  0.165053  -0.0000   1.09000000
  0.165768  -0.0000   1.10000000
  0.166815  -0.0000   1.12000000
  0.167859  -0.0000   1.14000000
  0.169416  -0.0000   1.17000000
  0.171729  -0.0000   1.21000000
  0.175145  -0.0000   1.27000000
  0.178508  -0.0000   1.33000000
  0.180715  -0.0000   1.37000000
  0.181003  -0.0000   1.38000000
  0.181291  -0.0000   1.38000000
  0.181578  -0.0000   1.39000000
  0.181757  -0.0000   1.39000000
  0.181915  -0.0000   1.40000000
  0.182067  -0.0000   1.40000000
  0.182293  -0.0000   1.41000000
  0.182632  -0.0000   1.42000000
  0.183144  -0.0000   1.44000000
  0.183916  -0.0000   1.46000000
  0.185071  -0.0000   1.50000000
  0.186795  -0.0000   1.55000000
  0.189353  -0.0000   1.63000000
  0.193132  -0.0000   1.75000000
  0.196849  -0.0000   1.87000000
  0.197475  -0.0000   1.89000000
  0.198100  -0.0000   1.91000000
  0.198722  -0.0000   1.93000000
  0.199625  -0.0000   1.96000000
  0.199769  -0.0000   1.97000000
  0.199907  -0.0000   1.97000000
  0.200041  -0.0000   1.98000000
  0.200241  -0.0000   1.99000000
  0.200543  -0.0000   2.01000000
  0.200997  -0.0000   2.03000000
  0.201682  -0.0000   2.07000000
  0.202709  -0.0000   2.12000000
  0.204242  -0.0000   2.20000000
  0.206522  -0.0000   2.32000000
  0.209899  -0.0000   2.50000000
  0.212977  -0.0000   2.66000000
  0.216016  -0.0000   2.83000000
  0.216373  -0.0000   2.85000000
  0.216730  -0.0000   2.87000000
  0.217086  -0.0000   2.89000000
  0.217599  -0.0000   2.91000000
  0.217763  -0.0000   2.93000000
  0.217920  -0.0000   2.94000000
  0.218075  -0.0000   2.95000000
  0.218308  -0.0000   2.97000000
  0.218660  -0.0000   3.00000000
  0.219191  -0.0000   3.05000000
  0.219987  -0.0000   3.11000000
  0.221178  -0.0000   3.21000000
  0.222953  -0.0000   3.36000000
  0.225590  -0.0000   3.58000000
  0.229487  -0.0000   3.91000000
  0.233326  -0.0000   4.25000000
  0.233738  -0.0000   4.28000000
  0.234149  -0.0000   4.32000000
  0.234559  -0.0000   4.35000000
  0.235173  -0.0000   4.41000000
  0.235482  -0.0000   4.44000000
  0.235705  -0.0000   4.46000000
  0.235915  -0.0000   4.49000000
  0.236125  -0.0000   4.52000000
  0.236336  -0.0000   4.54000000
  0.236654  -0.0000   4.58000000
  0.237131  -0.0000   4.65000000
  0.237848  -0.0000   4.74000000
  0.238919  -0.0000   4.87000000
  0.240517  -0.0000   5.08000000
  0.242892  -0.0000   5.39000000
  0.246408  -0.0000   5.85000000
  0.249879  -0.0000   6.31000000
  0.253303  -0.0000   6.78000000
  0.253503  -0.0000   6.80000000
  0.253655  -0.0000   6.83000000
  0.253803  -0.0000   6.86000000
  0.254024  -0.0000   6.90000000
  0.254246  -0.0000   6.95000000
  0.254581  -0.0000   7.01000000
  0.255085  -0.0000   7.11000000
  0.255840  -0.0000   7.25000000
  0.256969  -0.0000   7.47000000
  0.258651  -0.0000   7.79000000
  0.261150  -0.0000   8.28000000
  0.264851  -0.0000   9.01000000
  0.268503  -0.0000   9.74000000
  0.269414  -0.0000   9.92000000
  0.270322  -0.0000  10.10000000
  0.271226  -0.0000  10.30000000
  0.271471  -0.0000  10.30000000
  0.271652  -0.0000  10.40000000
  0.271830  -0.0000  10.40000000
  0.272008  -0.0000  10.50000000
  0.272187  -0.0000  10.50000000
  0.272457  -0.0000  10.60000000
  0.272863  -0.0000  10.70000000
  0.273471  -0.0000  10.90000000
  0.274380  -0.0000  11.20000000
  0.275738  -0.0000  11.50000000
  0.277759  -0.0000  12.10000000
  0.280759  -0.0000  13.00000000
  0.283806  -0.0000  13.80000000
  0.286819  -0.0000  14.70000000
  0.288164  -0.0000  15.10000000
  0.289482  -0.0000  15.50000000
  0.289651  -0.0000  15.60000000
  0.289817  -0.0000  15.60000000
  0.289984  -0.0000  15.70000000
  0.290235  -0.0000  15.80000000
  0.290613  -0.0000  16.00000000
  0.291182  -0.0000  16.20000000
  0.292033  -0.0000  16.50000000
  0.293304  -0.0000  17.00000000
  0.295199  -0.0000  17.80000000
  0.298014  -0.0000  18.90000000
  0.301179  -0.0000  20.20000000
  0.304310  -0.0000  21.50000000
  0.307406  -0.0000  22.80000000
  0.307583  -0.0000  22.90000000
  0.307746  -0.0000  23.00000000
  0.307910  -0.0000  23.10000000
  0.308156  -0.0000  23.20000000
  0.308528  -0.0000  23.40000000
  0.309086  -0.0000  23.80000000
  0.309920  -0.0000  24.20000000
  0.311167  -0.0000  24.90000000
  0.313024  -0.0000  25.90000000
  0.315782  -0.0000  27.50000000
  0.318891  -0.0000  29.30000000
  0.321967  -0.0000  31.10000000
  0.325011  -0.0000  32.80000000
  0.325246  -0.0000  33.00000000
  0.325459  -0.0000  33.10000000
  0.325639  -0.0000  33.20000000
  0.325908  -0.0000  33.40000000
  0.326314  -0.0000  33.80000000
  0.326721  -0.0000  34.10000000
  0.327330  -0.0000  34.50000000
  0.328241  -0.0000  35.20000000
  0.329600  -0.0000  36.20000000
  0.331625  -0.0000  37.80000000
  0.334631  -0.0000  40.10000000
  0.337530  -0.0000  42.40000000
  0.340402  -0.0000  44.70000000
  0.343246  -0.0000  46.90000000
  0.343461  -0.0000  47.10000000
  0.343638  -0.0000  47.30000000
  0.343816  -0.0000  47.50000000
  0.344084  -0.0000  47.80000000
  0.344353  -0.0000  48.00000000
  0.344757  -0.0000  48.40000000
  0.345361  -0.0000  49.10000000
  0.346265  -0.0000  50.00000000
  0.347615  -0.0000  51.40000000
  0.349624  -0.0000  53.40000000
  0.352609  -0.0000  56.50000000
  0.355490  -0.0000  59.60000000
  0.358345  -0.0000  62.60000000
  0.361172  -0.0000  65.60000000
  0.361407  -0.0000  65.90000000
  0.361594  -0.0000  66.20000000
  0.361779  -0.0000  66.40000000
  0.362059  -0.0000  66.80000000
  0.362340  -0.0000  67.20000000
  0.362761  -0.0000  67.70000000
  0.363391  -0.0000  68.60000000
  0.364333  -0.0000  69.80000000
  0.365739  -0.0000  71.80000000
  0.367832  -0.0000  74.60000000
  0.370941  -0.0000  78.90000000
  0.374020  -0.0000  83.20000000
  0.377068  -0.0000  87.50000000
  0.377893  -0.0000  88.70000000
  0.378716  -0.0000  89.90000000
  0.379506  -0.0000  91.00000000
  0.379726  -0.0000  91.40000000
  0.379946  -0.0000  91.80000000
  0.380168  -0.0000  92.20000000
  0.380391  -0.0000  92.60000000
  0.380724  -0.0000  93.20000000
  0.381224  -0.0000  94.10000000
  0.381972  -0.0000  95.40000000
  0.383089  -0.0000  97.40000000
  0.384754  -0.0000 100.00000000
  0.387233  -0.0000 105.00000000
  0.390909  -0.0000 112.00000000
  0.394544  -0.0000 118.00000000
  0.395466  -0.0000 120.00000000
  0.396386  -0.0000 122.00000000
  0.397303  -0.0000 123.00000000
  0.397540  -0.0000 124.00000000
  0.397749  -0.0000 124.00000000
  0.397959  -0.0000 125.00000000
  0.398276  -0.0000 125.00000000
  0.398593  -0.0000 126.00000000
  0.399068  -0.0000 127.00000000
  0.399779  -0.0000 129.00000000
  0.400841  -0.0000 131.00000000
  0.402425  -0.0000 135.00000000
  0.404782  -0.0000 140.00000000
  0.408280  -0.0000 149.00000000
  0.411741  -0.0000 157.00000000
  0.415164  -0.0000 165.00000000
  0.415414  -0.0000 166.00000000
  0.415623  -0.0000 166.00000000
  0.415828  -0.0000 167.00000000
  0.416137  -0.0000 168.00000000
  0.416447  -0.0000 169.00000000
  0.416911  -0.0000 170.00000000
  0.417606  -0.0000 172.00000000
  0.418644  -0.0000 175.00000000
  0.420192  -0.0000 180.00000000
  0.422497  -0.0000 186.00000000
  0.425917  -0.0000 197.00000000
  0.429303  -0.0000 207.00000000
  0.432654  -0.0000 217.00000000
  0.432947  -0.0000 218.00000000
  0.433241  -0.0000 219.00000000
  0.433520  -0.0000 220.00000000
  0.433795  -0.0000 221.00000000
  0.434072  -0.0000 222.00000000
  0.434350  -0.0000 223.00000000
  0.434628  -0.0000 224.00000000
  0.435045  -0.0000 226.00000000
  0.435668  -0.0000 228.00000000
  0.436600  -0.0000 231.00000000
  0.437990  -0.0000 236.00000000
  0.440062  -0.0000 244.00000000
  0.443140  -0.0000 256.00000000
  0.446190  -0.0000 267.00000000
  0.449212  -0.0000 279.00000000
  0.450033  -0.0000 282.00000000
  0.450853  -0.0000 285.00000000
  0.451632  -0.0000 289.00000000
  0.451870  -0.0000 290.00000000
  0.452109  -0.0000 291.00000000
  0.452349  -0.0000 292.00000000
  0.452709  -0.0000 294.00000000
  0.453248  -0.0000 296.00000000
  0.454055  -0.0000 300.00000000
  0.455259  -0.0000 305.00000000
  0.457054  -0.0000 314.00000000
  0.459725  -0.0000 326.00000000
  0.462643  -0.0000 340.00000000
  0.465535  -0.0000 354.00000000
  0.468402  -0.0000 368.00000000
  0.468720  -0.0000 369.00000000
  0.469038  -0.0000 371.00000000
  0.469356  -0.0000 372.00000000
  0.469704  -0.0000 374.00000000
  0.470031  -0.0000 376.00000000
  0.470358  -0.0000 378.00000000
  0.470686  -0.0000 380.00000000
  0.471014  -0.0000 382.00000000
  0.471504  -0.0000 385.00000000
  0.472238  -0.0000 389.00000000
  0.473334  -0.0000 395.00000000
  0.474969  -0.0000 405.00000000
  0.477402  -0.0000 419.00000000
  0.480474  -0.0000 437.00000000
  0.483519  -0.0000 455.00000000
  0.486536  -0.0000 473.00000000
  0.486875  -0.0000 475.00000000
  0.487214  -0.0000 477.00000000
  0.487549  -0.0000 479.00000000
  0.487779  -0.0000 481.00000000
  0.488011  -0.0000 483.00000000
  0.488243  -0.0000 484.00000000
  0.488475  -0.0000 486.00000000
  0.488824  -0.0000 488.00000000
  0.489345  -0.0000 492.00000000
  0.490125  -0.0000 497.00000000
  0.491290  -0.0000 506.00000000
  0.493027  -0.0000 518.00000000
  0.495611  -0.0000 537.00000000
  0.498563  -0.0000 558.00000000
  0.501491  -0.0000 580.00000000
  0.504393  -0.0000 601.00000000
  0.504725  -0.0000 603.00000000
  0.505058  -0.0000 606.00000000
  0.505390  -0.0000 608.00000000
  0.505739  -0.0000 611.00000000
  0.506068  -0.0000 614.00000000
  0.506399  -0.0000 617.00000000
  0.506729  -0.0000 620.00000000
  0.507059  -0.0000 623.00000000
  0.507554  -0.0000 627.00000000
  0.508293  -0.0000 633.00000000
  0.509398  -0.0000 643.00000000
  0.511045  -0.0000 657.00000000
  0.513498  -0.0000 679.00000000
  0.516547  -0.0000 706.00000000
  0.519569  -0.0000 733.00000000
  0.522565  -0.0000 760.00000000
  0.522890  -0.0000 763.00000000
  0.523215  -0.0000 766.00000000
  0.523539  -0.0000 769.00000000
  0.523801  -0.0000 771.00000000
  0.524058  -0.0000 774.00000000
  0.524316  -0.0000 777.00000000
  0.524574  -0.0000 779.00000000
  0.524960  -0.0000 784.00000000
  0.525539  -0.0000 790.00000000
  0.526404  -0.0000 799.00000000
  0.527694  -0.0000 812.00000000
  0.529618  -0.0000 833.00000000
  0.532480  -0.0000 863.00000000
  0.536112  -0.0000 903.00000000
  0.539707  -0.0000 942.00000000
  0.540199  -0.0000 947.00000000
  0.540690  -0.0000 953.00000000
  0.541180  -0.0000 958.00000000
  0.541770  -0.0000 965.00000000
  0.542044  -0.0000 968.00000000
  0.542320  -0.0000 972.00000000
  0.542596  -0.0000 975.00000000
  0.542871  -0.0000 979.00000000
  0.543284  -0.0000 984.00000000
  0.543902  -0.0000 992.00000000
  0.544826  -0.0000 1003.00000000
  0.546205  -0.0000 1021.00000000
  0.548260  -0.0000 1047.00000000
  0.551315  -0.0000 1087.00000000
  0.554345  -0.0000 1126.00000000
  0.557349  -0.0000 1166.00000000
  0.558323  -0.0000 1179.00000000
  0.559294  -0.0000 1192.00000000
  0.559704  -0.0000 1197.00000000
  0.559951  -0.0000 1201.00000000
  0.560199  -0.0000 1205.00000000
  0.560448  -0.0000 1208.00000000
  0.560697  -0.0000 1212.00000000
  0.561069  -0.0000 1218.00000000
  0.561627  -0.0000 1226.00000000
  0.562461  -0.0000 1239.00000000
  0.563707  -0.0000 1258.00000000
  0.565564  -0.0000 1286.00000000
  0.568327  -0.0000 1329.00000000
  0.571445  -0.0000 1378.00000000
  0.574536  -0.0000 1426.00000000
  0.577601  -0.0000 1475.00000000
  0.577833  -0.0000 1479.00000000
  0.578051  -0.0000 1483.00000000
  0.578270  -0.0000 1487.00000000
  0.578490  -0.0000 1491.00000000
  0.578819  -0.0000 1497.00000000
  0.579311  -0.0000 1505.00000000
  0.580047  -0.0000 1519.00000000
  0.581147  -0.0000 1539.00000000
  0.582788  -0.0000 1569.00000000
  0.585231  -0.0000 1614.00000000
  0.588205  -0.0000 1669.00000000
  0.591155  -0.0000 1724.00000000
  0.594081  -0.0000 1779.00000000
  0.594516  -0.0000 1787.00000000
  0.594950  -0.0000 1795.00000000
  0.595383  -0.0000 1803.00000000
  0.595994  -0.0000 1816.00000000
  0.596322  -0.0000 1823.00000000
  0.596650  -0.0000 1830.00000000
  0.596978  -0.0000 1837.00000000
  0.597306  -0.0000 1844.00000000
  0.597796  -0.0000 1854.00000000
  0.598530  -0.0000 1870.00000000
  0.599627  -0.0000 1893.00000000
  0.601263  -0.0000 1929.00000000
  0.603700  -0.0000 1982.00000000
  0.607319  -0.0000 2062.00000000
  0.610902  -0.0000 2141.00000000
  0.612025  -0.0000 2166.00000000
  0.613144  -0.0000 2192.00000000
  0.613784  -0.0000 2206.00000000
  0.614058  -0.0000 2213.00000000
  0.614328  -0.0000 2219.00000000
  0.614598  -0.0000 2226.00000000
  0.615003  -0.0000 2236.00000000
  0.615610  -0.0000 2252.00000000
  0.616517  -0.0000 2275.00000000
  0.617870  -0.0000 2309.00000000
  0.619887  -0.0000 2361.00000000
  0.622887  -0.0000 2438.00000000
  0.625862  -0.0000 2515.00000000
  0.628814  -0.0000 2593.00000000
  0.631742  -0.0000 2670.00000000
  0.631980  -0.0000 2677.00000000
  0.632205  -0.0000 2683.00000000
  0.632431  -0.0000 2690.00000000
  0.632657  -0.0000 2697.00000000
  0.632995  -0.0000 2707.00000000
  0.633502  -0.0000 2722.00000000
  0.634260  -0.0000 2744.00000000
  0.635393  -0.0000 2778.00000000
  0.637081  -0.0000 2828.00000000
  0.639596  -0.0000 2904.00000000
  0.642643  -0.0000 2997.00000000
  0.645664  -0.0000 3090.00000000
  0.648662  -0.0000 3182.00000000
  0.649049  -0.0000 3194.00000000
  0.649436  -0.0000 3206.00000000
  0.649822  -0.0000 3218.00000000
  0.650149  -0.0000 3229.00000000
  0.650467  -0.0000 3240.00000000
  0.650785  -0.0000 3251.00000000
  0.651102  -0.0000 3262.00000000
  0.651578  -0.0000 3279.00000000
  0.652290  -0.0000 3303.00000000
  0.653353  -0.0000 3340.00000000
  0.654939  -0.0000 3396.00000000
  0.657302  -0.0000 3479.00000000
  0.660813  -0.0000 3604.00000000
  0.664291  -0.0000 3729.00000000
  0.667738  -0.0000 3853.00000000
  0.668009  -0.0000 3863.00000000
  0.668254  -0.0000 3873.00000000
  0.668498  -0.0000 3883.00000000
  0.668865  -0.0000 3898.00000000
  0.669231  -0.0000 3912.00000000
  0.669780  -0.0000 3934.00000000
  0.670600  -0.0000 3967.00000000
  0.671824  -0.0000 4017.00000000
  0.673650  -0.0000 4092.00000000
  0.676367  -0.0000 4203.00000000
  0.679830  -0.0000 4347.00000000
  0.683262  -0.0000 4490.00000000
  0.684451  -0.0000 4540.00000000
  0.685635  -0.0000 4590.00000000
  0.686066  -0.0000 4608.00000000
  0.686352  -0.0000 4622.00000000
  0.686638  -0.0000 4635.00000000
  0.686924  -0.0000 4648.00000000
  0.687210  -0.0000 4662.00000000
  0.687638  -0.0000 4682.00000000
  0.688278  -0.0000 4712.00000000
  0.689235  -0.0000 4756.00000000
  0.690663  -0.0000 4824.00000000
  0.692792  -0.0000 4925.00000000
  0.695958  -0.0000 5076.00000000
  0.699097  -0.0000 5227.00000000
  0.702212  -0.0000 5379.00000000
  0.702884  -0.0000 5412.00000000
  0.703555  -0.0000 5444.00000000
  0.704218  -0.0000 5477.00000000
  0.704472  -0.0000 5491.00000000
  0.704728  -0.0000 5504.00000000
  0.704983  -0.0000 5518.00000000
  0.705366  -0.0000 5539.00000000
  0.705940  -0.0000 5570.00000000
  0.706797  -0.0000 5616.00000000
  0.708076  -0.0000 5685.00000000
  0.709985  -0.0000 5790.00000000
  0.712825  -0.0000 5946.00000000
  0.716279  -0.0000 6138.00000000
  0.719703  -0.0000 6330.00000000
  0.720678  -0.0000 6385.00000000
  0.721650  -0.0000 6439.00000000
  0.722395  -0.0000 6482.00000000
  0.722676  -0.0000 6500.00000000
  0.722958  -0.0000 6517.00000000
  0.723240  -0.0000 6535.00000000
  0.723522  -0.0000 6552.00000000
  0.723944  -0.0000 6578.00000000
  0.724575  -0.0000 6617.00000000
  0.725519  -0.0000 6676.00000000
  0.726929  -0.0000 6764.00000000
  0.729030  -0.0000 6897.00000000
  0.732156  -0.0000 7095.00000000
  0.735256  -0.0000 7294.00000000
  0.738332  -0.0000 7492.00000000
  0.739094  -0.0000 7542.00000000
  0.739854  -0.0000 7591.00000000
  0.740588  -0.0000 7640.00000000
  0.740917  -0.0000 7664.00000000
  0.741246  -0.0000 7687.00000000
  0.741575  -0.0000 7710.00000000
  0.741904  -0.0000 7734.00000000
  0.742396  -0.0000 7769.00000000
  0.743132  -0.0000 7821.00000000
  0.744233  -0.0000 7900.00000000
  0.745875  -0.0000 8018.00000000
  0.748321  -0.0000 8195.00000000
  0.751955  -0.0000 8461.00000000
  0.755557  -0.0000 8727.00000000
  0.756721  -0.0000 8813.00000000
  0.757881  -0.0000 8899.00000000
  0.758446  -0.0000 8941.00000000
  0.758728  -0.0000 8964.00000000
  0.759010  -0.0000 8987.00000000
  0.759292  -0.0000 9010.00000000
  0.759713  -0.0000 9044.00000000
  0.760345  -0.0000 9095.00000000
  0.761288  -0.0000 9172.00000000
  0.762697  -0.0000 9287.00000000
  0.764796  -0.0000 9460.00000000
  0.767919  -0.0000 9719.00000000
  0.771016  -0.0000 9979.00000000
  0.771269  -0.0000 10000.00000000
  0.770907  -0.0000 10000.00000000
  0.770907  -0.0000 10000.00000000
  0.770907  -0.0000 10000.00000000
  0.770907  -0.0000 10000.00000000
  0.770907  -0.0000 10000.00000000
  0.770907  -0.0000 10000.00000000
  0.770907  -0.0000 10000.00000000
  0.770907  -0.0000 10000.00000000
  0.770907  -0.0000 10000.00000000
  0.770906  -0.0000 10000.00000000
  0.770906  -0.0000 10000.00000000
  0.770904  -0.0000 10000.00000000
  0.770904  -0.0000 10000.00000000
