  0.000146  -0.0000   0.00100000
  0.000318  -0.0000   0.00200000
  0.000863  -0.0000   0.00300000
  0.006689  -0.0000   0.00450000
  0.006918  -0.0000   0.00525400
  0.007092  -0.0000   0.00600900
  0.007292  -0.0000   0.00676300
  0.007543  -0.0000   0.00757300
  0.007838  -0.0000   0.00838300
  0.008179  -0.0000   0.00919400
  0.008570  -0.0000   0.01000000
  0.009017  -0.0000   0.01081000
  0.009526  -0.0000   0.01162000
  0.009978  -0.0000   0.01227000
  0.010482  -0.0000   0.01291000
  0.011046  -0.0000   0.01356000
  0.011678  -0.0000   0.01421000
  0.012213  -0.0000   0.01471000
  0.012795  -0.0000   0.01521000
  0.013425  -0.0000   0.01571000
  0.014081  -0.0000   0.01619000
  0.014785  -0.0000   0.01668000
  0.015537  -0.0000   0.01716000
  0.016421  -0.0000   0.01770000
  0.017362  -0.0000   0.01823000
  0.018358  -0.0000   0.01876000
  0.019407  -0.0000   0.01930000
  0.019892  -0.0000   0.01954000
  0.020242  -0.0000   0.01978000
  0.020267  -0.0000   0.01987000
  0.020290  -0.0000   0.01995000
  0.020310  -0.0000   0.02004000
  0.020337  -0.0000   0.02017000
  0.020372  -0.0000   0.02037000
  0.020418  -0.0000   0.02067000
  0.020460  -0.0000   0.02096000
  0.020512  -0.0000   0.02138000
  0.020560  -0.0000   0.02179000
  0.020627  -0.0000   0.02241000
  0.020721  -0.0000   0.02334000
  0.020838  -0.0000   0.02456000
  0.020951  -0.0000   0.02579000
  0.021119  -0.0000   0.02762000
  0.021289  -0.0000   0.02945000
  0.021555  -0.0000   0.03220000
  0.022004  -0.0000   0.03633000
  0.022239  -0.0000   0.03833000
  0.022497  -0.0000   0.04032000
  0.022783  -0.0000   0.04232000
  0.023289  -0.0000   0.04532000
  0.023702  -0.0000   0.04748000
  0.024170  -0.0000   0.04963000
  0.024699  -0.0000   0.05179000
  0.025182  -0.0000   0.05357000
  0.025713  -0.0000   0.05535000
  0.026297  -0.0000   0.05713000
  0.026855  -0.0000   0.05870000
  0.027458  -0.0000   0.06027000
  0.028108  -0.0000   0.06184000
  0.028760  -0.0000   0.06332000
  0.029456  -0.0000   0.06479000
  0.030196  -0.0000   0.06626000
  0.030962  -0.0000   0.06770000
  0.031772  -0.0000   0.06914000
  0.032627  -0.0000   0.07058000
  0.033656  -0.0000   0.07222000
  0.034744  -0.0000   0.07385000
  0.035890  -0.0000   0.07549000
  0.036902  -0.0000   0.07687000
  0.037044  -0.0000   0.07706000
  0.037188  -0.0000   0.07726000
  0.037327  -0.0000   0.07745000
  0.037366  -0.0000   0.07763000
  0.037399  -0.0000   0.07781000
  0.037430  -0.0000   0.07799000
  0.037472  -0.0000   0.07826000
  0.037528  -0.0000   0.07867000
  0.037602  -0.0000   0.07928000
  0.037701  -0.0000   0.08019000
  0.037792  -0.0000   0.08110000
  0.037918  -0.0000   0.08247000
  0.038094  -0.0000   0.08452000
  0.038347  -0.0000   0.08760000
  0.038599  -0.0000   0.09067000
  0.038996  -0.0000   0.09529000
  0.039531  -0.0000   0.10100000
  0.040148  -0.0000   0.10600000
  0.040616  -0.0000   0.11000000
  0.041139  -0.0000   0.11400000
  0.041721  -0.0000   0.11800000
  0.042368  -0.0000   0.12200000
  0.043083  -0.0000   0.12600000
  0.043871  -0.0000   0.12900000
  0.044718  -0.0000   0.13300000
  0.045641  -0.0000   0.13700000
  0.046645  -0.0000   0.14100000
  0.047732  -0.0000   0.14400000
  0.048905  -0.0000   0.14800000
  0.050168  -0.0000   0.15200000
  0.051521  -0.0000   0.15600000
  0.052967  -0.0000   0.15900000
  0.054229  -0.0000   0.16300000
  0.055495  -0.0000   0.16600000
  0.055550  -0.0000   0.16600000
  0.055600  -0.0000   0.16600000
  0.055646  -0.0000   0.16700000
  0.055710  -0.0000   0.16700000
  0.055796  -0.0000   0.16800000
  0.055913  -0.0000   0.16900000
  0.056072  -0.0000   0.17100000
  0.056291  -0.0000   0.17300000
  0.056598  -0.0000   0.17700000
  0.056900  -0.0000   0.18000000
  0.057364  -0.0000   0.18600000
  0.057956  -0.0000   0.19200000
  0.058610  -0.0000   0.19900000
  0.059342  -0.0000   0.20500000
  0.060162  -0.0000   0.21200000
  0.061075  -0.0000   0.21800000
  0.062089  -0.0000   0.22500000
  0.063206  -0.0000   0.23100000
  0.064433  -0.0000   0.23800000
  0.065503  -0.0000   0.24300000
  0.066650  -0.0000   0.24800000
  0.067876  -0.0000   0.25400000
  0.069339  -0.0000   0.26000000
  0.070905  -0.0000   0.26500000
  0.072269  -0.0000   0.27000000
  0.073585  -0.0000   0.27500000
  0.073660  -0.0000   0.27600000
  0.073729  -0.0000   0.27600000
  0.073793  -0.0000   0.27700000
  0.073882  -0.0000   0.27800000
  0.074006  -0.0000   0.27900000
  0.074175  -0.0000   0.28100000
  0.074410  -0.0000   0.28400000
  0.074743  -0.0000   0.28800000
  0.075234  -0.0000   0.29400000
  0.076013  -0.0000   0.30300000
  0.076612  -0.0000   0.31000000
  0.077258  -0.0000   0.31700000
  0.077959  -0.0000   0.32300000
  0.078917  -0.0000   0.33200000
  0.079968  -0.0000   0.34000000
  0.081115  -0.0000   0.34800000
  0.082362  -0.0000   0.35700000
  0.083712  -0.0000   0.36500000
  0.085168  -0.0000   0.37300000
  0.086732  -0.0000   0.38200000
  0.088128  -0.0000   0.38900000
  0.089604  -0.0000   0.39600000
  0.091160  -0.0000   0.40300000
  0.091347  -0.0000   0.40300000
  0.091503  -0.0000   0.40400000
  0.091600  -0.0000   0.40500000
  0.091731  -0.0000   0.40600000
  0.091907  -0.0000   0.40800000
  0.092071  -0.0000   0.41000000
  0.092299  -0.0000   0.41300000
  0.092622  -0.0000   0.41700000
  0.093095  -0.0000   0.42300000
  0.093827  -0.0000   0.43300000
  0.094380  -0.0000   0.44000000
  0.094964  -0.0000   0.44700000
  0.095585  -0.0000   0.45300000
  0.096603  -0.0000   0.46400000
  0.097712  -0.0000   0.47400000
  0.098913  -0.0000   0.48400000
  0.100209  -0.0000   0.49500000
  0.101604  -0.0000   0.50500000
  0.103097  -0.0000   0.51500000
  0.104693  -0.0000   0.52500000
  0.106394  -0.0000   0.53600000
  0.108199  -0.0000   0.54600000
  0.108812  -0.0000   0.54900000
  0.109437  -0.0000   0.55300000
  0.109630  -0.0000   0.55400000
  0.109768  -0.0000   0.55500000
  0.109896  -0.0000   0.55700000
  0.110073  -0.0000   0.55900000
  0.110319  -0.0000   0.56200000
  0.110665  -0.0000   0.56700000
  0.111169  -0.0000   0.57400000
  0.111943  -0.0000   0.58400000
  0.112765  -0.0000   0.59500000
  0.113647  -0.0000   0.60600000
  0.114595  -0.0000   0.61600000
  0.115610  -0.0000   0.62700000
  0.116694  -0.0000   0.63700000
  0.117847  -0.0000   0.64800000
  0.119229  -0.0000   0.66000000
  0.120701  -0.0000   0.67200000
  0.122266  -0.0000   0.68400000
  0.124106  -0.0000   0.69700000
  0.126061  -0.0000   0.71000000
  0.126890  -0.0000   0.71500000
  0.127688  -0.0000   0.72100000
  0.127823  -0.0000   0.72200000
  0.127949  -0.0000   0.72300000
  0.128068  -0.0000   0.72500000
  0.128236  -0.0000   0.72700000
  0.128474  -0.0000   0.73000000
  0.128814  -0.0000   0.73500000
  0.129311  -0.0000   0.74300000
  0.130074  -0.0000   0.75300000
  0.130876  -0.0000   0.76400000
  0.131726  -0.0000   0.77500000
  0.132630  -0.0000   0.78600000
  0.133587  -0.0000   0.79700000
  0.134598  -0.0000   0.80800000
  0.136153  -0.0000   0.82400000
  0.137820  -0.0000   0.84000000
  0.139601  -0.0000   0.85500000
  0.141498  -0.0000   0.87100000
  0.143512  -0.0000   0.88600000
  0.145644  -0.0000   0.90200000
  0.145773  -0.0000   0.90300000
  0.145881  -0.0000   0.90500000
  0.145985  -0.0000   0.90600000
  0.146132  -0.0000   0.90800000
  0.146340  -0.0000   0.91100000
  0.146634  -0.0000   0.91500000
  0.147059  -0.0000   0.92200000
  0.147693  -0.0000   0.93100000
  0.148356  -0.0000   0.94100000
  0.149046  -0.0000   0.95100000
  0.149767  -0.0000   0.96100000
  0.150785  -0.0000   0.97400000
  0.151861  -0.0000   0.98700000
  0.152992  -0.0000   1.00000000
  0.154030  -0.0000   1.01000000
  0.155558  -0.0000   1.03000000
  0.157797  -0.0000   1.06000000
  0.161052  -0.0000   1.11000000
  0.161501  -0.0000   1.11000000
  0.161947  -0.0000   1.12000000
  0.162391  -0.0000   1.13000000
  0.163053  -0.0000   1.14000000
  0.163300  -0.0000   1.14000000
  0.163465  -0.0000   1.14000000
  0.163611  -0.0000   1.15000000
  0.163811  -0.0000   1.15000000
  0.163999  -0.0000   1.16000000
  0.164262  -0.0000   1.16000000
  0.164635  -0.0000   1.18000000
  0.165174  -0.0000   1.19000000
  0.165970  -0.0000   1.22000000
  0.166766  -0.0000   1.24000000
  0.167563  -0.0000   1.27000000
  0.168361  -0.0000   1.30000000
  0.169554  -0.0000   1.34000000
  0.171331  -0.0000   1.40000000
  0.173955  -0.0000   1.48000000
  0.176739  -0.0000   1.58000000
  0.179468  -0.0000   1.67000000
  0.179707  -0.0000   1.68000000
  0.179947  -0.0000   1.69000000
  0.180186  -0.0000   1.70000000
  0.180543  -0.0000   1.71000000
  0.180693  -0.0000   1.72000000
  0.180830  -0.0000   1.73000000
  0.180958  -0.0000   1.74000000
  0.181139  -0.0000   1.75000000
  0.181394  -0.0000   1.77000000
  0.181757  -0.0000   1.79000000
  0.182289  -0.0000   1.83000000
  0.183081  -0.0000   1.89000000
  0.183877  -0.0000   1.95000000
  0.184675  -0.0000   2.01000000
  0.185475  -0.0000   2.07000000
  0.186671  -0.0000   2.16000000
  0.188454  -0.0000   2.30000000
  0.191092  -0.0000   2.50000000
  0.193938  -0.0000   2.73000000
  0.196731  -0.0000   2.95000000
  0.196955  -0.0000   2.97000000
  0.197179  -0.0000   2.99000000
  0.197402  -0.0000   3.00000000
  0.197719  -0.0000   3.03000000
  0.197879  -0.0000   3.05000000
  0.198027  -0.0000   3.07000000
  0.198167  -0.0000   3.09000000
  0.198365  -0.0000   3.12000000
  0.198649  -0.0000   3.16000000
  0.199063  -0.0000   3.23000000
  0.199680  -0.0000   3.33000000
  0.200584  -0.0000   3.48000000
  0.201493  -0.0000   3.62000000
  0.202404  -0.0000   3.77000000
  0.203314  -0.0000   3.91000000
  0.204674  -0.0000   4.13000000
  0.206696  -0.0000   4.46000000
  0.209683  -0.0000   4.95000000
  0.212494  -0.0000   5.42000000
  0.213291  -0.0000   5.56000000
  0.214083  -0.0000   5.69000000
  0.214847  -0.0000   5.82000000
  0.214977  -0.0000   5.86000000
  0.215098  -0.0000   5.89000000
  0.215213  -0.0000   5.92000000
  0.215376  -0.0000   5.97000000
  0.215611  -0.0000   6.04000000
  0.215953  -0.0000   6.15000000
  0.216463  -0.0000   6.32000000
  0.217232  -0.0000   6.57000000
  0.218007  -0.0000   6.81000000
  0.218783  -0.0000   7.06000000
  0.219561  -0.0000   7.31000000
  0.220725  -0.0000   7.68000000
  0.222462  -0.0000   8.23000000
  0.225037  -0.0000   9.07000000
  0.228179  -0.0000  10.10000000
  0.231266  -0.0000  11.10000000
  0.231462  -0.0000  11.20000000
  0.231657  -0.0000  11.30000000
  0.231852  -0.0000  11.30000000
  0.232071  -0.0000  11.40000000
  0.232255  -0.0000  11.50000000
  0.232429  -0.0000  11.60000000
  0.232597  -0.0000  11.70000000
  0.232842  -0.0000  11.90000000
  0.233207  -0.0000  12.10000000
  0.233756  -0.0000  12.40000000
  0.234586  -0.0000  12.90000000
  0.235420  -0.0000  13.40000000
  0.236255  -0.0000  13.90000000
  0.237504  -0.0000  14.70000000
  0.239368  -0.0000  15.80000000
  0.242131  -0.0000  17.50000000
  0.245063  -0.0000  19.30000000
  0.247949  -0.0000  21.10000000
  0.248190  -0.0000  21.20000000
  0.248430  -0.0000  21.40000000
  0.248670  -0.0000  21.50000000
  0.249026  -0.0000  21.80000000
  0.249165  -0.0000  21.90000000
  0.249295  -0.0000  22.00000000
  0.249418  -0.0000  22.10000000
  0.249595  -0.0000  22.30000000
  0.249855  -0.0000  22.60000000
  0.250242  -0.0000  23.00000000
  0.250826  -0.0000  23.70000000
  0.251597  -0.0000  24.50000000
  0.252372  -0.0000  25.30000000
  0.253147  -0.0000  26.20000000
  0.254309  -0.0000  27.40000000
  0.256042  -0.0000  29.30000000
  0.258616  -0.0000  32.10000000
  0.261774  -0.0000  35.60000000
  0.264884  -0.0000  39.00000000
  0.265143  -0.0000  39.30000000
  0.265402  -0.0000  39.60000000
  0.265661  -0.0000  39.90000000
  0.266048  -0.0000  40.40000000
  0.266261  -0.0000  40.60000000
  0.266429  -0.0000  40.90000000
  0.266588  -0.0000  41.20000000
  0.266816  -0.0000  41.60000000
  0.267042  -0.0000  42.10000000
  0.267380  -0.0000  42.70000000
  0.267892  -0.0000  43.60000000
  0.268665  -0.0000  45.10000000
  0.269440  -0.0000  46.50000000
  0.270604  -0.0000  48.60000000
  0.272342  -0.0000  51.90000000
  0.274925  -0.0000  56.70000000
  0.277953  -0.0000  62.40000000
  0.280938  -0.0000  68.20000000
  0.281658  -0.0000  69.60000000
  0.282374  -0.0000  70.90000000
  0.283088  -0.0000  72.30000000
  0.283310  -0.0000  72.80000000
  0.283469  -0.0000  73.20000000
  0.283616  -0.0000  73.60000000
  0.283827  -0.0000  74.30000000
  0.284034  -0.0000  74.90000000
  0.284344  -0.0000  75.90000000
  0.284813  -0.0000  77.40000000
  0.285522  -0.0000  79.50000000
  0.286234  -0.0000  81.70000000
  0.287302  -0.0000  85.00000000
  0.288899  -0.0000  89.90000000
  0.291276  -0.0000  97.30000000
  0.294792  -0.0000 108.00000000
  0.298253  -0.0000 119.00000000
  0.298676  -0.0000 121.00000000
  0.299098  -0.0000 122.00000000
  0.299519  -0.0000 124.00000000
  0.300148  -0.0000 126.00000000
  0.300420  -0.0000 126.00000000
  0.300631  -0.0000 127.00000000
  0.300813  -0.0000 128.00000000
  0.300989  -0.0000 129.00000000
  0.301163  -0.0000 130.00000000
  0.301423  -0.0000 131.00000000
  0.301816  -0.0000 133.00000000
  0.302410  -0.0000 136.00000000
  0.303306  -0.0000 141.00000000
  0.304202  -0.0000 145.00000000
  0.305544  -0.0000 152.00000000
  0.307544  -0.0000 162.00000000
  0.310511  -0.0000 177.00000000
  0.313594  -0.0000 192.00000000
  0.316635  -0.0000 208.00000000
  0.316877  -0.0000 210.00000000
  0.317120  -0.0000 211.00000000
  0.317362  -0.0000 212.00000000
  0.317710  -0.0000 214.00000000
  0.317874  -0.0000 215.00000000
  0.318030  -0.0000 216.00000000
  0.318181  -0.0000 218.00000000
  0.318407  -0.0000 219.00000000
  0.318748  -0.0000 222.00000000
  0.319263  -0.0000 226.00000000
  0.320041  -0.0000 232.00000000
  0.320820  -0.0000 238.00000000
  0.321988  -0.0000 247.00000000
  0.323733  -0.0000 261.00000000
  0.326327  -0.0000 281.00000000
  0.329551  -0.0000 307.00000000
  0.332732  -0.0000 333.00000000
  0.333211  -0.0000 337.00000000
  0.333689  -0.0000 341.00000000
  0.334165  -0.0000 345.00000000
  0.334877  -0.0000 351.00000000
  0.335018  -0.0000 352.00000000
  0.335150  -0.0000 354.00000000
  0.335278  -0.0000 355.00000000
  0.335468  -0.0000 357.00000000
  0.335754  -0.0000 361.00000000
  0.336186  -0.0000 366.00000000
  0.336839  -0.0000 374.00000000
  0.337494  -0.0000 382.00000000
  0.338477  -0.0000 394.00000000
  0.339946  -0.0000 411.00000000
  0.342136  -0.0000 438.00000000
  0.345382  -0.0000 477.00000000
  0.348588  -0.0000 517.00000000
  0.351749  -0.0000 556.00000000
  0.351941  -0.0000 559.00000000
  0.352121  -0.0000 561.00000000
  0.352261  -0.0000 563.00000000
  0.352461  -0.0000 567.00000000
  0.352658  -0.0000 571.00000000
  0.352856  -0.0000 574.00000000
  0.353155  -0.0000 580.00000000
  0.353606  -0.0000 588.00000000
  0.354286  -0.0000 600.00000000
  0.355306  -0.0000 618.00000000
  0.356833  -0.0000 646.00000000
  0.359108  -0.0000 687.00000000
  0.362481  -0.0000 748.00000000
  0.365811  -0.0000 810.00000000
  0.369095  -0.0000 872.00000000
  0.369284  -0.0000 875.00000000
  0.369435  -0.0000 879.00000000
  0.369571  -0.0000 882.00000000
  0.369769  -0.0000 888.00000000
  0.369967  -0.0000 893.00000000
  0.370266  -0.0000 901.00000000
  0.370717  -0.0000 913.00000000
  0.371398  -0.0000 931.00000000
  0.372420  -0.0000 958.00000000
  0.373949  -0.0000 998.00000000
  0.376227  -0.0000 1059.00000000
  0.379605  -0.0000 1150.00000000
  0.382941  -0.0000 1240.00000000
  0.386233  -0.0000 1331.00000000
  0.386427  -0.0000 1337.00000000
  0.386607  -0.0000 1342.00000000
  0.386751  -0.0000 1347.00000000
  0.386959  -0.0000 1355.00000000
  0.387270  -0.0000 1367.00000000
  0.387585  -0.0000 1380.00000000
  0.388059  -0.0000 1398.00000000
  0.388535  -0.0000 1416.00000000
  0.389250  -0.0000 1443.00000000
  0.390321  -0.0000 1484.00000000
  0.391921  -0.0000 1545.00000000
  0.394303  -0.0000 1637.00000000
  0.397833  -0.0000 1774.00000000
  0.401317  -0.0000 1912.00000000
  0.401900  -0.0000 1935.00000000
  0.402480  -0.0000 1958.00000000
  0.403060  -0.0000 1981.00000000
  0.403891  -0.0000 2016.00000000
  0.404077  -0.0000 2026.00000000
  0.404258  -0.0000 2036.00000000
  0.404439  -0.0000 2046.00000000
  0.404620  -0.0000 2055.00000000
  0.404894  -0.0000 2070.00000000
  0.405308  -0.0000 2093.00000000
  0.405930  -0.0000 2127.00000000
  0.406864  -0.0000 2177.00000000
  0.408261  -0.0000 2253.00000000
  0.410345  -0.0000 2367.00000000
  0.413439  -0.0000 2537.00000000
  0.416519  -0.0000 2709.00000000
  0.419563  -0.0000 2880.00000000
  0.419899  -0.0000 2899.00000000
  0.420235  -0.0000 2918.00000000
  0.420570  -0.0000 2937.00000000
  0.421072  -0.0000 2965.00000000
  0.421234  -0.0000 2977.00000000
  0.421385  -0.0000 2989.00000000
  0.421534  -0.0000 3000.00000000
  0.421760  -0.0000 3017.00000000
  0.422100  -0.0000 3043.00000000
  0.422615  -0.0000 3082.00000000
  0.423388  -0.0000 3141.00000000
  0.424546  -0.0000 3229.00000000
  0.426277  -0.0000 3360.00000000
  0.428852  -0.0000 3558.00000000
  0.432667  -0.0000 3854.00000000
  0.436430  -0.0000 4150.00000000
  0.436767  -0.0000 4177.00000000
  0.437103  -0.0000 4203.00000000
  0.437439  -0.0000 4230.00000000
  0.437942  -0.0000 4270.00000000
  0.438313  -0.0000 4299.00000000
  0.438487  -0.0000 4317.00000000
  0.438652  -0.0000 4334.00000000
  0.438818  -0.0000 4352.00000000
  0.438984  -0.0000 4370.00000000
  0.439235  -0.0000 4396.00000000
  0.439613  -0.0000 4436.00000000
  0.440183  -0.0000 4495.00000000
  0.441037  -0.0000 4585.00000000
  0.442314  -0.0000 4718.00000000
  0.444221  -0.0000 4919.00000000
  0.447056  -0.0000 5221.00000000
  0.450266  -0.0000 5565.00000000
  0.453440  -0.0000 5910.00000000
  0.453984  -0.0000 5970.00000000
  0.454528  -0.0000 6029.00000000
  0.455070  -0.0000 6088.00000000
  0.455626  -0.0000 6149.00000000
  0.455783  -0.0000 6172.00000000
  0.455936  -0.0000 6194.00000000
  0.456088  -0.0000 6216.00000000
  0.456319  -0.0000 6249.00000000
  0.456668  -0.0000 6299.00000000
  0.457193  -0.0000 6375.00000000
  0.457983  -0.0000 6487.00000000
  0.459165  -0.0000 6656.00000000
  0.460930  -0.0000 6910.00000000
  0.463558  -0.0000 7290.00000000
  0.467451  -0.0000 7860.00000000
  0.470589  -0.0000 8325.00000000
  0.471235  -0.0000 8421.00000000
  0.471880  -0.0000 8517.00000000
  0.472523  -0.0000 8613.00000000
  0.472830  -0.0000 8659.00000000
  0.473085  -0.0000 8705.00000000
  0.473319  -0.0000 8751.00000000
  0.473554  -0.0000 8796.00000000
  0.473791  -0.0000 8842.00000000
  0.474148  -0.0000 8911.00000000
  0.474685  -0.0000 9014.00000000
  0.475491  -0.0000 9169.00000000
  0.476697  -0.0000 9402.00000000
  0.478496  -0.0000 9750.00000000
  0.479783  -0.0000 10000.00000000
  0.477752  -0.0000 10000.00000000
  0.477752  -0.0000 10000.00000000
  0.477752  -0.0000 10000.00000000
  0.477752  -0.0000 10000.00000000
  0.477752  -0.0000 10000.00000000
  0.477751  -0.0000 10000.00000000
  0.477750  -0.0000 10000.00000000
  0.477749  -0.0000 10000.00000000
  0.477745  -0.0000 10000.00000000
  0.477738  -0.0000 10000.00000000
  0.477724  -0.0000 10000.00000000
  0.477697  -0.0000 10000.00000000
