  0.000146  -0.0000   0.00100000
  0.000321  -0.0000   0.00200000
  0.000893  -0.0000   0.00300000
  0.002577  -0.0000   0.00336200
  0.006528  -0.0000   0.00345200
  0.006638  -0.0000   0.00354300
  0.006673  -0.0000   0.00367800
  0.006731  -0.0000   0.00388200
  0.006831  -0.0000   0.00418700
  0.007014  -0.0000   0.00464500
  0.007240  -0.0000   0.00512000
  0.007504  -0.0000   0.00559400
  0.007812  -0.0000   0.00606900
  0.008076  -0.0000   0.00642700
  0.008380  -0.0000   0.00678500
  0.008737  -0.0000   0.00714300
  0.009158  -0.0000   0.00750100
  0.009513  -0.0000   0.00776600
  0.009913  -0.0000   0.00803200
  0.010364  -0.0000   0.00829800
  0.010868  -0.0000   0.00856400
  0.011426  -0.0000   0.00882900
  0.012040  -0.0000   0.00909500
  0.012709  -0.0000   0.00936100
  0.013432  -0.0000   0.00962700
  0.014207  -0.0000   0.00989200
  0.015029  -0.0000   0.01016000
  0.015896  -0.0000   0.01042000
  0.016804  -0.0000   0.01069000
  0.017748  -0.0000   0.01096000
  0.018888  -0.0000   0.01126000
  0.019430  -0.0000   0.01141000
  0.019871  -0.0000   0.01153000
  0.019884  -0.0000   0.01156000
  0.019895  -0.0000   0.01158000
  0.019904  -0.0000   0.01161000
  0.019915  -0.0000   0.01165000
  0.019929  -0.0000   0.01171000
  0.019947  -0.0000   0.01179000
  0.019969  -0.0000   0.01192000
  0.019996  -0.0000   0.01212000
  0.020021  -0.0000   0.01232000
  0.020053  -0.0000   0.01261000
  0.020097  -0.0000   0.01305000
  0.020158  -0.0000   0.01371000
  0.020244  -0.0000   0.01471000
  0.020330  -0.0000   0.01570000
  0.020460  -0.0000   0.01719000
  0.020671  -0.0000   0.01942000
  0.021064  -0.0000   0.02277000
  0.021233  -0.0000   0.02404000
  0.021428  -0.0000   0.02532000
  0.021657  -0.0000   0.02659000
  0.021938  -0.0000   0.02791000
  0.022271  -0.0000   0.02922000
  0.022665  -0.0000   0.03054000
  0.023130  -0.0000   0.03186000
  0.023539  -0.0000   0.03289000
  0.023999  -0.0000   0.03391000
  0.024514  -0.0000   0.03494000
  0.025088  -0.0000   0.03597000
  0.025723  -0.0000   0.03699000
  0.026303  -0.0000   0.03786000
  0.026930  -0.0000   0.03872000
  0.027605  -0.0000   0.03959000
  0.028329  -0.0000   0.04045000
  0.029102  -0.0000   0.04132000
  0.029923  -0.0000   0.04218000
  0.030795  -0.0000   0.04304000
  0.031715  -0.0000   0.04391000
  0.032683  -0.0000   0.04477000
  0.033699  -0.0000   0.04564000
  0.034762  -0.0000   0.04650000
  0.035872  -0.0000   0.04737000
  0.035954  -0.0000   0.04743000
  0.036036  -0.0000   0.04750000
  0.036116  -0.0000   0.04756000
  0.036140  -0.0000   0.04764000
  0.036160  -0.0000   0.04772000
  0.036178  -0.0000   0.04781000
  0.036200  -0.0000   0.04793000
  0.036230  -0.0000   0.04811000
  0.036267  -0.0000   0.04839000
  0.036316  -0.0000   0.04881000
  0.036380  -0.0000   0.04943000
  0.036465  -0.0000   0.05036000
  0.036580  -0.0000   0.05177000
  0.036747  -0.0000   0.05387000
  0.037005  -0.0000   0.05702000
  0.037468  -0.0000   0.06175000
  0.037720  -0.0000   0.06403000
  0.038007  -0.0000   0.06630000
  0.038339  -0.0000   0.06857000
  0.038706  -0.0000   0.07077000
  0.039123  -0.0000   0.07297000
  0.039597  -0.0000   0.07517000
  0.040133  -0.0000   0.07738000
  0.040734  -0.0000   0.07959000
  0.041403  -0.0000   0.08179000
  0.042073  -0.0000   0.08381000
  0.042807  -0.0000   0.08582000
  0.043607  -0.0000   0.08783000
  0.044432  -0.0000   0.08974000
  0.045321  -0.0000   0.09166000
  0.046278  -0.0000   0.09357000
  0.047303  -0.0000   0.09549000
  0.048399  -0.0000   0.09740000
  0.049567  -0.0000   0.09932000
  0.050808  -0.0000   0.10100000
  0.052121  -0.0000   0.10300000
  0.053507  -0.0000   0.10500000
  0.053618  -0.0000   0.10500000
  0.053688  -0.0000   0.10500000
  0.053723  -0.0000   0.10600000
  0.053767  -0.0000   0.10600000
  0.053822  -0.0000   0.10600000
  0.053892  -0.0000   0.10700000
  0.053981  -0.0000   0.10700000
  0.054098  -0.0000   0.10900000
  0.054256  -0.0000   0.11000000
  0.054480  -0.0000   0.11300000
  0.054827  -0.0000   0.11700000
  0.055213  -0.0000   0.12100000
  0.055655  -0.0000   0.12500000
  0.056165  -0.0000   0.12900000
  0.056754  -0.0000   0.13300000
  0.057427  -0.0000   0.13700000
  0.058192  -0.0000   0.14100000
  0.059054  -0.0000   0.14500000
  0.059845  -0.0000   0.14800000
  0.060711  -0.0000   0.15100000
  0.061656  -0.0000   0.15400000
  0.062683  -0.0000   0.15800000
  0.063796  -0.0000   0.16100000
  0.064997  -0.0000   0.16400000
  0.066289  -0.0000   0.16800000
  0.067675  -0.0000   0.17100000
  0.068897  -0.0000   0.17400000
  0.070185  -0.0000   0.17600000
  0.070636  -0.0000   0.17700000
  0.071094  -0.0000   0.17800000
  0.071202  -0.0000   0.17900000
  0.071261  -0.0000   0.17900000
  0.071313  -0.0000   0.17900000
  0.071380  -0.0000   0.18000000
  0.071468  -0.0000   0.18100000
  0.071584  -0.0000   0.18200000
  0.071740  -0.0000   0.18300000
  0.071957  -0.0000   0.18600000
  0.072279  -0.0000   0.19000000
  0.072802  -0.0000   0.19500000
  0.073132  -0.0000   0.19800000
  0.073490  -0.0000   0.20200000
  0.073878  -0.0000   0.20500000
  0.074533  -0.0000   0.21000000
  0.075200  -0.0000   0.21400000
  0.075936  -0.0000   0.21900000
  0.076742  -0.0000   0.22400000
  0.077593  -0.0000   0.22800000
  0.078518  -0.0000   0.23200000
  0.079518  -0.0000   0.23700000
  0.080559  -0.0000   0.24100000
  0.081677  -0.0000   0.24500000
  0.082874  -0.0000   0.24900000
  0.084151  -0.0000   0.25400000
  0.085510  -0.0000   0.25800000
  0.086953  -0.0000   0.26200000
  0.088480  -0.0000   0.26600000
  0.088560  -0.0000   0.26700000
  0.088614  -0.0000   0.26700000
  0.088662  -0.0000   0.26700000
  0.088727  -0.0000   0.26800000
  0.088814  -0.0000   0.26900000
  0.088929  -0.0000   0.27000000
  0.089086  -0.0000   0.27200000
  0.089304  -0.0000   0.27400000
  0.089623  -0.0000   0.27800000
  0.090126  -0.0000   0.28400000
  0.090537  -0.0000   0.28800000
  0.090981  -0.0000   0.29200000
  0.091461  -0.0000   0.29700000
  0.092267  -0.0000   0.30300000
  0.093161  -0.0000   0.31000000
  0.094147  -0.0000   0.31600000
  0.095228  -0.0000   0.32300000
  0.096410  -0.0000   0.32900000
  0.097696  -0.0000   0.33600000
  0.099090  -0.0000   0.34200000
  0.100296  -0.0000   0.34800000
  0.101578  -0.0000   0.35300000
  0.102937  -0.0000   0.35800000
  0.104555  -0.0000   0.36400000
  0.106113  -0.0000   0.37000000
  0.106184  -0.0000   0.37100000
  0.106248  -0.0000   0.37100000
  0.106307  -0.0000   0.37200000
  0.106387  -0.0000   0.37200000
  0.106497  -0.0000   0.37400000
  0.106648  -0.0000   0.37500000
  0.106860  -0.0000   0.37800000
  0.107168  -0.0000   0.38100000
  0.107646  -0.0000   0.38700000
  0.108131  -0.0000   0.39300000
  0.108654  -0.0000   0.39800000
  0.109217  -0.0000   0.40300000
  0.110110  -0.0000   0.41100000
  0.111090  -0.0000   0.41900000
  0.112160  -0.0000   0.42600000
  0.113322  -0.0000   0.43400000
  0.114581  -0.0000   0.44200000
  0.115939  -0.0000   0.45000000
  0.117398  -0.0000   0.45700000
  0.118962  -0.0000   0.46500000
  0.120633  -0.0000   0.47300000
  0.122106  -0.0000   0.47900000
  0.123603  -0.0000   0.48600000
  0.123679  -0.0000   0.48600000
  0.123747  -0.0000   0.48700000
  0.123811  -0.0000   0.48700000
  0.123899  -0.0000   0.48800000
  0.124019  -0.0000   0.49000000
  0.124186  -0.0000   0.49100000
  0.124421  -0.0000   0.49400000
  0.124766  -0.0000   0.49900000
  0.125304  -0.0000   0.50500000
  0.125788  -0.0000   0.51100000
  0.126303  -0.0000   0.51600000
  0.126850  -0.0000   0.52200000
  0.127745  -0.0000   0.53000000
  0.128715  -0.0000   0.53900000
  0.129994  -0.0000   0.54900000
  0.131386  -0.0000   0.55900000
  0.132632  -0.0000   0.56700000
  0.133963  -0.0000   0.57600000
  0.135378  -0.0000   0.58400000
  0.136882  -0.0000   0.59200000
  0.138474  -0.0000   0.60100000
  0.140156  -0.0000   0.60900000
  0.140435  -0.0000   0.61100000
  0.140716  -0.0000   0.61200000
  0.141000  -0.0000   0.61300000
  0.141152  -0.0000   0.61400000
  0.141264  -0.0000   0.61600000
  0.141365  -0.0000   0.61700000
  0.141503  -0.0000   0.61800000
  0.141694  -0.0000   0.62000000
  0.141964  -0.0000   0.62400000
  0.142364  -0.0000   0.62900000
  0.142991  -0.0000   0.63700000
  0.143662  -0.0000   0.64500000
  0.144383  -0.0000   0.65200000
  0.145153  -0.0000   0.66000000
  0.145972  -0.0000   0.66800000
  0.147277  -0.0000   0.68000000
  0.148689  -0.0000   0.69100000
  0.150211  -0.0000   0.70200000
  0.151847  -0.0000   0.71400000
  0.153319  -0.0000   0.72400000
  0.154877  -0.0000   0.73300000
  0.156521  -0.0000   0.74300000
  0.158252  -0.0000   0.75300000
  0.158423  -0.0000   0.75400000
  0.158594  -0.0000   0.75500000
  0.158705  -0.0000   0.75600000
  0.158844  -0.0000   0.75700000
  0.158971  -0.0000   0.75800000
  0.159090  -0.0000   0.76000000
  0.159258  -0.0000   0.76200000
  0.159499  -0.0000   0.76500000
  0.159856  -0.0000   0.77000000
  0.160408  -0.0000   0.77700000
  0.160946  -0.0000   0.78400000
  0.161512  -0.0000   0.79100000
  0.162107  -0.0000   0.79800000
  0.163064  -0.0000   0.80800000
  0.164085  -0.0000   0.81800000
  0.165368  -0.0000   0.83000000
  0.166740  -0.0000   0.84100000
  0.168203  -0.0000   0.85300000
  0.169759  -0.0000   0.86500000
  0.171408  -0.0000   0.87700000
  0.173154  -0.0000   0.88900000
  0.174996  -0.0000   0.90100000
  0.175376  -0.0000   0.90300000
  0.175759  -0.0000   0.90500000
  0.176147  -0.0000   0.90800000
  0.176282  -0.0000   0.90900000
  0.176392  -0.0000   0.91000000
  0.176495  -0.0000   0.91100000
  0.176638  -0.0000   0.91300000
  0.176837  -0.0000   0.91600000
  0.177123  -0.0000   0.92000000
  0.177548  -0.0000   0.92600000
  0.178212  -0.0000   0.93500000
  0.178916  -0.0000   0.94300000
  0.179661  -0.0000   0.95200000
  0.180447  -0.0000   0.96100000
  0.181273  -0.0000   0.97000000
  0.182601  -0.0000   0.98400000
  0.183983  -0.0000   0.99700000
  0.185318  -0.0000   1.01000000
  0.186608  -0.0000   1.02000000
  0.188495  -0.0000   1.04000000
  0.191232  -0.0000   1.07000000
  0.191926  -0.0000   1.08000000
  0.192614  -0.0000   1.09000000
  0.193297  -0.0000   1.09000000
  0.193478  -0.0000   1.10000000
  0.193602  -0.0000   1.10000000
  0.193707  -0.0000   1.10000000
  0.193850  -0.0000   1.10000000
  0.193982  -0.0000   1.11000000
  0.194166  -0.0000   1.11000000
  0.194428  -0.0000   1.12000000
  0.194808  -0.0000   1.13000000
  0.195373  -0.0000   1.14000000
  0.196227  -0.0000   1.17000000
  0.197082  -0.0000   1.19000000
  0.197937  -0.0000   1.21000000
  0.198789  -0.0000   1.23000000
  0.200055  -0.0000   1.27000000
  0.201925  -0.0000   1.32000000
  0.204662  -0.0000   1.40000000
  0.207330  -0.0000   1.47000000
  0.209930  -0.0000   1.55000000
  0.210093  -0.0000   1.56000000
  0.210255  -0.0000   1.56000000
  0.210417  -0.0000   1.57000000
  0.210580  -0.0000   1.57000000
  0.210717  -0.0000   1.58000000
  0.210843  -0.0000   1.59000000
  0.210963  -0.0000   1.60000000
  0.211133  -0.0000   1.61000000
  0.211379  -0.0000   1.62000000
  0.211742  -0.0000   1.65000000
  0.212288  -0.0000   1.68000000
  0.213113  -0.0000   1.74000000
  0.213940  -0.0000   1.79000000
  0.214767  -0.0000   1.85000000
  0.215590  -0.0000   1.90000000
  0.216816  -0.0000   1.99000000
  0.218631  -0.0000   2.11000000
  0.221293  -0.0000   2.30000000
  0.223897  -0.0000   2.48000000
  0.226440  -0.0000   2.67000000
  0.226636  -0.0000   2.68000000
  0.226832  -0.0000   2.70000000
  0.227028  -0.0000   2.71000000
  0.227321  -0.0000   2.73000000
  0.227440  -0.0000   2.75000000
  0.227546  -0.0000   2.76000000
  0.227644  -0.0000   2.77000000
  0.227783  -0.0000   2.79000000
  0.227979  -0.0000   2.82000000
  0.228266  -0.0000   2.87000000
  0.228694  -0.0000   2.93000000
  0.229342  -0.0000   3.03000000
  0.229994  -0.0000   3.13000000
  0.230647  -0.0000   3.24000000
  0.231299  -0.0000   3.34000000
  0.232274  -0.0000   3.49000000
  0.233724  -0.0000   3.71000000
  0.235866  -0.0000   4.05000000
  0.238295  -0.0000   4.44000000
  0.240678  -0.0000   4.83000000
  0.243013  -0.0000   5.23000000
  0.243221  -0.0000   5.26000000
  0.243429  -0.0000   5.30000000
  0.243636  -0.0000   5.33000000
  0.243947  -0.0000   5.38000000
  0.244211  -0.0000   5.43000000
  0.244390  -0.0000   5.48000000
  0.244552  -0.0000   5.53000000
  0.244705  -0.0000   5.59000000
  0.244855  -0.0000   5.64000000
  0.245076  -0.0000   5.71000000
  0.245408  -0.0000   5.82000000
  0.245911  -0.0000   5.99000000
  0.246671  -0.0000   6.25000000
  0.247432  -0.0000   6.50000000
  0.248193  -0.0000   6.76000000
  0.249327  -0.0000   7.14000000
  0.251011  -0.0000   7.71000000
  0.253495  -0.0000   8.57000000
  0.255815  -0.0000   9.38000000
  0.258093  -0.0000  10.20000000
  0.260330  -0.0000  11.00000000
  0.260498  -0.0000  11.10000000
  0.260665  -0.0000  11.10000000
  0.260832  -0.0000  11.20000000
  0.261044  -0.0000  11.30000000
  0.261212  -0.0000  11.40000000
  0.261367  -0.0000  11.50000000
  0.261515  -0.0000  11.60000000
  0.261660  -0.0000  11.70000000
  0.261877  -0.0000  11.80000000
  0.262203  -0.0000  12.10000000
  0.262697  -0.0000  12.40000000
  0.263442  -0.0000  12.90000000
  0.264189  -0.0000  13.40000000
  0.265305  -0.0000  14.20000000
  0.266964  -0.0000  15.40000000
  0.269414  -0.0000  17.10000000
  0.271823  -0.0000  18.80000000
  0.274190  -0.0000  20.60000000
  0.276514  -0.0000  22.30000000
  0.276736  -0.0000  22.50000000
  0.276957  -0.0000  22.60000000
  0.277178  -0.0000  22.80000000
  0.277508  -0.0000  23.00000000
  0.277814  -0.0000  23.30000000
  0.277959  -0.0000  23.40000000
  0.278092  -0.0000  23.60000000
  0.278219  -0.0000  23.80000000
  0.278344  -0.0000  24.00000000
  0.278529  -0.0000  24.20000000
  0.278808  -0.0000  24.60000000
  0.279230  -0.0000  25.20000000
  0.279868  -0.0000  26.00000000
  0.280784  -0.0000  27.30000000
  0.281697  -0.0000  28.50000000
  0.283060  -0.0000  30.40000000
  0.285078  -0.0000  33.10000000
  0.287578  -0.0000  36.60000000
  0.290037  -0.0000  40.20000000
  0.292452  -0.0000  43.70000000
  0.293519  -0.0000  45.20000000
  0.294577  -0.0000  46.80000000
  0.294685  -0.0000  47.00000000
  0.294784  -0.0000  47.20000000
  0.294877  -0.0000  47.50000000
  0.295012  -0.0000  47.80000000
  0.295212  -0.0000  48.30000000
  0.295512  -0.0000  49.10000000
  0.295967  -0.0000  50.30000000
  0.296655  -0.0000  52.00000000
  0.297344  -0.0000  53.80000000
  0.298032  -0.0000  55.50000000
  0.299060  -0.0000  58.20000000
  0.300589  -0.0000  62.10000000
  0.302850  -0.0000  68.00000000
  0.305265  -0.0000  74.40000000
  0.307640  -0.0000  80.90000000
  0.309976  -0.0000  87.30000000
  0.310214  -0.0000  87.90000000
  0.310451  -0.0000  88.60000000
  0.310688  -0.0000  89.20000000
  0.311042  -0.0000  90.20000000
  0.311422  -0.0000  91.40000000
  0.311561  -0.0000  91.90000000
  0.311691  -0.0000  92.50000000
  0.311816  -0.0000  93.10000000
  0.312002  -0.0000  94.00000000
  0.312282  -0.0000  95.30000000
  0.312707  -0.0000  97.30000000
  0.313349  -0.0000 100.00000000
  0.313992  -0.0000 103.00000000
  0.314954  -0.0000 108.00000000
  0.316388  -0.0000 114.00000000
  0.318514  -0.0000 124.00000000
  0.320923  -0.0000 136.00000000
  0.323296  -0.0000 148.00000000
  0.325632  -0.0000 159.00000000
  0.326439  -0.0000 163.00000000
  0.327243  -0.0000 167.00000000
  0.328041  -0.0000 171.00000000
  0.328214  -0.0000 172.00000000
  0.328335  -0.0000 173.00000000
  0.328446  -0.0000 174.00000000
  0.328606  -0.0000 175.00000000
  0.328765  -0.0000 177.00000000
  0.329003  -0.0000 179.00000000
  0.329365  -0.0000 182.00000000
  0.329913  -0.0000 186.00000000
  0.330735  -0.0000 193.00000000
  0.331557  -0.0000 199.00000000
  0.332782  -0.0000 210.00000000
  0.334602  -0.0000 225.00000000
  0.337289  -0.0000 247.00000000
  0.339933  -0.0000 270.00000000
  0.342532  -0.0000 293.00000000
  0.345057  -0.0000 315.00000000
  0.345171  -0.0000 317.00000000
  0.345277  -0.0000 318.00000000
  0.345379  -0.0000 320.00000000
  0.345530  -0.0000 322.00000000
  0.345757  -0.0000 325.00000000
  0.346102  -0.0000 330.00000000
  0.346624  -0.0000 337.00000000
  0.347409  -0.0000 348.00000000
  0.348194  -0.0000 359.00000000
  0.349367  -0.0000 376.00000000
  0.351112  -0.0000 401.00000000
  0.353694  -0.0000 438.00000000
  0.356301  -0.0000 476.00000000
  0.358867  -0.0000 514.00000000
  0.361389  -0.0000 552.00000000
  0.361563  -0.0000 555.00000000
  0.361737  -0.0000 557.00000000
  0.361910  -0.0000 560.00000000
  0.362037  -0.0000 563.00000000
  0.362155  -0.0000 566.00000000
  0.362270  -0.0000 568.00000000
  0.362385  -0.0000 571.00000000
  0.362558  -0.0000 575.00000000
  0.362819  -0.0000 581.00000000
  0.363215  -0.0000 590.00000000
  0.363811  -0.0000 604.00000000
  0.364704  -0.0000 625.00000000
  0.366036  -0.0000 656.00000000
  0.368014  -0.0000 703.00000000
  0.370370  -0.0000 759.00000000
  0.372694  -0.0000 816.00000000
  0.374986  -0.0000 872.00000000
  0.377936  -0.0000 946.00000000
  0.378124  -0.0000 951.00000000
  0.378312  -0.0000 956.00000000
  0.378500  -0.0000 961.00000000
  0.378733  -0.0000 968.00000000
  0.378957  -0.0000 976.00000000
  0.379179  -0.0000 985.00000000
  0.379404  -0.0000 994.00000000
  0.379629  -0.0000 1002.00000000
  0.379970  -0.0000 1015.00000000
  0.380482  -0.0000 1035.00000000
  0.381250  -0.0000 1064.00000000
  0.382397  -0.0000 1107.00000000
  0.384101  -0.0000 1173.00000000
  0.386624  -0.0000 1271.00000000
  0.389111  -0.0000 1369.00000000
  0.391562  -0.0000 1467.00000000
  0.393976  -0.0000 1566.00000000
  0.394258  -0.0000 1577.00000000
  0.394540  -0.0000 1589.00000000
  0.394821  -0.0000 1600.00000000
  0.395242  -0.0000 1618.00000000
  0.395554  -0.0000 1630.00000000
  0.395689  -0.0000 1638.00000000
  0.395814  -0.0000 1646.00000000
  0.395938  -0.0000 1653.00000000
  0.396062  -0.0000 1661.00000000
  0.396250  -0.0000 1673.00000000
  0.396534  -0.0000 1690.00000000
  0.396963  -0.0000 1716.00000000
  0.397606  -0.0000 1755.00000000
  0.398569  -0.0000 1813.00000000
  0.400003  -0.0000 1900.00000000
  0.402130  -0.0000 2032.00000000
  0.404502  -0.0000 2180.00000000
  0.406843  -0.0000 2328.00000000
  0.409152  -0.0000 2476.00000000
  0.412227  -0.0000 2677.00000000
  0.412392  -0.0000 2688.00000000
  0.412520  -0.0000 2699.00000000
  0.412634  -0.0000 2710.00000000
  0.412801  -0.0000 2726.00000000
  0.412969  -0.0000 2742.00000000
  0.413224  -0.0000 2767.00000000
  0.413609  -0.0000 2803.00000000
  0.414188  -0.0000 2858.00000000
  0.415056  -0.0000 2940.00000000
  0.416350  -0.0000 3063.00000000
  0.418271  -0.0000 3248.00000000
  0.420680  -0.0000 3482.00000000
  0.423057  -0.0000 3716.00000000
  0.425402  -0.0000 3951.00000000
  0.427714  -0.0000 4185.00000000
  0.427980  -0.0000 4212.00000000
  0.428244  -0.0000 4239.00000000
  0.428509  -0.0000 4266.00000000
  0.428904  -0.0000 4306.00000000
  0.429346  -0.0000 4354.00000000
  0.429488  -0.0000 4374.00000000
  0.429627  -0.0000 4395.00000000
  0.429765  -0.0000 4416.00000000
  0.429905  -0.0000 4436.00000000
  0.430116  -0.0000 4467.00000000
  0.430435  -0.0000 4513.00000000
  0.430914  -0.0000 4583.00000000
  0.431632  -0.0000 4687.00000000
  0.432704  -0.0000 4843.00000000
  0.434300  -0.0000 5078.00000000
  0.436665  -0.0000 5430.00000000
  0.439743  -0.0000 5895.00000000
  0.442770  -0.0000 6360.00000000
  0.445741  -0.0000 6825.00000000
  0.445922  -0.0000 6854.00000000
  0.446102  -0.0000 6882.00000000
  0.446262  -0.0000 6910.00000000
  0.446452  -0.0000 6953.00000000
  0.446642  -0.0000 6995.00000000
  0.446833  -0.0000 7037.00000000
  0.447025  -0.0000 7080.00000000
  0.447315  -0.0000 7143.00000000
  0.447752  -0.0000 7239.00000000
  0.448406  -0.0000 7382.00000000
  0.449383  -0.0000 7597.00000000
  0.450838  -0.0000 7919.00000000
  0.452996  -0.0000 8402.00000000
  0.456117  -0.0000 9112.00000000
  0.459186  -0.0000 9822.00000000
  0.459953  -0.0000 10000.00000000
  0.457821  -0.0000 10000.00000000
  0.457821  -0.0000 10000.00000000
  0.457821  -0.0000 10000.00000000
  0.457821  -0.0000 10000.00000000
  0.457821  -0.0000 10000.00000000
  0.457820  -0.0000 10000.00000000
  0.457819  -0.0000 10000.00000000
  0.457816  -0.0000 10000.00000000
  0.457810  -0.0000 10000.00000000
  0.457799  -0.0000 10000.00000000
  0.457776  -0.0000 10000.00000000
  0.457732  -0.0000 10000.00000000
