  0.000044  -0.0000   0.00100000
  0.000097  -0.0000   0.00200000
  0.000267  -0.0000   0.00300000
  0.003050  -0.0000   0.00450000
  0.006284  -0.0000   0.00506300
  0.006387  -0.0000   0.00590600
  0.006571  -0.0000   0.00717200
  0.006697  -0.0000   0.00789800
  0.006847  -0.0000   0.00862300
  0.007025  -0.0000   0.00934900
  0.007273  -0.0000   0.01018000
  0.007575  -0.0000   0.01101000
  0.007939  -0.0000   0.01184000
  0.008293  -0.0000   0.01253000
  0.008701  -0.0000   0.01323000
  0.009166  -0.0000   0.01393000
  0.009692  -0.0000   0.01462000
  0.010281  -0.0000   0.01532000
  0.010935  -0.0000   0.01601000
  0.011538  -0.0000   0.01660000
  0.012189  -0.0000   0.01719000
  0.012888  -0.0000   0.01779000
  0.013714  -0.0000   0.01844000
  0.014596  -0.0000   0.01909000
  0.015533  -0.0000   0.01974000
  0.016522  -0.0000   0.02039000
  0.017563  -0.0000   0.02104000
  0.018654  -0.0000   0.02169000
  0.019791  -0.0000   0.02234000
  0.019877  -0.0000   0.02239000
  0.019924  -0.0000   0.02244000
  0.019935  -0.0000   0.02249000
  0.019950  -0.0000   0.02256000
  0.019967  -0.0000   0.02267000
  0.019988  -0.0000   0.02284000
  0.020011  -0.0000   0.02306000
  0.020031  -0.0000   0.02329000
  0.020058  -0.0000   0.02362000
  0.020092  -0.0000   0.02413000
  0.020137  -0.0000   0.02488000
  0.020200  -0.0000   0.02601000
  0.020291  -0.0000   0.02771000
  0.020386  -0.0000   0.02941000
  0.020549  -0.0000   0.03196000
  0.020869  -0.0000   0.03578000
  0.021143  -0.0000   0.03848000
  0.021475  -0.0000   0.04118000
  0.021870  -0.0000   0.04388000
  0.022337  -0.0000   0.04658000
  0.022884  -0.0000   0.04928000
  0.023363  -0.0000   0.05139000
  0.023899  -0.0000   0.05349000
  0.024493  -0.0000   0.05560000
  0.025150  -0.0000   0.05771000
  0.025871  -0.0000   0.05982000
  0.026659  -0.0000   0.06193000
  0.027517  -0.0000   0.06403000
  0.028446  -0.0000   0.06614000
  0.029261  -0.0000   0.06788000
  0.030127  -0.0000   0.06962000
  0.031043  -0.0000   0.07136000
  0.032128  -0.0000   0.07329000
  0.033277  -0.0000   0.07523000
  0.034491  -0.0000   0.07717000
  0.035770  -0.0000   0.07911000
  0.036022  -0.0000   0.07949000
  0.036277  -0.0000   0.07987000
  0.036535  -0.0000   0.08025000
  0.036677  -0.0000   0.08046000
  0.036723  -0.0000   0.08067000
  0.036755  -0.0000   0.08088000
  0.036782  -0.0000   0.08108000
  0.036807  -0.0000   0.08129000
  0.036840  -0.0000   0.08161000
  0.036884  -0.0000   0.08207000
  0.036944  -0.0000   0.08278000
  0.037028  -0.0000   0.08383000
  0.037148  -0.0000   0.08542000
  0.037333  -0.0000   0.08779000
  0.037640  -0.0000   0.09136000
  0.038061  -0.0000   0.09562000
  0.038541  -0.0000   0.10000000
  0.039083  -0.0000   0.10400000
  0.039855  -0.0000   0.10900000
  0.040735  -0.0000   0.11500000
  0.041521  -0.0000   0.11900000
  0.042386  -0.0000   0.12300000
  0.043335  -0.0000   0.12800000
  0.044370  -0.0000   0.13200000
  0.045497  -0.0000   0.13600000
  0.046717  -0.0000   0.14000000
  0.048036  -0.0000   0.14500000
  0.049455  -0.0000   0.14900000
  0.050976  -0.0000   0.15300000
  0.052602  -0.0000   0.15700000
  0.054030  -0.0000   0.16100000
  0.054227  -0.0000   0.16100000
  0.054425  -0.0000   0.16200000
  0.054625  -0.0000   0.16200000
  0.054702  -0.0000   0.16300000
  0.054756  -0.0000   0.16300000
  0.054805  -0.0000   0.16400000
  0.054869  -0.0000   0.16400000
  0.054957  -0.0000   0.16500000
  0.055080  -0.0000   0.16700000
  0.055263  -0.0000   0.16900000
  0.055548  -0.0000   0.17200000
  0.056015  -0.0000   0.17700000
  0.056659  -0.0000   0.18300000
  0.057370  -0.0000   0.18800000
  0.058148  -0.0000   0.19400000
  0.059261  -0.0000   0.20200000
  0.060286  -0.0000   0.20800000
  0.061401  -0.0000   0.21500000
  0.062610  -0.0000   0.22100000
  0.063917  -0.0000   0.22700000
  0.065325  -0.0000   0.23400000
  0.066838  -0.0000   0.24000000
  0.068458  -0.0000   0.24600000
  0.070188  -0.0000   0.25300000
  0.072028  -0.0000   0.25900000
  0.072197  -0.0000   0.26000000
  0.072366  -0.0000   0.26000000
  0.072521  -0.0000   0.26100000
  0.072627  -0.0000   0.26200000
  0.072719  -0.0000   0.26300000
  0.072803  -0.0000   0.26400000
  0.072883  -0.0000   0.26400000
  0.072999  -0.0000   0.26600000
  0.073172  -0.0000   0.26800000
  0.073438  -0.0000   0.27100000
  0.073860  -0.0000   0.27500000
  0.074548  -0.0000   0.28200000
  0.075514  -0.0000   0.29000000
  0.076567  -0.0000   0.29900000
  0.077710  -0.0000   0.30700000
  0.079125  -0.0000   0.31700000
  0.080664  -0.0000   0.32600000
  0.082043  -0.0000   0.33400000
  0.083515  -0.0000   0.34200000
  0.085084  -0.0000   0.35000000
  0.086750  -0.0000   0.35800000
  0.088517  -0.0000   0.36600000
  0.090381  -0.0000   0.37500000
  0.090471  -0.0000   0.37500000
  0.090550  -0.0000   0.37600000
  0.090624  -0.0000   0.37700000
  0.090727  -0.0000   0.37800000
  0.090875  -0.0000   0.38000000
  0.091096  -0.0000   0.38200000
  0.091437  -0.0000   0.38600000
  0.091979  -0.0000   0.39200000
  0.092857  -0.0000   0.40000000
  0.093797  -0.0000   0.40900000
  0.094801  -0.0000   0.41800000
  0.096346  -0.0000   0.43000000
  0.098023  -0.0000   0.44200000
  0.099512  -0.0000   0.45200000
  0.101098  -0.0000   0.46200000
  0.102783  -0.0000   0.47300000
  0.104569  -0.0000   0.48300000
  0.106457  -0.0000   0.49300000
  0.108418  -0.0000   0.50300000
  0.108524  -0.0000   0.50400000
  0.108619  -0.0000   0.50500000
  0.108709  -0.0000   0.50600000
  0.108837  -0.0000   0.50700000
  0.109024  -0.0000   0.51000000
  0.109309  -0.0000   0.51300000
  0.109752  -0.0000   0.51800000
  0.110454  -0.0000   0.52500000
  0.111405  -0.0000   0.53500000
  0.112411  -0.0000   0.54500000
  0.113970  -0.0000   0.55800000
  0.115644  -0.0000   0.57200000
  0.117438  -0.0000   0.58500000
  0.119353  -0.0000   0.59900000
  0.121394  -0.0000   0.61300000
  0.123562  -0.0000   0.62600000
  0.125859  -0.0000   0.64000000
  0.126058  -0.0000   0.64100000
  0.126258  -0.0000   0.64200000
  0.126421  -0.0000   0.64400000
  0.126585  -0.0000   0.64500000
  0.126736  -0.0000   0.64700000
  0.126883  -0.0000   0.64900000
  0.127029  -0.0000   0.65100000
  0.127249  -0.0000   0.65300000
  0.127588  -0.0000   0.65700000
  0.128115  -0.0000   0.66300000
  0.128945  -0.0000   0.67200000
  0.130266  -0.0000   0.68600000
  0.131668  -0.0000   0.69900000
  0.133689  -0.0000   0.71700000
  0.135440  -0.0000   0.73200000
  0.137292  -0.0000   0.74600000
  0.139249  -0.0000   0.76100000
  0.141547  -0.0000   0.77700000
  0.143977  -0.0000   0.79300000
  0.144173  -0.0000   0.79400000
  0.144370  -0.0000   0.79600000
  0.144492  -0.0000   0.79700000
  0.144658  -0.0000   0.79900000
  0.144815  -0.0000   0.80100000
  0.144971  -0.0000   0.80300000
  0.145205  -0.0000   0.80600000
  0.145564  -0.0000   0.81000000
  0.146122  -0.0000   0.81700000
  0.146997  -0.0000   0.82700000
  0.148242  -0.0000   0.84000000
  0.149550  -0.0000   0.85300000
  0.151652  -0.0000   0.87300000
  0.153897  -0.0000   0.89300000
  0.155876  -0.0000   0.91000000
  0.157959  -0.0000   0.92700000
  0.160147  -0.0000   0.94300000
  0.162439  -0.0000   0.96000000
  0.162554  -0.0000   0.96100000
  0.162661  -0.0000   0.96300000
  0.162763  -0.0000   0.96400000
  0.162912  -0.0000   0.96600000
  0.163133  -0.0000   0.96900000
  0.163469  -0.0000   0.97300000
  0.163989  -0.0000   0.98000000
  0.164801  -0.0000   0.98900000
  0.165642  -0.0000   0.99900000
  0.166877  -0.0000   1.01000000
  0.168708  -0.0000   1.04000000
  0.171416  -0.0000   1.07000000
  0.174707  -0.0000   1.11000000
  0.177941  -0.0000   1.15000000
  0.178559  -0.0000   1.16000000
  0.179174  -0.0000   1.16000000
  0.179788  -0.0000   1.17000000
  0.180252  -0.0000   1.18000000
  0.180469  -0.0000   1.18000000
  0.180639  -0.0000   1.19000000
  0.180801  -0.0000   1.19000000
  0.181040  -0.0000   1.19000000
  0.181398  -0.0000   1.20000000
  0.181940  -0.0000   1.21000000
  0.182756  -0.0000   1.23000000
  0.183572  -0.0000   1.25000000
  0.184790  -0.0000   1.28000000
  0.186604  -0.0000   1.32000000
  0.189291  -0.0000   1.38000000
  0.192454  -0.0000   1.45000000
  0.195569  -0.0000   1.52000000
  0.196469  -0.0000   1.54000000
  0.197365  -0.0000   1.56000000
  0.198207  -0.0000   1.58000000
  0.198351  -0.0000   1.59000000
  0.198487  -0.0000   1.59000000
  0.198620  -0.0000   1.60000000
  0.198819  -0.0000   1.60000000
  0.199118  -0.0000   1.62000000
  0.199569  -0.0000   1.63000000
  0.200249  -0.0000   1.66000000
  0.201267  -0.0000   1.70000000
  0.202788  -0.0000   1.76000000
  0.205047  -0.0000   1.84000000
  0.208388  -0.0000   1.97000000
  0.211679  -0.0000   2.10000000
  0.214920  -0.0000   2.23000000
  0.215179  -0.0000   2.24000000
  0.215438  -0.0000   2.25000000
  0.215696  -0.0000   2.27000000
  0.216065  -0.0000   2.28000000
  0.216229  -0.0000   2.29000000
  0.216385  -0.0000   2.30000000
  0.216540  -0.0000   2.31000000
  0.216773  -0.0000   2.33000000
  0.217125  -0.0000   2.35000000
  0.217655  -0.0000   2.38000000
  0.218450  -0.0000   2.43000000
  0.219640  -0.0000   2.51000000
  0.221412  -0.0000   2.62000000
  0.224040  -0.0000   2.79000000
  0.227919  -0.0000   3.04000000
  0.231126  -0.0000   3.25000000
  0.232210  -0.0000   3.32000000
  0.233288  -0.0000   3.40000000
  0.233656  -0.0000   3.42000000
  0.233959  -0.0000   3.45000000
  0.234204  -0.0000   3.47000000
  0.234447  -0.0000   3.50000000
  0.234691  -0.0000   3.52000000
  0.235060  -0.0000   3.56000000
  0.235613  -0.0000   3.61000000
  0.236443  -0.0000   3.70000000
  0.237683  -0.0000   3.82000000
  0.239528  -0.0000   4.01000000
  0.242264  -0.0000   4.29000000
  0.245468  -0.0000   4.62000000
  0.248629  -0.0000   4.95000000
  0.251719  -0.0000   5.29000000
  0.251868  -0.0000   5.31000000
  0.252011  -0.0000   5.33000000
  0.252153  -0.0000   5.36000000
  0.252367  -0.0000   5.39000000
  0.252691  -0.0000   5.44000000
  0.253178  -0.0000   5.52000000
  0.253909  -0.0000   5.63000000
  0.255004  -0.0000   5.80000000
  0.256638  -0.0000   6.05000000
  0.259067  -0.0000   6.44000000
  0.262662  -0.0000   7.01000000
  0.266206  -0.0000   7.59000000
  0.269070  -0.0000   8.06000000
  0.269299  -0.0000   8.10000000
  0.269527  -0.0000   8.13000000
  0.269703  -0.0000   8.17000000
  0.269944  -0.0000   8.23000000
  0.270186  -0.0000   8.28000000
  0.270429  -0.0000   8.34000000
  0.270796  -0.0000   8.42000000
  0.271346  -0.0000   8.55000000
  0.272170  -0.0000   8.74000000
  0.273400  -0.0000   9.03000000
  0.275231  -0.0000   9.46000000
  0.277947  -0.0000  10.10000000
  0.281037  -0.0000  10.80000000
  0.284090  -0.0000  11.60000000
  0.287105  -0.0000  12.30000000
  0.287303  -0.0000  12.40000000
  0.287454  -0.0000  12.40000000
  0.287603  -0.0000  12.50000000
  0.287827  -0.0000  12.50000000
  0.288052  -0.0000  12.60000000
  0.288391  -0.0000  12.70000000
  0.288901  -0.0000  12.90000000
  0.289663  -0.0000  13.20000000
  0.290802  -0.0000  13.60000000
  0.292499  -0.0000  14.10000000
  0.295018  -0.0000  15.00000000
  0.298745  -0.0000  16.30000000
  0.302420  -0.0000  17.60000000
  0.303111  -0.0000  17.90000000
  0.303799  -0.0000  18.10000000
  0.304486  -0.0000  18.30000000
  0.305075  -0.0000  18.60000000
  0.305294  -0.0000  18.70000000
  0.305487  -0.0000  18.70000000
  0.305680  -0.0000  18.80000000
  0.305971  -0.0000  19.00000000
  0.306410  -0.0000  19.20000000
  0.307067  -0.0000  19.50000000
  0.308051  -0.0000  20.00000000
  0.309517  -0.0000  20.70000000
  0.311696  -0.0000  21.80000000
  0.314927  -0.0000  23.40000000
  0.318120  -0.0000  25.00000000
  0.321274  -0.0000  26.60000000
  0.321698  -0.0000  26.80000000
  0.322121  -0.0000  27.00000000
  0.322543  -0.0000  27.20000000
  0.323131  -0.0000  27.60000000
  0.323345  -0.0000  27.70000000
  0.323560  -0.0000  27.80000000
  0.323776  -0.0000  28.00000000
  0.324101  -0.0000  28.20000000
  0.324589  -0.0000  28.50000000
  0.325320  -0.0000  29.00000000
  0.326411  -0.0000  29.80000000
  0.328037  -0.0000  30.90000000
  0.330453  -0.0000  32.50000000
  0.334032  -0.0000  35.00000000
  0.337564  -0.0000  37.50000000
  0.340428  -0.0000  39.60000000
  0.340670  -0.0000  39.80000000
  0.340910  -0.0000  39.90000000
  0.341095  -0.0000  40.10000000
  0.341279  -0.0000  40.30000000
  0.341465  -0.0000  40.50000000
  0.341652  -0.0000  40.60000000
  0.341932  -0.0000  40.90000000
  0.342353  -0.0000  41.30000000
  0.342982  -0.0000  41.90000000
  0.343923  -0.0000  42.70000000
  0.345327  -0.0000  44.00000000
  0.347415  -0.0000  46.00000000
  0.350512  -0.0000  49.00000000
  0.353576  -0.0000  51.90000000
  0.356607  -0.0000  54.90000000
  0.357242  -0.0000  55.50000000
  0.357876  -0.0000  56.10000000
  0.358508  -0.0000  56.70000000
  0.358771  -0.0000  57.00000000
  0.358984  -0.0000  57.30000000
  0.359198  -0.0000  57.60000000
  0.359413  -0.0000  57.80000000
  0.359629  -0.0000  58.10000000
  0.359953  -0.0000  58.50000000
  0.360439  -0.0000  59.10000000
  0.361165  -0.0000  60.00000000
  0.362249  -0.0000  61.40000000
  0.363866  -0.0000  63.40000000
  0.366268  -0.0000  66.50000000
  0.369299  -0.0000  70.40000000
  0.372297  -0.0000  74.40000000
  0.375264  -0.0000  78.30000000
  0.375585  -0.0000  78.70000000
  0.375906  -0.0000  79.10000000
  0.376227  -0.0000  79.60000000
  0.376679  -0.0000  80.20000000
  0.376912  -0.0000  80.60000000
  0.377147  -0.0000  81.00000000
  0.377382  -0.0000  81.40000000
  0.377618  -0.0000  81.80000000
  0.377972  -0.0000  82.40000000
  0.378502  -0.0000  83.30000000
  0.379295  -0.0000  84.60000000
  0.380478  -0.0000  86.60000000
  0.382241  -0.0000  89.60000000
  0.384860  -0.0000  94.10000000
  0.387711  -0.0000  99.00000000
  0.390534  -0.0000 104.00000000
  0.393330  -0.0000 109.00000000
  0.393622  -0.0000 109.00000000
  0.393914  -0.0000 110.00000000
  0.394205  -0.0000 110.00000000
  0.394601  -0.0000 111.00000000
  0.394864  -0.0000 112.00000000
  0.395129  -0.0000 112.00000000
  0.395394  -0.0000 113.00000000
  0.395793  -0.0000 114.00000000
  0.396389  -0.0000 115.00000000
  0.397281  -0.0000 117.00000000
  0.398611  -0.0000 120.00000000
  0.400591  -0.0000 124.00000000
  0.403530  -0.0000 131.00000000
  0.406441  -0.0000 138.00000000
  0.409323  -0.0000 144.00000000
  0.412175  -0.0000 151.00000000
  0.412391  -0.0000 152.00000000
  0.412576  -0.0000 152.00000000
  0.412763  -0.0000 153.00000000
  0.413044  -0.0000 153.00000000
  0.413326  -0.0000 154.00000000
  0.413749  -0.0000 155.00000000
  0.414381  -0.0000 157.00000000
  0.415325  -0.0000 160.00000000
  0.416734  -0.0000 164.00000000
  0.418830  -0.0000 170.00000000
  0.421942  -0.0000 179.00000000
  0.425021  -0.0000 188.00000000
  0.428068  -0.0000 198.00000000
  0.428730  -0.0000 200.00000000
  0.429390  -0.0000 202.00000000
  0.430049  -0.0000 204.00000000
  0.430288  -0.0000 204.00000000
  0.430503  -0.0000 205.00000000
  0.430718  -0.0000 206.00000000
  0.431043  -0.0000 207.00000000
  0.431368  -0.0000 208.00000000
  0.431855  -0.0000 210.00000000
  0.432583  -0.0000 213.00000000
  0.433670  -0.0000 217.00000000
  0.435290  -0.0000 223.00000000
  0.437699  -0.0000 232.00000000
  0.440563  -0.0000 243.00000000
  0.443400  -0.0000 254.00000000
  0.446210  -0.0000 265.00000000
  0.446639  -0.0000 266.00000000
  0.447067  -0.0000 268.00000000
  0.447494  -0.0000 269.00000000
  0.448120  -0.0000 272.00000000
  0.448334  -0.0000 273.00000000
  0.448549  -0.0000 274.00000000
  0.448765  -0.0000 275.00000000
  0.448981  -0.0000 276.00000000
  0.449305  -0.0000 278.00000000
  0.449790  -0.0000 280.00000000
  0.450516  -0.0000 283.00000000
  0.451601  -0.0000 288.00000000
  0.453217  -0.0000 296.00000000
  0.455621  -0.0000 307.00000000
  0.458493  -0.0000 321.00000000
  0.461338  -0.0000 335.00000000
  0.464155  -0.0000 349.00000000
  0.464575  -0.0000 351.00000000
  0.464994  -0.0000 353.00000000
  0.465413  -0.0000 355.00000000
  0.466023  -0.0000 358.00000000
  0.466248  -0.0000 360.00000000
  0.466475  -0.0000 361.00000000
  0.466703  -0.0000 362.00000000
  0.466930  -0.0000 364.00000000
  0.467272  -0.0000 366.00000000
  0.467783  -0.0000 369.00000000
  0.468547  -0.0000 373.00000000
  0.469688  -0.0000 380.00000000
  0.471389  -0.0000 390.00000000
  0.473918  -0.0000 406.00000000
  0.476719  -0.0000 423.00000000
  0.479495  -0.0000 440.00000000
  0.482245  -0.0000 457.00000000
  0.482614  -0.0000 459.00000000
  0.482983  -0.0000 461.00000000
  0.483351  -0.0000 464.00000000
  0.483888  -0.0000 467.00000000
  0.484119  -0.0000 469.00000000
  0.484351  -0.0000 471.00000000
  0.484584  -0.0000 472.00000000
  0.484818  -0.0000 474.00000000
  0.485167  -0.0000 477.00000000
  0.485691  -0.0000 480.00000000
  0.486473  -0.0000 486.00000000
  0.487642  -0.0000 495.00000000
  0.489383  -0.0000 508.00000000
  0.491972  -0.0000 527.00000000
  0.494767  -0.0000 549.00000000
  0.497537  -0.0000 570.00000000
  0.500283  -0.0000 591.00000000
  0.500629  -0.0000 594.00000000
  0.500976  -0.0000 597.00000000
  0.501322  -0.0000 599.00000000
  0.501816  -0.0000 603.00000000
  0.502060  -0.0000 606.00000000
  0.502307  -0.0000 608.00000000
  0.502554  -0.0000 610.00000000
  0.502924  -0.0000 614.00000000
  0.503478  -0.0000 619.00000000
  0.504307  -0.0000 626.00000000
  0.505543  -0.0000 638.00000000
  0.507385  -0.0000 655.00000000
  0.510122  -0.0000 680.00000000
  0.513097  -0.0000 709.00000000
  0.516044  -0.0000 737.00000000
  0.518962  -0.0000 765.00000000
  0.519239  -0.0000 768.00000000
  0.519516  -0.0000 770.00000000
  0.519762  -0.0000 773.00000000
  0.520118  -0.0000 777.00000000
  0.520475  -0.0000 781.00000000
  0.520831  -0.0000 785.00000000
  0.521188  -0.0000 789.00000000
  0.521721  -0.0000 795.00000000
  0.522518  -0.0000 804.00000000
  0.523708  -0.0000 818.00000000
  0.525482  -0.0000 838.00000000
  0.528119  -0.0000 868.00000000
  0.531083  -0.0000 903.00000000
  0.534019  -0.0000 937.00000000
  0.536928  -0.0000 972.00000000
  0.537201  -0.0000 975.00000000
  0.537474  -0.0000 978.00000000
  0.537709  -0.0000 982.00000000
  0.537945  -0.0000 985.00000000
  0.538182  -0.0000 988.00000000
  0.538418  -0.0000 991.00000000
  0.538773  -0.0000 996.00000000
  0.539304  -0.0000 1003.00000000
  0.540097  -0.0000 1014.00000000
  0.541282  -0.0000 1031.00000000
  0.543047  -0.0000 1055.00000000
  0.545671  -0.0000 1092.00000000
  0.549139  -0.0000 1142.00000000
  0.552571  -0.0000 1191.00000000
  0.553587  -0.0000 1206.00000000
  0.554600  -0.0000 1221.00000000
  0.555568  -0.0000 1235.00000000
  0.555814  -0.0000 1239.00000000
  0.556063  -0.0000 1244.00000000
  0.556311  -0.0000 1248.00000000
  0.556684  -0.0000 1254.00000000
  0.557241  -0.0000 1263.00000000
  0.558075  -0.0000 1277.00000000
  0.559319  -0.0000 1298.00000000
  0.561172  -0.0000 1330.00000000
  0.563928  -0.0000 1377.00000000
  0.566661  -0.0000 1424.00000000
  0.569370  -0.0000 1471.00000000
  0.572056  -0.0000 1519.00000000
  0.572391  -0.0000 1525.00000000
  0.572726  -0.0000 1531.00000000
  0.573060  -0.0000 1536.00000000
  0.573524  -0.0000 1545.00000000
  0.573866  -0.0000 1552.00000000
  0.574208  -0.0000 1559.00000000
  0.574551  -0.0000 1566.00000000
  0.574893  -0.0000 1573.00000000
  0.575405  -0.0000 1583.00000000
  0.576170  -0.0000 1599.00000000
  0.577313  -0.0000 1622.00000000
  0.579016  -0.0000 1657.00000000
  0.581551  -0.0000 1709.00000000
  0.584509  -0.0000 1771.00000000
  0.587440  -0.0000 1833.00000000
  0.590344  -0.0000 1894.00000000
  0.590650  -0.0000 1901.00000000
  0.590956  -0.0000 1907.00000000
  0.591250  -0.0000 1914.00000000
  0.591521  -0.0000 1920.00000000
  0.591794  -0.0000 1927.00000000
  0.592067  -0.0000 1934.00000000
  0.592339  -0.0000 1940.00000000
  0.592748  -0.0000 1950.00000000
  0.593359  -0.0000 1965.00000000
  0.594272  -0.0000 1987.00000000
  0.595634  -0.0000 2020.00000000
  0.597663  -0.0000 2070.00000000
  0.600678  -0.0000 2145.00000000
  0.603665  -0.0000 2220.00000000
  0.606626  -0.0000 2296.00000000
  0.607776  -0.0000 2325.00000000
  0.608922  -0.0000 2354.00000000
  0.609195  -0.0000 2361.00000000
  0.609453  -0.0000 2369.00000000
  0.609712  -0.0000 2376.00000000
  0.609971  -0.0000 2384.00000000
  0.610359  -0.0000 2395.00000000
  0.610939  -0.0000 2412.00000000
  0.611807  -0.0000 2437.00000000
  0.613101  -0.0000 2475.00000000
  0.615030  -0.0000 2531.00000000
  0.617897  -0.0000 2616.00000000
  0.620739  -0.0000 2701.00000000
  0.623557  -0.0000 2786.00000000
  0.626350  -0.0000 2871.00000000
  0.626636  -0.0000 2880.00000000
  0.626922  -0.0000 2889.00000000
  0.627180  -0.0000 2897.00000000
  0.627562  -0.0000 2911.00000000
  0.627943  -0.0000 2924.00000000
  0.628324  -0.0000 2937.00000000
  0.628895  -0.0000 2956.00000000
  0.629747  -0.0000 2986.00000000
  0.631019  -0.0000 3030.00000000
  0.632915  -0.0000 3096.00000000
  0.635733  -0.0000 3195.00000000
  0.638527  -0.0000 3294.00000000
  0.641298  -0.0000 3393.00000000
  0.644045  -0.0000 3493.00000000
  0.644352  -0.0000 3504.00000000
  0.644658  -0.0000 3515.00000000
  0.644954  -0.0000 3526.00000000
  0.645226  -0.0000 3537.00000000
  0.645499  -0.0000 3548.00000000
  0.645772  -0.0000 3559.00000000
  0.646044  -0.0000 3570.00000000
  0.646452  -0.0000 3586.00000000
  0.647063  -0.0000 3611.00000000
  0.647976  -0.0000 3648.00000000
  0.649337  -0.0000 3704.00000000
  0.651366  -0.0000 3788.00000000
  0.654381  -0.0000 3914.00000000
  0.657368  -0.0000 4040.00000000
  0.660329  -0.0000 4165.00000000
  0.661578  -0.0000 4218.00000000
  0.662823  -0.0000 4272.00000000
  0.663046  -0.0000 4282.00000000
  0.663271  -0.0000 4293.00000000
  0.663496  -0.0000 4304.00000000
  0.663833  -0.0000 4320.00000000
  0.664338  -0.0000 4344.00000000
  0.665092  -0.0000 4380.00000000
  0.666219  -0.0000 4434.00000000
  0.667898  -0.0000 4515.00000000
  0.670398  -0.0000 4637.00000000
  0.673689  -0.0000 4799.00000000
  0.676949  -0.0000 4961.00000000
  0.680178  -0.0000 5123.00000000
  0.680471  -0.0000 5138.00000000
  0.680761  -0.0000 5153.00000000
  0.681023  -0.0000 5168.00000000
  0.681286  -0.0000 5182.00000000
  0.681550  -0.0000 5197.00000000
  0.681814  -0.0000 5212.00000000
  0.682208  -0.0000 5234.00000000
  0.682799  -0.0000 5267.00000000
  0.683681  -0.0000 5316.00000000
  0.684998  -0.0000 5391.00000000
  0.686961  -0.0000 5502.00000000
  0.689878  -0.0000 5670.00000000
  0.692770  -0.0000 5837.00000000
  0.695638  -0.0000 6005.00000000
  0.698483  -0.0000 6172.00000000
  0.698735  -0.0000 6187.00000000
  0.698969  -0.0000 6203.00000000
  0.699204  -0.0000 6218.00000000
  0.699439  -0.0000 6233.00000000
  0.699791  -0.0000 6256.00000000
  0.700317  -0.0000 6291.00000000
  0.701105  -0.0000 6342.00000000
  0.702281  -0.0000 6419.00000000
  0.704033  -0.0000 6535.00000000
  0.706641  -0.0000 6709.00000000
  0.709904  -0.0000 6929.00000000
  0.713136  -0.0000 7149.00000000
  0.716339  -0.0000 7369.00000000
  0.716611  -0.0000 7387.00000000
  0.716857  -0.0000 7406.00000000
  0.717103  -0.0000 7425.00000000
  0.717473  -0.0000 7453.00000000
  0.717843  -0.0000 7481.00000000
  0.718395  -0.0000 7523.00000000
  0.719222  -0.0000 7585.00000000
  0.720455  -0.0000 7680.00000000
  0.722294  -0.0000 7821.00000000
  0.725028  -0.0000 8033.00000000
  0.728245  -0.0000 8286.00000000
  0.731432  -0.0000 8538.00000000
  0.734586  -0.0000 8790.00000000
  0.734764  -0.0000 8805.00000000
  0.734944  -0.0000 8821.00000000
  0.735123  -0.0000 8837.00000000
  0.735393  -0.0000 8861.00000000
  0.735796  -0.0000 8896.00000000
  0.736399  -0.0000 8949.00000000
  0.737302  -0.0000 9029.00000000
  0.738649  -0.0000 9149.00000000
  0.740656  -0.0000 9328.00000000
  0.743640  -0.0000 9597.00000000
  0.746598  -0.0000 9866.00000000
  0.748060  -0.0000 10000.00000000
  0.747670  -0.0000 10000.00000000
  0.747280  -0.0000 10000.00000000
  0.746890  -0.0000 10000.00000000
  0.746111  -0.0000 10000.00000000
  0.744552  -0.0000 10000.00000000
  0.741434  -0.0000 10000.00000000
  0.735198  -0.0000 10000.00000000
  0.722725  -0.0000 10000.00000000
  0.697780  -0.0000 10000.00000000
  0.647890  -0.0000 10000.00000000
  0.548111  -0.0000 10000.00000000
  0.398442  -0.0000 10000.00000000
  0.358296  -0.0000 10000.00000000
