  0.000122  -0.0000   0.00100000
  0.000274  -0.0000   0.00200000
  0.000777  -0.0000   0.00300000
  0.002195  -0.0000   0.00336300
  0.006608  -0.0000   0.00372500
  0.006743  -0.0000   0.00408800
  0.006950  -0.0000   0.00463200
  0.007139  -0.0000   0.00505600
  0.007360  -0.0000   0.00548100
  0.007621  -0.0000   0.00590500
  0.007838  -0.0000   0.00621500
  0.008086  -0.0000   0.00652400
  0.008370  -0.0000   0.00683400
  0.008661  -0.0000   0.00711300
  0.008989  -0.0000   0.00739300
  0.009358  -0.0000   0.00767200
  0.009716  -0.0000   0.00791700
  0.010109  -0.0000   0.00816200
  0.010540  -0.0000   0.00840800
  0.010995  -0.0000   0.00864700
  0.011488  -0.0000   0.00888600
  0.012017  -0.0000   0.00912500
  0.012611  -0.0000   0.00937600
  0.013245  -0.0000   0.00962700
  0.013916  -0.0000   0.00987800
  0.014837  -0.0000   0.01020000
  0.015812  -0.0000   0.01052000
  0.016839  -0.0000   0.01084000
  0.017912  -0.0000   0.01116000
  0.019027  -0.0000   0.01149000
  0.019322  -0.0000   0.01157000
  0.019620  -0.0000   0.01166000
  0.019870  -0.0000   0.01174000
  0.019884  -0.0000   0.01177000
  0.019896  -0.0000   0.01180000
  0.019906  -0.0000   0.01183000
  0.019918  -0.0000   0.01188000
  0.019934  -0.0000   0.01195000
  0.019954  -0.0000   0.01206000
  0.019979  -0.0000   0.01222000
  0.020010  -0.0000   0.01245000
  0.020037  -0.0000   0.01268000
  0.020074  -0.0000   0.01303000
  0.020125  -0.0000   0.01355000
  0.020196  -0.0000   0.01433000
  0.020300  -0.0000   0.01550000
  0.020405  -0.0000   0.01667000
  0.020576  -0.0000   0.01842000
  0.020896  -0.0000   0.02105000
  0.021102  -0.0000   0.02249000
  0.021350  -0.0000   0.02392000
  0.021648  -0.0000   0.02535000
  0.021897  -0.0000   0.02640000
  0.022182  -0.0000   0.02745000
  0.022505  -0.0000   0.02850000
  0.022866  -0.0000   0.02953000
  0.023270  -0.0000   0.03056000
  0.023723  -0.0000   0.03159000
  0.024163  -0.0000   0.03251000
  0.024644  -0.0000   0.03342000
  0.025169  -0.0000   0.03433000
  0.025699  -0.0000   0.03518000
  0.026269  -0.0000   0.03603000
  0.026882  -0.0000   0.03688000
  0.027520  -0.0000   0.03771000
  0.028200  -0.0000   0.03854000
  0.028922  -0.0000   0.03937000
  0.029695  -0.0000   0.04020000
  0.030511  -0.0000   0.04104000
  0.031372  -0.0000   0.04188000
  0.032393  -0.0000   0.04282000
  0.033470  -0.0000   0.04376000
  0.034602  -0.0000   0.04470000
  0.035788  -0.0000   0.04564000
  0.035895  -0.0000   0.04572000
  0.036004  -0.0000   0.04581000
  0.036113  -0.0000   0.04589000
  0.036255  -0.0000   0.04602000
  0.036281  -0.0000   0.04611000
  0.036303  -0.0000   0.04619000
  0.036322  -0.0000   0.04627000
  0.036347  -0.0000   0.04640000
  0.036380  -0.0000   0.04659000
  0.036422  -0.0000   0.04688000
  0.036477  -0.0000   0.04731000
  0.036550  -0.0000   0.04795000
  0.036649  -0.0000   0.04891000
  0.036789  -0.0000   0.05036000
  0.037001  -0.0000   0.05252000
  0.037363  -0.0000   0.05578000
  0.037594  -0.0000   0.05764000
  0.037851  -0.0000   0.05950000
  0.038140  -0.0000   0.06136000
  0.038651  -0.0000   0.06416000
  0.039248  -0.0000   0.06695000
  0.039938  -0.0000   0.06975000
  0.040592  -0.0000   0.07210000
  0.041323  -0.0000   0.07446000
  0.042136  -0.0000   0.07681000
  0.043035  -0.0000   0.07917000
  0.044025  -0.0000   0.08152000
  0.045110  -0.0000   0.08388000
  0.046061  -0.0000   0.08580000
  0.047080  -0.0000   0.08772000
  0.048168  -0.0000   0.08964000
  0.049468  -0.0000   0.09179000
  0.050857  -0.0000   0.09393000
  0.052337  -0.0000   0.09607000
  0.053900  -0.0000   0.09821000
  0.053938  -0.0000   0.09835000
  0.053971  -0.0000   0.09849000
  0.054001  -0.0000   0.09863000
  0.054040  -0.0000   0.09884000
  0.054091  -0.0000   0.09916000
  0.054160  -0.0000   0.10000000
  0.054251  -0.0000   0.10000000
  0.054375  -0.0000   0.10100000
  0.054550  -0.0000   0.10300000
  0.054813  -0.0000   0.10500000
  0.055245  -0.0000   0.10900000
  0.055583  -0.0000   0.11200000
  0.055955  -0.0000   0.11400000
  0.056363  -0.0000   0.11700000
  0.057061  -0.0000   0.12100000
  0.057850  -0.0000   0.12500000
  0.058736  -0.0000   0.12900000
  0.059724  -0.0000   0.13200000
  0.060611  -0.0000   0.13600000
  0.061574  -0.0000   0.13900000
  0.062616  -0.0000   0.14200000
  0.063741  -0.0000   0.14500000
  0.064951  -0.0000   0.14900000
  0.066248  -0.0000   0.15200000
  0.067635  -0.0000   0.15500000
  0.069113  -0.0000   0.15800000
  0.070684  -0.0000   0.16100000
  0.070903  -0.0000   0.16200000
  0.071124  -0.0000   0.16200000
  0.071347  -0.0000   0.16300000
  0.071513  -0.0000   0.16300000
  0.071600  -0.0000   0.16400000
  0.071675  -0.0000   0.16400000
  0.071773  -0.0000   0.16500000
  0.071862  -0.0000   0.16600000
  0.071987  -0.0000   0.16700000
  0.072163  -0.0000   0.16800000
  0.072427  -0.0000   0.17100000
  0.072845  -0.0000   0.17400000
  0.073321  -0.0000   0.17800000
  0.073842  -0.0000   0.18200000
  0.074411  -0.0000   0.18500000
  0.075313  -0.0000   0.19100000
  0.076316  -0.0000   0.19600000
  0.077426  -0.0000   0.20100000
  0.078648  -0.0000   0.20700000
  0.079722  -0.0000   0.21100000
  0.080876  -0.0000   0.21500000
  0.082113  -0.0000   0.22000000
  0.083436  -0.0000   0.22400000
  0.084846  -0.0000   0.22800000
  0.086346  -0.0000   0.23300000
  0.087935  -0.0000   0.23700000
  0.088244  -0.0000   0.23800000
  0.088557  -0.0000   0.23900000
  0.088873  -0.0000   0.24000000
  0.088978  -0.0000   0.24000000
  0.089052  -0.0000   0.24000000
  0.089119  -0.0000   0.24100000
  0.089210  -0.0000   0.24200000
  0.089332  -0.0000   0.24300000
  0.089503  -0.0000   0.24400000
  0.089749  -0.0000   0.24600000
  0.090125  -0.0000   0.25000000
  0.090739  -0.0000   0.25500000
  0.091412  -0.0000   0.26000000
  0.092146  -0.0000   0.26500000
  0.092943  -0.0000   0.27100000
  0.093802  -0.0000   0.27600000
  0.094841  -0.0000   0.28200000
  0.095964  -0.0000   0.28700000
  0.097172  -0.0000   0.29300000
  0.098677  -0.0000   0.30000000
  0.099984  -0.0000   0.30500000
  0.101372  -0.0000   0.31100000
  0.102845  -0.0000   0.31600000
  0.104594  -0.0000   0.32200000
  0.106451  -0.0000   0.32800000
  0.106592  -0.0000   0.32800000
  0.106668  -0.0000   0.32900000
  0.106737  -0.0000   0.32900000
  0.106830  -0.0000   0.33000000
  0.106955  -0.0000   0.33100000
  0.107127  -0.0000   0.33300000
  0.107374  -0.0000   0.33500000
  0.107746  -0.0000   0.33900000
  0.108340  -0.0000   0.34400000
  0.108978  -0.0000   0.34900000
  0.109662  -0.0000   0.35400000
  0.110393  -0.0000   0.36000000
  0.111541  -0.0000   0.36700000
  0.112786  -0.0000   0.37500000
  0.114130  -0.0000   0.38200000
  0.115576  -0.0000   0.39000000
  0.117128  -0.0000   0.39800000
  0.118789  -0.0000   0.40500000
  0.120560  -0.0000   0.41300000
  0.122444  -0.0000   0.42000000
  0.124321  -0.0000   0.42800000
  0.124428  -0.0000   0.42900000
  0.124525  -0.0000   0.42900000
  0.124614  -0.0000   0.43000000
  0.124739  -0.0000   0.43100000
  0.124916  -0.0000   0.43300000
  0.125175  -0.0000   0.43600000
  0.125567  -0.0000   0.43900000
  0.126192  -0.0000   0.44500000
  0.126857  -0.0000   0.45100000
  0.127564  -0.0000   0.45600000
  0.128312  -0.0000   0.46200000
  0.129524  -0.0000   0.47100000
  0.130764  -0.0000   0.47900000
  0.132089  -0.0000   0.48700000
  0.133500  -0.0000   0.49500000
  0.135281  -0.0000   0.50500000
  0.136827  -0.0000   0.51300000
  0.138457  -0.0000   0.52100000
  0.140174  -0.0000   0.52800000
  0.141852  -0.0000   0.53600000
  0.141968  -0.0000   0.53600000
  0.142056  -0.0000   0.53700000
  0.142138  -0.0000   0.53800000
  0.142251  -0.0000   0.53900000
  0.142410  -0.0000   0.54000000
  0.142636  -0.0000   0.54300000
  0.142972  -0.0000   0.54600000
  0.143494  -0.0000   0.55100000
  0.144121  -0.0000   0.55700000
  0.144782  -0.0000   0.56300000
  0.145476  -0.0000   0.56900000
  0.146588  -0.0000   0.57700000
  0.148199  -0.0000   0.58900000
  0.149938  -0.0000   0.60100000
  0.151466  -0.0000   0.61000000
  0.153086  -0.0000   0.62000000
  0.154798  -0.0000   0.63000000
  0.156606  -0.0000   0.63900000
  0.158509  -0.0000   0.64900000
  0.158811  -0.0000   0.65000000
  0.159115  -0.0000   0.65200000
  0.159421  -0.0000   0.65300000
  0.159612  -0.0000   0.65500000
  0.159753  -0.0000   0.65600000
  0.159883  -0.0000   0.65700000
  0.160064  -0.0000   0.65900000
  0.160240  -0.0000   0.66100000
  0.160499  -0.0000   0.66300000
  0.160895  -0.0000   0.66700000
  0.161517  -0.0000   0.67400000
  0.162169  -0.0000   0.68000000
  0.162851  -0.0000   0.68600000
  0.163562  -0.0000   0.69200000
  0.164690  -0.0000   0.70100000
  0.166182  -0.0000   0.71300000
  0.167770  -0.0000   0.72400000
  0.169455  -0.0000   0.73600000
  0.171240  -0.0000   0.74700000
  0.173126  -0.0000   0.75800000
  0.175114  -0.0000   0.77000000
  0.177205  -0.0000   0.78100000
  0.177320  -0.0000   0.78200000
  0.177418  -0.0000   0.78300000
  0.177510  -0.0000   0.78400000
  0.177640  -0.0000   0.78500000
  0.177826  -0.0000   0.78700000
  0.178097  -0.0000   0.79000000
  0.178506  -0.0000   0.79500000
  0.179145  -0.0000   0.80100000
  0.179814  -0.0000   0.80800000
  0.180511  -0.0000   0.81400000
  0.181235  -0.0000   0.82100000
  0.182380  -0.0000   0.83100000
  0.184227  -0.0000   0.84600000
  0.186205  -0.0000   0.86100000
  0.187943  -0.0000   0.87300000
  0.189775  -0.0000   0.88600000
  0.191702  -0.0000   0.89800000
  0.193724  -0.0000   0.91000000
  0.194074  -0.0000   0.91200000
  0.194427  -0.0000   0.91500000
  0.194783  -0.0000   0.91700000
  0.194981  -0.0000   0.91800000
  0.195133  -0.0000   0.92000000
  0.195275  -0.0000   0.92100000
  0.195477  -0.0000   0.92300000
  0.195770  -0.0000   0.92700000
  0.196213  -0.0000   0.93200000
  0.196905  -0.0000   0.93900000
  0.197628  -0.0000   0.94600000
  0.198381  -0.0000   0.95400000
  0.199161  -0.0000   0.96100000
  0.200391  -0.0000   0.97200000
  0.202369  -0.0000   0.98900000
  0.204401  -0.0000   1.01000000
  0.206351  -0.0000   1.02000000
  0.208268  -0.0000   1.04000000
  0.211078  -0.0000   1.06000000
  0.211292  -0.0000   1.07000000
  0.211505  -0.0000   1.07000000
  0.211718  -0.0000   1.07000000
  0.212037  -0.0000   1.07000000
  0.212474  -0.0000   1.08000000
  0.212617  -0.0000   1.08000000
  0.212750  -0.0000   1.08000000
  0.212876  -0.0000   1.08000000
  0.213056  -0.0000   1.09000000
  0.213319  -0.0000   1.09000000
  0.213710  -0.0000   1.10000000
  0.214299  -0.0000   1.11000000
  0.215101  -0.0000   1.12000000
  0.215905  -0.0000   1.13000000
  0.216709  -0.0000   1.15000000
  0.217911  -0.0000   1.17000000
  0.219699  -0.0000   1.20000000
  0.222342  -0.0000   1.25000000
  0.225072  -0.0000   1.30000000
  0.227755  -0.0000   1.34000000
  0.228244  -0.0000   1.35000000
  0.228732  -0.0000   1.36000000
  0.229218  -0.0000   1.37000000
  0.229674  -0.0000   1.38000000
  0.229817  -0.0000   1.38000000
  0.229945  -0.0000   1.39000000
  0.230066  -0.0000   1.39000000
  0.230239  -0.0000   1.40000000
  0.230493  -0.0000   1.40000000
  0.230871  -0.0000   1.42000000
  0.231442  -0.0000   1.44000000
  0.232210  -0.0000   1.46000000
  0.232980  -0.0000   1.49000000
  0.233749  -0.0000   1.51000000
  0.234900  -0.0000   1.55000000
  0.236614  -0.0000   1.61000000
  0.239153  -0.0000   1.70000000
  0.241948  -0.0000   1.79000000
  0.244697  -0.0000   1.89000000
  0.245388  -0.0000   1.91000000
  0.246076  -0.0000   1.94000000
  0.246761  -0.0000   1.96000000
  0.246937  -0.0000   1.97000000
  0.247067  -0.0000   1.98000000
  0.247188  -0.0000   1.98000000
  0.247359  -0.0000   1.99000000
  0.247608  -0.0000   2.01000000
  0.247981  -0.0000   2.03000000
  0.248545  -0.0000   2.07000000
  0.249251  -0.0000   2.11000000
  0.249959  -0.0000   2.15000000
  0.250667  -0.0000   2.20000000
  0.251727  -0.0000   2.26000000
  0.253308  -0.0000   2.36000000
  0.255652  -0.0000   2.50000000
  0.259106  -0.0000   2.72000000
  0.262494  -0.0000   2.94000000
  0.262769  -0.0000   2.96000000
  0.263043  -0.0000   2.98000000
  0.263317  -0.0000   3.00000000
  0.263726  -0.0000   3.02000000
  0.264150  -0.0000   3.05000000
  0.264304  -0.0000   3.07000000
  0.264448  -0.0000   3.08000000
  0.264586  -0.0000   3.10000000
  0.264790  -0.0000   3.12000000
  0.265096  -0.0000   3.15000000
  0.265558  -0.0000   3.21000000
  0.266257  -0.0000   3.28000000
  0.266959  -0.0000   3.36000000
  0.268011  -0.0000   3.47000000
  0.269582  -0.0000   3.64000000
  0.271915  -0.0000   3.90000000
  0.274830  -0.0000   4.22000000
  0.277702  -0.0000   4.55000000
  0.280530  -0.0000   4.87000000
  0.280739  -0.0000   4.90000000
  0.280948  -0.0000   4.92000000
  0.281156  -0.0000   4.94000000
  0.281410  -0.0000   4.98000000
  0.281613  -0.0000   5.02000000
  0.281806  -0.0000   5.05000000
  0.281998  -0.0000   5.09000000
  0.282287  -0.0000   5.14000000
  0.282723  -0.0000   5.22000000
  0.283383  -0.0000   5.35000000
  0.284347  -0.0000   5.52000000
  0.285310  -0.0000   5.70000000
  0.286748  -0.0000   5.97000000
  0.288885  -0.0000   6.37000000
  0.292045  -0.0000   6.97000000
  0.295156  -0.0000   7.57000000
  0.298215  -0.0000   8.17000000
  0.298391  -0.0000   8.20000000
  0.298537  -0.0000   8.24000000
  0.298658  -0.0000   8.27000000
  0.298828  -0.0000   8.32000000
  0.299079  -0.0000   8.40000000
  0.299456  -0.0000   8.52000000
  0.300028  -0.0000   8.69000000
  0.300602  -0.0000   8.87000000
  0.301178  -0.0000   9.04000000
  0.302041  -0.0000   9.31000000
  0.303331  -0.0000   9.70000000
  0.305250  -0.0000  10.30000000
  0.308093  -0.0000  11.20000000
  0.311148  -0.0000  12.10000000
  0.314156  -0.0000  13.10000000
  0.314455  -0.0000  13.20000000
  0.314753  -0.0000  13.30000000
  0.315050  -0.0000  13.40000000
  0.315496  -0.0000  13.50000000
  0.315700  -0.0000  13.60000000
  0.315858  -0.0000  13.70000000
  0.316008  -0.0000  13.80000000
  0.316230  -0.0000  13.90000000
  0.316453  -0.0000  14.00000000
  0.316791  -0.0000  14.20000000
  0.317300  -0.0000  14.40000000
  0.318067  -0.0000  14.80000000
  0.319216  -0.0000  15.30000000
  0.320930  -0.0000  16.20000000
  0.323476  -0.0000  17.40000000
  0.326276  -0.0000  18.90000000
  0.329041  -0.0000  20.30000000
  0.331767  -0.0000  21.70000000
  0.331991  -0.0000  21.80000000
  0.332214  -0.0000  21.90000000
  0.332437  -0.0000  22.00000000
  0.332770  -0.0000  22.20000000
  0.332939  -0.0000  22.30000000
  0.333086  -0.0000  22.40000000
  0.333229  -0.0000  22.50000000
  0.333442  -0.0000  22.70000000
  0.333764  -0.0000  22.90000000
  0.334252  -0.0000  23.30000000
  0.334987  -0.0000  23.90000000
  0.335722  -0.0000  24.40000000
  0.336822  -0.0000  25.30000000
  0.338462  -0.0000  26.50000000
  0.340898  -0.0000  28.40000000
  0.343932  -0.0000  30.80000000
  0.346924  -0.0000  33.20000000
  0.349872  -0.0000  35.60000000
  0.350039  -0.0000  35.70000000
  0.350167  -0.0000  35.90000000
  0.350290  -0.0000  36.00000000
  0.350471  -0.0000  36.30000000
  0.350653  -0.0000  36.50000000
  0.350928  -0.0000  36.80000000
  0.351344  -0.0000  37.30000000
  0.351969  -0.0000  38.00000000
  0.352908  -0.0000  39.10000000
  0.354311  -0.0000  40.80000000
  0.356399  -0.0000  43.20000000
  0.359491  -0.0000  46.90000000
  0.362543  -0.0000  50.60000000
  0.365552  -0.0000  54.30000000
  0.365897  -0.0000  54.80000000
  0.366242  -0.0000  55.20000000
  0.366585  -0.0000  55.60000000
  0.367100  -0.0000  56.20000000
  0.367278  -0.0000  56.50000000
  0.367425  -0.0000  56.80000000
  0.367569  -0.0000  57.00000000
  0.367785  -0.0000  57.40000000
  0.368111  -0.0000  58.00000000
  0.368605  -0.0000  58.80000000
  0.369348  -0.0000  60.10000000
  0.370090  -0.0000  61.40000000
  0.371201  -0.0000  63.40000000
  0.372857  -0.0000  66.30000000
  0.375316  -0.0000  70.70000000
  0.378951  -0.0000  77.30000000
  0.381986  -0.0000  82.80000000
  0.382743  -0.0000  84.20000000
  0.383497  -0.0000  85.60000000
  0.384248  -0.0000  87.00000000
  0.384435  -0.0000  87.40000000
  0.384582  -0.0000  87.80000000
  0.384725  -0.0000  88.20000000
  0.384939  -0.0000  88.70000000
  0.385155  -0.0000  89.30000000
  0.385480  -0.0000  90.10000000
  0.385971  -0.0000  91.40000000
  0.386709  -0.0000  93.30000000
  0.387812  -0.0000  96.10000000
  0.389458  -0.0000 100.00000000
  0.391904  -0.0000 107.00000000
  0.395520  -0.0000 116.00000000
  0.399080  -0.0000 126.00000000
  0.399621  -0.0000 127.00000000
  0.400160  -0.0000 129.00000000
  0.400697  -0.0000 130.00000000
  0.401500  -0.0000 133.00000000
  0.401670  -0.0000 133.00000000
  0.401812  -0.0000 134.00000000
  0.401951  -0.0000 134.00000000
  0.402161  -0.0000 135.00000000
  0.402479  -0.0000 136.00000000
  0.402958  -0.0000 138.00000000
  0.403679  -0.0000 141.00000000
  0.404759  -0.0000 145.00000000
  0.406370  -0.0000 151.00000000
  0.408765  -0.0000 160.00000000
  0.412307  -0.0000 173.00000000
  0.415798  -0.0000 187.00000000
  0.416848  -0.0000 191.00000000
  0.417893  -0.0000 195.00000000
  0.418889  -0.0000 199.00000000
  0.419058  -0.0000 200.00000000
  0.419224  -0.0000 201.00000000
  0.419390  -0.0000 202.00000000
  0.419558  -0.0000 203.00000000
  0.419810  -0.0000 204.00000000
  0.420191  -0.0000 206.00000000
  0.420762  -0.0000 209.00000000
  0.421619  -0.0000 214.00000000
  0.422900  -0.0000 221.00000000
  0.424808  -0.0000 231.00000000
  0.427639  -0.0000 246.00000000
  0.430450  -0.0000 261.00000000
  0.433228  -0.0000 277.00000000
  0.435971  -0.0000 292.00000000
  0.436129  -0.0000 293.00000000
  0.436265  -0.0000 294.00000000
  0.436400  -0.0000 295.00000000
  0.436603  -0.0000 297.00000000
  0.436911  -0.0000 299.00000000
  0.437376  -0.0000 303.00000000
  0.438073  -0.0000 308.00000000
  0.439117  -0.0000 316.00000000
  0.440675  -0.0000 327.00000000
  0.442991  -0.0000 345.00000000
  0.446422  -0.0000 371.00000000
  0.449805  -0.0000 397.00000000
  0.453139  -0.0000 423.00000000
  0.453299  -0.0000 425.00000000
  0.453438  -0.0000 426.00000000
  0.453577  -0.0000 428.00000000
  0.453785  -0.0000 430.00000000
  0.454101  -0.0000 433.00000000
  0.454577  -0.0000 438.00000000
  0.455291  -0.0000 445.00000000
  0.456359  -0.0000 456.00000000
  0.457953  -0.0000 473.00000000
  0.460323  -0.0000 498.00000000
  0.463832  -0.0000 535.00000000
  0.467292  -0.0000 572.00000000
  0.468979  -0.0000 590.00000000
  0.470369  -0.0000 605.00000000
  0.470541  -0.0000 608.00000000
  0.470690  -0.0000 610.00000000
  0.470839  -0.0000 612.00000000
  0.471065  -0.0000 615.00000000
  0.471406  -0.0000 620.00000000
  0.471919  -0.0000 627.00000000
  0.472688  -0.0000 638.00000000
  0.473838  -0.0000 654.00000000
  0.475552  -0.0000 678.00000000
  0.478100  -0.0000 715.00000000
  0.480976  -0.0000 757.00000000
  0.483820  -0.0000 798.00000000
  0.486630  -0.0000 840.00000000
  0.486874  -0.0000 844.00000000
  0.487118  -0.0000 847.00000000
  0.487361  -0.0000 851.00000000
  0.487718  -0.0000 856.00000000
  0.487825  -0.0000 858.00000000
  0.487982  -0.0000 861.00000000
  0.488219  -0.0000 866.00000000
  0.488459  -0.0000 871.00000000
  0.488820  -0.0000 878.00000000
  0.489362  -0.0000 888.00000000
  0.490174  -0.0000 903.00000000
  0.491388  -0.0000 927.00000000
  0.493197  -0.0000 961.00000000
  0.495884  -0.0000 1014.00000000
  0.498670  -0.0000 1068.00000000
  0.501426  -0.0000 1123.00000000
  0.504150  -0.0000 1178.00000000
  0.504372  -0.0000 1182.00000000
  0.504593  -0.0000 1187.00000000
  0.504814  -0.0000 1191.00000000
  0.505094  -0.0000 1198.00000000
  0.505351  -0.0000 1205.00000000
  0.505611  -0.0000 1211.00000000
  0.505873  -0.0000 1218.00000000
  0.506266  -0.0000 1228.00000000
  0.506856  -0.0000 1243.00000000
  0.507739  -0.0000 1265.00000000
  0.509058  -0.0000 1299.00000000
  0.511022  -0.0000 1350.00000000
  0.513936  -0.0000 1426.00000000
  0.516857  -0.0000 1503.00000000
  0.519745  -0.0000 1580.00000000
  0.520672  -0.0000 1605.00000000
  0.521595  -0.0000 1630.00000000
  0.522049  -0.0000 1642.00000000
  0.522270  -0.0000 1649.00000000
  0.522470  -0.0000 1656.00000000
  0.522671  -0.0000 1663.00000000
  0.522974  -0.0000 1673.00000000
  0.523431  -0.0000 1688.00000000
  0.524116  -0.0000 1712.00000000
  0.525141  -0.0000 1746.00000000
  0.526671  -0.0000 1798.00000000
  0.528946  -0.0000 1876.00000000
  0.532318  -0.0000 1993.00000000
  0.535647  -0.0000 2111.00000000
  0.538932  -0.0000 2228.00000000
  0.539141  -0.0000 2235.00000000
  0.539351  -0.0000 2243.00000000
  0.539529  -0.0000 2250.00000000
  0.539778  -0.0000 2261.00000000
  0.540029  -0.0000 2273.00000000
  0.540281  -0.0000 2284.00000000
  0.540661  -0.0000 2301.00000000
  0.541231  -0.0000 2326.00000000
  0.542083  -0.0000 2364.00000000
  0.543357  -0.0000 2421.00000000
  0.545253  -0.0000 2506.00000000
  0.548069  -0.0000 2634.00000000
  0.550939  -0.0000 2765.00000000
  0.553778  -0.0000 2897.00000000
  0.556583  -0.0000 3029.00000000
  0.556750  -0.0000 3038.00000000
  0.556903  -0.0000 3047.00000000
  0.557057  -0.0000 3056.00000000
  0.557289  -0.0000 3069.00000000
  0.557639  -0.0000 3089.00000000
  0.558165  -0.0000 3120.00000000
  0.558952  -0.0000 3165.00000000
  0.560129  -0.0000 3233.00000000
  0.561882  -0.0000 3336.00000000
  0.564488  -0.0000 3489.00000000
  0.567245  -0.0000 3653.00000000
  0.569974  -0.0000 3818.00000000
  0.572674  -0.0000 3982.00000000
  0.572940  -0.0000 3998.00000000
  0.573207  -0.0000 4014.00000000
  0.573472  -0.0000 4030.00000000
  0.573871  -0.0000 4055.00000000
  0.574045  -0.0000 4067.00000000
  0.574213  -0.0000 4080.00000000
  0.574383  -0.0000 4093.00000000
  0.574639  -0.0000 4112.00000000
  0.575024  -0.0000 4141.00000000
  0.575602  -0.0000 4184.00000000
  0.576466  -0.0000 4248.00000000
  0.577756  -0.0000 4345.00000000
  0.579679  -0.0000 4491.00000000
  0.582534  -0.0000 4709.00000000
  0.585359  -0.0000 4927.00000000
  0.588155  -0.0000 5144.00000000
  0.590920  -0.0000 5362.00000000
  0.591120  -0.0000 5378.00000000
  0.591289  -0.0000 5394.00000000
  0.591451  -0.0000 5410.00000000
  0.591697  -0.0000 5433.00000000
  0.591945  -0.0000 5457.00000000
  0.592317  -0.0000 5493.00000000
  0.592874  -0.0000 5546.00000000
  0.593708  -0.0000 5626.00000000
  0.594954  -0.0000 5746.00000000
  0.596809  -0.0000 5925.00000000
  0.599566  -0.0000 6195.00000000
  0.602389  -0.0000 6474.00000000
  0.605182  -0.0000 6753.00000000
  0.607945  -0.0000 7032.00000000
  0.608157  -0.0000 7053.00000000
  0.608369  -0.0000 7075.00000000
  0.608550  -0.0000 7096.00000000
  0.608811  -0.0000 7128.00000000
  0.609075  -0.0000 7160.00000000
  0.609339  -0.0000 7193.00000000
  0.609604  -0.0000 7225.00000000
  0.610001  -0.0000 7273.00000000
  0.610595  -0.0000 7345.00000000
  0.611484  -0.0000 7454.00000000
  0.612811  -0.0000 7617.00000000
  0.614788  -0.0000 7861.00000000
  0.617722  -0.0000 8228.00000000
  0.620626  -0.0000 8594.00000000
  0.623498  -0.0000 8961.00000000
  0.624185  -0.0000 9049.00000000
  0.624871  -0.0000 9137.00000000
  0.625555  -0.0000 9225.00000000
  0.625752  -0.0000 9252.00000000
  0.625930  -0.0000 9280.00000000
  0.626109  -0.0000 9308.00000000
  0.626380  -0.0000 9350.00000000
  0.626651  -0.0000 9391.00000000
  0.627059  -0.0000 9454.00000000
  0.627668  -0.0000 9548.00000000
  0.628580  -0.0000 9689.00000000
  0.629941  -0.0000 9900.00000000
  0.630586  -0.0000 10000.00000000
  0.629323  -0.0000 10000.00000000
  0.629323  -0.0000 10000.00000000
  0.629323  -0.0000 10000.00000000
  0.629323  -0.0000 10000.00000000
  0.629323  -0.0000 10000.00000000
  0.629323  -0.0000 10000.00000000
  0.629323  -0.0000 10000.00000000
  0.629322  -0.0000 10000.00000000
  0.629321  -0.0000 10000.00000000
  0.629318  -0.0000 10000.00000000
  0.629313  -0.0000 10000.00000000
  0.629302  -0.0000 10000.00000000
