  0.000171  -0.0000   0.00100000
  0.000375  -0.0000   0.00200000
  0.001030  -0.0000   0.00300000
  0.005461  -0.0000   0.00373900
  0.006809  -0.0000   0.00392300
  0.006873  -0.0000   0.00410800
  0.006953  -0.0000   0.00438500
  0.007087  -0.0000   0.00480000
  0.007323  -0.0000   0.00542400
  0.007563  -0.0000   0.00597200
  0.007837  -0.0000   0.00652000
  0.008149  -0.0000   0.00706800
  0.008465  -0.0000   0.00756300
  0.008819  -0.0000   0.00805800
  0.009217  -0.0000   0.00855400
  0.009577  -0.0000   0.00896100
  0.009974  -0.0000   0.00936800
  0.010411  -0.0000   0.00977500
  0.010824  -0.0000   0.01013000
  0.011272  -0.0000   0.01048000
  0.011758  -0.0000   0.01084000
  0.012268  -0.0000   0.01118000
  0.012815  -0.0000   0.01153000
  0.013401  -0.0000   0.01187000
  0.014032  -0.0000   0.01222000
  0.014703  -0.0000   0.01257000
  0.015414  -0.0000   0.01292000
  0.016215  -0.0000   0.01329000
  0.017061  -0.0000   0.01366000
  0.017950  -0.0000   0.01403000
  0.019048  -0.0000   0.01446000
  0.020197  -0.0000   0.01490000
  0.020214  -0.0000   0.01493000
  0.020229  -0.0000   0.01497000
  0.020243  -0.0000   0.01501000
  0.020262  -0.0000   0.01507000
  0.020287  -0.0000   0.01515000
  0.020319  -0.0000   0.01528000
  0.020362  -0.0000   0.01547000
  0.020405  -0.0000   0.01569000
  0.020445  -0.0000   0.01592000
  0.020499  -0.0000   0.01625000
  0.020550  -0.0000   0.01659000
  0.020620  -0.0000   0.01709000
  0.020719  -0.0000   0.01785000
  0.020851  -0.0000   0.01889000
  0.020980  -0.0000   0.01994000
  0.021175  -0.0000   0.02151000
  0.021485  -0.0000   0.02386000
  0.021907  -0.0000   0.02666000
  0.022280  -0.0000   0.02881000
  0.022717  -0.0000   0.03096000
  0.023146  -0.0000   0.03278000
  0.023642  -0.0000   0.03461000
  0.024213  -0.0000   0.03644000
  0.024741  -0.0000   0.03794000
  0.025331  -0.0000   0.03945000
  0.025986  -0.0000   0.04095000
  0.026710  -0.0000   0.04246000
  0.027373  -0.0000   0.04373000
  0.028090  -0.0000   0.04500000
  0.028862  -0.0000   0.04626000
  0.029692  -0.0000   0.04753000
  0.030581  -0.0000   0.04880000
  0.031530  -0.0000   0.05007000
  0.032540  -0.0000   0.05134000
  0.033612  -0.0000   0.05260000
  0.034565  -0.0000   0.05368000
  0.035562  -0.0000   0.05475000
  0.036604  -0.0000   0.05583000
  0.036807  -0.0000   0.05604000
  0.037012  -0.0000   0.05624000
  0.037218  -0.0000   0.05645000
  0.037311  -0.0000   0.05661000
  0.037354  -0.0000   0.05677000
  0.037392  -0.0000   0.05693000
  0.037442  -0.0000   0.05717000
  0.037488  -0.0000   0.05742000
  0.037551  -0.0000   0.05778000
  0.037635  -0.0000   0.05832000
  0.037748  -0.0000   0.05913000
  0.037904  -0.0000   0.06036000
  0.038052  -0.0000   0.06158000
  0.038267  -0.0000   0.06341000
  0.038595  -0.0000   0.06616000
  0.039139  -0.0000   0.07028000
  0.039447  -0.0000   0.07245000
  0.039781  -0.0000   0.07462000
  0.040144  -0.0000   0.07680000
  0.040762  -0.0000   0.08006000
  0.041460  -0.0000   0.08332000
  0.042245  -0.0000   0.08658000
  0.043123  -0.0000   0.08984000
  0.044098  -0.0000   0.09310000
  0.045178  -0.0000   0.09636000
  0.046126  -0.0000   0.09901000
  0.047149  -0.0000   0.10200000
  0.048248  -0.0000   0.10400000
  0.049427  -0.0000   0.10700000
  0.050686  -0.0000   0.11000000
  0.052028  -0.0000   0.11200000
  0.053453  -0.0000   0.11500000
  0.054964  -0.0000   0.11800000
  0.055148  -0.0000   0.11800000
  0.055333  -0.0000   0.11800000
  0.055475  -0.0000   0.11900000
  0.055577  -0.0000   0.11900000
  0.055666  -0.0000   0.11900000
  0.055748  -0.0000   0.12000000
  0.055824  -0.0000   0.12000000
  0.055929  -0.0000   0.12100000
  0.056076  -0.0000   0.12200000
  0.056280  -0.0000   0.12400000
  0.056576  -0.0000   0.12600000
  0.057024  -0.0000   0.13000000
  0.057618  -0.0000   0.13400000
  0.058273  -0.0000   0.13900000
  0.059002  -0.0000   0.14300000
  0.059811  -0.0000   0.14800000
  0.060704  -0.0000   0.15200000
  0.061685  -0.0000   0.15700000
  0.062757  -0.0000   0.16100000
  0.063925  -0.0000   0.16600000
  0.065192  -0.0000   0.17000000
  0.066560  -0.0000   0.17500000
  0.068034  -0.0000   0.18000000
  0.069615  -0.0000   0.18400000
  0.070989  -0.0000   0.18800000
  0.072437  -0.0000   0.19100000
  0.072997  -0.0000   0.19300000
  0.073537  -0.0000   0.19400000
  0.073633  -0.0000   0.19500000
  0.073721  -0.0000   0.19500000
  0.073802  -0.0000   0.19600000
  0.073914  -0.0000   0.19600000
  0.074068  -0.0000   0.19800000
  0.074282  -0.0000   0.19900000
  0.074586  -0.0000   0.20200000
  0.075037  -0.0000   0.20600000
  0.075750  -0.0000   0.21100000
  0.076528  -0.0000   0.21700000
  0.077382  -0.0000   0.22300000
  0.078316  -0.0000   0.22900000
  0.079334  -0.0000   0.23400000
  0.080437  -0.0000   0.24000000
  0.081629  -0.0000   0.24600000
  0.083078  -0.0000   0.25200000
  0.084645  -0.0000   0.25900000
  0.086015  -0.0000   0.26400000
  0.087469  -0.0000   0.26900000
  0.089007  -0.0000   0.27500000
  0.090812  -0.0000   0.28100000
  0.091052  -0.0000   0.28100000
  0.091294  -0.0000   0.28200000
  0.091527  -0.0000   0.28300000
  0.091650  -0.0000   0.28400000
  0.091763  -0.0000   0.28400000
  0.091868  -0.0000   0.28500000
  0.092014  -0.0000   0.28600000
  0.092218  -0.0000   0.28800000
  0.092507  -0.0000   0.29000000
  0.092930  -0.0000   0.29400000
  0.093583  -0.0000   0.30000000
  0.094152  -0.0000   0.30400000
  0.094753  -0.0000   0.30900000
  0.095389  -0.0000   0.31400000
  0.096424  -0.0000   0.32100000
  0.097542  -0.0000   0.32800000
  0.098745  -0.0000   0.33500000
  0.100033  -0.0000   0.34200000
  0.101703  -0.0000   0.35000000
  0.103154  -0.0000   0.35700000
  0.104694  -0.0000   0.36400000
  0.106323  -0.0000   0.37100000
  0.108247  -0.0000   0.37900000
  0.108810  -0.0000   0.38100000
  0.109382  -0.0000   0.38300000
  0.109712  -0.0000   0.38500000
  0.109920  -0.0000   0.38600000
  0.110110  -0.0000   0.38800000
  0.110288  -0.0000   0.38900000
  0.110458  -0.0000   0.39100000
  0.110705  -0.0000   0.39300000
  0.111069  -0.0000   0.39600000
  0.111624  -0.0000   0.40100000
  0.112314  -0.0000   0.40700000
  0.113043  -0.0000   0.41300000
  0.113813  -0.0000   0.41900000
  0.114849  -0.0000   0.42700000
  0.115953  -0.0000   0.43400000
  0.117483  -0.0000   0.44400000
  0.119126  -0.0000   0.45400000
  0.120886  -0.0000   0.46300000
  0.122764  -0.0000   0.47300000
  0.124762  -0.0000   0.48300000
  0.126882  -0.0000   0.49300000
  0.127152  -0.0000   0.49400000
  0.127423  -0.0000   0.49500000
  0.127697  -0.0000   0.49600000
  0.127898  -0.0000   0.49800000
  0.128068  -0.0000   0.49900000
  0.128228  -0.0000   0.50000000
  0.128453  -0.0000   0.50200000
  0.128775  -0.0000   0.50500000
  0.129248  -0.0000   0.51000000
  0.129975  -0.0000   0.51700000
  0.130737  -0.0000   0.52400000
  0.131538  -0.0000   0.53000000
  0.132381  -0.0000   0.53700000
  0.133266  -0.0000   0.54400000
  0.134685  -0.0000   0.55400000
  0.136198  -0.0000   0.56500000
  0.137809  -0.0000   0.57500000
  0.139516  -0.0000   0.58500000
  0.141319  -0.0000   0.59500000
  0.143433  -0.0000   0.60700000
  0.145668  -0.0000   0.61800000
  0.145852  -0.0000   0.61900000
  0.145976  -0.0000   0.62000000
  0.146093  -0.0000   0.62100000
  0.146258  -0.0000   0.62200000
  0.146490  -0.0000   0.62500000
  0.146821  -0.0000   0.62800000
  0.147306  -0.0000   0.63300000
  0.148048  -0.0000   0.64000000
  0.148820  -0.0000   0.64700000
  0.149628  -0.0000   0.65500000
  0.150473  -0.0000   0.66200000
  0.151356  -0.0000   0.66900000
  0.152761  -0.0000   0.68000000
  0.154680  -0.0000   0.69400000
  0.156732  -0.0000   0.70800000
  0.158567  -0.0000   0.72000000
  0.160498  -0.0000   0.73200000
  0.162528  -0.0000   0.74400000
  0.163101  -0.0000   0.74700000
  0.163681  -0.0000   0.75000000
  0.164062  -0.0000   0.75300000
  0.164339  -0.0000   0.75500000
  0.164598  -0.0000   0.75800000
  0.164847  -0.0000   0.76000000
  0.165091  -0.0000   0.76300000
  0.165452  -0.0000   0.76700000
  0.165999  -0.0000   0.77200000
  0.166852  -0.0000   0.78100000
  0.167743  -0.0000   0.78900000
  0.168675  -0.0000   0.79800000
  0.169646  -0.0000   0.80600000
  0.170657  -0.0000   0.81500000
  0.172259  -0.0000   0.82700000
  0.173864  -0.0000   0.84000000
  0.175548  -0.0000   0.85200000
  0.177310  -0.0000   0.86400000
  0.179219  -0.0000   0.87600000
  0.181213  -0.0000   0.88900000
  0.181521  -0.0000   0.89100000
  0.181831  -0.0000   0.89300000
  0.182109  -0.0000   0.89500000
  0.182346  -0.0000   0.89700000
  0.182569  -0.0000   0.89900000
  0.182784  -0.0000   0.90100000
  0.182992  -0.0000   0.90300000
  0.183300  -0.0000   0.90700000
  0.183759  -0.0000   0.91200000
  0.184464  -0.0000   0.91900000
  0.185204  -0.0000   0.92700000
  0.185971  -0.0000   0.93400000
  0.186764  -0.0000   0.94200000
  0.188011  -0.0000   0.95300000
  0.189316  -0.0000   0.96500000
  0.191398  -0.0000   0.98200000
  0.193606  -0.0000   0.99900000
  0.195690  -0.0000   1.02000000
  0.197734  -0.0000   1.03000000
  0.199748  -0.0000   1.05000000
  0.199935  -0.0000   1.05000000
  0.200071  -0.0000   1.05000000
  0.200197  -0.0000   1.06000000
  0.200374  -0.0000   1.06000000
  0.200624  -0.0000   1.06000000
  0.200979  -0.0000   1.07000000
  0.201493  -0.0000   1.07000000
  0.202255  -0.0000   1.09000000
  0.203018  -0.0000   1.10000000
  0.203784  -0.0000   1.11000000
  0.204550  -0.0000   1.12000000
  0.205700  -0.0000   1.14000000
  0.207419  -0.0000   1.17000000
  0.209976  -0.0000   1.21000000
  0.213749  -0.0000   1.27000000
  0.217445  -0.0000   1.33000000
  0.217592  -0.0000   1.33000000
  0.217731  -0.0000   1.34000000
  0.217864  -0.0000   1.34000000
  0.218054  -0.0000   1.35000000
  0.218327  -0.0000   1.35000000
  0.218725  -0.0000   1.37000000
  0.219314  -0.0000   1.38000000
  0.220040  -0.0000   1.40000000
  0.220770  -0.0000   1.43000000
  0.221503  -0.0000   1.45000000
  0.222237  -0.0000   1.47000000
  0.223340  -0.0000   1.50000000
  0.224990  -0.0000   1.55000000
  0.227450  -0.0000   1.62000000
  0.231091  -0.0000   1.73000000
  0.231591  -0.0000   1.74000000
  0.232091  -0.0000   1.76000000
  0.232589  -0.0000   1.77000000
  0.233333  -0.0000   1.79000000
  0.234444  -0.0000   1.83000000
  0.234697  -0.0000   1.83000000
  0.234939  -0.0000   1.84000000
  0.235117  -0.0000   1.85000000
  0.235364  -0.0000   1.86000000
  0.235600  -0.0000   1.87000000
  0.235829  -0.0000   1.88000000
  0.236167  -0.0000   1.90000000
  0.236672  -0.0000   1.93000000
  0.237433  -0.0000   1.96000000
  0.238324  -0.0000   2.01000000
  0.239219  -0.0000   2.05000000
  0.240114  -0.0000   2.10000000
  0.241455  -0.0000   2.17000000
  0.243458  -0.0000   2.27000000
  0.246433  -0.0000   2.42000000
  0.249902  -0.0000   2.60000000
  0.250377  -0.0000   2.62000000
  0.250850  -0.0000   2.64000000
  0.251322  -0.0000   2.67000000
  0.252029  -0.0000   2.71000000
  0.252259  -0.0000   2.72000000
  0.252434  -0.0000   2.73000000
  0.252599  -0.0000   2.74000000
  0.252834  -0.0000   2.76000000
  0.253063  -0.0000   2.78000000
  0.253402  -0.0000   2.81000000
  0.253910  -0.0000   2.85000000
  0.254675  -0.0000   2.92000000
  0.255445  -0.0000   2.98000000
  0.256217  -0.0000   3.05000000
  0.257376  -0.0000   3.14000000
  0.259111  -0.0000   3.29000000
  0.261696  -0.0000   3.51000000
  0.265524  -0.0000   3.83000000
  0.269297  -0.0000   4.16000000
  0.269497  -0.0000   4.18000000
  0.269697  -0.0000   4.19000000
  0.269848  -0.0000   4.21000000
  0.270055  -0.0000   4.24000000
  0.270348  -0.0000   4.28000000
  0.270636  -0.0000   4.32000000
  0.271064  -0.0000   4.37000000
  0.271711  -0.0000   4.46000000
  0.272502  -0.0000   4.57000000
  0.273296  -0.0000   4.68000000
  0.274092  -0.0000   4.78000000
  0.275284  -0.0000   4.94000000
  0.277067  -0.0000   5.18000000
  0.279722  -0.0000   5.55000000
  0.283654  -0.0000   6.09000000
  0.284911  -0.0000   6.26000000
  0.286161  -0.0000   6.43000000
  0.286830  -0.0000   6.53000000
  0.287140  -0.0000   6.57000000
  0.287379  -0.0000   6.62000000
  0.287606  -0.0000   6.67000000
  0.287827  -0.0000   6.71000000
  0.288047  -0.0000   6.76000000
  0.288376  -0.0000   6.83000000
  0.288872  -0.0000   6.94000000
  0.289622  -0.0000   7.10000000
  0.290676  -0.0000   7.32000000
  0.291731  -0.0000   7.54000000
  0.293311  -0.0000   7.87000000
  0.295669  -0.0000   8.37000000
  0.299169  -0.0000   9.12000000
  0.302302  -0.0000   9.79000000
  0.302854  -0.0000   9.91000000
  0.303405  -0.0000  10.00000000
  0.303955  -0.0000  10.20000000
  0.304514  -0.0000  10.30000000
  0.304694  -0.0000  10.30000000
  0.304864  -0.0000  10.40000000
  0.305030  -0.0000  10.40000000
  0.305274  -0.0000  10.50000000
  0.305638  -0.0000  10.60000000
  0.306188  -0.0000  10.80000000
  0.306993  -0.0000  11.10000000
  0.307801  -0.0000  11.30000000
  0.308611  -0.0000  11.60000000
  0.309824  -0.0000  12.00000000
  0.311639  -0.0000  12.60000000
  0.314342  -0.0000  13.40000000
  0.318348  -0.0000  14.70000000
  0.319808  -0.0000  15.20000000
  0.321260  -0.0000  15.70000000
  0.321590  -0.0000  15.80000000
  0.321915  -0.0000  15.90000000
  0.322123  -0.0000  16.00000000
  0.322320  -0.0000  16.10000000
  0.322513  -0.0000  16.20000000
  0.322705  -0.0000  16.30000000
  0.322993  -0.0000  16.40000000
  0.323428  -0.0000  16.60000000
  0.324083  -0.0000  16.90000000
  0.325071  -0.0000  17.40000000
  0.326060  -0.0000  17.90000000
  0.327541  -0.0000  18.60000000
  0.329754  -0.0000  19.60000000
  0.333044  -0.0000  21.20000000
  0.336474  -0.0000  22.90000000
  0.337454  -0.0000  23.40000000
  0.338431  -0.0000  23.80000000
  0.339374  -0.0000  24.30000000
  0.339542  -0.0000  24.40000000
  0.339703  -0.0000  24.50000000
  0.339861  -0.0000  24.60000000
  0.340095  -0.0000  24.80000000
  0.340447  -0.0000  25.10000000
  0.340978  -0.0000  25.40000000
  0.341780  -0.0000  26.00000000
  0.342584  -0.0000  26.50000000
  0.343792  -0.0000  27.40000000
  0.345599  -0.0000  28.60000000
  0.348294  -0.0000  30.50000000
  0.352292  -0.0000  33.30000000
  0.356240  -0.0000  36.10000000
  0.356454  -0.0000  36.30000000
  0.356668  -0.0000  36.40000000
  0.356852  -0.0000  36.60000000
  0.357088  -0.0000  36.80000000
  0.357431  -0.0000  37.10000000
  0.357774  -0.0000  37.50000000
  0.358119  -0.0000  37.80000000
  0.358640  -0.0000  38.30000000
  0.359424  -0.0000  39.10000000
  0.360602  -0.0000  40.30000000
  0.362365  -0.0000  42.00000000
  0.364996  -0.0000  44.60000000
  0.368901  -0.0000  48.50000000
  0.372762  -0.0000  52.40000000
  0.373042  -0.0000  52.70000000
  0.373322  -0.0000  53.00000000
  0.373601  -0.0000  53.20000000
  0.374020  -0.0000  53.70000000
  0.374266  -0.0000  53.90000000
  0.374474  -0.0000  54.20000000
  0.374678  -0.0000  54.50000000
  0.374982  -0.0000  54.90000000
  0.375288  -0.0000  55.40000000
  0.375749  -0.0000  56.00000000
  0.376444  -0.0000  57.00000000
  0.377488  -0.0000  58.40000000
  0.379054  -0.0000  60.60000000
  0.381392  -0.0000  63.80000000
  0.384870  -0.0000  68.60000000
  0.388215  -0.0000  73.30000000
  0.391526  -0.0000  78.10000000
  0.391708  -0.0000  78.30000000
  0.391864  -0.0000  78.60000000
  0.392015  -0.0000  78.90000000
  0.392239  -0.0000  79.40000000
  0.392577  -0.0000  80.00000000
  0.393087  -0.0000  81.00000000
  0.393840  -0.0000  82.40000000
  0.394594  -0.0000  83.90000000
  0.395725  -0.0000  86.00000000
  0.397417  -0.0000  89.20000000
  0.399942  -0.0000  94.10000000
  0.403694  -0.0000 101.00000000
  0.407406  -0.0000 109.00000000
  0.407735  -0.0000 109.00000000
  0.408065  -0.0000 110.00000000
  0.408394  -0.0000 110.00000000
  0.408886  -0.0000 111.00000000
  0.409153  -0.0000 112.00000000
  0.409372  -0.0000 113.00000000
  0.409587  -0.0000 113.00000000
  0.409910  -0.0000 114.00000000
  0.410234  -0.0000 115.00000000
  0.410723  -0.0000 116.00000000
  0.411460  -0.0000 118.00000000
  0.412566  -0.0000 121.00000000
  0.414222  -0.0000 125.00000000
  0.416695  -0.0000 132.00000000
  0.420371  -0.0000 141.00000000
  0.424010  -0.0000 151.00000000
  0.424619  -0.0000 152.00000000
  0.425227  -0.0000 154.00000000
  0.425834  -0.0000 156.00000000
  0.426691  -0.0000 158.00000000
  0.426899  -0.0000 159.00000000
  0.427105  -0.0000 160.00000000
  0.427310  -0.0000 160.00000000
  0.427619  -0.0000 161.00000000
  0.428085  -0.0000 163.00000000
  0.428787  -0.0000 165.00000000
  0.429842  -0.0000 169.00000000
  0.431423  -0.0000 175.00000000
  0.433784  -0.0000 183.00000000
  0.437296  -0.0000 195.00000000
  0.440497  -0.0000 207.00000000
  0.443668  -0.0000 218.00000000
  0.443891  -0.0000 219.00000000
  0.444102  -0.0000 219.00000000
  0.444276  -0.0000 220.00000000
  0.444532  -0.0000 221.00000000
  0.444788  -0.0000 223.00000000
  0.445046  -0.0000 224.00000000
  0.445434  -0.0000 226.00000000
  0.446019  -0.0000 228.00000000
  0.446897  -0.0000 232.00000000
  0.448214  -0.0000 238.00000000
  0.450182  -0.0000 248.00000000
  0.453116  -0.0000 261.00000000
  0.457469  -0.0000 282.00000000
  0.459621  -0.0000 292.00000000
  0.461152  -0.0000 299.00000000
  0.461411  -0.0000 300.00000000
  0.461636  -0.0000 302.00000000
  0.461837  -0.0000 303.00000000
  0.462139  -0.0000 305.00000000
  0.462441  -0.0000 306.00000000
  0.462899  -0.0000 309.00000000
  0.463357  -0.0000 312.00000000
  0.464046  -0.0000 316.00000000
  0.465080  -0.0000 322.00000000
  0.466626  -0.0000 332.00000000
  0.468935  -0.0000 346.00000000
  0.472371  -0.0000 367.00000000
  0.475698  -0.0000 387.00000000
  0.478994  -0.0000 408.00000000
  0.479164  -0.0000 409.00000000
  0.479326  -0.0000 411.00000000
  0.479488  -0.0000 412.00000000
  0.479732  -0.0000 414.00000000
  0.480100  -0.0000 417.00000000
  0.480655  -0.0000 421.00000000
  0.481489  -0.0000 428.00000000
  0.482739  -0.0000 437.00000000
  0.484609  -0.0000 452.00000000
  0.487398  -0.0000 474.00000000
  0.491540  -0.0000 507.00000000
  0.495637  -0.0000 540.00000000
  0.495883  -0.0000 542.00000000
  0.496128  -0.0000 544.00000000
  0.496374  -0.0000 546.00000000
  0.496691  -0.0000 549.00000000
  0.496982  -0.0000 552.00000000
  0.497274  -0.0000 555.00000000
  0.497567  -0.0000 558.00000000
  0.498010  -0.0000 563.00000000
  0.498675  -0.0000 569.00000000
  0.499672  -0.0000 579.00000000
  0.501165  -0.0000 595.00000000
  0.503396  -0.0000 617.00000000
  0.506717  -0.0000 651.00000000
  0.510018  -0.0000 685.00000000
  0.513290  -0.0000 719.00000000
  0.513542  -0.0000 722.00000000
  0.513793  -0.0000 724.00000000
  0.514041  -0.0000 727.00000000
  0.514242  -0.0000 730.00000000
  0.514441  -0.0000 732.00000000
  0.514640  -0.0000 735.00000000
  0.514841  -0.0000 737.00000000
  0.515143  -0.0000 741.00000000
  0.515598  -0.0000 747.00000000
  0.516281  -0.0000 756.00000000
  0.517305  -0.0000 769.00000000
  0.518839  -0.0000 789.00000000
  0.521128  -0.0000 819.00000000
  0.524537  -0.0000 863.00000000
  0.527776  -0.0000 906.00000000
  0.530986  -0.0000 948.00000000
  0.531226  -0.0000 951.00000000
  0.531466  -0.0000 955.00000000
  0.531672  -0.0000 958.00000000
  0.531961  -0.0000 963.00000000
  0.532251  -0.0000 967.00000000
  0.532543  -0.0000 972.00000000
  0.532982  -0.0000 979.00000000
  0.533643  -0.0000 990.00000000
  0.534633  -0.0000 1006.00000000
  0.536116  -0.0000 1030.00000000
  0.538330  -0.0000 1067.00000000
  0.541628  -0.0000 1121.00000000
  0.544917  -0.0000 1176.00000000
  0.548177  -0.0000 1230.00000000
  0.548444  -0.0000 1235.00000000
  0.548710  -0.0000 1239.00000000
  0.548977  -0.0000 1244.00000000
  0.549216  -0.0000 1248.00000000
  0.549443  -0.0000 1253.00000000
  0.549671  -0.0000 1258.00000000
  0.550015  -0.0000 1265.00000000
  0.550533  -0.0000 1275.00000000
  0.551311  -0.0000 1291.00000000
  0.552478  -0.0000 1315.00000000
  0.554224  -0.0000 1351.00000000
  0.556828  -0.0000 1405.00000000
  0.560701  -0.0000 1485.00000000
  0.564537  -0.0000 1566.00000000
  0.564946  -0.0000 1574.00000000
  0.565354  -0.0000 1583.00000000
  0.565762  -0.0000 1591.00000000
  0.566373  -0.0000 1604.00000000
  0.566629  -0.0000 1610.00000000
  0.566849  -0.0000 1616.00000000
  0.567069  -0.0000 1621.00000000
  0.567402  -0.0000 1630.00000000
  0.567736  -0.0000 1638.00000000
  0.568239  -0.0000 1651.00000000
  0.568993  -0.0000 1670.00000000
  0.570124  -0.0000 1699.00000000
  0.571815  -0.0000 1742.00000000
  0.574338  -0.0000 1807.00000000
  0.578092  -0.0000 1904.00000000
  0.581813  -0.0000 2001.00000000
  0.582317  -0.0000 2015.00000000
  0.582821  -0.0000 2028.00000000
  0.583325  -0.0000 2041.00000000
  0.584078  -0.0000 2061.00000000
  0.584266  -0.0000 2067.00000000
  0.584450  -0.0000 2073.00000000
  0.584634  -0.0000 2078.00000000
  0.584912  -0.0000 2087.00000000
  0.585331  -0.0000 2100.00000000
  0.585961  -0.0000 2120.00000000
  0.586906  -0.0000 2150.00000000
  0.588320  -0.0000 2195.00000000
  0.590432  -0.0000 2262.00000000
  0.593580  -0.0000 2362.00000000
  0.596928  -0.0000 2470.00000000
  0.600248  -0.0000 2577.00000000
  0.600581  -0.0000 2588.00000000
  0.600913  -0.0000 2599.00000000
  0.601246  -0.0000 2610.00000000
  0.601719  -0.0000 2626.00000000
  0.601964  -0.0000 2636.00000000
  0.602210  -0.0000 2645.00000000
  0.602457  -0.0000 2655.00000000
  0.602705  -0.0000 2664.00000000
  0.603079  -0.0000 2679.00000000
  0.603639  -0.0000 2701.00000000
  0.604479  -0.0000 2733.00000000
  0.605737  -0.0000 2782.00000000
  0.607617  -0.0000 2855.00000000
  0.610420  -0.0000 2965.00000000
  0.614587  -0.0000 3130.00000000
  0.618712  -0.0000 3295.00000000
  0.618945  -0.0000 3304.00000000
  0.619179  -0.0000 3313.00000000
  0.619375  -0.0000 3323.00000000
  0.619667  -0.0000 3337.00000000
  0.619961  -0.0000 3351.00000000
  0.620256  -0.0000 3365.00000000
  0.620700  -0.0000 3386.00000000
  0.621366  -0.0000 3417.00000000
  0.622364  -0.0000 3465.00000000
  0.623858  -0.0000 3536.00000000
  0.626088  -0.0000 3642.00000000
  0.629410  -0.0000 3802.00000000
  0.632665  -0.0000 3959.00000000
  0.635894  -0.0000 4117.00000000
  0.636163  -0.0000 4130.00000000
  0.636431  -0.0000 4143.00000000
  0.636699  -0.0000 4156.00000000
  0.636901  -0.0000 4168.00000000
  0.637102  -0.0000 4180.00000000
  0.637305  -0.0000 4192.00000000
  0.637509  -0.0000 4203.00000000
  0.637815  -0.0000 4221.00000000
  0.638276  -0.0000 4248.00000000
  0.638966  -0.0000 4287.00000000
  0.640001  -0.0000 4347.00000000
  0.641548  -0.0000 4436.00000000
  0.643859  -0.0000 4571.00000000
  0.647299  -0.0000 4772.00000000
  0.650603  -0.0000 4966.00000000
  0.653879  -0.0000 5161.00000000
  0.654116  -0.0000 5175.00000000
  0.654335  -0.0000 5189.00000000
  0.654534  -0.0000 5203.00000000
  0.654834  -0.0000 5224.00000000
  0.655250  -0.0000 5253.00000000
  0.655667  -0.0000 5283.00000000
  0.656293  -0.0000 5326.00000000
  0.657232  -0.0000 5392.00000000
  0.658637  -0.0000 5490.00000000
  0.660735  -0.0000 5637.00000000
  0.663862  -0.0000 5858.00000000
  0.667156  -0.0000 6092.00000000
  0.670424  -0.0000 6326.00000000
  0.670768  -0.0000 6351.00000000
  0.671111  -0.0000 6375.00000000
  0.671454  -0.0000 6400.00000000
  0.671936  -0.0000 6437.00000000
  0.672177  -0.0000 6457.00000000
  0.672419  -0.0000 6478.00000000
  0.672662  -0.0000 6498.00000000
  0.673028  -0.0000 6529.00000000
  0.673578  -0.0000 6575.00000000
  0.674401  -0.0000 6644.00000000
  0.675635  -0.0000 6748.00000000
  0.677478  -0.0000 6903.00000000
  0.680228  -0.0000 7136.00000000
  0.684318  -0.0000 7486.00000000
  0.688368  -0.0000 7835.00000000
  0.688639  -0.0000 7859.00000000
  0.688911  -0.0000 7882.00000000
  0.689182  -0.0000 7906.00000000
  0.689552  -0.0000 7941.00000000
  0.689899  -0.0000 7976.00000000
  0.690249  -0.0000 8011.00000000
  0.690599  -0.0000 8046.00000000
  0.690950  -0.0000 8082.00000000
  0.691477  -0.0000 8134.00000000
  0.692266  -0.0000 8214.00000000
  0.693447  -0.0000 8332.00000000
  0.695213  -0.0000 8511.00000000
  0.697847  -0.0000 8778.00000000
  0.701766  -0.0000 9179.00000000
  0.705650  -0.0000 9580.00000000
  0.705951  -0.0000 9611.00000000
  0.706251  -0.0000 9642.00000000
  0.706552  -0.0000 9673.00000000
  0.706987  -0.0000 9720.00000000
  0.707226  -0.0000 9749.00000000
  0.707466  -0.0000 9778.00000000
  0.707707  -0.0000 9807.00000000
  0.707949  -0.0000 9836.00000000
  0.708312  -0.0000 9879.00000000
  0.708857  -0.0000 9945.00000000
  0.709321  -0.0000 10000.00000000
  0.707747  -0.0000 10000.00000000
  0.707747  -0.0000 10000.00000000
  0.707747  -0.0000 10000.00000000
  0.707747  -0.0000 10000.00000000
  0.707747  -0.0000 10000.00000000
  0.707746  -0.0000 10000.00000000
  0.707745  -0.0000 10000.00000000
  0.707743  -0.0000 10000.00000000
  0.707739  -0.0000 10000.00000000
  0.707731  -0.0000 10000.00000000
  0.707716  -0.0000 10000.00000000
  0.707686  -0.0000 10000.00000000
