  0.000292  -0.0000   0.00100000
  0.000645  -0.0000   0.00200000
  0.001272  -0.0000   0.00261000
  0.006737  -0.0000   0.00321900
  0.007184  -0.0000   0.00325700
  0.007235  -0.0000   0.00331500
  0.007280  -0.0000   0.00340000
  0.007352  -0.0000   0.00352900
  0.007472  -0.0000   0.00372200
  0.007679  -0.0000   0.00401100
  0.007962  -0.0000   0.00435100
  0.008286  -0.0000   0.00469000
  0.008650  -0.0000   0.00503000
  0.009139  -0.0000   0.00543100
  0.009572  -0.0000   0.00575100
  0.010060  -0.0000   0.00607000
  0.010517  -0.0000   0.00633800
  0.011031  -0.0000   0.00660500
  0.011612  -0.0000   0.00687300
  0.012094  -0.0000   0.00707600
  0.012621  -0.0000   0.00727900
  0.013194  -0.0000   0.00748200
  0.013798  -0.0000   0.00767900
  0.014446  -0.0000   0.00787700
  0.015140  -0.0000   0.00807400
  0.015978  -0.0000   0.00829700
  0.016870  -0.0000   0.00852000
  0.017813  -0.0000   0.00874300
  0.018804  -0.0000   0.00896500
  0.019838  -0.0000   0.00918800
  0.019955  -0.0000   0.00921300
  0.020072  -0.0000   0.00923900
  0.020116  -0.0000   0.00926400
  0.020139  -0.0000   0.00930200
  0.020165  -0.0000   0.00935900
  0.020188  -0.0000   0.00941500
  0.020208  -0.0000   0.00947200
  0.020235  -0.0000   0.00955700
  0.020269  -0.0000   0.00968500
  0.020314  -0.0000   0.00987700
  0.020355  -0.0000   0.01007000
  0.020410  -0.0000   0.01036000
  0.020462  -0.0000   0.01064000
  0.020536  -0.0000   0.01107000
  0.020640  -0.0000   0.01172000
  0.020793  -0.0000   0.01269000
  0.020944  -0.0000   0.01366000
  0.021179  -0.0000   0.01512000
  0.021565  -0.0000   0.01730000
  0.021844  -0.0000   0.01874000
  0.022162  -0.0000   0.02018000
  0.022532  -0.0000   0.02161000
  0.022772  -0.0000   0.02246000
  0.023040  -0.0000   0.02330000
  0.023340  -0.0000   0.02415000
  0.023756  -0.0000   0.02517000
  0.024233  -0.0000   0.02619000
  0.024780  -0.0000   0.02721000
  0.025271  -0.0000   0.02804000
  0.025817  -0.0000   0.02887000
  0.026418  -0.0000   0.02970000
  0.027079  -0.0000   0.03052000
  0.027802  -0.0000   0.03135000
  0.028442  -0.0000   0.03203000
  0.029126  -0.0000   0.03271000
  0.029857  -0.0000   0.03340000
  0.030635  -0.0000   0.03408000
  0.031459  -0.0000   0.03476000
  0.032331  -0.0000   0.03544000
  0.033251  -0.0000   0.03613000
  0.034217  -0.0000   0.03681000
  0.035230  -0.0000   0.03749000
  0.036289  -0.0000   0.03817000
  0.036460  -0.0000   0.03828000
  0.036632  -0.0000   0.03839000
  0.036806  -0.0000   0.03850000
  0.036923  -0.0000   0.03861000
  0.036961  -0.0000   0.03872000
  0.036994  -0.0000   0.03883000
  0.037024  -0.0000   0.03893000
  0.037051  -0.0000   0.03904000
  0.037088  -0.0000   0.03920000
  0.037137  -0.0000   0.03945000
  0.037202  -0.0000   0.03981000
  0.037290  -0.0000   0.04036000
  0.037410  -0.0000   0.04118000
  0.037575  -0.0000   0.04241000
  0.037734  -0.0000   0.04364000
  0.037970  -0.0000   0.04548000
  0.038337  -0.0000   0.04825000
  0.038978  -0.0000   0.05240000
  0.039286  -0.0000   0.05423000
  0.039630  -0.0000   0.05605000
  0.040014  -0.0000   0.05787000
  0.040430  -0.0000   0.05963000
  0.040897  -0.0000   0.06139000
  0.041420  -0.0000   0.06315000
  0.041986  -0.0000   0.06486000
  0.042615  -0.0000   0.06657000
  0.043308  -0.0000   0.06829000
  0.044038  -0.0000   0.06993000
  0.044834  -0.0000   0.07158000
  0.045699  -0.0000   0.07323000
  0.046585  -0.0000   0.07479000
  0.047537  -0.0000   0.07636000
  0.048558  -0.0000   0.07792000
  0.049650  -0.0000   0.07948000
  0.050813  -0.0000   0.08105000
  0.052049  -0.0000   0.08261000
  0.053359  -0.0000   0.08418000
  0.054743  -0.0000   0.08574000
  0.054849  -0.0000   0.08588000
  0.054893  -0.0000   0.08601000
  0.054932  -0.0000   0.08615000
  0.054984  -0.0000   0.08635000
  0.055052  -0.0000   0.08665000
  0.055142  -0.0000   0.08711000
  0.055260  -0.0000   0.08779000
  0.055417  -0.0000   0.08882000
  0.055628  -0.0000   0.09035000
  0.055828  -0.0000   0.09189000
  0.056119  -0.0000   0.09419000
  0.056566  -0.0000   0.09763000
  0.057086  -0.0000   0.10100000
  0.057673  -0.0000   0.10500000
  0.058188  -0.0000   0.10800000
  0.058766  -0.0000   0.11100000
  0.059414  -0.0000   0.11400000
  0.060139  -0.0000   0.11700000
  0.060944  -0.0000   0.12000000
  0.061836  -0.0000   0.12200000
  0.062817  -0.0000   0.12500000
  0.063892  -0.0000   0.12800000
  0.065065  -0.0000   0.13100000
  0.066110  -0.0000   0.13400000
  0.067227  -0.0000   0.13600000
  0.068418  -0.0000   0.13800000
  0.069684  -0.0000   0.14100000
  0.071026  -0.0000   0.14300000
  0.072445  -0.0000   0.14600000
  0.072592  -0.0000   0.14600000
  0.072719  -0.0000   0.14600000
  0.072783  -0.0000   0.14600000
  0.072867  -0.0000   0.14700000
  0.072975  -0.0000   0.14700000
  0.073072  -0.0000   0.14800000
  0.073204  -0.0000   0.14900000
  0.073382  -0.0000   0.15000000
  0.073627  -0.0000   0.15200000
  0.073974  -0.0000   0.15500000
  0.074496  -0.0000   0.15900000
  0.075051  -0.0000   0.16300000
  0.075660  -0.0000   0.16800000
  0.076340  -0.0000   0.17200000
  0.077102  -0.0000   0.17600000
  0.077956  -0.0000   0.18000000
  0.078906  -0.0000   0.18500000
  0.079959  -0.0000   0.18900000
  0.081119  -0.0000   0.19300000
  0.082144  -0.0000   0.19700000
  0.083245  -0.0000   0.20000000
  0.084427  -0.0000   0.20400000
  0.085689  -0.0000   0.20700000
  0.087035  -0.0000   0.21100000
  0.088465  -0.0000   0.21400000
  0.089980  -0.0000   0.21800000
  0.090160  -0.0000   0.21800000
  0.090342  -0.0000   0.21900000
  0.090477  -0.0000   0.21900000
  0.090600  -0.0000   0.22000000
  0.090709  -0.0000   0.22000000
  0.090808  -0.0000   0.22100000
  0.090901  -0.0000   0.22200000
  0.091031  -0.0000   0.22200000
  0.091211  -0.0000   0.22400000
  0.091463  -0.0000   0.22600000
  0.091824  -0.0000   0.22900000
  0.092370  -0.0000   0.23400000
  0.092954  -0.0000   0.23900000
  0.093586  -0.0000   0.24300000
  0.094278  -0.0000   0.24800000
  0.095039  -0.0000   0.25300000
  0.095872  -0.0000   0.25800000
  0.096782  -0.0000   0.26300000
  0.097772  -0.0000   0.26700000
  0.098995  -0.0000   0.27300000
  0.100327  -0.0000   0.27800000
  0.101518  -0.0000   0.28300000
  0.102790  -0.0000   0.28700000
  0.104144  -0.0000   0.29200000
  0.105581  -0.0000   0.29600000
  0.107103  -0.0000   0.30100000
  0.107691  -0.0000   0.30200000
  0.108282  -0.0000   0.30400000
  0.108379  -0.0000   0.30500000
  0.108467  -0.0000   0.30500000
  0.108549  -0.0000   0.30600000
  0.108662  -0.0000   0.30600000
  0.108818  -0.0000   0.30800000
  0.109032  -0.0000   0.30900000
  0.109330  -0.0000   0.31200000
  0.109758  -0.0000   0.31600000
  0.110406  -0.0000   0.32200000
  0.110922  -0.0000   0.32600000
  0.111468  -0.0000   0.33100000
  0.112051  -0.0000   0.33500000
  0.112781  -0.0000   0.34000000
  0.113569  -0.0000   0.34500000
  0.114417  -0.0000   0.35000000
  0.115626  -0.0000   0.35700000
  0.116944  -0.0000   0.36400000
  0.118373  -0.0000   0.37000000
  0.119653  -0.0000   0.37600000
  0.121015  -0.0000   0.38200000
  0.122462  -0.0000   0.38700000
  0.123993  -0.0000   0.39300000
  0.125610  -0.0000   0.39900000
  0.125815  -0.0000   0.39900000
  0.126021  -0.0000   0.40000000
  0.126186  -0.0000   0.40100000
  0.126351  -0.0000   0.40200000
  0.126500  -0.0000   0.40300000
  0.126638  -0.0000   0.40400000
  0.126768  -0.0000   0.40500000
  0.126953  -0.0000   0.40700000
  0.127214  -0.0000   0.40900000
  0.127591  -0.0000   0.41300000
  0.128157  -0.0000   0.41800000
  0.128811  -0.0000   0.42400000
  0.129507  -0.0000   0.43000000
  0.130254  -0.0000   0.43600000
  0.131057  -0.0000   0.44200000
  0.131918  -0.0000   0.44800000
  0.132838  -0.0000   0.45400000
  0.134182  -0.0000   0.46200000
  0.135636  -0.0000   0.47000000
  0.137205  -0.0000   0.47800000
  0.138605  -0.0000   0.48400000
  0.140089  -0.0000   0.49100000
  0.141657  -0.0000   0.49800000
  0.143311  -0.0000   0.50500000
  0.143549  -0.0000   0.50600000
  0.143788  -0.0000   0.50700000
  0.144007  -0.0000   0.50700000
  0.144163  -0.0000   0.50900000
  0.144305  -0.0000   0.51000000
  0.144439  -0.0000   0.51100000
  0.144624  -0.0000   0.51200000
  0.144884  -0.0000   0.51500000
  0.145252  -0.0000   0.51800000
  0.145794  -0.0000   0.52400000
  0.146635  -0.0000   0.53200000
  0.147282  -0.0000   0.53800000
  0.147966  -0.0000   0.54400000
  0.148692  -0.0000   0.55000000
  0.149688  -0.0000   0.55700000
  0.150756  -0.0000   0.56500000
  0.151896  -0.0000   0.57200000
  0.153109  -0.0000   0.58000000
  0.154474  -0.0000   0.58800000
  0.155924  -0.0000   0.59600000
  0.157460  -0.0000   0.60400000
  0.159279  -0.0000   0.61300000
  0.161208  -0.0000   0.62200000
  0.161421  -0.0000   0.62300000
  0.161635  -0.0000   0.62400000
  0.161842  -0.0000   0.62500000
  0.161990  -0.0000   0.62600000
  0.162127  -0.0000   0.62700000
  0.162255  -0.0000   0.62800000
  0.162436  -0.0000   0.63000000
  0.162689  -0.0000   0.63200000
  0.163048  -0.0000   0.63600000
  0.163572  -0.0000   0.64100000
  0.164378  -0.0000   0.64900000
  0.165065  -0.0000   0.65600000
  0.165791  -0.0000   0.66300000
  0.166559  -0.0000   0.67000000
  0.167516  -0.0000   0.67700000
  0.168533  -0.0000   0.68500000
  0.169877  -0.0000   0.69500000
  0.171313  -0.0000   0.70500000
  0.172842  -0.0000   0.71400000
  0.174466  -0.0000   0.72400000
  0.176186  -0.0000   0.73400000
  0.178002  -0.0000   0.74300000
  0.179793  -0.0000   0.75300000
  0.179908  -0.0000   0.75400000
  0.180015  -0.0000   0.75500000
  0.180118  -0.0000   0.75600000
  0.180263  -0.0000   0.75700000
  0.180469  -0.0000   0.75900000
  0.180762  -0.0000   0.76200000
  0.181183  -0.0000   0.76700000
  0.181810  -0.0000   0.77300000
  0.182428  -0.0000   0.78000000
  0.183071  -0.0000   0.78700000
  0.183744  -0.0000   0.79300000
  0.184701  -0.0000   0.80200000
  0.185716  -0.0000   0.81100000
  0.186791  -0.0000   0.81900000
  0.187925  -0.0000   0.82800000
  0.189653  -0.0000   0.84000000
  0.191192  -0.0000   0.85100000
  0.192817  -0.0000   0.86100000
  0.194529  -0.0000   0.87200000
  0.196506  -0.0000   0.88300000
  0.196809  -0.0000   0.88500000
  0.197115  -0.0000   0.88600000
  0.197424  -0.0000   0.88800000
  0.197636  -0.0000   0.89000000
  0.197810  -0.0000   0.89100000
  0.197973  -0.0000   0.89300000
  0.198203  -0.0000   0.89500000
  0.198526  -0.0000   0.89900000
  0.198991  -0.0000   0.90400000
  0.199686  -0.0000   0.91200000
  0.200262  -0.0000   0.91800000
  0.200857  -0.0000   0.92500000
  0.201476  -0.0000   0.93100000
  0.202460  -0.0000   0.94000000
  0.203502  -0.0000   0.95000000
  0.204601  -0.0000   0.96000000
  0.205757  -0.0000   0.96900000
  0.207567  -0.0000   0.98300000
  0.209190  -0.0000   0.99500000
  0.210770  -0.0000   1.01000000
  0.212268  -0.0000   1.02000000
  0.214447  -0.0000   1.04000000
  0.214617  -0.0000   1.04000000
  0.214786  -0.0000   1.04000000
  0.214955  -0.0000   1.04000000
  0.215168  -0.0000   1.04000000
  0.215401  -0.0000   1.05000000
  0.215612  -0.0000   1.05000000
  0.215810  -0.0000   1.05000000
  0.215997  -0.0000   1.05000000
  0.216262  -0.0000   1.06000000
  0.216639  -0.0000   1.07000000
  0.217186  -0.0000   1.08000000
  0.217992  -0.0000   1.09000000
  0.218797  -0.0000   1.11000000
  0.219602  -0.0000   1.12000000
  0.220406  -0.0000   1.14000000
  0.221209  -0.0000   1.16000000
  0.222406  -0.0000   1.18000000
  0.224182  -0.0000   1.22000000
  0.226791  -0.0000   1.27000000
  0.229241  -0.0000   1.32000000
  0.231638  -0.0000   1.37000000
  0.231811  -0.0000   1.37000000
  0.231983  -0.0000   1.38000000
  0.232122  -0.0000   1.38000000
  0.232287  -0.0000   1.39000000
  0.232511  -0.0000   1.40000000
  0.232719  -0.0000   1.40000000
  0.232916  -0.0000   1.41000000
  0.233197  -0.0000   1.42000000
  0.233601  -0.0000   1.44000000
  0.234194  -0.0000   1.47000000
  0.234876  -0.0000   1.50000000
  0.235560  -0.0000   1.54000000
  0.236246  -0.0000   1.57000000
  0.237265  -0.0000   1.62000000
  0.238282  -0.0000   1.66000000
  0.239797  -0.0000   1.73000000
  0.242038  -0.0000   1.84000000
  0.244780  -0.0000   1.98000000
  0.247464  -0.0000   2.11000000
  0.247738  -0.0000   2.12000000
  0.248011  -0.0000   2.14000000
  0.248284  -0.0000   2.15000000
  0.248691  -0.0000   2.17000000
  0.248913  -0.0000   2.19000000
  0.249077  -0.0000   2.20000000
  0.249228  -0.0000   2.21000000
  0.249437  -0.0000   2.23000000
  0.249635  -0.0000   2.25000000
  0.249916  -0.0000   2.28000000
  0.250324  -0.0000   2.32000000
  0.250926  -0.0000   2.38000000
  0.251573  -0.0000   2.45000000
  0.252223  -0.0000   2.52000000
  0.252876  -0.0000   2.59000000
  0.253856  -0.0000   2.69000000
  0.255320  -0.0000   2.85000000
  0.257495  -0.0000   3.08000000
  0.260692  -0.0000   3.42000000
  0.263819  -0.0000   3.77000000
  0.264119  -0.0000   3.80000000
  0.264418  -0.0000   3.84000000
  0.264716  -0.0000   3.87000000
  0.265162  -0.0000   3.92000000
  0.265623  -0.0000   3.97000000
  0.265768  -0.0000   4.00000000
  0.265903  -0.0000   4.02000000
  0.266030  -0.0000   4.04000000
  0.266209  -0.0000   4.08000000
  0.266462  -0.0000   4.13000000
  0.266828  -0.0000   4.21000000
  0.267367  -0.0000   4.34000000
  0.267973  -0.0000   4.47000000
  0.268582  -0.0000   4.61000000
  0.269194  -0.0000   4.74000000
  0.270115  -0.0000   4.94000000
  0.271035  -0.0000   5.15000000
  0.272410  -0.0000   5.45000000
  0.274452  -0.0000   5.91000000
  0.277460  -0.0000   6.60000000
  0.280410  -0.0000   7.28000000
  0.280771  -0.0000   7.37000000
  0.281130  -0.0000   7.45000000
  0.281489  -0.0000   7.53000000
  0.282025  -0.0000   7.66000000
  0.282274  -0.0000   7.72000000
  0.282454  -0.0000   7.78000000
  0.282614  -0.0000   7.84000000
  0.282763  -0.0000   7.90000000
  0.282906  -0.0000   7.96000000
  0.283111  -0.0000   8.04000000
  0.283409  -0.0000   8.18000000
  0.283850  -0.0000   8.37000000
  0.284515  -0.0000   8.67000000
  0.285184  -0.0000   8.97000000
  0.285856  -0.0000   9.27000000
  0.286530  -0.0000   9.57000000
  0.287540  -0.0000  10.00000000
  0.289047  -0.0000  10.70000000
  0.291285  -0.0000  11.70000000
  0.294011  -0.0000  12.90000000
  0.296690  -0.0000  14.20000000
  0.297546  -0.0000  14.60000000
  0.298396  -0.0000  15.00000000
  0.298864  -0.0000  15.20000000
  0.299063  -0.0000  15.30000000
  0.299223  -0.0000  15.40000000
  0.299372  -0.0000  15.50000000
  0.299581  -0.0000  15.70000000
  0.299882  -0.0000  16.00000000
  0.300324  -0.0000  16.40000000
  0.300989  -0.0000  16.90000000
  0.301660  -0.0000  17.50000000
  0.302335  -0.0000  18.10000000
  0.303011  -0.0000  18.70000000
  0.304024  -0.0000  19.50000000
  0.305538  -0.0000  20.80000000
  0.307786  -0.0000  22.70000000
  0.310511  -0.0000  25.10000000
  0.313192  -0.0000  27.50000000
  0.314801  -0.0000  29.00000000
  0.315103  -0.0000  29.20000000
  0.315405  -0.0000  29.50000000
  0.315690  -0.0000  29.80000000
  0.315846  -0.0000  30.00000000
  0.315990  -0.0000  30.20000000
  0.316128  -0.0000  30.40000000
  0.316324  -0.0000  30.70000000
  0.316611  -0.0000  31.20000000
  0.317038  -0.0000  31.90000000
  0.317683  -0.0000  32.90000000
  0.318333  -0.0000  33.90000000
  0.318986  -0.0000  34.90000000
  0.319641  -0.0000  36.00000000
  0.320622  -0.0000  37.50000000
  0.322087  -0.0000  39.80000000
  0.324265  -0.0000  43.30000000
  0.327478  -0.0000  48.50000000
  0.330632  -0.0000  53.70000000
  0.330920  -0.0000  54.20000000
  0.331208  -0.0000  54.70000000
  0.331496  -0.0000  55.20000000
  0.331925  -0.0000  55.90000000
  0.332342  -0.0000  56.60000000
  0.332487  -0.0000  57.00000000
  0.332622  -0.0000  57.30000000
  0.332750  -0.0000  57.60000000
  0.332933  -0.0000  58.10000000
  0.333201  -0.0000  58.90000000
  0.333601  -0.0000  60.10000000
  0.334206  -0.0000  61.80000000
  0.334815  -0.0000  63.50000000
  0.335428  -0.0000  65.30000000
  0.336041  -0.0000  67.00000000
  0.336962  -0.0000  69.60000000
  0.338338  -0.0000  73.50000000
  0.340386  -0.0000  79.30000000
  0.343413  -0.0000  88.10000000
  0.346391  -0.0000  96.80000000
  0.347469  -0.0000 100.00000000
  0.348540  -0.0000 103.00000000
  0.348810  -0.0000 104.00000000
  0.349057  -0.0000 105.00000000
  0.349243  -0.0000 106.00000000
  0.349415  -0.0000 106.00000000
  0.349581  -0.0000 107.00000000
  0.349743  -0.0000 108.00000000
  0.349985  -0.0000 109.00000000
  0.350348  -0.0000 111.00000000
  0.350897  -0.0000 114.00000000
  0.351645  -0.0000 117.00000000
  0.352396  -0.0000 121.00000000
  0.353147  -0.0000 125.00000000
  0.354272  -0.0000 130.00000000
  0.355949  -0.0000 139.00000000
  0.358439  -0.0000 151.00000000
  0.361112  -0.0000 165.00000000
  0.363747  -0.0000 178.00000000
  0.364261  -0.0000 181.00000000
  0.364773  -0.0000 183.00000000
  0.365284  -0.0000 186.00000000
  0.365623  -0.0000 188.00000000
  0.365819  -0.0000 189.00000000
  0.365986  -0.0000 190.00000000
  0.366143  -0.0000 192.00000000
  0.366371  -0.0000 193.00000000
  0.366711  -0.0000 196.00000000
  0.367223  -0.0000 201.00000000
  0.367741  -0.0000 205.00000000
  0.368261  -0.0000 209.00000000
  0.368782  -0.0000 214.00000000
  0.369565  -0.0000 220.00000000
  0.370737  -0.0000 230.00000000
  0.372485  -0.0000 244.00000000
  0.375077  -0.0000 266.00000000
  0.377666  -0.0000 288.00000000
  0.380219  -0.0000 310.00000000
  0.381165  -0.0000 319.00000000
  0.382106  -0.0000 327.00000000
  0.382339  -0.0000 329.00000000
  0.382526  -0.0000 331.00000000
  0.382686  -0.0000 333.00000000
  0.382910  -0.0000 336.00000000
  0.383130  -0.0000 339.00000000
  0.383459  -0.0000 344.00000000
  0.383957  -0.0000 351.00000000
  0.384587  -0.0000 359.00000000
  0.385220  -0.0000 368.00000000
  0.385854  -0.0000 377.00000000
  0.386804  -0.0000 390.00000000
  0.388224  -0.0000 409.00000000
  0.390337  -0.0000 438.00000000
  0.393462  -0.0000 482.00000000
  0.396539  -0.0000 526.00000000
  0.397401  -0.0000 538.00000000
  0.398258  -0.0000 551.00000000
  0.399111  -0.0000 563.00000000
  0.399242  -0.0000 565.00000000
  0.399359  -0.0000 568.00000000
  0.399472  -0.0000 570.00000000
  0.399635  -0.0000 574.00000000
  0.399876  -0.0000 579.00000000
  0.400240  -0.0000 587.00000000
  0.400792  -0.0000 600.00000000
  0.401347  -0.0000 612.00000000
  0.401904  -0.0000 624.00000000
  0.402740  -0.0000 643.00000000
  0.403993  -0.0000 670.00000000
  0.405860  -0.0000 712.00000000
  0.408629  -0.0000 774.00000000
  0.411363  -0.0000 836.00000000
  0.414059  -0.0000 898.00000000
  0.414479  -0.0000 908.00000000
  0.414897  -0.0000 918.00000000
  0.415315  -0.0000 927.00000000
  0.415915  -0.0000 942.00000000
  0.416054  -0.0000 946.00000000
  0.416184  -0.0000 951.00000000
  0.416311  -0.0000 955.00000000
  0.416497  -0.0000 962.00000000
  0.416777  -0.0000 972.00000000
  0.417200  -0.0000 987.00000000
  0.417842  -0.0000 1010.00000000
  0.418486  -0.0000 1032.00000000
  0.419132  -0.0000 1054.00000000
  0.420099  -0.0000 1088.00000000
  0.421546  -0.0000 1139.00000000
  0.423699  -0.0000 1215.00000000
  0.426885  -0.0000 1329.00000000
  0.430023  -0.0000 1443.00000000
  0.430847  -0.0000 1473.00000000
  0.431667  -0.0000 1503.00000000
  0.432484  -0.0000 1533.00000000
  0.432659  -0.0000 1539.00000000
  0.432795  -0.0000 1546.00000000
  0.432922  -0.0000 1553.00000000
  0.433107  -0.0000 1563.00000000
  0.433290  -0.0000 1573.00000000
  0.433566  -0.0000 1589.00000000
  0.433983  -0.0000 1611.00000000
  0.434615  -0.0000 1646.00000000
  0.435250  -0.0000 1680.00000000
  0.436202  -0.0000 1731.00000000
  0.437627  -0.0000 1809.00000000
  0.439749  -0.0000 1924.00000000
  0.442891  -0.0000 2098.00000000
  0.445990  -0.0000 2272.00000000
  0.449040  -0.0000 2445.00000000
  0.449214  -0.0000 2455.00000000
  0.449382  -0.0000 2465.00000000
  0.449512  -0.0000 2475.00000000
  0.449692  -0.0000 2490.00000000
  0.449868  -0.0000 2505.00000000
  0.450043  -0.0000 2520.00000000
  0.450307  -0.0000 2542.00000000
  0.450708  -0.0000 2575.00000000
  0.451313  -0.0000 2625.00000000
  0.451921  -0.0000 2675.00000000
  0.452832  -0.0000 2750.00000000
  0.454196  -0.0000 2863.00000000
  0.456228  -0.0000 3032.00000000
  0.459240  -0.0000 3286.00000000
  0.462213  -0.0000 3539.00000000
  0.465144  -0.0000 3792.00000000
  0.465369  -0.0000 3812.00000000
  0.465594  -0.0000 3831.00000000
  0.465818  -0.0000 3851.00000000
  0.466155  -0.0000 3880.00000000
  0.466288  -0.0000 3896.00000000
  0.466414  -0.0000 3911.00000000
  0.466536  -0.0000 3926.00000000
  0.466718  -0.0000 3949.00000000
  0.466992  -0.0000 3984.00000000
  0.467407  -0.0000 4036.00000000
  0.468035  -0.0000 4114.00000000
  0.468666  -0.0000 4192.00000000
  0.469611  -0.0000 4309.00000000
  0.471025  -0.0000 4484.00000000
  0.473132  -0.0000 4747.00000000
  0.476253  -0.0000 5142.00000000
  0.479332  -0.0000 5536.00000000
  0.482366  -0.0000 5931.00000000
  0.482555  -0.0000 5956.00000000
  0.482743  -0.0000 5980.00000000
  0.482931  -0.0000 6005.00000000
  0.483085  -0.0000 6031.00000000
  0.483229  -0.0000 6058.00000000
  0.483371  -0.0000 6084.00000000
  0.483512  -0.0000 6111.00000000
  0.483724  -0.0000 6150.00000000
  0.484046  -0.0000 6210.00000000
  0.484533  -0.0000 6299.00000000
  0.485266  -0.0000 6433.00000000
  0.486366  -0.0000 6635.00000000
  0.488010  -0.0000 6936.00000000
  0.490456  -0.0000 7389.00000000
  0.492972  -0.0000 7859.00000000
  0.495461  -0.0000 8330.00000000
  0.497922  -0.0000 8800.00000000
  0.498214  -0.0000 8856.00000000
  0.498506  -0.0000 8912.00000000
  0.498798  -0.0000 8968.00000000
  0.499235  -0.0000 9052.00000000
  0.499840  -0.0000 9178.00000000
  0.500008  -0.0000 9222.00000000
  0.500170  -0.0000 9267.00000000
  0.500332  -0.0000 9311.00000000
  0.500576  -0.0000 9377.00000000
  0.500945  -0.0000 9477.00000000
  0.501503  -0.0000 9626.00000000
  0.502342  -0.0000 9850.00000000
  0.502904  -0.0000 10000.00000000
  0.499063  -0.0000 10000.00000000
  0.499063  -0.0000 10000.00000000
  0.499063  -0.0000 10000.00000000
  0.499062  -0.0000 10000.00000000
  0.499062  -0.0000 10000.00000000
  0.499060  -0.0000 10000.00000000
  0.499057  -0.0000 10000.00000000
  0.499051  -0.0000 10000.00000000
  0.499040  -0.0000 10000.00000000
  0.499016  -0.0000 10000.00000000
  0.498969  -0.0000 10000.00000000
  0.498880  -0.0000 10000.00000000
