  0.000365  -0.0000   0.00100000
  0.000795  -0.0000   0.00200000
  0.002166  -0.0000   0.00300000
  0.007446  -0.0000   0.00371400
  0.007949  -0.0000   0.00442800
  0.008368  -0.0000   0.00514100
  0.008661  -0.0000   0.00558900
  0.008991  -0.0000   0.00603600
  0.009363  -0.0000   0.00648400
  0.009722  -0.0000   0.00687700
  0.010117  -0.0000   0.00726900
  0.010547  -0.0000   0.00766100
  0.011062  -0.0000   0.00809400
  0.011619  -0.0000   0.00852700
  0.012217  -0.0000   0.00896000
  0.012978  -0.0000   0.00946600
  0.013659  -0.0000   0.00988700
  0.014393  -0.0000   0.01031000
  0.015187  -0.0000   0.01073000
  0.016047  -0.0000   0.01115000
  0.016771  -0.0000   0.01148000
  0.017542  -0.0000   0.01181000
  0.018364  -0.0000   0.01215000
  0.019203  -0.0000   0.01247000
  0.020091  -0.0000   0.01279000
  0.020354  -0.0000   0.01288000
  0.020524  -0.0000   0.01297000
  0.020567  -0.0000   0.01307000
  0.020622  -0.0000   0.01321000
  0.020671  -0.0000   0.01335000
  0.020716  -0.0000   0.01349000
  0.020758  -0.0000   0.01363000
  0.020817  -0.0000   0.01384000
  0.020897  -0.0000   0.01415000
  0.020992  -0.0000   0.01455000
  0.021082  -0.0000   0.01495000
  0.021169  -0.0000   0.01535000
  0.021293  -0.0000   0.01595000
  0.021473  -0.0000   0.01685000
  0.021706  -0.0000   0.01805000
  0.021936  -0.0000   0.01924000
  0.022281  -0.0000   0.02103000
  0.022634  -0.0000   0.02281000
  0.023199  -0.0000   0.02549000
  0.023694  -0.0000   0.02766000
  0.024241  -0.0000   0.02983000
  0.024856  -0.0000   0.03201000
  0.025406  -0.0000   0.03375000
  0.026022  -0.0000   0.03549000
  0.026717  -0.0000   0.03724000
  0.027312  -0.0000   0.03860000
  0.027967  -0.0000   0.03996000
  0.028687  -0.0000   0.04132000
  0.029475  -0.0000   0.04268000
  0.030162  -0.0000   0.04378000
  0.030899  -0.0000   0.04488000
  0.031688  -0.0000   0.04598000
  0.032530  -0.0000   0.04708000
  0.033428  -0.0000   0.04818000
  0.034381  -0.0000   0.04928000
  0.035392  -0.0000   0.05038000
  0.036461  -0.0000   0.05148000
  0.037588  -0.0000   0.05258000
  0.037889  -0.0000   0.05288000
  0.038194  -0.0000   0.05317000
  0.038387  -0.0000   0.05346000
  0.038451  -0.0000   0.05368000
  0.038509  -0.0000   0.05390000
  0.038563  -0.0000   0.05412000
  0.038637  -0.0000   0.05446000
  0.038738  -0.0000   0.05495000
  0.038870  -0.0000   0.05568000
  0.038994  -0.0000   0.05640000
  0.039168  -0.0000   0.05748000
  0.039334  -0.0000   0.05856000
  0.039573  -0.0000   0.06018000
  0.039923  -0.0000   0.06261000
  0.040451  -0.0000   0.06626000
  0.041000  -0.0000   0.06990000
  0.041913  -0.0000   0.07538000
  0.042453  -0.0000   0.07837000
  0.043041  -0.0000   0.08136000
  0.043689  -0.0000   0.08435000
  0.044227  -0.0000   0.08666000
  0.044811  -0.0000   0.08896000
  0.045443  -0.0000   0.09126000
  0.046155  -0.0000   0.09365000
  0.046928  -0.0000   0.09604000
  0.047765  -0.0000   0.09843000
  0.048660  -0.0000   0.10100000
  0.049623  -0.0000   0.10300000
  0.050657  -0.0000   0.10600000
  0.051712  -0.0000   0.10800000
  0.052834  -0.0000   0.11000000
  0.054026  -0.0000   0.11200000
  0.055471  -0.0000   0.11500000
  0.056751  -0.0000   0.11700000
  0.056942  -0.0000   0.11700000
  0.057067  -0.0000   0.11800000
  0.057144  -0.0000   0.11800000
  0.057247  -0.0000   0.11900000
  0.057387  -0.0000   0.11900000
  0.057549  -0.0000   0.12000000
  0.057700  -0.0000   0.12100000
  0.057910  -0.0000   0.12200000
  0.058205  -0.0000   0.12500000
  0.058623  -0.0000   0.12800000
  0.059032  -0.0000   0.13100000
  0.059649  -0.0000   0.13500000
  0.060637  -0.0000   0.14200000
  0.061301  -0.0000   0.14700000
  0.062018  -0.0000   0.15100000
  0.062802  -0.0000   0.15600000
  0.063663  -0.0000   0.16000000
  0.064609  -0.0000   0.16400000
  0.065647  -0.0000   0.16900000
  0.066785  -0.0000   0.17300000
  0.068026  -0.0000   0.17800000
  0.069376  -0.0000   0.18200000
  0.070555  -0.0000   0.18600000
  0.071811  -0.0000   0.18900000
  0.073145  -0.0000   0.19300000
  0.074558  -0.0000   0.19600000
  0.075151  -0.0000   0.19800000
  0.075654  -0.0000   0.19900000
  0.075786  -0.0000   0.20000000
  0.075909  -0.0000   0.20100000
  0.076024  -0.0000   0.20200000
  0.076186  -0.0000   0.20300000
  0.076410  -0.0000   0.20400000
  0.076723  -0.0000   0.20700000
  0.077164  -0.0000   0.21000000
  0.077592  -0.0000   0.21400000
  0.078229  -0.0000   0.21900000
  0.079227  -0.0000   0.22700000
  0.080015  -0.0000   0.23300000
  0.080864  -0.0000   0.23900000
  0.081786  -0.0000   0.24500000
  0.082793  -0.0000   0.25100000
  0.083893  -0.0000   0.25700000
  0.085092  -0.0000   0.26300000
  0.086395  -0.0000   0.26900000
  0.087806  -0.0000   0.27500000
  0.089329  -0.0000   0.28100000
  0.090666  -0.0000   0.28600000
  0.092082  -0.0000   0.29000000
  0.093579  -0.0000   0.29500000
  0.093811  -0.0000   0.29600000
  0.094041  -0.0000   0.29700000
  0.094169  -0.0000   0.29800000
  0.094345  -0.0000   0.29900000
  0.094585  -0.0000   0.30000000
  0.094808  -0.0000   0.30200000
  0.095021  -0.0000   0.30400000
  0.095323  -0.0000   0.30600000
  0.095756  -0.0000   0.31000000
  0.096387  -0.0000   0.31600000
  0.097348  -0.0000   0.32500000
  0.098059  -0.0000   0.33100000
  0.098807  -0.0000   0.33700000
  0.099601  -0.0000   0.34300000
  0.100367  -0.0000   0.34900000
  0.101182  -0.0000   0.35500000
  0.102048  -0.0000   0.36000000
  0.103120  -0.0000   0.36700000
  0.104267  -0.0000   0.37300000
  0.105493  -0.0000   0.38000000
  0.107074  -0.0000   0.38700000
  0.108488  -0.0000   0.39400000
  0.109987  -0.0000   0.40000000
  0.111571  -0.0000   0.40700000
  0.112027  -0.0000   0.40900000
  0.112490  -0.0000   0.41100000
  0.112700  -0.0000   0.41200000
  0.112880  -0.0000   0.41300000
  0.113050  -0.0000   0.41500000
  0.113289  -0.0000   0.41700000
  0.113625  -0.0000   0.42000000
  0.114099  -0.0000   0.42400000
  0.114559  -0.0000   0.42800000
  0.115238  -0.0000   0.43500000
  0.116285  -0.0000   0.44500000
  0.117166  -0.0000   0.45300000
  0.118100  -0.0000   0.46100000
  0.119097  -0.0000   0.46900000
  0.120164  -0.0000   0.47700000
  0.121307  -0.0000   0.48500000
  0.122528  -0.0000   0.49400000
  0.123831  -0.0000   0.50200000
  0.125215  -0.0000   0.51000000
  0.126921  -0.0000   0.51900000
  0.128739  -0.0000   0.52800000
  0.130672  -0.0000   0.53700000
  0.130893  -0.0000   0.53800000
  0.131078  -0.0000   0.54000000
  0.131215  -0.0000   0.54100000
  0.131407  -0.0000   0.54200000
  0.131676  -0.0000   0.54500000
  0.132017  -0.0000   0.54800000
  0.132343  -0.0000   0.55100000
  0.132811  -0.0000   0.55600000
  0.133497  -0.0000   0.56300000
  0.134536  -0.0000   0.57400000
  0.135260  -0.0000   0.58100000
  0.136012  -0.0000   0.58800000
  0.136799  -0.0000   0.59600000
  0.137711  -0.0000   0.60400000
  0.138676  -0.0000   0.61200000
  0.139694  -0.0000   0.62000000
  0.141096  -0.0000   0.63000000
  0.142593  -0.0000   0.64000000
  0.144188  -0.0000   0.65100000
  0.145880  -0.0000   0.66100000
  0.147673  -0.0000   0.67100000
  0.149527  -0.0000   0.68200000
  0.149657  -0.0000   0.68300000
  0.149782  -0.0000   0.68400000
  0.149902  -0.0000   0.68500000
  0.150076  -0.0000   0.68700000
  0.150324  -0.0000   0.68900000
  0.150677  -0.0000   0.69300000
  0.151183  -0.0000   0.69800000
  0.151919  -0.0000   0.70600000
  0.153031  -0.0000   0.71800000
  0.153923  -0.0000   0.72800000
  0.154854  -0.0000   0.73800000
  0.155833  -0.0000   0.74700000
  0.156866  -0.0000   0.75700000
  0.157957  -0.0000   0.76600000
  0.159107  -0.0000   0.77600000
  0.160319  -0.0000   0.78500000
  0.161994  -0.0000   0.79800000
  0.163775  -0.0000   0.81000000
  0.165662  -0.0000   0.82200000
  0.167655  -0.0000   0.83500000
  0.167878  -0.0000   0.83600000
  0.168041  -0.0000   0.83800000
  0.168188  -0.0000   0.83900000
  0.168399  -0.0000   0.84100000
  0.168698  -0.0000   0.84400000
  0.169122  -0.0000   0.84900000
  0.169682  -0.0000   0.85500000
  0.170229  -0.0000   0.86200000
  0.171046  -0.0000   0.87100000
  0.171954  -0.0000   0.88200000
  0.172895  -0.0000   0.89200000
  0.173879  -0.0000   0.90300000
  0.174912  -0.0000   0.91300000
  0.175997  -0.0000   0.92400000
  0.177138  -0.0000   0.93400000
  0.178547  -0.0000   0.94600000
  0.180033  -0.0000   0.95900000
  0.181877  -0.0000   0.97300000
  0.183829  -0.0000   0.98700000
  0.185850  -0.0000   1.00000000
  0.186071  -0.0000   1.00000000
  0.186283  -0.0000   1.00000000
  0.186430  -0.0000   1.01000000
  0.186636  -0.0000   1.01000000
  0.186919  -0.0000   1.01000000
  0.187184  -0.0000   1.02000000
  0.187552  -0.0000   1.02000000
  0.187899  -0.0000   1.03000000
  0.188388  -0.0000   1.04000000
  0.189078  -0.0000   1.05000000
  0.190067  -0.0000   1.07000000
  0.191033  -0.0000   1.09000000
  0.191988  -0.0000   1.11000000
  0.192936  -0.0000   1.13000000
  0.193878  -0.0000   1.15000000
  0.195279  -0.0000   1.18000000
  0.196668  -0.0000   1.21000000
  0.198719  -0.0000   1.25000000
  0.201719  -0.0000   1.32000000
  0.201937  -0.0000   1.32000000
  0.202155  -0.0000   1.33000000
  0.202372  -0.0000   1.33000000
  0.202697  -0.0000   1.34000000
  0.203182  -0.0000   1.35000000
  0.203381  -0.0000   1.35000000
  0.203550  -0.0000   1.36000000
  0.203711  -0.0000   1.37000000
  0.203937  -0.0000   1.37000000
  0.204252  -0.0000   1.39000000
  0.204692  -0.0000   1.41000000
  0.205306  -0.0000   1.44000000
  0.206180  -0.0000   1.48000000
  0.207035  -0.0000   1.52000000
  0.208081  -0.0000   1.58000000
  0.209123  -0.0000   1.63000000
  0.210162  -0.0000   1.69000000
  0.211199  -0.0000   1.74000000
  0.212744  -0.0000   1.82000000
  0.215031  -0.0000   1.94000000
  0.218384  -0.0000   2.13000000
  0.218680  -0.0000   2.14000000
  0.218975  -0.0000   2.16000000
  0.219269  -0.0000   2.17000000
  0.219709  -0.0000   2.20000000
  0.220187  -0.0000   2.23000000
  0.220397  -0.0000   2.25000000
  0.220594  -0.0000   2.26000000
  0.220782  -0.0000   2.28000000
  0.221046  -0.0000   2.31000000
  0.221418  -0.0000   2.35000000
  0.221944  -0.0000   2.40000000
  0.222701  -0.0000   2.49000000
  0.223429  -0.0000   2.58000000
  0.224152  -0.0000   2.67000000
  0.224876  -0.0000   2.75000000
  0.225922  -0.0000   2.88000000
  0.226969  -0.0000   3.00000000
  0.228532  -0.0000   3.19000000
  0.230085  -0.0000   3.38000000
  0.232387  -0.0000   3.66000000
  0.235767  -0.0000   4.08000000
  0.235987  -0.0000   4.11000000
  0.236206  -0.0000   4.14000000
  0.236424  -0.0000   4.16000000
  0.236752  -0.0000   4.21000000
  0.236992  -0.0000   4.24000000
  0.237194  -0.0000   4.28000000
  0.237384  -0.0000   4.32000000
  0.237651  -0.0000   4.38000000
  0.238025  -0.0000   4.47000000
  0.238556  -0.0000   4.60000000
  0.239326  -0.0000   4.79000000
  0.240088  -0.0000   4.99000000
  0.240850  -0.0000   5.18000000
  0.241613  -0.0000   5.38000000
  0.242377  -0.0000   5.57000000
  0.243523  -0.0000   5.86000000
  0.245235  -0.0000   6.30000000
  0.247776  -0.0000   6.96000000
  0.251511  -0.0000   7.95000000
  0.251822  -0.0000   8.03000000
  0.252131  -0.0000   8.12000000
  0.252440  -0.0000   8.20000000
  0.252902  -0.0000   8.32000000
  0.253575  -0.0000   8.51000000
  0.253714  -0.0000   8.56000000
  0.253845  -0.0000   8.61000000
  0.253971  -0.0000   8.66000000
  0.254150  -0.0000   8.74000000
  0.254403  -0.0000   8.86000000
  0.254763  -0.0000   9.03000000
  0.255282  -0.0000   9.30000000
  0.256043  -0.0000   9.69000000
  0.256803  -0.0000  10.10000000
  0.257565  -0.0000  10.50000000
  0.258329  -0.0000  10.90000000
  0.259095  -0.0000  11.30000000
  0.260243  -0.0000  11.90000000
  0.261959  -0.0000  12.70000000
  0.264509  -0.0000  14.10000000
  0.268260  -0.0000  16.10000000
  0.268563  -0.0000  16.20000000
  0.268864  -0.0000  16.40000000
  0.269166  -0.0000  16.60000000
  0.269616  -0.0000  16.80000000
  0.270275  -0.0000  17.20000000
  0.270414  -0.0000  17.30000000
  0.270546  -0.0000  17.40000000
  0.270672  -0.0000  17.50000000
  0.270852  -0.0000  17.60000000
  0.271108  -0.0000  17.90000000
  0.271474  -0.0000  18.20000000
  0.272006  -0.0000  18.70000000
  0.272795  -0.0000  19.50000000
  0.273587  -0.0000  20.30000000
  0.274381  -0.0000  21.10000000
  0.275179  -0.0000  21.90000000
  0.275977  -0.0000  22.70000000
  0.277174  -0.0000  23.90000000
  0.278962  -0.0000  25.70000000
  0.281617  -0.0000  28.30000000
  0.284820  -0.0000  31.60000000
  0.285239  -0.0000  32.00000000
  0.285657  -0.0000  32.40000000
  0.286074  -0.0000  32.90000000
  0.286697  -0.0000  33.50000000
  0.286946  -0.0000  33.80000000
  0.287128  -0.0000  34.00000000
  0.287298  -0.0000  34.30000000
  0.287537  -0.0000  34.70000000
  0.287765  -0.0000  35.10000000
  0.288093  -0.0000  35.70000000
  0.288573  -0.0000  36.50000000
  0.289289  -0.0000  37.90000000
  0.290007  -0.0000  39.20000000
  0.290729  -0.0000  40.50000000
  0.291453  -0.0000  41.80000000
  0.292541  -0.0000  43.80000000
  0.294171  -0.0000  46.80000000
  0.296599  -0.0000  51.20000000
  0.300186  -0.0000  57.90000000
  0.303183  -0.0000  63.60000000
  0.303372  -0.0000  63.90000000
  0.303562  -0.0000  64.30000000
  0.303726  -0.0000  64.60000000
  0.303926  -0.0000  65.20000000
  0.304201  -0.0000  66.00000000
  0.304462  -0.0000  66.80000000
  0.304716  -0.0000  67.60000000
  0.305088  -0.0000  68.80000000
  0.305643  -0.0000  70.60000000
  0.306345  -0.0000  72.90000000
  0.307050  -0.0000  75.20000000
  0.307758  -0.0000  77.50000000
  0.308468  -0.0000  79.80000000
  0.309533  -0.0000  83.20000000
  0.311127  -0.0000  88.30000000
  0.313500  -0.0000  96.00000000
  0.317009  -0.0000 108.00000000
  0.320436  -0.0000 119.00000000
  0.320577  -0.0000 120.00000000
  0.320709  -0.0000 120.00000000
  0.320836  -0.0000 121.00000000
  0.321018  -0.0000 122.00000000
  0.321279  -0.0000 123.00000000
  0.321660  -0.0000 126.00000000
  0.322227  -0.0000 129.00000000
  0.322795  -0.0000 132.00000000
  0.323367  -0.0000 135.00000000
  0.323942  -0.0000 138.00000000
  0.324807  -0.0000 143.00000000
  0.326108  -0.0000 150.00000000
  0.328055  -0.0000 161.00000000
  0.330952  -0.0000 177.00000000
  0.334452  -0.0000 197.00000000
  0.335122  -0.0000 201.00000000
  0.335789  -0.0000 205.00000000
  0.336454  -0.0000 208.00000000
  0.337130  -0.0000 212.00000000
  0.337318  -0.0000 214.00000000
  0.337481  -0.0000 215.00000000
  0.337635  -0.0000 216.00000000
  0.337856  -0.0000 218.00000000
  0.338176  -0.0000 221.00000000
  0.338650  -0.0000 226.00000000
  0.339361  -0.0000 232.00000000
  0.340079  -0.0000 239.00000000
  0.340799  -0.0000 245.00000000
  0.341522  -0.0000 252.00000000
  0.342608  -0.0000 262.00000000
  0.344233  -0.0000 277.00000000
  0.346654  -0.0000 299.00000000
  0.350239  -0.0000 333.00000000
  0.353767  -0.0000 366.00000000
  0.353924  -0.0000 368.00000000
  0.354053  -0.0000 370.00000000
  0.354175  -0.0000 371.00000000
  0.354349  -0.0000 374.00000000
  0.354599  -0.0000 377.00000000
  0.354965  -0.0000 383.00000000
  0.355511  -0.0000 391.00000000
  0.356061  -0.0000 400.00000000
  0.356614  -0.0000 408.00000000
  0.357170  -0.0000 416.00000000
  0.358006  -0.0000 429.00000000
  0.359261  -0.0000 447.00000000
  0.361138  -0.0000 475.00000000
  0.363932  -0.0000 517.00000000
  0.366946  -0.0000 563.00000000
  0.369921  -0.0000 609.00000000
  0.370146  -0.0000 612.00000000
  0.370371  -0.0000 616.00000000
  0.370595  -0.0000 619.00000000
  0.370897  -0.0000 624.00000000
  0.371122  -0.0000 629.00000000
  0.371335  -0.0000 634.00000000
  0.371542  -0.0000 639.00000000
  0.371847  -0.0000 646.00000000
  0.372304  -0.0000 657.00000000
  0.372993  -0.0000 674.00000000
  0.373688  -0.0000 690.00000000
  0.374385  -0.0000 706.00000000
  0.375084  -0.0000 723.00000000
  0.376133  -0.0000 747.00000000
  0.377702  -0.0000 784.00000000
  0.380042  -0.0000 840.00000000
  0.383509  -0.0000 923.00000000
  0.386928  -0.0000 1006.00000000
  0.387129  -0.0000 1011.00000000
  0.387330  -0.0000 1016.00000000
  0.387530  -0.0000 1021.00000000
  0.387775  -0.0000 1028.00000000
  0.387988  -0.0000 1036.00000000
  0.388191  -0.0000 1043.00000000
  0.388391  -0.0000 1050.00000000
  0.388687  -0.0000 1061.00000000
  0.389132  -0.0000 1078.00000000
  0.389805  -0.0000 1103.00000000
  0.390482  -0.0000 1127.00000000
  0.391162  -0.0000 1152.00000000
  0.392183  -0.0000 1189.00000000
  0.393713  -0.0000 1245.00000000
  0.395996  -0.0000 1329.00000000
  0.399384  -0.0000 1454.00000000
  0.402729  -0.0000 1580.00000000
  0.403046  -0.0000 1592.00000000
  0.403363  -0.0000 1604.00000000
  0.403680  -0.0000 1615.00000000
  0.404153  -0.0000 1633.00000000
  0.404488  -0.0000 1646.00000000
  0.404669  -0.0000 1655.00000000
  0.404840  -0.0000 1664.00000000
  0.405005  -0.0000 1673.00000000
  0.405167  -0.0000 1682.00000000
  0.405407  -0.0000 1696.00000000
  0.405768  -0.0000 1716.00000000
  0.406313  -0.0000 1747.00000000
  0.407064  -0.0000 1789.00000000
  0.407818  -0.0000 1831.00000000
  0.408573  -0.0000 1872.00000000
  0.409707  -0.0000 1935.00000000
  0.411403  -0.0000 2029.00000000
  0.413930  -0.0000 2170.00000000
  0.417674  -0.0000 2382.00000000
  0.421364  -0.0000 2593.00000000
  0.421501  -0.0000 2604.00000000
  0.421632  -0.0000 2614.00000000
  0.421758  -0.0000 2624.00000000
  0.421942  -0.0000 2639.00000000
  0.422214  -0.0000 2662.00000000
  0.422621  -0.0000 2697.00000000
  0.423238  -0.0000 2748.00000000
  0.423860  -0.0000 2800.00000000
  0.424484  -0.0000 2852.00000000
  0.425109  -0.0000 2904.00000000
  0.426049  -0.0000 2981.00000000
  0.427457  -0.0000 3098.00000000
  0.429561  -0.0000 3272.00000000
  0.432690  -0.0000 3534.00000000
  0.435860  -0.0000 3802.00000000
  0.436515  -0.0000 3858.00000000
  0.437168  -0.0000 3913.00000000
  0.437820  -0.0000 3969.00000000
  0.438155  -0.0000 3997.00000000
  0.438440  -0.0000 4026.00000000
  0.438682  -0.0000 4055.00000000
  0.438916  -0.0000 4083.00000000
  0.439148  -0.0000 4112.00000000
  0.439496  -0.0000 4155.00000000
  0.440024  -0.0000 4220.00000000
  0.440734  -0.0000 4306.00000000
  0.441447  -0.0000 4392.00000000
  0.442161  -0.0000 4478.00000000
  0.443233  -0.0000 4608.00000000
  0.444837  -0.0000 4802.00000000
  0.447228  -0.0000 5093.00000000
  0.450776  -0.0000 5530.00000000
  0.454279  -0.0000 5967.00000000
  0.454489  -0.0000 5993.00000000
  0.454698  -0.0000 6019.00000000
  0.454908  -0.0000 6045.00000000
  0.455181  -0.0000 6084.00000000
  0.455451  -0.0000 6131.00000000
  0.455712  -0.0000 6177.00000000
  0.455972  -0.0000 6224.00000000
  0.456232  -0.0000 6270.00000000
  0.456626  -0.0000 6340.00000000
  0.457220  -0.0000 6444.00000000
  0.458116  -0.0000 6601.00000000
  0.459014  -0.0000 6758.00000000
  0.460360  -0.0000 6993.00000000
  0.462371  -0.0000 7346.00000000
  0.465363  -0.0000 7875.00000000
  0.468648  -0.0000 8462.00000000
  0.471894  -0.0000 9049.00000000
  0.472080  -0.0000 9083.00000000
  0.472230  -0.0000 9116.00000000
  0.472369  -0.0000 9150.00000000
  0.472569  -0.0000 9200.00000000
  0.472766  -0.0000 9250.00000000
  0.473063  -0.0000 9326.00000000
  0.473511  -0.0000 9439.00000000
  0.474188  -0.0000 9609.00000000
  0.474869  -0.0000 9779.00000000
  0.475552  -0.0000 9949.00000000
  0.475757  -0.0000 10000.00000000
  0.470622  -0.0000 10000.00000000
  0.470622  -0.0000 10000.00000000
  0.470622  -0.0000 10000.00000000
  0.470621  -0.0000 10000.00000000
  0.470619  -0.0000 10000.00000000
  0.470617  -0.0000 10000.00000000
  0.470611  -0.0000 10000.00000000
  0.470599  -0.0000 10000.00000000
  0.470576  -0.0000 10000.00000000
  0.470530  -0.0000 10000.00000000
  0.470437  -0.0000 10000.00000000
  0.470261  -0.0000 10000.00000000
