  0.000001  -0.0000   0.00100000
  0.000003  -0.0000   0.00200000
  0.000007  -0.0000   0.00300000
  0.000081  -0.0000   0.00450000
  0.001708  -0.0000   0.00675000
  0.005977  -0.0000   0.00759400
  0.005980  -0.0000   0.00885900
  0.005983  -0.0000   0.01076000
  0.005987  -0.0000   0.01361000
  0.005993  -0.0000   0.01788000
  0.006003  -0.0000   0.02428000
  0.006020  -0.0000   0.03390000
  0.006047  -0.0000   0.04831000
  0.006094  -0.0000   0.06994000
  0.006181  -0.0000   0.10200000
  0.006351  -0.0000   0.15100000
  0.006707  -0.0000   0.22400000
  0.007078  -0.0000   0.28500000
  0.007529  -0.0000   0.34500000
  0.008061  -0.0000   0.40600000
  0.008680  -0.0000   0.46700000
  0.009386  -0.0000   0.52700000
  0.010182  -0.0000   0.58800000
  0.011070  -0.0000   0.64900000
  0.012051  -0.0000   0.71000000
  0.013128  -0.0000   0.77000000
  0.014301  -0.0000   0.83100000
  0.015571  -0.0000   0.89200000
  0.016940  -0.0000   0.95200000
  0.018368  -0.0000   1.01000000
  0.019719  -0.0000   1.07000000
  0.021059  -0.0000   1.13000000
  0.021274  -0.0000   1.14000000
  0.021490  -0.0000   1.15000000
  0.021688  -0.0000   1.16000000
  0.021772  -0.0000   1.18000000
  0.021888  -0.0000   1.20000000
  0.021997  -0.0000   1.22000000
  0.022102  -0.0000   1.24000000
  0.022205  -0.0000   1.27000000
  0.022354  -0.0000   1.30000000
  0.022573  -0.0000   1.35000000
  0.022888  -0.0000   1.42000000
  0.023200  -0.0000   1.49000000
  0.023664  -0.0000   1.60000000
  0.024355  -0.0000   1.76000000
  0.025379  -0.0000   2.01000000
  0.026896  -0.0000   2.37000000
  0.029136  -0.0000   2.92000000
  0.031347  -0.0000   3.47000000
  0.033532  -0.0000   4.02000000
  0.035692  -0.0000   4.57000000
  0.038884  -0.0000   5.39000000
  0.042882  -0.0000   6.44000000
  0.043096  -0.0000   6.49000000
  0.043309  -0.0000   6.55000000
  0.043522  -0.0000   6.61000000
  0.043842  -0.0000   6.69000000
  0.044319  -0.0000   6.82000000
  0.044561  -0.0000   6.88000000
  0.044695  -0.0000   6.95000000
  0.044816  -0.0000   7.01000000
  0.044934  -0.0000   7.07000000
  0.045051  -0.0000   7.14000000
  0.045225  -0.0000   7.23000000
  0.045484  -0.0000   7.38000000
  0.045871  -0.0000   7.59000000
  0.046446  -0.0000   7.92000000
  0.047300  -0.0000   8.40000000
  0.048566  -0.0000   9.13000000
  0.050440  -0.0000  10.20000000
  0.053211  -0.0000  11.90000000
  0.055947  -0.0000  13.50000000
  0.058653  -0.0000  15.10000000
  0.061333  -0.0000  16.80000000
  0.065301  -0.0000  19.20000000
  0.065754  -0.0000  19.50000000
  0.066206  -0.0000  19.80000000
  0.066658  -0.0000  20.10000000
  0.067334  -0.0000  20.50000000
  0.067943  -0.0000  20.90000000
  0.068155  -0.0000  21.10000000
  0.068364  -0.0000  21.30000000
  0.068571  -0.0000  21.50000000
  0.068778  -0.0000  21.70000000
  0.069087  -0.0000  22.00000000
  0.069548  -0.0000  22.50000000
  0.070234  -0.0000  23.20000000
  0.071255  -0.0000  24.20000000
  0.072772  -0.0000  25.80000000
  0.075022  -0.0000  28.10000000
  0.078353  -0.0000  31.60000000
  0.082399  -0.0000  35.90000000
  0.086400  -0.0000  40.20000000
  0.090360  -0.0000  44.50000000
  0.090767  -0.0000  45.00000000
  0.091174  -0.0000  45.40000000
  0.091534  -0.0000  45.80000000
  0.091976  -0.0000  46.50000000
  0.092414  -0.0000  47.20000000
  0.092850  -0.0000  47.80000000
  0.093285  -0.0000  48.50000000
  0.093933  -0.0000  49.50000000
  0.094899  -0.0000  51.00000000
  0.096336  -0.0000  53.20000000
  0.098473  -0.0000  56.60000000
  0.101643  -0.0000  61.70000000
  0.106337  -0.0000  69.20000000
  0.110979  -0.0000  76.80000000
  0.113252  -0.0000  80.50000000
  0.114842  -0.0000  83.10000000
  0.115242  -0.0000  83.90000000
  0.115610  -0.0000  84.70000000
  0.115976  -0.0000  85.50000000
  0.116523  -0.0000  86.60000000
  0.117337  -0.0000  88.40000000
  0.118551  -0.0000  91.00000000
  0.120356  -0.0000  94.90000000
  0.123038  -0.0000 101.00000000
  0.127015  -0.0000 110.00000000
  0.132553  -0.0000 122.00000000
  0.138029  -0.0000 135.00000000
  0.138542  -0.0000 136.00000000
  0.138978  -0.0000 137.00000000
  0.139396  -0.0000 138.00000000
  0.140020  -0.0000 140.00000000
  0.140642  -0.0000 142.00000000
  0.141569  -0.0000 144.00000000
  0.142951  -0.0000 148.00000000
  0.145006  -0.0000 154.00000000
  0.148062  -0.0000 163.00000000
  0.152595  -0.0000 176.00000000
  0.158149  -0.0000 193.00000000
  0.159676  -0.0000 197.00000000
  0.161199  -0.0000 202.00000000
  0.162642  -0.0000 207.00000000
  0.163214  -0.0000 209.00000000
  0.163783  -0.0000 211.00000000
  0.164350  -0.0000 213.00000000
  0.164915  -0.0000 215.00000000
  0.165759  -0.0000 218.00000000
  0.167018  -0.0000 222.00000000
  0.168896  -0.0000 229.00000000
  0.171690  -0.0000 239.00000000
  0.175842  -0.0000 255.00000000
  0.182001  -0.0000 278.00000000
  0.183260  -0.0000 283.00000000
  0.184516  -0.0000 287.00000000
  0.185769  -0.0000 292.00000000
  0.186289  -0.0000 294.00000000
  0.186787  -0.0000 297.00000000
  0.187284  -0.0000 299.00000000
  0.188027  -0.0000 302.00000000
  0.189134  -0.0000 307.00000000
  0.190785  -0.0000 314.00000000
  0.193243  -0.0000 325.00000000
  0.196896  -0.0000 342.00000000
  0.202319  -0.0000 367.00000000
  0.207695  -0.0000 391.00000000
  0.208518  -0.0000 395.00000000
  0.209340  -0.0000 399.00000000
  0.210092  -0.0000 403.00000000
  0.210816  -0.0000 407.00000000
  0.211537  -0.0000 410.00000000
  0.212256  -0.0000 414.00000000
  0.213329  -0.0000 420.00000000
  0.214929  -0.0000 428.00000000
  0.217313  -0.0000 441.00000000
  0.220862  -0.0000 460.00000000
  0.226134  -0.0000 489.00000000
  0.232478  -0.0000 524.00000000
  0.233101  -0.0000 528.00000000
  0.233676  -0.0000 531.00000000
  0.234234  -0.0000 535.00000000
  0.235067  -0.0000 540.00000000
  0.235897  -0.0000 545.00000000
  0.237136  -0.0000 553.00000000
  0.238983  -0.0000 564.00000000
  0.241735  -0.0000 582.00000000
  0.245829  -0.0000 608.00000000
  0.251911  -0.0000 647.00000000
  0.254315  -0.0000 663.00000000
  0.256711  -0.0000 678.00000000
  0.257301  -0.0000 683.00000000
  0.257874  -0.0000 687.00000000
  0.258444  -0.0000 691.00000000
  0.259297  -0.0000 697.00000000
  0.260569  -0.0000 706.00000000
  0.262467  -0.0000 720.00000000
  0.265294  -0.0000 741.00000000
  0.269500  -0.0000 772.00000000
  0.275750  -0.0000 819.00000000
  0.277834  -0.0000 834.00000000
  0.279911  -0.0000 850.00000000
  0.280793  -0.0000 857.00000000
  0.281619  -0.0000 863.00000000
  0.282442  -0.0000 870.00000000
  0.283263  -0.0000 877.00000000
  0.284080  -0.0000 884.00000000
  0.285302  -0.0000 894.00000000
  0.287127  -0.0000 909.00000000
  0.289847  -0.0000 932.00000000
  0.293900  -0.0000 967.00000000
  0.299926  -0.0000 1018.00000000
  0.301311  -0.0000 1030.00000000
  0.302694  -0.0000 1042.00000000
  0.304074  -0.0000 1054.00000000
  0.304718  -0.0000 1060.00000000
  0.305349  -0.0000 1066.00000000
  0.305978  -0.0000 1072.00000000
  0.306919  -0.0000 1080.00000000
  0.308323  -0.0000 1094.00000000
  0.310417  -0.0000 1113.00000000
  0.313539  -0.0000 1143.00000000
  0.318185  -0.0000 1188.00000000
  0.325092  -0.0000 1255.00000000
  0.326189  -0.0000 1266.00000000
  0.327284  -0.0000 1276.00000000
  0.328346  -0.0000 1287.00000000
  0.329297  -0.0000 1297.00000000
  0.330245  -0.0000 1307.00000000
  0.331190  -0.0000 1317.00000000
  0.332132  -0.0000 1327.00000000
  0.333539  -0.0000 1342.00000000
  0.335641  -0.0000 1364.00000000
  0.338776  -0.0000 1398.00000000
  0.343446  -0.0000 1448.00000000
  0.350392  -0.0000 1524.00000000
  0.351220  -0.0000 1533.00000000
  0.352020  -0.0000 1542.00000000
  0.352794  -0.0000 1551.00000000
  0.353950  -0.0000 1565.00000000
  0.355101  -0.0000 1579.00000000
  0.356249  -0.0000 1592.00000000
  0.357963  -0.0000 1612.00000000
  0.360522  -0.0000 1643.00000000
  0.364337  -0.0000 1689.00000000
  0.370018  -0.0000 1757.00000000
  0.371584  -0.0000 1776.00000000
  0.373147  -0.0000 1795.00000000
  0.374707  -0.0000 1814.00000000
  0.375600  -0.0000 1825.00000000
  0.376460  -0.0000 1837.00000000
  0.377317  -0.0000 1848.00000000
  0.378598  -0.0000 1864.00000000
  0.379875  -0.0000 1881.00000000
  0.381781  -0.0000 1906.00000000
  0.384626  -0.0000 1944.00000000
  0.388867  -0.0000 2000.00000000
  0.395180  -0.0000 2085.00000000
  0.396510  -0.0000 2102.00000000
  0.397839  -0.0000 2120.00000000
  0.399153  -0.0000 2138.00000000
  0.399958  -0.0000 2150.00000000
  0.400762  -0.0000 2161.00000000
  0.401563  -0.0000 2173.00000000
  0.402362  -0.0000 2184.00000000
  0.403557  -0.0000 2201.00000000
  0.405342  -0.0000 2227.00000000
  0.408008  -0.0000 2266.00000000
  0.411984  -0.0000 2324.00000000
  0.417906  -0.0000 2411.00000000
  0.419411  -0.0000 2433.00000000
  0.420915  -0.0000 2455.00000000
  0.422416  -0.0000 2477.00000000
  0.423199  -0.0000 2489.00000000
  0.423972  -0.0000 2502.00000000
  0.424742  -0.0000 2514.00000000
  0.425894  -0.0000 2532.00000000
  0.427614  -0.0000 2559.00000000
  0.430182  -0.0000 2599.00000000
  0.434011  -0.0000 2660.00000000
  0.439714  -0.0000 2752.00000000
  0.442018  -0.0000 2789.00000000
  0.444317  -0.0000 2826.00000000
  0.446591  -0.0000 2863.00000000
  0.447462  -0.0000 2878.00000000
  0.448329  -0.0000 2893.00000000
  0.449195  -0.0000 2908.00000000
  0.450058  -0.0000 2922.00000000
  0.451349  -0.0000 2945.00000000
  0.453279  -0.0000 2978.00000000
  0.456160  -0.0000 3028.00000000
  0.460458  -0.0000 3103.00000000
  0.466861  -0.0000 3215.00000000
  0.468159  -0.0000 3238.00000000
  0.469455  -0.0000 3261.00000000
  0.470714  -0.0000 3283.00000000
  0.471948  -0.0000 3306.00000000
  0.473177  -0.0000 3329.00000000
  0.474403  -0.0000 3352.00000000
  0.476235  -0.0000 3386.00000000
  0.478970  -0.0000 3437.00000000
  0.483051  -0.0000 3514.00000000
  0.489131  -0.0000 3630.00000000
  0.490732  -0.0000 3660.00000000
  0.492330  -0.0000 3691.00000000
  0.493910  -0.0000 3721.00000000
  0.494886  -0.0000 3740.00000000
  0.495860  -0.0000 3760.00000000
  0.496830  -0.0000 3779.00000000
  0.497799  -0.0000 3799.00000000
  0.499247  -0.0000 3828.00000000
  0.501412  -0.0000 3872.00000000
  0.504644  -0.0000 3938.00000000
  0.509465  -0.0000 4036.00000000
  0.516647  -0.0000 4184.00000000
  0.517621  -0.0000 4204.00000000
  0.518568  -0.0000 4225.00000000
  0.519513  -0.0000 4245.00000000
  0.520925  -0.0000 4275.00000000
  0.522332  -0.0000 4306.00000000
  0.524436  -0.0000 4352.00000000
  0.527577  -0.0000 4420.00000000
  0.532262  -0.0000 4523.00000000
  0.539243  -0.0000 4678.00000000
  0.540461  -0.0000 4705.00000000
  0.541648  -0.0000 4732.00000000
  0.542816  -0.0000 4759.00000000
  0.544560  -0.0000 4799.00000000
  0.546299  -0.0000 4840.00000000
  0.548895  -0.0000 4900.00000000
  0.552768  -0.0000 4992.00000000
  0.558543  -0.0000 5128.00000000
  0.560677  -0.0000 5179.00000000
  0.562807  -0.0000 5229.00000000
  0.564915  -0.0000 5280.00000000
  0.566009  -0.0000 5307.00000000
  0.567099  -0.0000 5334.00000000
  0.568186  -0.0000 5361.00000000
  0.569271  -0.0000 5388.00000000
  0.570894  -0.0000 5429.00000000
  0.573319  -0.0000 5489.00000000
  0.576941  -0.0000 5581.00000000
  0.582343  -0.0000 5717.00000000
  0.584696  -0.0000 5777.00000000
  0.587044  -0.0000 5837.00000000
  0.588707  -0.0000 5880.00000000
  0.590079  -0.0000 5916.00000000
  0.591447  -0.0000 5952.00000000
  0.592811  -0.0000 5989.00000000
  0.594172  -0.0000 6025.00000000
  0.596207  -0.0000 6079.00000000
  0.599247  -0.0000 6161.00000000
  0.603785  -0.0000 6283.00000000
  0.610551  -0.0000 6467.00000000
  0.611778  -0.0000 6501.00000000
  0.612717  -0.0000 6527.00000000
  0.613652  -0.0000 6553.00000000
  0.614585  -0.0000 6580.00000000
  0.615517  -0.0000 6606.00000000
  0.616910  -0.0000 6645.00000000
  0.618993  -0.0000 6705.00000000
  0.622105  -0.0000 6794.00000000
  0.626749  -0.0000 6927.00000000
  0.633673  -0.0000 7127.00000000
  0.635025  -0.0000 7166.00000000
  0.636343  -0.0000 7205.00000000
  0.637648  -0.0000 7245.00000000
  0.638949  -0.0000 7284.00000000
  0.640247  -0.0000 7323.00000000
  0.642188  -0.0000 7381.00000000
  0.645088  -0.0000 7469.00000000
  0.649418  -0.0000 7602.00000000
  0.655873  -0.0000 7800.00000000
  0.657584  -0.0000 7852.00000000
  0.659278  -0.0000 7905.00000000
  0.660557  -0.0000 7945.00000000
  0.661833  -0.0000 7986.00000000
  0.663105  -0.0000 8027.00000000
  0.664374  -0.0000 8067.00000000
  0.666272  -0.0000 8128.00000000
  0.669110  -0.0000 8220.00000000
  0.673346  -0.0000 8357.00000000
  0.679665  -0.0000 8563.00000000
  0.681340  -0.0000 8617.00000000
  0.682994  -0.0000 8672.00000000
  0.684615  -0.0000 8726.00000000
  0.686231  -0.0000 8781.00000000
  0.687842  -0.0000 8836.00000000
  0.689449  -0.0000 8890.00000000
  0.691852  -0.0000 8972.00000000
  0.695442  -0.0000 9095.00000000
  0.700800  -0.0000 9279.00000000
  0.703096  -0.0000 9359.00000000
  0.705387  -0.0000 9438.00000000
  0.706666  -0.0000 9483.00000000
  0.707930  -0.0000 9528.00000000
  0.709191  -0.0000 9573.00000000
  0.711076  -0.0000 9640.00000000
  0.713891  -0.0000 9742.00000000
  0.718093  -0.0000 9894.00000000
  0.721027  -0.0000 10000.00000000
  0.721013  -0.0000 10000.00000000
  0.721013  -0.0000 10000.00000000
  0.721013  -0.0000 10000.00000000
  0.721013  -0.0000 10000.00000000
  0.721013  -0.0000 10000.00000000
  0.721013  -0.0000 10000.00000000
  0.721013  -0.0000 10000.00000000
  0.721013  -0.0000 10000.00000000
  0.721012  -0.0000 10000.00000000
  0.721012  -0.0000 10000.00000000
  0.721012  -0.0000 10000.00000000
  0.721012  -0.0000 10000.00000000
  0.721011  -0.0000 10000.00000000
  0.721010  -0.0000 10000.00000000
  0.721009  -0.0000 10000.00000000
