  0.000365  -0.0000   0.00100000
  0.000802  -0.0000   0.00200000
  0.001553  -0.0000   0.00259400
  0.007255  -0.0000   0.00318800
  0.007626  -0.0000   0.00347900
  0.007844  -0.0000   0.00377100
  0.008096  -0.0000   0.00406200
  0.008357  -0.0000   0.00432700
  0.008650  -0.0000   0.00459200
  0.008974  -0.0000   0.00485700
  0.009404  -0.0000   0.00517600
  0.009876  -0.0000   0.00549400
  0.010393  -0.0000   0.00581200
  0.010876  -0.0000   0.00608400
  0.011409  -0.0000   0.00635600
  0.012006  -0.0000   0.00662800
  0.012504  -0.0000   0.00683700
  0.013050  -0.0000   0.00704500
  0.013647  -0.0000   0.00725300
  0.014299  -0.0000   0.00746100
  0.015006  -0.0000   0.00766900
  0.015770  -0.0000   0.00787700
  0.016589  -0.0000   0.00808500
  0.017463  -0.0000   0.00829300
  0.018391  -0.0000   0.00850100
  0.019370  -0.0000   0.00870900
  0.020066  -0.0000   0.00885200
  0.020197  -0.0000   0.00887900
  0.020222  -0.0000   0.00890600
  0.020239  -0.0000   0.00893300
  0.020262  -0.0000   0.00897400
  0.020290  -0.0000   0.00903400
  0.020323  -0.0000   0.00911700
  0.020352  -0.0000   0.00920000
  0.020391  -0.0000   0.00932400
  0.020426  -0.0000   0.00944900
  0.020474  -0.0000   0.00963500
  0.020539  -0.0000   0.00991500
  0.020623  -0.0000   0.01030000
  0.020702  -0.0000   0.01069000
  0.020816  -0.0000   0.01128000
  0.020926  -0.0000   0.01187000
  0.021090  -0.0000   0.01274000
  0.021336  -0.0000   0.01406000
  0.021724  -0.0000   0.01604000
  0.022278  -0.0000   0.01853000
  0.022626  -0.0000   0.01993000
  0.023023  -0.0000   0.02134000
  0.023487  -0.0000   0.02275000
  0.023890  -0.0000   0.02382000
  0.024354  -0.0000   0.02489000
  0.024888  -0.0000   0.02596000
  0.025364  -0.0000   0.02681000
  0.025897  -0.0000   0.02767000
  0.026491  -0.0000   0.02852000
  0.027149  -0.0000   0.02937000
  0.027734  -0.0000   0.03007000
  0.028366  -0.0000   0.03077000
  0.029047  -0.0000   0.03146000
  0.029780  -0.0000   0.03216000
  0.030564  -0.0000   0.03286000
  0.031402  -0.0000   0.03356000
  0.032294  -0.0000   0.03425000
  0.033241  -0.0000   0.03495000
  0.034241  -0.0000   0.03565000
  0.035295  -0.0000   0.03635000
  0.036402  -0.0000   0.03704000
  0.036707  -0.0000   0.03723000
  0.037015  -0.0000   0.03742000
  0.037253  -0.0000   0.03761000
  0.037283  -0.0000   0.03769000
  0.037309  -0.0000   0.03776000
  0.037333  -0.0000   0.03783000
  0.037365  -0.0000   0.03795000
  0.037407  -0.0000   0.03811000
  0.037464  -0.0000   0.03836000
  0.037540  -0.0000   0.03873000
  0.037640  -0.0000   0.03929000
  0.037734  -0.0000   0.03985000
  0.037863  -0.0000   0.04069000
  0.038047  -0.0000   0.04195000
  0.038312  -0.0000   0.04384000
  0.038716  -0.0000   0.04668000
  0.039145  -0.0000   0.04951000
  0.039667  -0.0000   0.05261000
  0.040272  -0.0000   0.05570000
  0.040680  -0.0000   0.05757000
  0.041137  -0.0000   0.05945000
  0.041653  -0.0000   0.06132000
  0.042129  -0.0000   0.06289000
  0.042655  -0.0000   0.06445000
  0.043235  -0.0000   0.06602000
  0.043884  -0.0000   0.06761000
  0.044596  -0.0000   0.06920000
  0.045374  -0.0000   0.07079000
  0.046170  -0.0000   0.07230000
  0.047031  -0.0000   0.07380000
  0.047957  -0.0000   0.07531000
  0.048908  -0.0000   0.07675000
  0.049923  -0.0000   0.07820000
  0.051003  -0.0000   0.07964000
  0.052305  -0.0000   0.08127000
  0.053466  -0.0000   0.08265000
  0.054687  -0.0000   0.08402000
  0.054934  -0.0000   0.08430000
  0.055184  -0.0000   0.08457000
  0.055379  -0.0000   0.08485000
  0.055451  -0.0000   0.08509000
  0.055514  -0.0000   0.08532000
  0.055571  -0.0000   0.08556000
  0.055647  -0.0000   0.08591000
  0.055750  -0.0000   0.08644000
  0.055887  -0.0000   0.08723000
  0.056073  -0.0000   0.08842000
  0.056327  -0.0000   0.09020000
  0.056674  -0.0000   0.09276000
  0.057016  -0.0000   0.09532000
  0.057552  -0.0000   0.09916000
  0.058050  -0.0000   0.10200000
  0.058599  -0.0000   0.10600000
  0.059218  -0.0000   0.10900000
  0.059919  -0.0000   0.11200000
  0.060532  -0.0000   0.11500000
  0.061211  -0.0000   0.11800000
  0.061960  -0.0000   0.12000000
  0.062935  -0.0000   0.12300000
  0.063820  -0.0000   0.12600000
  0.064782  -0.0000   0.12800000
  0.065824  -0.0000   0.13100000
  0.066949  -0.0000   0.13400000
  0.068158  -0.0000   0.13600000
  0.069454  -0.0000   0.13900000
  0.070839  -0.0000   0.14100000
  0.072313  -0.0000   0.14400000
  0.072765  -0.0000   0.14400000
  0.073224  -0.0000   0.14500000
  0.073427  -0.0000   0.14600000
  0.073532  -0.0000   0.14600000
  0.073624  -0.0000   0.14600000
  0.073708  -0.0000   0.14700000
  0.073787  -0.0000   0.14700000
  0.073895  -0.0000   0.14800000
  0.074044  -0.0000   0.14900000
  0.074249  -0.0000   0.15000000
  0.074534  -0.0000   0.15300000
  0.074943  -0.0000   0.15600000
  0.075561  -0.0000   0.16100000
  0.076117  -0.0000   0.16500000
  0.076719  -0.0000   0.16900000
  0.077384  -0.0000   0.17300000
  0.078125  -0.0000   0.17700000
  0.078953  -0.0000   0.18200000
  0.079876  -0.0000   0.18600000
  0.080900  -0.0000   0.19000000
  0.082030  -0.0000   0.19400000
  0.083032  -0.0000   0.19700000
  0.084110  -0.0000   0.20100000
  0.085268  -0.0000   0.20400000
  0.086507  -0.0000   0.20800000
  0.087829  -0.0000   0.21100000
  0.089235  -0.0000   0.21500000
  0.090727  -0.0000   0.21800000
  0.090936  -0.0000   0.21800000
  0.091146  -0.0000   0.21900000
  0.091326  -0.0000   0.21900000
  0.091450  -0.0000   0.22000000
  0.091560  -0.0000   0.22100000
  0.091662  -0.0000   0.22100000
  0.091757  -0.0000   0.22200000
  0.091890  -0.0000   0.22300000
  0.092073  -0.0000   0.22400000
  0.092328  -0.0000   0.22600000
  0.092688  -0.0000   0.22900000
  0.093213  -0.0000   0.23300000
  0.094037  -0.0000   0.24000000
  0.094662  -0.0000   0.24500000
  0.095341  -0.0000   0.25000000
  0.096085  -0.0000   0.25500000
  0.096902  -0.0000   0.25900000
  0.097798  -0.0000   0.26400000
  0.098777  -0.0000   0.26900000
  0.099842  -0.0000   0.27400000
  0.100997  -0.0000   0.27900000
  0.102245  -0.0000   0.28400000
  0.103588  -0.0000   0.28800000
  0.105028  -0.0000   0.29300000
  0.106567  -0.0000   0.29800000
  0.108207  -0.0000   0.30300000
  0.108598  -0.0000   0.30400000
  0.108993  -0.0000   0.30500000
  0.109338  -0.0000   0.30600000
  0.109456  -0.0000   0.30700000
  0.109563  -0.0000   0.30800000
  0.109664  -0.0000   0.30800000
  0.109803  -0.0000   0.30900000
  0.109996  -0.0000   0.31100000
  0.110262  -0.0000   0.31300000
  0.110635  -0.0000   0.31600000
  0.111175  -0.0000   0.32100000
  0.112007  -0.0000   0.32800000
  0.112692  -0.0000   0.33400000
  0.113430  -0.0000   0.34000000
  0.114233  -0.0000   0.34500000
  0.115106  -0.0000   0.35100000
  0.116056  -0.0000   0.35700000
  0.117085  -0.0000   0.36200000
  0.118196  -0.0000   0.36800000
  0.119391  -0.0000   0.37400000
  0.120808  -0.0000   0.38000000
  0.122331  -0.0000   0.38600000
  0.123964  -0.0000   0.39300000
  0.125389  -0.0000   0.39800000
  0.126890  -0.0000   0.40300000
  0.127087  -0.0000   0.40400000
  0.127287  -0.0000   0.40400000
  0.127404  -0.0000   0.40500000
  0.127560  -0.0000   0.40600000
  0.127703  -0.0000   0.40700000
  0.127838  -0.0000   0.40800000
  0.128027  -0.0000   0.41000000
  0.128290  -0.0000   0.41200000
  0.128662  -0.0000   0.41500000
  0.129202  -0.0000   0.42000000
  0.130027  -0.0000   0.42800000
  0.130906  -0.0000   0.43600000
  0.131597  -0.0000   0.44200000
  0.132336  -0.0000   0.44700000
  0.133128  -0.0000   0.45300000
  0.134186  -0.0000   0.46000000
  0.135330  -0.0000   0.46700000
  0.136563  -0.0000   0.47400000
  0.137887  -0.0000   0.48100000
  0.139303  -0.0000   0.48800000
  0.140814  -0.0000   0.49500000
  0.142420  -0.0000   0.50200000
  0.144124  -0.0000   0.50900000
  0.144584  -0.0000   0.51100000
  0.145051  -0.0000   0.51300000
  0.145422  -0.0000   0.51500000
  0.145610  -0.0000   0.51600000
  0.145784  -0.0000   0.51800000
  0.145946  -0.0000   0.51900000
  0.146175  -0.0000   0.52100000
  0.146497  -0.0000   0.52400000
  0.146957  -0.0000   0.52900000
  0.147639  -0.0000   0.53600000
  0.148316  -0.0000   0.54200000
  0.149026  -0.0000   0.54900000
  0.149779  -0.0000   0.55500000
  0.150600  -0.0000   0.56200000
  0.151477  -0.0000   0.56900000
  0.152411  -0.0000   0.57600000
  0.153635  -0.0000   0.58400000
  0.154948  -0.0000   0.59200000
  0.156352  -0.0000   0.60000000
  0.157848  -0.0000   0.60800000
  0.159438  -0.0000   0.61700000
  0.161123  -0.0000   0.62500000
  0.162904  -0.0000   0.63300000
  0.163096  -0.0000   0.63400000
  0.163287  -0.0000   0.63500000
  0.163411  -0.0000   0.63600000
  0.163580  -0.0000   0.63700000
  0.163812  -0.0000   0.63900000
  0.164030  -0.0000   0.64100000
  0.164335  -0.0000   0.64400000
  0.164768  -0.0000   0.64800000
  0.165400  -0.0000   0.65500000
  0.166176  -0.0000   0.66300000
  0.166989  -0.0000   0.67100000
  0.167853  -0.0000   0.67900000
  0.168775  -0.0000   0.68700000
  0.169759  -0.0000   0.69500000
  0.170808  -0.0000   0.70300000
  0.171922  -0.0000   0.71200000
  0.173102  -0.0000   0.72000000
  0.174500  -0.0000   0.72900000
  0.175983  -0.0000   0.73800000
  0.177550  -0.0000   0.74700000
  0.179405  -0.0000   0.75700000
  0.181316  -0.0000   0.76700000
  0.181424  -0.0000   0.76700000
  0.181527  -0.0000   0.76800000
  0.181625  -0.0000   0.76900000
  0.181765  -0.0000   0.77000000
  0.181962  -0.0000   0.77200000
  0.182240  -0.0000   0.77500000
  0.182636  -0.0000   0.77900000
  0.183208  -0.0000   0.78600000
  0.184074  -0.0000   0.79500000
  0.184817  -0.0000   0.80300000
  0.185597  -0.0000   0.81100000
  0.186420  -0.0000   0.81900000
  0.187290  -0.0000   0.82600000
  0.188209  -0.0000   0.83400000
  0.189404  -0.0000   0.84400000
  0.190673  -0.0000   0.85300000
  0.192303  -0.0000   0.86500000
  0.194043  -0.0000   0.87700000
  0.195892  -0.0000   0.88800000
  0.197851  -0.0000   0.90000000
  0.198373  -0.0000   0.90300000
  0.198903  -0.0000   0.90600000
  0.199363  -0.0000   0.90900000
  0.199565  -0.0000   0.91000000
  0.199755  -0.0000   0.91200000
  0.199936  -0.0000   0.91400000
  0.200192  -0.0000   0.91700000
  0.200558  -0.0000   0.92100000
  0.201087  -0.0000   0.92700000
  0.201879  -0.0000   0.93600000
  0.202482  -0.0000   0.94300000
  0.203104  -0.0000   0.95000000
  0.203751  -0.0000   0.95600000
  0.204782  -0.0000   0.96700000
  0.205877  -0.0000   0.97700000
  0.207039  -0.0000   0.98700000
  0.208267  -0.0000   0.99700000
  0.209415  -0.0000   1.01000000
  0.211044  -0.0000   1.02000000
  0.212633  -0.0000   1.04000000
  0.214941  -0.0000   1.06000000
  0.215200  -0.0000   1.06000000
  0.215459  -0.0000   1.07000000
  0.215716  -0.0000   1.07000000
  0.216100  -0.0000   1.07000000
  0.216672  -0.0000   1.08000000
  0.216820  -0.0000   1.08000000
  0.216943  -0.0000   1.08000000
  0.217059  -0.0000   1.08000000
  0.217220  -0.0000   1.09000000
  0.217444  -0.0000   1.09000000
  0.217752  -0.0000   1.10000000
  0.218177  -0.0000   1.11000000
  0.218771  -0.0000   1.12000000
  0.219625  -0.0000   1.14000000
  0.220467  -0.0000   1.17000000
  0.221306  -0.0000   1.19000000
  0.222143  -0.0000   1.21000000
  0.222979  -0.0000   1.23000000
  0.224223  -0.0000   1.27000000
  0.226066  -0.0000   1.32000000
  0.228765  -0.0000   1.39000000
  0.231059  -0.0000   1.46000000
  0.233300  -0.0000   1.52000000
  0.233462  -0.0000   1.53000000
  0.233602  -0.0000   1.53000000
  0.233711  -0.0000   1.54000000
  0.233862  -0.0000   1.54000000
  0.234068  -0.0000   1.55000000
  0.234350  -0.0000   1.57000000
  0.234738  -0.0000   1.59000000
  0.235279  -0.0000   1.63000000
  0.236060  -0.0000   1.68000000
  0.236833  -0.0000   1.74000000
  0.237606  -0.0000   1.79000000
  0.238380  -0.0000   1.84000000
  0.239153  -0.0000   1.90000000
  0.240309  -0.0000   1.98000000
  0.242027  -0.0000   2.10000000
  0.244557  -0.0000   2.28000000
  0.246946  -0.0000   2.45000000
  0.249284  -0.0000   2.63000000
  0.249507  -0.0000   2.64000000
  0.249729  -0.0000   2.66000000
  0.249950  -0.0000   2.68000000
  0.250258  -0.0000   2.70000000
  0.250415  -0.0000   2.72000000
  0.250560  -0.0000   2.74000000
  0.250697  -0.0000   2.76000000
  0.250889  -0.0000   2.78000000
  0.251156  -0.0000   2.82000000
  0.251533  -0.0000   2.88000000
  0.252075  -0.0000   2.97000000
  0.252748  -0.0000   3.09000000
  0.253420  -0.0000   3.20000000
  0.254094  -0.0000   3.31000000
  0.254769  -0.0000   3.43000000
  0.255781  -0.0000   3.60000000
  0.257293  -0.0000   3.85000000
  0.259533  -0.0000   4.23000000
  0.262181  -0.0000   4.70000000
  0.264775  -0.0000   5.16000000
  0.265329  -0.0000   5.26000000
  0.265879  -0.0000   5.35000000
  0.266426  -0.0000   5.45000000
  0.266709  -0.0000   5.50000000
  0.266924  -0.0000   5.56000000
  0.267102  -0.0000   5.61000000
  0.267268  -0.0000   5.66000000
  0.267424  -0.0000   5.71000000
  0.267646  -0.0000   5.79000000
  0.267961  -0.0000   5.90000000
  0.268417  -0.0000   6.07000000
  0.269091  -0.0000   6.33000000
  0.269766  -0.0000   6.59000000
  0.270444  -0.0000   6.85000000
  0.271124  -0.0000   7.11000000
  0.272144  -0.0000   7.50000000
  0.273161  -0.0000   7.89000000
  0.274678  -0.0000   8.47000000
  0.276922  -0.0000   9.35000000
  0.279582  -0.0000  10.40000000
  0.282187  -0.0000  11.50000000
  0.282418  -0.0000  11.60000000
  0.282648  -0.0000  11.60000000
  0.282878  -0.0000  11.70000000
  0.283222  -0.0000  11.90000000
  0.283400  -0.0000  12.00000000
  0.283547  -0.0000  12.10000000
  0.283683  -0.0000  12.20000000
  0.283874  -0.0000  12.30000000
  0.284140  -0.0000  12.50000000
  0.284519  -0.0000  12.80000000
  0.285074  -0.0000  13.30000000
  0.285643  -0.0000  13.70000000
  0.286215  -0.0000  14.20000000
  0.286790  -0.0000  14.70000000
  0.287654  -0.0000  15.40000000
  0.288519  -0.0000  16.10000000
  0.289812  -0.0000  17.10000000
  0.291734  -0.0000  18.70000000
  0.294568  -0.0000  21.10000000
  0.297348  -0.0000  23.50000000
  0.298421  -0.0000  24.50000000
  0.299484  -0.0000  25.40000000
  0.299704  -0.0000  25.60000000
  0.299889  -0.0000  25.80000000
  0.300036  -0.0000  26.00000000
  0.300237  -0.0000  26.20000000
  0.300500  -0.0000  26.70000000
  0.300752  -0.0000  27.10000000
  0.301117  -0.0000  27.70000000
  0.301659  -0.0000  28.60000000
  0.302266  -0.0000  29.60000000
  0.302878  -0.0000  30.70000000
  0.303491  -0.0000  31.70000000
  0.304414  -0.0000  33.30000000
  0.305794  -0.0000  35.60000000
  0.307847  -0.0000  39.10000000
  0.310874  -0.0000  44.30000000
  0.313843  -0.0000  49.50000000
  0.314561  -0.0000  50.80000000
  0.315275  -0.0000  52.00000000
  0.315985  -0.0000  53.30000000
  0.316202  -0.0000  53.70000000
  0.316384  -0.0000  54.10000000
  0.316530  -0.0000  54.50000000
  0.316730  -0.0000  55.10000000
  0.316996  -0.0000  55.90000000
  0.317252  -0.0000  56.70000000
  0.317626  -0.0000  58.00000000
  0.318187  -0.0000  59.90000000
  0.318751  -0.0000  61.80000000
  0.319318  -0.0000  63.60000000
  0.319888  -0.0000  65.50000000
  0.320744  -0.0000  68.30000000
  0.322025  -0.0000  72.60000000
  0.323933  -0.0000  78.90000000
  0.326753  -0.0000  88.50000000
  0.329526  -0.0000  98.00000000
  0.332247  -0.0000 108.00000000
  0.332422  -0.0000 108.00000000
  0.332598  -0.0000 109.00000000
  0.332773  -0.0000 109.00000000
  0.332965  -0.0000 110.00000000
  0.333135  -0.0000 111.00000000
  0.333294  -0.0000 112.00000000
  0.333448  -0.0000 113.00000000
  0.333670  -0.0000 114.00000000
  0.333997  -0.0000 117.00000000
  0.334487  -0.0000 120.00000000
  0.335228  -0.0000 124.00000000
  0.335974  -0.0000 129.00000000
  0.336722  -0.0000 134.00000000
  0.337471  -0.0000 138.00000000
  0.338592  -0.0000 145.00000000
  0.340262  -0.0000 156.00000000
  0.342737  -0.0000 172.00000000
  0.345247  -0.0000 188.00000000
  0.347718  -0.0000 204.00000000
  0.348086  -0.0000 207.00000000
  0.348453  -0.0000 209.00000000
  0.348819  -0.0000 212.00000000
  0.349348  -0.0000 215.00000000
  0.349479  -0.0000 216.00000000
  0.349601  -0.0000 218.00000000
  0.349716  -0.0000 219.00000000
  0.349881  -0.0000 221.00000000
  0.350120  -0.0000 223.00000000
  0.350470  -0.0000 227.00000000
  0.350998  -0.0000 234.00000000
  0.351529  -0.0000 240.00000000
  0.352064  -0.0000 246.00000000
  0.352602  -0.0000 252.00000000
  0.353409  -0.0000 261.00000000
  0.354619  -0.0000 275.00000000
  0.356422  -0.0000 296.00000000
  0.359094  -0.0000 327.00000000
  0.361507  -0.0000 356.00000000
  0.363885  -0.0000 385.00000000
  0.364633  -0.0000 394.00000000
  0.365378  -0.0000 403.00000000
  0.365803  -0.0000 408.00000000
  0.365969  -0.0000 410.00000000
  0.366112  -0.0000 413.00000000
  0.366247  -0.0000 415.00000000
  0.366439  -0.0000 419.00000000
  0.366719  -0.0000 425.00000000
  0.367134  -0.0000 434.00000000
  0.367764  -0.0000 447.00000000
  0.368398  -0.0000 460.00000000
  0.369036  -0.0000 473.00000000
  0.369674  -0.0000 486.00000000
  0.370632  -0.0000 505.00000000
  0.372063  -0.0000 535.00000000
  0.374190  -0.0000 579.00000000
  0.376858  -0.0000 634.00000000
  0.379486  -0.0000 690.00000000
  0.382073  -0.0000 746.00000000
  0.382239  -0.0000 750.00000000
  0.382397  -0.0000 753.00000000
  0.382519  -0.0000 757.00000000
  0.382684  -0.0000 762.00000000
  0.382842  -0.0000 768.00000000
  0.382994  -0.0000 773.00000000
  0.383218  -0.0000 781.00000000
  0.383554  -0.0000 793.00000000
  0.384061  -0.0000 812.00000000
  0.384743  -0.0000 836.00000000
  0.385428  -0.0000 860.00000000
  0.386115  -0.0000 884.00000000
  0.387145  -0.0000 921.00000000
  0.388682  -0.0000 975.00000000
  0.390966  -0.0000 1057.00000000
  0.393531  -0.0000 1150.00000000
  0.396059  -0.0000 1243.00000000
  0.398550  -0.0000 1336.00000000
  0.398716  -0.0000 1342.00000000
  0.398882  -0.0000 1349.00000000
  0.399024  -0.0000 1355.00000000
  0.399196  -0.0000 1364.00000000
  0.399435  -0.0000 1378.00000000
  0.399665  -0.0000 1392.00000000
  0.399893  -0.0000 1406.00000000
  0.400237  -0.0000 1427.00000000
  0.400758  -0.0000 1459.00000000
  0.401440  -0.0000 1500.00000000
  0.402126  -0.0000 1540.00000000
  0.402812  -0.0000 1581.00000000
  0.403839  -0.0000 1643.00000000
  0.405373  -0.0000 1735.00000000
  0.407652  -0.0000 1873.00000000
  0.410252  -0.0000 2032.00000000
  0.412816  -0.0000 2192.00000000
  0.415342  -0.0000 2351.00000000
  0.415501  -0.0000 2361.00000000
  0.415628  -0.0000 2372.00000000
  0.415740  -0.0000 2382.00000000
  0.415898  -0.0000 2397.00000000
  0.416124  -0.0000 2419.00000000
  0.416458  -0.0000 2453.00000000
  0.416964  -0.0000 2504.00000000
  0.417475  -0.0000 2555.00000000
  0.417989  -0.0000 2606.00000000
  0.418504  -0.0000 2656.00000000
  0.419277  -0.0000 2733.00000000
  0.420436  -0.0000 2847.00000000
  0.422163  -0.0000 3018.00000000
  0.424727  -0.0000 3276.00000000
  0.427226  -0.0000 3530.00000000
  0.429692  -0.0000 3783.00000000
  0.432124  -0.0000 4037.00000000
  0.432242  -0.0000 4053.00000000
  0.432351  -0.0000 4069.00000000
  0.432454  -0.0000 4086.00000000
  0.432604  -0.0000 4110.00000000
  0.432825  -0.0000 4146.00000000
  0.433156  -0.0000 4200.00000000
  0.433658  -0.0000 4281.00000000
  0.434269  -0.0000 4379.00000000
  0.434883  -0.0000 4477.00000000
  0.435498  -0.0000 4575.00000000
  0.436420  -0.0000 4723.00000000
  0.437797  -0.0000 4943.00000000
  0.439848  -0.0000 5274.00000000
  0.442882  -0.0000 5771.00000000
  0.445871  -0.0000 6267.00000000
  0.448785  -0.0000 6764.00000000
  0.448908  -0.0000 6792.00000000
  0.449023  -0.0000 6819.00000000
  0.449133  -0.0000 6847.00000000
  0.449293  -0.0000 6888.00000000
  0.449531  -0.0000 6951.00000000
  0.449891  -0.0000 7044.00000000
  0.450436  -0.0000 7184.00000000
  0.450985  -0.0000 7325.00000000
  0.451536  -0.0000 7465.00000000
  0.452365  -0.0000 7675.00000000
  0.453606  -0.0000 7990.00000000
  0.455458  -0.0000 8464.00000000
  0.458207  -0.0000 9173.00000000
  0.461363  -0.0000 10000.00000000
  0.455996  -0.0000 10000.00000000
  0.455995  -0.0000 10000.00000000
  0.455995  -0.0000 10000.00000000
  0.455994  -0.0000 10000.00000000
  0.455992  -0.0000 10000.00000000
  0.455987  -0.0000 10000.00000000
  0.455978  -0.0000 10000.00000000
  0.455960  -0.0000 10000.00000000
  0.455925  -0.0000 10000.00000000
  0.455854  -0.0000 10000.00000000
  0.455711  -0.0000 10000.00000000
  0.455441  -0.0000 10000.00000000
