  0.000025  -0.0000   0.00100000
  0.000058  -0.0000   0.00200000
  0.000166  -0.0000   0.00300000
  0.001780  -0.0000   0.00450000
  0.005845  -0.0000   0.00487500
  0.006254  -0.0000   0.00491000
  0.006262  -0.0000   0.00496300
  0.006272  -0.0000   0.00504200
  0.006286  -0.0000   0.00516100
  0.006310  -0.0000   0.00533900
  0.006352  -0.0000   0.00560600
  0.006427  -0.0000   0.00600600
  0.006580  -0.0000   0.00660700
  0.006722  -0.0000   0.00705600
  0.006895  -0.0000   0.00750600
  0.007105  -0.0000   0.00795500
  0.007331  -0.0000   0.00836700
  0.007595  -0.0000   0.00877800
  0.007900  -0.0000   0.00919000
  0.008212  -0.0000   0.00956300
  0.008561  -0.0000   0.00993700
  0.008949  -0.0000   0.01031000
  0.009375  -0.0000   0.01068000
  0.009841  -0.0000   0.01106000
  0.010346  -0.0000   0.01143000
  0.010934  -0.0000   0.01183000
  0.011566  -0.0000   0.01224000
  0.012239  -0.0000   0.01264000
  0.013095  -0.0000   0.01311000
  0.014003  -0.0000   0.01359000
  0.014961  -0.0000   0.01407000
  0.015965  -0.0000   0.01455000
  0.017014  -0.0000   0.01502000
  0.018106  -0.0000   0.01550000
  0.019494  -0.0000   0.01608000
  0.019566  -0.0000   0.01611000
  0.019637  -0.0000   0.01614000
  0.019682  -0.0000   0.01617000
  0.019692  -0.0000   0.01622000
  0.019703  -0.0000   0.01628000
  0.019711  -0.0000   0.01635000
  0.019717  -0.0000   0.01642000
  0.019726  -0.0000   0.01652000
  0.019737  -0.0000   0.01667000
  0.019750  -0.0000   0.01690000
  0.019768  -0.0000   0.01724000
  0.019791  -0.0000   0.01776000
  0.019824  -0.0000   0.01853000
  0.019874  -0.0000   0.01968000
  0.019966  -0.0000   0.02142000
  0.020159  -0.0000   0.02402000
  0.020363  -0.0000   0.02614000
  0.020624  -0.0000   0.02826000
  0.020951  -0.0000   0.03038000
  0.021354  -0.0000   0.03250000
  0.021731  -0.0000   0.03420000
  0.022167  -0.0000   0.03589000
  0.022668  -0.0000   0.03759000
  0.023236  -0.0000   0.03928000
  0.023875  -0.0000   0.04098000
  0.024589  -0.0000   0.04267000
  0.025380  -0.0000   0.04437000
  0.026091  -0.0000   0.04578000
  0.026857  -0.0000   0.04718000
  0.027681  -0.0000   0.04859000
  0.028660  -0.0000   0.05014000
  0.029711  -0.0000   0.05169000
  0.030836  -0.0000   0.05324000
  0.032035  -0.0000   0.05479000
  0.033308  -0.0000   0.05634000
  0.034445  -0.0000   0.05766000
  0.035636  -0.0000   0.05898000
  0.035741  -0.0000   0.05910000
  0.035846  -0.0000   0.05921000
  0.035951  -0.0000   0.05933000
  0.036081  -0.0000   0.05950000
  0.036102  -0.0000   0.05961000
  0.036119  -0.0000   0.05972000
  0.036133  -0.0000   0.05983000
  0.036152  -0.0000   0.06000000
  0.036177  -0.0000   0.06025000
  0.036209  -0.0000   0.06062000
  0.036255  -0.0000   0.06118000
  0.036323  -0.0000   0.06202000
  0.036428  -0.0000   0.06328000
  0.036601  -0.0000   0.06517000
  0.036896  -0.0000   0.06801000
  0.037427  -0.0000   0.07226000
  0.038054  -0.0000   0.07651000
  0.038659  -0.0000   0.08010000
  0.039347  -0.0000   0.08369000
  0.040124  -0.0000   0.08728000
  0.040998  -0.0000   0.09086000
  0.041975  -0.0000   0.09445000
  0.043061  -0.0000   0.09804000
  0.044042  -0.0000   0.10100000
  0.045107  -0.0000   0.10400000
  0.046257  -0.0000   0.10700000
  0.047497  -0.0000   0.11000000
  0.048828  -0.0000   0.11300000
  0.050253  -0.0000   0.11600000
  0.051772  -0.0000   0.11900000
  0.053387  -0.0000   0.12200000
  0.053500  -0.0000   0.12200000
  0.053575  -0.0000   0.12200000
  0.053608  -0.0000   0.12200000
  0.053646  -0.0000   0.12300000
  0.053696  -0.0000   0.12300000
  0.053743  -0.0000   0.12400000
  0.053811  -0.0000   0.12400000
  0.053914  -0.0000   0.12600000
  0.054076  -0.0000   0.12700000
  0.054336  -0.0000   0.12900000
  0.054760  -0.0000   0.13300000
  0.055478  -0.0000   0.13800000
  0.056201  -0.0000   0.14300000
  0.057000  -0.0000   0.14800000
  0.057881  -0.0000   0.15300000
  0.058801  -0.0000   0.15800000
  0.059806  -0.0000   0.16200000
  0.060899  -0.0000   0.16700000
  0.062057  -0.0000   0.17200000
  0.063307  -0.0000   0.17600000
  0.064653  -0.0000   0.18100000
  0.066099  -0.0000   0.18500000
  0.067646  -0.0000   0.19000000
  0.069295  -0.0000   0.19400000
  0.070998  -0.0000   0.19900000
  0.071049  -0.0000   0.19900000
  0.071092  -0.0000   0.20000000
  0.071130  -0.0000   0.20000000
  0.071184  -0.0000   0.20000000
  0.071263  -0.0000   0.20100000
  0.071383  -0.0000   0.20200000
  0.071570  -0.0000   0.20400000
  0.071865  -0.0000   0.20700000
  0.072336  -0.0000   0.21100000
  0.073109  -0.0000   0.21700000
  0.073955  -0.0000   0.22300000
  0.074875  -0.0000   0.22900000
  0.075873  -0.0000   0.23500000
  0.076948  -0.0000   0.24100000
  0.078109  -0.0000   0.24700000
  0.079359  -0.0000   0.25300000
  0.080692  -0.0000   0.25900000
  0.082120  -0.0000   0.26500000
  0.083645  -0.0000   0.27100000
  0.085269  -0.0000   0.27700000
  0.086994  -0.0000   0.28400000
  0.087644  -0.0000   0.28600000
  0.088307  -0.0000   0.28800000
  0.088426  -0.0000   0.28800000
  0.088488  -0.0000   0.28900000
  0.088543  -0.0000   0.28900000
  0.088621  -0.0000   0.29000000
  0.088736  -0.0000   0.29100000
  0.088914  -0.0000   0.29300000
  0.089191  -0.0000   0.29600000
  0.089627  -0.0000   0.30000000
  0.090322  -0.0000   0.30500000
  0.091459  -0.0000   0.31400000
  0.092696  -0.0000   0.32300000
  0.094039  -0.0000   0.33200000
  0.095494  -0.0000   0.34100000
  0.097068  -0.0000   0.34900000
  0.098765  -0.0000   0.35800000
  0.100590  -0.0000   0.36700000
  0.102547  -0.0000   0.37600000
  0.104267  -0.0000   0.38300000
  0.105950  -0.0000   0.39000000
  0.106030  -0.0000   0.39100000
  0.106100  -0.0000   0.39200000
  0.106168  -0.0000   0.39200000
  0.106269  -0.0000   0.39300000
  0.106424  -0.0000   0.39500000
  0.106662  -0.0000   0.39700000
  0.107034  -0.0000   0.40100000
  0.107616  -0.0000   0.40600000
  0.108545  -0.0000   0.41400000
  0.109812  -0.0000   0.42400000
  0.111176  -0.0000   0.43400000
  0.112641  -0.0000   0.44400000
  0.114421  -0.0000   0.45500000
  0.116024  -0.0000   0.46500000
  0.117729  -0.0000   0.47400000
  0.119539  -0.0000   0.48400000
  0.121455  -0.0000   0.49300000
  0.123478  -0.0000   0.50300000
  0.123560  -0.0000   0.50300000
  0.123629  -0.0000   0.50400000
  0.123695  -0.0000   0.50500000
  0.123793  -0.0000   0.50600000
  0.123942  -0.0000   0.50700000
  0.124172  -0.0000   0.51000000
  0.124527  -0.0000   0.51300000
  0.125079  -0.0000   0.51800000
  0.125947  -0.0000   0.52600000
  0.127340  -0.0000   0.53800000
  0.128664  -0.0000   0.54800000
  0.130069  -0.0000   0.55900000
  0.131558  -0.0000   0.57000000
  0.133132  -0.0000   0.58000000
  0.134795  -0.0000   0.59100000
  0.136550  -0.0000   0.60100000
  0.138428  -0.0000   0.61200000
  0.140403  -0.0000   0.62300000
  0.140611  -0.0000   0.62400000
  0.140819  -0.0000   0.62500000
  0.141028  -0.0000   0.62600000
  0.141126  -0.0000   0.62700000
  0.141214  -0.0000   0.62800000
  0.141300  -0.0000   0.62900000
  0.141387  -0.0000   0.63000000
  0.141518  -0.0000   0.63100000
  0.141720  -0.0000   0.63300000
  0.142029  -0.0000   0.63600000
  0.142506  -0.0000   0.64100000
  0.143247  -0.0000   0.64800000
  0.144416  -0.0000   0.65900000
  0.145972  -0.0000   0.67200000
  0.147626  -0.0000   0.68600000
  0.149383  -0.0000   0.69900000
  0.151552  -0.0000   0.71400000
  0.153431  -0.0000   0.72700000
  0.155411  -0.0000   0.74000000
  0.157492  -0.0000   0.75200000
  0.157785  -0.0000   0.75400000
  0.158081  -0.0000   0.75600000
  0.158378  -0.0000   0.75800000
  0.158746  -0.0000   0.76000000
  0.158897  -0.0000   0.76200000
  0.159045  -0.0000   0.76400000
  0.159195  -0.0000   0.76500000
  0.159348  -0.0000   0.76700000
  0.159580  -0.0000   0.77000000
  0.159936  -0.0000   0.77300000
  0.160483  -0.0000   0.77900000
  0.161332  -0.0000   0.78700000
  0.162670  -0.0000   0.80000000
  0.164297  -0.0000   0.81400000
  0.166018  -0.0000   0.82900000
  0.167834  -0.0000   0.84300000
  0.169770  -0.0000   0.85800000
  0.171810  -0.0000   0.87200000
  0.173954  -0.0000   0.88700000
  0.176204  -0.0000   0.90200000
  0.176342  -0.0000   0.90300000
  0.176441  -0.0000   0.90400000
  0.176535  -0.0000   0.90500000
  0.176677  -0.0000   0.90700000
  0.176893  -0.0000   0.90900000
  0.177226  -0.0000   0.91300000
  0.177737  -0.0000   0.91800000
  0.178527  -0.0000   0.92700000
  0.179762  -0.0000   0.93900000
  0.181733  -0.0000   0.95800000
  0.183826  -0.0000   0.97600000
  0.186048  -0.0000   0.99500000
  0.188258  -0.0000   1.01000000
  0.190423  -0.0000   1.03000000
  0.192549  -0.0000   1.05000000
  0.192802  -0.0000   1.05000000
  0.193054  -0.0000   1.06000000
  0.193305  -0.0000   1.06000000
  0.193682  -0.0000   1.06000000
  0.193921  -0.0000   1.06000000
  0.194077  -0.0000   1.07000000
  0.194227  -0.0000   1.07000000
  0.194379  -0.0000   1.07000000
  0.194531  -0.0000   1.07000000
  0.194761  -0.0000   1.08000000
  0.195105  -0.0000   1.08000000
  0.195621  -0.0000   1.09000000
  0.196389  -0.0000   1.10000000
  0.197528  -0.0000   1.12000000
  0.199210  -0.0000   1.14000000
  0.201683  -0.0000   1.18000000
  0.204110  -0.0000   1.22000000
  0.206494  -0.0000   1.26000000
  0.208836  -0.0000   1.30000000
  0.210389  -0.0000   1.33000000
  0.210911  -0.0000   1.34000000
  0.211431  -0.0000   1.35000000
  0.211579  -0.0000   1.35000000
  0.211701  -0.0000   1.35000000
  0.211823  -0.0000   1.36000000
  0.212008  -0.0000   1.36000000
  0.212286  -0.0000   1.37000000
  0.212704  -0.0000   1.38000000
  0.213328  -0.0000   1.40000000
  0.214255  -0.0000   1.42000000
  0.215628  -0.0000   1.46000000
  0.217653  -0.0000   1.52000000
  0.220002  -0.0000   1.59000000
  0.222313  -0.0000   1.66000000
  0.224586  -0.0000   1.73000000
  0.227370  -0.0000   1.81000000
  0.227762  -0.0000   1.83000000
  0.228154  -0.0000   1.84000000
  0.228544  -0.0000   1.85000000
  0.229099  -0.0000   1.87000000
  0.229241  -0.0000   1.88000000
  0.229381  -0.0000   1.88000000
  0.229521  -0.0000   1.89000000
  0.229663  -0.0000   1.90000000
  0.229876  -0.0000   1.91000000
  0.230195  -0.0000   1.92000000
  0.230673  -0.0000   1.95000000
  0.231384  -0.0000   1.98000000
  0.232441  -0.0000   2.03000000
  0.234004  -0.0000   2.11000000
  0.236308  -0.0000   2.23000000
  0.238595  -0.0000   2.35000000
  0.240847  -0.0000   2.47000000
  0.243064  -0.0000   2.58000000
  0.245944  -0.0000   2.74000000
  0.246161  -0.0000   2.75000000
  0.246377  -0.0000   2.76000000
  0.246594  -0.0000   2.78000000
  0.246761  -0.0000   2.79000000
  0.246912  -0.0000   2.80000000
  0.247063  -0.0000   2.81000000
  0.247293  -0.0000   2.83000000
  0.247637  -0.0000   2.86000000
  0.248152  -0.0000   2.90000000
  0.248918  -0.0000   2.97000000
  0.250054  -0.0000   3.06000000
  0.251734  -0.0000   3.20000000
  0.254208  -0.0000   3.41000000
  0.256640  -0.0000   3.63000000
  0.259033  -0.0000   3.84000000
  0.261388  -0.0000   4.05000000
  0.263704  -0.0000   4.26000000
  0.263906  -0.0000   4.28000000
  0.264108  -0.0000   4.30000000
  0.264270  -0.0000   4.32000000
  0.264478  -0.0000   4.35000000
  0.264688  -0.0000   4.37000000
  0.264899  -0.0000   4.40000000
  0.265215  -0.0000   4.44000000
  0.265688  -0.0000   4.51000000
  0.266392  -0.0000   4.60000000
  0.267437  -0.0000   4.74000000
  0.268984  -0.0000   4.95000000
  0.271266  -0.0000   5.27000000
  0.273513  -0.0000   5.58000000
  0.275726  -0.0000   5.90000000
  0.277908  -0.0000   6.22000000
  0.280751  -0.0000   6.64000000
  0.281010  -0.0000   6.67000000
  0.281269  -0.0000   6.71000000
  0.281528  -0.0000   6.75000000
  0.281861  -0.0000   6.81000000
  0.282096  -0.0000   6.86000000
  0.282334  -0.0000   6.91000000
  0.282572  -0.0000   6.96000000
  0.282810  -0.0000   7.01000000
  0.283166  -0.0000   7.08000000
  0.283697  -0.0000   7.19000000
  0.284487  -0.0000   7.36000000
  0.285661  -0.0000   7.61000000
  0.287396  -0.0000   7.98000000
  0.289954  -0.0000   8.55000000
  0.292470  -0.0000   9.11000000
  0.294946  -0.0000   9.67000000
  0.297382  -0.0000  10.20000000
  0.298147  -0.0000  10.40000000
  0.298908  -0.0000  10.60000000
  0.299297  -0.0000  10.70000000
  0.299459  -0.0000  10.70000000
  0.299615  -0.0000  10.80000000
  0.299772  -0.0000  10.80000000
  0.299930  -0.0000  10.90000000
  0.300166  -0.0000  11.00000000
  0.300520  -0.0000  11.10000000
  0.301048  -0.0000  11.20000000
  0.301833  -0.0000  11.50000000
  0.302999  -0.0000  11.90000000
  0.304723  -0.0000  12.40000000
  0.307265  -0.0000  13.30000000
  0.309766  -0.0000  14.10000000
  0.312228  -0.0000  15.00000000
  0.314651  -0.0000  15.90000000
  0.316355  -0.0000  16.50000000
  0.316610  -0.0000  16.60000000
  0.316864  -0.0000  16.60000000
  0.317056  -0.0000  16.70000000
  0.317247  -0.0000  16.80000000
  0.317439  -0.0000  16.90000000
  0.317631  -0.0000  17.00000000
  0.317919  -0.0000  17.20000000
  0.318348  -0.0000  17.40000000
  0.318989  -0.0000  17.70000000
  0.319940  -0.0000  18.10000000
  0.321350  -0.0000  18.80000000
  0.323434  -0.0000  19.90000000
  0.326062  -0.0000  21.20000000
  0.328648  -0.0000  22.50000000
  0.331193  -0.0000  23.90000000
  0.333697  -0.0000  25.20000000
  0.333952  -0.0000  25.30000000
  0.334207  -0.0000  25.50000000
  0.334457  -0.0000  25.60000000
  0.334530  -0.0000  25.60000000
  0.334638  -0.0000  25.70000000
  0.334803  -0.0000  25.80000000
  0.335050  -0.0000  26.00000000
  0.335421  -0.0000  26.30000000
  0.335974  -0.0000  26.70000000
  0.336797  -0.0000  27.20000000
  0.338017  -0.0000  28.10000000
  0.339824  -0.0000  29.40000000
  0.341905  -0.0000  30.90000000
  0.343959  -0.0000  32.50000000
  0.345987  -0.0000  34.00000000
  0.348686  -0.0000  36.10000000
  0.351341  -0.0000  38.10000000
  0.351576  -0.0000  38.30000000
  0.351810  -0.0000  38.50000000
  0.352038  -0.0000  38.70000000
  0.352174  -0.0000  38.80000000
  0.352379  -0.0000  39.00000000
  0.352585  -0.0000  39.20000000
  0.352792  -0.0000  39.40000000
  0.353100  -0.0000  39.80000000
  0.353561  -0.0000  40.20000000
  0.354248  -0.0000  40.90000000
  0.355268  -0.0000  42.00000000
  0.356780  -0.0000  43.50000000
  0.359014  -0.0000  45.90000000
  0.361217  -0.0000  48.20000000
  0.363391  -0.0000  50.60000000
  0.365537  -0.0000  52.90000000
  0.368486  -0.0000  56.20000000
  0.368775  -0.0000  56.50000000
  0.369064  -0.0000  56.90000000
  0.369352  -0.0000  57.20000000
  0.369731  -0.0000  57.70000000
  0.369816  -0.0000  57.80000000
  0.369945  -0.0000  58.00000000
  0.370138  -0.0000  58.20000000
  0.370427  -0.0000  58.60000000
  0.370860  -0.0000  59.30000000
  0.371504  -0.0000  60.20000000
  0.372462  -0.0000  61.60000000
  0.373883  -0.0000  63.60000000
  0.375983  -0.0000  66.70000000
  0.378056  -0.0000  69.80000000
  0.380102  -0.0000  72.90000000
  0.382124  -0.0000  76.00000000
  0.385103  -0.0000  80.70000000
  0.385673  -0.0000  81.60000000
  0.386241  -0.0000  82.50000000
  0.386807  -0.0000  83.40000000
  0.387126  -0.0000  83.90000000
  0.387317  -0.0000  84.30000000
  0.387506  -0.0000  84.60000000
  0.387696  -0.0000  85.00000000
  0.387885  -0.0000  85.40000000
  0.388169  -0.0000  85.90000000
  0.388592  -0.0000  86.80000000
  0.389224  -0.0000  88.00000000
  0.390162  -0.0000  89.90000000
  0.391555  -0.0000  92.70000000
  0.393615  -0.0000  97.00000000
  0.395648  -0.0000 101.00000000
  0.397657  -0.0000 105.00000000
  0.399642  -0.0000 110.00000000
  0.402569  -0.0000 116.00000000
  0.403052  -0.0000 117.00000000
  0.403534  -0.0000 118.00000000
  0.404015  -0.0000 119.00000000
  0.404728  -0.0000 121.00000000
  0.404782  -0.0000 121.00000000
  0.404864  -0.0000 121.00000000
  0.404987  -0.0000 121.00000000
  0.405173  -0.0000 122.00000000
  0.405451  -0.0000 123.00000000
  0.405867  -0.0000 124.00000000
  0.406488  -0.0000 126.00000000
  0.407410  -0.0000 128.00000000
  0.408779  -0.0000 132.00000000
  0.410804  -0.0000 138.00000000
  0.412804  -0.0000 143.00000000
  0.414780  -0.0000 149.00000000
  0.416734  -0.0000 155.00000000
  0.419615  -0.0000 163.00000000
  0.420397  -0.0000 165.00000000
  0.421175  -0.0000 168.00000000
  0.421949  -0.0000 170.00000000
  0.422239  -0.0000 171.00000000
  0.422488  -0.0000 172.00000000
  0.422728  -0.0000 173.00000000
  0.422969  -0.0000 174.00000000
  0.423209  -0.0000 174.00000000
  0.423568  -0.0000 176.00000000
  0.424103  -0.0000 178.00000000
  0.424901  -0.0000 181.00000000
  0.426086  -0.0000 185.00000000
  0.427841  -0.0000 192.00000000
  0.430403  -0.0000 202.00000000
  0.432926  -0.0000 211.00000000
  0.435413  -0.0000 221.00000000
  0.437865  -0.0000 231.00000000
  0.438357  -0.0000 233.00000000
  0.438847  -0.0000 235.00000000
  0.439335  -0.0000 237.00000000
  0.440022  -0.0000 240.00000000
  0.440174  -0.0000 241.00000000
  0.440327  -0.0000 242.00000000
  0.440479  -0.0000 242.00000000
  0.440708  -0.0000 243.00000000
  0.441051  -0.0000 245.00000000
  0.441562  -0.0000 248.00000000
  0.442323  -0.0000 251.00000000
  0.443454  -0.0000 257.00000000
  0.445131  -0.0000 265.00000000
  0.447607  -0.0000 278.00000000
  0.450048  -0.0000 291.00000000
  0.452455  -0.0000 303.00000000
  0.454829  -0.0000 316.00000000
  0.455708  -0.0000 321.00000000
  0.456581  -0.0000 326.00000000
  0.457451  -0.0000 330.00000000
  0.457651  -0.0000 332.00000000
  0.457848  -0.0000 333.00000000
  0.458046  -0.0000 334.00000000
  0.458341  -0.0000 336.00000000
  0.458783  -0.0000 339.00000000
  0.459441  -0.0000 343.00000000
  0.460420  -0.0000 350.00000000
  0.461873  -0.0000 359.00000000
  0.464022  -0.0000 374.00000000
  0.466143  -0.0000 388.00000000
  0.468238  -0.0000 402.00000000
  0.470309  -0.0000 417.00000000
  0.473362  -0.0000 439.00000000
  0.473738  -0.0000 441.00000000
  0.474112  -0.0000 444.00000000
  0.474486  -0.0000 447.00000000
  0.475045  -0.0000 451.00000000
  0.475242  -0.0000 452.00000000
  0.475441  -0.0000 454.00000000
  0.475639  -0.0000 456.00000000
  0.475837  -0.0000 457.00000000
  0.476134  -0.0000 460.00000000
  0.476576  -0.0000 463.00000000
  0.477236  -0.0000 469.00000000
  0.478217  -0.0000 477.00000000
  0.479674  -0.0000 490.00000000
  0.481829  -0.0000 509.00000000
  0.483956  -0.0000 528.00000000
  0.486058  -0.0000 547.00000000
  0.488136  -0.0000 566.00000000
  0.491200  -0.0000 594.00000000
  0.491586  -0.0000 598.00000000
  0.491971  -0.0000 601.00000000
  0.492355  -0.0000 605.00000000
  0.492748  -0.0000 609.00000000
  0.492837  -0.0000 610.00000000
  0.492927  -0.0000 611.00000000
  0.493061  -0.0000 612.00000000
  0.493263  -0.0000 615.00000000
  0.493566  -0.0000 618.00000000
  0.494017  -0.0000 623.00000000
  0.494689  -0.0000 630.00000000
  0.495689  -0.0000 641.00000000
  0.497174  -0.0000 658.00000000
  0.499370  -0.0000 683.00000000
  0.501537  -0.0000 708.00000000
  0.503678  -0.0000 733.00000000
  0.505794  -0.0000 758.00000000
  0.508916  -0.0000 795.00000000
  0.509289  -0.0000 800.00000000
  0.509661  -0.0000 804.00000000
  0.510033  -0.0000 809.00000000
  0.510384  -0.0000 813.00000000
  0.510465  -0.0000 815.00000000
  0.510546  -0.0000 816.00000000
  0.510668  -0.0000 817.00000000
  0.510851  -0.0000 820.00000000
  0.511126  -0.0000 824.00000000
  0.511535  -0.0000 830.00000000
  0.512146  -0.0000 838.00000000
  0.513055  -0.0000 851.00000000
  0.514405  -0.0000 871.00000000
  0.516405  -0.0000 900.00000000
  0.518731  -0.0000 934.00000000
  0.521027  -0.0000 968.00000000
  0.523294  -0.0000 1003.00000000
  0.526275  -0.0000 1048.00000000
  0.526728  -0.0000 1055.00000000
  0.527180  -0.0000 1062.00000000
  0.527631  -0.0000 1069.00000000
  0.527956  -0.0000 1075.00000000
  0.528031  -0.0000 1076.00000000
  0.528106  -0.0000 1077.00000000
  0.528219  -0.0000 1079.00000000
  0.528389  -0.0000 1082.00000000
  0.528642  -0.0000 1087.00000000
  0.529021  -0.0000 1094.00000000
  0.529586  -0.0000 1104.00000000
  0.530428  -0.0000 1119.00000000
  0.531679  -0.0000 1142.00000000
  0.533532  -0.0000 1176.00000000
  0.535890  -0.0000 1220.00000000
  0.538218  -0.0000 1265.00000000
  0.540516  -0.0000 1309.00000000
  0.542786  -0.0000 1353.00000000
  0.543757  -0.0000 1372.00000000
  0.544723  -0.0000 1391.00000000
  0.545647  -0.0000 1410.00000000
  0.545699  -0.0000 1411.00000000
  0.545778  -0.0000 1413.00000000
  0.545897  -0.0000 1416.00000000
  0.546076  -0.0000 1420.00000000
  0.546343  -0.0000 1426.00000000
  0.546742  -0.0000 1435.00000000
  0.547337  -0.0000 1448.00000000
  0.548223  -0.0000 1468.00000000
  0.549540  -0.0000 1499.00000000
  0.551491  -0.0000 1544.00000000
  0.553801  -0.0000 1599.00000000
  0.556082  -0.0000 1654.00000000
  0.558335  -0.0000 1709.00000000
  0.560563  -0.0000 1763.00000000
  0.561406  -0.0000 1784.00000000
  0.562247  -0.0000 1805.00000000
  0.563084  -0.0000 1826.00000000
  0.563306  -0.0000 1832.00000000
  0.563528  -0.0000 1839.00000000
  0.563750  -0.0000 1845.00000000
  0.563972  -0.0000 1851.00000000
  0.564303  -0.0000 1860.00000000
  0.564797  -0.0000 1874.00000000
  0.565535  -0.0000 1896.00000000
  0.566632  -0.0000 1927.00000000
  0.568260  -0.0000 1975.00000000
  0.570666  -0.0000 2046.00000000
  0.573041  -0.0000 2117.00000000
  0.575385  -0.0000 2188.00000000
  0.577702  -0.0000 2259.00000000
  0.579988  -0.0000 2330.00000000
  0.580329  -0.0000 2341.00000000
  0.580667  -0.0000 2351.00000000
  0.580742  -0.0000 2354.00000000
  0.580818  -0.0000 2357.00000000
  0.580894  -0.0000 2359.00000000
  0.581007  -0.0000 2363.00000000
  0.581178  -0.0000 2369.00000000
  0.581432  -0.0000 2378.00000000
  0.581813  -0.0000 2392.00000000
  0.582381  -0.0000 2412.00000000
  0.583228  -0.0000 2442.00000000
  0.584486  -0.0000 2487.00000000
  0.586351  -0.0000 2555.00000000
  0.588702  -0.0000 2642.00000000
  0.591022  -0.0000 2729.00000000
  0.593315  -0.0000 2816.00000000
  0.595582  -0.0000 2902.00000000
  0.596853  -0.0000 2951.00000000
  0.598117  -0.0000 3000.00000000
  0.598384  -0.0000 3011.00000000
  0.598447  -0.0000 3014.00000000
  0.598510  -0.0000 3017.00000000
  0.598606  -0.0000 3021.00000000
  0.598748  -0.0000 3027.00000000
  0.598962  -0.0000 3036.00000000
  0.599281  -0.0000 3050.00000000
  0.599757  -0.0000 3071.00000000
  0.600468  -0.0000 3102.00000000
  0.601525  -0.0000 3149.00000000
  0.603094  -0.0000 3220.00000000
  0.605416  -0.0000 3325.00000000
  0.607708  -0.0000 3431.00000000
  0.609972  -0.0000 3536.00000000
  0.612210  -0.0000 3642.00000000
  0.615266  -0.0000 3787.00000000
  0.615581  -0.0000 3803.00000000
  0.615895  -0.0000 3818.00000000
  0.616176  -0.0000 3833.00000000
  0.616459  -0.0000 3848.00000000
  0.616740  -0.0000 3863.00000000
  0.617021  -0.0000 3878.00000000
  0.617440  -0.0000 3900.00000000
  0.618066  -0.0000 3934.00000000
  0.618999  -0.0000 3985.00000000
  0.620384  -0.0000 4061.00000000
  0.622437  -0.0000 4175.00000000
  0.624943  -0.0000 4317.00000000
  0.627417  -0.0000 4459.00000000
  0.629861  -0.0000 4600.00000000
  0.632280  -0.0000 4742.00000000
  0.632705  -0.0000 4767.00000000
  0.633129  -0.0000 4791.00000000
  0.633545  -0.0000 4816.00000000
  0.633580  -0.0000 4819.00000000
  0.633634  -0.0000 4822.00000000
  0.633715  -0.0000 4827.00000000
  0.633836  -0.0000 4835.00000000
  0.634017  -0.0000 4847.00000000
  0.634289  -0.0000 4865.00000000
  0.634694  -0.0000 4892.00000000
  0.635300  -0.0000 4932.00000000
  0.636202  -0.0000 4991.00000000
  0.637542  -0.0000 5081.00000000
  0.639527  -0.0000 5216.00000000
  0.641884  -0.0000 5378.00000000
  0.644213  -0.0000 5540.00000000
  0.646514  -0.0000 5703.00000000
  0.649318  -0.0000 5903.00000000
  0.650014  -0.0000 5952.00000000
  0.650707  -0.0000 6002.00000000
  0.651366  -0.0000 6052.00000000
  0.651405  -0.0000 6055.00000000
  0.651464  -0.0000 6060.00000000
  0.651552  -0.0000 6067.00000000
  0.651684  -0.0000 6077.00000000
  0.651882  -0.0000 6093.00000000
  0.652179  -0.0000 6116.00000000
  0.652621  -0.0000 6152.00000000
  0.653282  -0.0000 6205.00000000
  0.654265  -0.0000 6285.00000000
  0.655726  -0.0000 6404.00000000
  0.657888  -0.0000 6584.00000000
  0.660026  -0.0000 6763.00000000
  0.662140  -0.0000 6942.00000000
  0.664233  -0.0000 7121.00000000
  0.667331  -0.0000 7390.00000000
  0.667818  -0.0000 7433.00000000
  0.668304  -0.0000 7475.00000000
  0.668786  -0.0000 7518.00000000
  0.668827  -0.0000 7522.00000000
  0.668889  -0.0000 7528.00000000
  0.668983  -0.0000 7537.00000000
  0.669123  -0.0000 7550.00000000
  0.669332  -0.0000 7570.00000000
  0.669646  -0.0000 7600.00000000
  0.670114  -0.0000 7646.00000000
  0.670812  -0.0000 7713.00000000
  0.671851  -0.0000 7815.00000000
  0.673394  -0.0000 7968.00000000
  0.675678  -0.0000 8197.00000000
  0.677934  -0.0000 8427.00000000
  0.680164  -0.0000 8656.00000000
  0.682372  -0.0000 8885.00000000
  0.685360  -0.0000 9199.00000000
  0.685757  -0.0000 9241.00000000
  0.686152  -0.0000 9283.00000000
  0.686529  -0.0000 9324.00000000
  0.686563  -0.0000 9328.00000000
  0.686614  -0.0000 9334.00000000
  0.686690  -0.0000 9343.00000000
  0.686804  -0.0000 9356.00000000
  0.686976  -0.0000 9376.00000000
  0.687232  -0.0000 9406.00000000
  0.687615  -0.0000 9450.00000000
  0.688187  -0.0000 9517.00000000
  0.689039  -0.0000 9617.00000000
  0.690306  -0.0000 9767.00000000
  0.692185  -0.0000 9993.00000000
  0.692243  -0.0000 10000.00000000
  0.692012  -0.0000 10000.00000000
  0.692012  -0.0000 10000.00000000
  0.692012  -0.0000 10000.00000000
  0.692012  -0.0000 10000.00000000
  0.692012  -0.0000 10000.00000000
  0.692012  -0.0000 10000.00000000
  0.692012  -0.0000 10000.00000000
  0.692012  -0.0000 10000.00000000
  0.692012  -0.0000 10000.00000000
  0.692011  -0.0000 10000.00000000
  0.692011  -0.0000 10000.00000000
  0.692010  -0.0000 10000.00000000
  0.692010  -0.0000 10000.00000000
  0.692009  -0.0000 10000.00000000
