  0.000049  -0.0000   0.00100000
  0.000144  -0.0000   0.00200000
  0.000237  -0.0000   0.00239500
  0.000795  -0.0000   0.00279000
  0.006343  -0.0000   0.00318500
  0.006433  -0.0000   0.00335700
  0.006511  -0.0000   0.00352800
  0.006610  -0.0000   0.00370000
  0.006821  -0.0000   0.00395700
  0.007008  -0.0000   0.00413800
  0.007241  -0.0000   0.00431900
  0.007527  -0.0000   0.00450100
  0.007871  -0.0000   0.00468200
  0.008277  -0.0000   0.00486300
  0.008746  -0.0000   0.00504400
  0.009277  -0.0000   0.00522600
  0.009868  -0.0000   0.00540700
  0.010515  -0.0000   0.00558800
  0.011212  -0.0000   0.00576900
  0.011951  -0.0000   0.00595100
  0.012727  -0.0000   0.00613200
  0.013532  -0.0000   0.00631300
  0.014587  -0.0000   0.00654200
  0.015670  -0.0000   0.00677100
  0.017071  -0.0000   0.00705800
  0.018503  -0.0000   0.00734600
  0.018668  -0.0000   0.00737900
  0.018833  -0.0000   0.00741200
  0.018999  -0.0000   0.00744600
  0.019248  -0.0000   0.00749600
  0.019384  -0.0000   0.00752300
  0.019460  -0.0000   0.00755000
  0.019467  -0.0000   0.00757700
  0.019472  -0.0000   0.00760500
  0.019476  -0.0000   0.00763200
  0.019480  -0.0000   0.00765900
  0.019484  -0.0000   0.00770000
  0.019489  -0.0000   0.00776100
  0.019496  -0.0000   0.00785300
  0.019505  -0.0000   0.00799100
  0.019516  -0.0000   0.00819800
  0.019531  -0.0000   0.00850900
  0.019551  -0.0000   0.00897400
  0.019579  -0.0000   0.00967300
  0.019624  -0.0000   0.01072000
  0.019718  -0.0000   0.01229000
  0.019777  -0.0000   0.01308000
  0.019853  -0.0000   0.01387000
  0.019951  -0.0000   0.01465000
  0.020105  -0.0000   0.01558000
  0.020308  -0.0000   0.01651000
  0.020569  -0.0000   0.01744000
  0.020833  -0.0000   0.01821000
  0.021151  -0.0000   0.01898000
  0.021528  -0.0000   0.01975000
  0.021969  -0.0000   0.02052000
  0.022477  -0.0000   0.02129000
  0.023055  -0.0000   0.02206000
  0.023588  -0.0000   0.02270000
  0.024170  -0.0000   0.02334000
  0.024804  -0.0000   0.02399000
  0.025568  -0.0000   0.02470000
  0.026395  -0.0000   0.02542000
  0.027284  -0.0000   0.02613000
  0.028236  -0.0000   0.02684000
  0.029251  -0.0000   0.02756000
  0.030330  -0.0000   0.02827000
  0.031475  -0.0000   0.02898000
  0.032686  -0.0000   0.02970000
  0.033965  -0.0000   0.03041000
  0.034317  -0.0000   0.03061000
  0.034675  -0.0000   0.03080000
  0.035028  -0.0000   0.03100000
  0.035041  -0.0000   0.03104000
  0.035051  -0.0000   0.03108000
  0.035059  -0.0000   0.03112000
  0.035065  -0.0000   0.03116000
  0.035074  -0.0000   0.03122000
  0.035085  -0.0000   0.03131000
  0.035098  -0.0000   0.03144000
  0.035116  -0.0000   0.03164000
  0.035140  -0.0000   0.03195000
  0.035171  -0.0000   0.03240000
  0.035216  -0.0000   0.03309000
  0.035286  -0.0000   0.03411000
  0.035408  -0.0000   0.03565000
  0.035651  -0.0000   0.03796000
  0.035970  -0.0000   0.04027000
  0.036298  -0.0000   0.04219000
  0.036697  -0.0000   0.04411000
  0.037177  -0.0000   0.04602000
  0.037627  -0.0000   0.04758000
  0.038141  -0.0000   0.04914000
  0.038727  -0.0000   0.05070000
  0.039388  -0.0000   0.05226000
  0.040131  -0.0000   0.05382000
  0.040960  -0.0000   0.05537000
  0.041881  -0.0000   0.05693000
  0.042727  -0.0000   0.05825000
  0.043645  -0.0000   0.05956000
  0.044636  -0.0000   0.06088000
  0.045703  -0.0000   0.06219000
  0.046848  -0.0000   0.06351000
  0.048071  -0.0000   0.06483000
  0.049375  -0.0000   0.06614000
  0.050757  -0.0000   0.06746000
  0.051123  -0.0000   0.06780000
  0.051495  -0.0000   0.06814000
  0.051831  -0.0000   0.06849000
  0.051861  -0.0000   0.06862000
  0.051883  -0.0000   0.06875000
  0.051901  -0.0000   0.06888000
  0.051917  -0.0000   0.06901000
  0.051938  -0.0000   0.06920000
  0.051967  -0.0000   0.06949000
  0.052006  -0.0000   0.06993000
  0.052063  -0.0000   0.07058000
  0.052150  -0.0000   0.07156000
  0.052291  -0.0000   0.07303000
  0.052538  -0.0000   0.07523000
  0.052993  -0.0000   0.07854000
  0.053433  -0.0000   0.08126000
  0.053945  -0.0000   0.08397000
  0.054536  -0.0000   0.08669000
  0.055217  -0.0000   0.08940000
  0.055993  -0.0000   0.09212000
  0.056679  -0.0000   0.09428000
  0.057436  -0.0000   0.09644000
  0.058267  -0.0000   0.09861000
  0.059302  -0.0000   0.10100000
  0.060229  -0.0000   0.10300000
  0.061232  -0.0000   0.10500000
  0.062312  -0.0000   0.10700000
  0.063472  -0.0000   0.10900000
  0.064714  -0.0000   0.11100000
  0.066038  -0.0000   0.11300000
  0.067444  -0.0000   0.11500000
  0.067893  -0.0000   0.11600000
  0.068351  -0.0000   0.11600000
  0.068533  -0.0000   0.11700000
  0.068594  -0.0000   0.11700000
  0.068626  -0.0000   0.11700000
  0.068652  -0.0000   0.11700000
  0.068686  -0.0000   0.11700000
  0.068730  -0.0000   0.11800000
  0.068792  -0.0000   0.11800000
  0.068885  -0.0000   0.11900000
  0.069030  -0.0000   0.12100000
  0.069269  -0.0000   0.12300000
  0.069677  -0.0000   0.12600000
  0.070170  -0.0000   0.13000000
  0.070727  -0.0000   0.13300000
  0.071353  -0.0000   0.13600000
  0.071998  -0.0000   0.13900000
  0.072713  -0.0000   0.14300000
  0.073502  -0.0000   0.14600000
  0.074327  -0.0000   0.14900000
  0.075228  -0.0000   0.15200000
  0.076210  -0.0000   0.15500000
  0.077277  -0.0000   0.15800000
  0.078434  -0.0000   0.16100000
  0.079683  -0.0000   0.16400000
  0.081027  -0.0000   0.16700000
  0.082469  -0.0000   0.17000000
  0.084007  -0.0000   0.17300000
  0.084479  -0.0000   0.17400000
  0.084960  -0.0000   0.17400000
  0.085196  -0.0000   0.17500000
  0.085266  -0.0000   0.17500000
  0.085305  -0.0000   0.17500000
  0.085338  -0.0000   0.17600000
  0.085381  -0.0000   0.17600000
  0.085440  -0.0000   0.17700000
  0.085527  -0.0000   0.17700000
  0.085660  -0.0000   0.17900000
  0.085872  -0.0000   0.18100000
  0.086218  -0.0000   0.18400000
  0.086800  -0.0000   0.18800000
  0.087429  -0.0000   0.19200000
  0.088125  -0.0000   0.19600000
  0.088894  -0.0000   0.20000000
  0.089694  -0.0000   0.20400000
  0.090568  -0.0000   0.20800000
  0.091523  -0.0000   0.21200000
  0.092513  -0.0000   0.21600000
  0.093585  -0.0000   0.22000000
  0.094742  -0.0000   0.22400000
  0.095988  -0.0000   0.22800000
  0.097325  -0.0000   0.23100000
  0.098756  -0.0000   0.23500000
  0.100282  -0.0000   0.23900000
  0.101901  -0.0000   0.24300000
  0.102014  -0.0000   0.24300000
  0.102063  -0.0000   0.24300000
  0.102100  -0.0000   0.24400000
  0.102147  -0.0000   0.24400000
  0.102190  -0.0000   0.24500000
  0.102252  -0.0000   0.24500000
  0.102343  -0.0000   0.24600000
  0.102484  -0.0000   0.24700000
  0.102706  -0.0000   0.24900000
  0.103062  -0.0000   0.25200000
  0.103645  -0.0000   0.25700000
  0.104435  -0.0000   0.26200000
  0.105307  -0.0000   0.26800000
  0.106267  -0.0000   0.27300000
  0.107322  -0.0000   0.27900000
  0.108478  -0.0000   0.28500000
  0.109742  -0.0000   0.29000000
  0.110890  -0.0000   0.29500000
  0.112122  -0.0000   0.29900000
  0.113442  -0.0000   0.30400000
  0.114852  -0.0000   0.30900000
  0.116353  -0.0000   0.31300000
  0.117947  -0.0000   0.31800000
  0.118198  -0.0000   0.31900000
  0.118452  -0.0000   0.32000000
  0.118708  -0.0000   0.32000000
  0.118894  -0.0000   0.32100000
  0.118959  -0.0000   0.32100000
  0.119012  -0.0000   0.32200000
  0.119062  -0.0000   0.32200000
  0.119109  -0.0000   0.32300000
  0.119180  -0.0000   0.32300000
  0.119286  -0.0000   0.32400000
  0.119451  -0.0000   0.32600000
  0.119710  -0.0000   0.32800000
  0.120120  -0.0000   0.33200000
  0.120786  -0.0000   0.33700000
  0.121702  -0.0000   0.34400000
  0.122704  -0.0000   0.35000000
  0.123798  -0.0000   0.35700000
  0.124992  -0.0000   0.36300000
  0.126291  -0.0000   0.37000000
  0.127702  -0.0000   0.37700000
  0.128965  -0.0000   0.38200000
  0.130314  -0.0000   0.38800000
  0.131749  -0.0000   0.39300000
  0.133272  -0.0000   0.39900000
  0.134884  -0.0000   0.40400000
  0.135128  -0.0000   0.40500000
  0.135375  -0.0000   0.40600000
  0.135623  -0.0000   0.40700000
  0.135806  -0.0000   0.40700000
  0.135893  -0.0000   0.40800000
  0.135968  -0.0000   0.40900000
  0.136039  -0.0000   0.41000000
  0.136110  -0.0000   0.41000000
  0.136217  -0.0000   0.41100000
  0.136383  -0.0000   0.41300000
  0.136642  -0.0000   0.41500000
  0.137049  -0.0000   0.41900000
  0.137698  -0.0000   0.42400000
  0.138764  -0.0000   0.43200000
  0.139927  -0.0000   0.44000000
  0.141196  -0.0000   0.44800000
  0.142577  -0.0000   0.45600000
  0.143824  -0.0000   0.46300000
  0.145159  -0.0000   0.47000000
  0.146585  -0.0000   0.47700000
  0.148106  -0.0000   0.48400000
  0.149722  -0.0000   0.49000000
  0.151435  -0.0000   0.49700000
  0.151872  -0.0000   0.49900000
  0.152316  -0.0000   0.50100000
  0.152733  -0.0000   0.50200000
  0.152811  -0.0000   0.50300000
  0.152878  -0.0000   0.50400000
  0.152941  -0.0000   0.50400000
  0.153003  -0.0000   0.50500000
  0.153097  -0.0000   0.50600000
  0.153241  -0.0000   0.50700000
  0.153464  -0.0000   0.50900000
  0.153812  -0.0000   0.51300000
  0.154360  -0.0000   0.51800000
  0.155240  -0.0000   0.52500000
  0.156271  -0.0000   0.53300000
  0.157379  -0.0000   0.54100000
  0.158567  -0.0000   0.54900000
  0.159798  -0.0000   0.55600000
  0.161112  -0.0000   0.56400000
  0.162513  -0.0000   0.57200000
  0.164232  -0.0000   0.58100000
  0.165729  -0.0000   0.58800000
  0.167310  -0.0000   0.59500000
  0.168973  -0.0000   0.60300000
  0.169154  -0.0000   0.60300000
  0.169337  -0.0000   0.60400000
  0.169520  -0.0000   0.60500000
  0.169720  -0.0000   0.60600000
  0.169841  -0.0000   0.60700000
  0.169954  -0.0000   0.60800000
  0.170067  -0.0000   0.61000000
  0.170181  -0.0000   0.61100000
  0.170358  -0.0000   0.61300000
  0.170630  -0.0000   0.61500000
  0.171055  -0.0000   0.61900000
  0.171722  -0.0000   0.62500000
  0.172794  -0.0000   0.63400000
  0.173889  -0.0000   0.64300000
  0.175057  -0.0000   0.65100000
  0.176301  -0.0000   0.66000000
  0.177590  -0.0000   0.66800000
  0.178956  -0.0000   0.67700000
  0.180405  -0.0000   0.68500000
  0.181936  -0.0000   0.69400000
  0.183553  -0.0000   0.70200000
  0.185254  -0.0000   0.71000000
  0.185660  -0.0000   0.71200000
  0.186070  -0.0000   0.71400000
  0.186485  -0.0000   0.71600000
  0.186624  -0.0000   0.71700000
  0.186705  -0.0000   0.71800000
  0.186777  -0.0000   0.71800000
  0.186880  -0.0000   0.72000000
  0.186984  -0.0000   0.72100000
  0.187142  -0.0000   0.72200000
  0.187387  -0.0000   0.72500000
  0.187767  -0.0000   0.72900000
  0.188362  -0.0000   0.73400000
  0.189305  -0.0000   0.74300000
  0.190536  -0.0000   0.75300000
  0.191852  -0.0000   0.76400000
  0.193256  -0.0000   0.77400000
  0.194990  -0.0000   0.78600000
  0.196466  -0.0000   0.79600000
  0.198029  -0.0000   0.80500000
  0.199678  -0.0000   0.81500000
  0.201634  -0.0000   0.82600000
  0.203622  -0.0000   0.83600000
  0.203694  -0.0000   0.83700000
  0.203787  -0.0000   0.83800000
  0.203876  -0.0000   0.83900000
  0.203965  -0.0000   0.84000000
  0.204101  -0.0000   0.84200000
  0.204310  -0.0000   0.84400000
  0.204633  -0.0000   0.84700000
  0.205136  -0.0000   0.85200000
  0.205927  -0.0000   0.86000000
  0.207194  -0.0000   0.87100000
  0.208412  -0.0000   0.88200000
  0.209703  -0.0000   0.89200000
  0.211069  -0.0000   0.90300000
  0.212523  -0.0000   0.91300000
  0.214058  -0.0000   0.92300000
  0.215677  -0.0000   0.93400000
  0.217701  -0.0000   0.94600000
  0.219842  -0.0000   0.95900000
  0.220027  -0.0000   0.96000000
  0.220214  -0.0000   0.96100000
  0.220401  -0.0000   0.96200000
  0.220625  -0.0000   0.96300000
  0.220751  -0.0000   0.96500000
  0.220872  -0.0000   0.96600000
  0.220993  -0.0000   0.96800000
  0.221116  -0.0000   0.96900000
  0.221304  -0.0000   0.97100000
  0.221594  -0.0000   0.97400000
  0.222040  -0.0000   0.97900000
  0.222735  -0.0000   0.98600000
  0.223834  -0.0000   0.99600000
  0.225456  -0.0000   1.01000000
  0.227030  -0.0000   1.03000000
  0.228568  -0.0000   1.04000000
  0.230656  -0.0000   1.07000000
  0.232687  -0.0000   1.09000000
  0.234893  -0.0000   1.11000000
  0.237034  -0.0000   1.14000000
  0.237184  -0.0000   1.14000000
  0.237333  -0.0000   1.14000000
  0.237447  -0.0000   1.14000000
  0.237566  -0.0000   1.15000000
  0.237734  -0.0000   1.15000000
  0.237903  -0.0000   1.15000000
  0.238074  -0.0000   1.16000000
  0.238331  -0.0000   1.16000000
  0.238716  -0.0000   1.17000000
  0.239287  -0.0000   1.18000000
  0.240133  -0.0000   1.20000000
  0.241375  -0.0000   1.23000000
  0.243188  -0.0000   1.28000000
  0.244958  -0.0000   1.32000000
  0.246687  -0.0000   1.37000000
  0.248380  -0.0000   1.41000000
  0.250663  -0.0000   1.47000000
  0.252880  -0.0000   1.54000000
  0.253204  -0.0000   1.54000000
  0.253526  -0.0000   1.55000000
  0.253847  -0.0000   1.56000000
  0.254307  -0.0000   1.58000000
  0.254410  -0.0000   1.58000000
  0.254506  -0.0000   1.59000000
  0.254601  -0.0000   1.59000000
  0.254696  -0.0000   1.60000000
  0.254840  -0.0000   1.60000000
  0.255058  -0.0000   1.62000000
  0.255384  -0.0000   1.63000000
  0.255869  -0.0000   1.66000000
  0.256589  -0.0000   1.70000000
  0.257651  -0.0000   1.76000000
  0.259206  -0.0000   1.84000000
  0.261014  -0.0000   1.95000000
  0.262781  -0.0000   2.05000000
  0.264511  -0.0000   2.15000000
  0.266675  -0.0000   2.29000000
  0.268781  -0.0000   2.42000000
  0.270831  -0.0000   2.56000000
  0.270986  -0.0000   2.57000000
  0.271140  -0.0000   2.58000000
  0.271238  -0.0000   2.59000000
  0.271367  -0.0000   2.60000000
  0.271496  -0.0000   2.62000000
  0.271627  -0.0000   2.63000000
  0.271824  -0.0000   2.65000000
  0.272119  -0.0000   2.69000000
  0.272559  -0.0000   2.74000000
  0.273212  -0.0000   2.82000000
  0.274175  -0.0000   2.93000000
  0.275589  -0.0000   3.10000000
  0.277652  -0.0000   3.36000000
  0.279664  -0.0000   3.62000000
  0.281628  -0.0000   3.88000000
  0.283547  -0.0000   4.14000000
  0.285421  -0.0000   4.40000000
  0.287683  -0.0000   4.72000000
  0.287835  -0.0000   4.74000000
  0.287978  -0.0000   4.76000000
  0.288071  -0.0000   4.78000000
  0.288203  -0.0000   4.81000000
  0.288336  -0.0000   4.85000000
  0.288471  -0.0000   4.88000000
  0.288673  -0.0000   4.93000000
  0.288976  -0.0000   5.00000000
  0.289428  -0.0000   5.11000000
  0.290097  -0.0000   5.28000000
  0.291084  -0.0000   5.52000000
  0.292534  -0.0000   5.89000000
  0.294650  -0.0000   6.45000000
  0.296714  -0.0000   7.00000000
  0.298729  -0.0000   7.56000000
  0.300697  -0.0000   8.12000000
  0.302619  -0.0000   8.67000000
  0.304820  -0.0000   9.33000000
  0.304907  -0.0000   9.37000000
  0.305031  -0.0000   9.44000000
  0.305157  -0.0000   9.50000000
  0.305284  -0.0000   9.56000000
  0.305475  -0.0000   9.65000000
  0.305761  -0.0000   9.79000000
  0.306188  -0.0000  10.00000000
  0.306821  -0.0000  10.30000000
  0.307758  -0.0000  10.80000000
  0.309137  -0.0000  11.50000000
  0.310913  -0.0000  12.40000000
  0.312652  -0.0000  13.40000000
  0.314358  -0.0000  14.30000000
  0.316031  -0.0000  15.20000000
  0.318259  -0.0000  16.50000000
  0.320429  -0.0000  17.80000000
  0.320725  -0.0000  17.90000000
  0.321019  -0.0000  18.10000000
  0.321312  -0.0000  18.30000000
  0.321709  -0.0000  18.50000000
  0.321813  -0.0000  18.60000000
  0.321968  -0.0000  18.80000000
  0.322125  -0.0000  18.90000000
  0.322282  -0.0000  19.10000000
  0.322518  -0.0000  19.30000000
  0.322869  -0.0000  19.60000000
  0.323392  -0.0000  20.10000000
  0.324166  -0.0000  20.90000000
  0.325307  -0.0000  22.00000000
  0.326980  -0.0000  23.60000000
  0.328621  -0.0000  25.30000000
  0.330231  -0.0000  27.00000000
  0.331812  -0.0000  28.70000000
  0.334083  -0.0000  31.10000000
  0.336296  -0.0000  33.60000000
  0.338077  -0.0000  35.60000000
  0.338242  -0.0000  35.80000000
  0.338390  -0.0000  36.00000000
  0.338497  -0.0000  36.20000000
  0.338657  -0.0000  36.40000000
  0.338819  -0.0000  36.70000000
  0.338981  -0.0000  37.00000000
  0.339224  -0.0000  37.40000000
  0.339587  -0.0000  38.10000000
  0.340125  -0.0000  39.00000000
  0.340922  -0.0000  40.40000000
  0.342096  -0.0000  42.60000000
  0.343818  -0.0000  45.80000000
  0.345505  -0.0000  49.00000000
  0.347161  -0.0000  52.20000000
  0.348786  -0.0000  55.40000000
  0.351001  -0.0000  59.90000000
  0.353160  -0.0000  64.40000000
  0.355227  -0.0000  68.90000000
  0.355315  -0.0000  69.20000000
  0.355446  -0.0000  69.60000000
  0.355577  -0.0000  70.00000000
  0.355710  -0.0000  70.50000000
  0.355909  -0.0000  71.10000000
  0.356206  -0.0000  72.00000000
  0.356648  -0.0000  73.50000000
  0.357305  -0.0000  75.60000000
  0.358275  -0.0000  78.80000000
  0.359704  -0.0000  83.60000000
  0.361108  -0.0000  88.40000000
  0.362490  -0.0000  93.20000000
  0.363851  -0.0000  98.00000000
  0.365849  -0.0000 105.00000000
  0.368196  -0.0000 114.00000000
  0.370481  -0.0000 123.00000000
  0.370908  -0.0000 124.00000000
  0.371332  -0.0000 126.00000000
  0.371754  -0.0000 127.00000000
  0.372028  -0.0000 128.00000000
  0.372160  -0.0000 129.00000000
  0.372284  -0.0000 130.00000000
  0.372409  -0.0000 131.00000000
  0.372535  -0.0000 131.00000000
  0.372724  -0.0000 132.00000000
  0.373005  -0.0000 134.00000000
  0.373424  -0.0000 136.00000000
  0.374046  -0.0000 140.00000000
  0.374964  -0.0000 145.00000000
  0.376317  -0.0000 153.00000000
  0.378220  -0.0000 164.00000000
  0.380084  -0.0000 176.00000000
  0.381911  -0.0000 187.00000000
  0.383702  -0.0000 199.00000000
  0.385458  -0.0000 210.00000000
  0.387902  -0.0000 227.00000000
  0.388111  -0.0000 228.00000000
  0.388319  -0.0000 230.00000000
  0.388526  -0.0000 231.00000000
  0.388805  -0.0000 233.00000000
  0.388886  -0.0000 234.00000000
  0.389009  -0.0000 235.00000000
  0.389194  -0.0000 237.00000000
  0.389380  -0.0000 239.00000000
  0.389657  -0.0000 241.00000000
  0.390069  -0.0000 245.00000000
  0.390682  -0.0000 251.00000000
  0.391586  -0.0000 260.00000000
  0.392919  -0.0000 274.00000000
  0.394728  -0.0000 292.00000000
  0.396502  -0.0000 311.00000000
  0.398242  -0.0000 330.00000000
  0.399950  -0.0000 348.00000000
  0.402138  -0.0000 373.00000000
  0.404273  -0.0000 398.00000000
  0.404550  -0.0000 401.00000000
  0.404826  -0.0000 404.00000000
  0.405102  -0.0000 407.00000000
  0.405513  -0.0000 412.00000000
  0.405660  -0.0000 414.00000000
  0.405786  -0.0000 416.00000000
  0.405913  -0.0000 418.00000000
  0.406105  -0.0000 421.00000000
  0.406392  -0.0000 426.00000000
  0.406819  -0.0000 433.00000000
  0.407452  -0.0000 443.00000000
  0.408388  -0.0000 459.00000000
  0.409765  -0.0000 482.00000000
  0.411466  -0.0000 512.00000000
  0.413134  -0.0000 541.00000000
  0.414774  -0.0000 571.00000000
  0.416385  -0.0000 601.00000000
  0.418676  -0.0000 644.00000000
  0.420911  -0.0000 687.00000000
  0.421317  -0.0000 695.00000000
  0.421721  -0.0000 702.00000000
  0.422123  -0.0000 710.00000000
  0.422394  -0.0000 716.00000000
  0.422522  -0.0000 719.00000000
  0.422647  -0.0000 722.00000000
  0.422774  -0.0000 726.00000000
  0.422901  -0.0000 729.00000000
  0.423091  -0.0000 734.00000000
  0.423375  -0.0000 742.00000000
  0.423797  -0.0000 753.00000000
  0.424423  -0.0000 770.00000000
  0.425349  -0.0000 796.00000000
  0.426713  -0.0000 834.00000000
  0.428467  -0.0000 884.00000000
  0.430188  -0.0000 935.00000000
  0.431879  -0.0000 985.00000000
  0.433539  -0.0000 1035.00000000
  0.435844  -0.0000 1107.00000000
  0.438091  -0.0000 1179.00000000
  0.438332  -0.0000 1186.00000000
  0.438572  -0.0000 1194.00000000
  0.438811  -0.0000 1202.00000000
  0.439169  -0.0000 1213.00000000
  0.439309  -0.0000 1219.00000000
  0.439440  -0.0000 1225.00000000
  0.439572  -0.0000 1230.00000000
  0.439770  -0.0000 1239.00000000
  0.440065  -0.0000 1252.00000000
  0.440505  -0.0000 1271.00000000
  0.441157  -0.0000 1299.00000000
  0.442121  -0.0000 1342.00000000
  0.443540  -0.0000 1407.00000000
  0.444936  -0.0000 1471.00000000
  0.446310  -0.0000 1536.00000000
  0.447665  -0.0000 1600.00000000
  0.449655  -0.0000 1697.00000000
  0.452079  -0.0000 1818.00000000
  0.454443  -0.0000 1939.00000000
  0.454862  -0.0000 1961.00000000
  0.455279  -0.0000 1982.00000000
  0.455695  -0.0000 2004.00000000
  0.456025  -0.0000 2021.00000000
  0.456161  -0.0000 2030.00000000
  0.456295  -0.0000 2039.00000000
  0.456430  -0.0000 2048.00000000
  0.456565  -0.0000 2058.00000000
  0.456767  -0.0000 2071.00000000
  0.457068  -0.0000 2092.00000000
  0.457516  -0.0000 2123.00000000
  0.458180  -0.0000 2170.00000000
  0.459162  -0.0000 2239.00000000
  0.460607  -0.0000 2344.00000000
  0.462244  -0.0000 2465.00000000
  0.463852  -0.0000 2586.00000000
  0.465434  -0.0000 2706.00000000
  0.467539  -0.0000 2871.00000000
  0.469599  -0.0000 3035.00000000
  0.472169  -0.0000 3245.00000000
  0.472371  -0.0000 3262.00000000
  0.472573  -0.0000 3279.00000000
  0.472774  -0.0000 3295.00000000
  0.472968  -0.0000 3314.00000000
  0.473145  -0.0000 3333.00000000
  0.473324  -0.0000 3352.00000000
  0.473591  -0.0000 3381.00000000
  0.473857  -0.0000 3409.00000000
  0.474253  -0.0000 3452.00000000
  0.474841  -0.0000 3516.00000000
  0.475712  -0.0000 3613.00000000
  0.476996  -0.0000 3757.00000000
  0.478674  -0.0000 3950.00000000
  0.480322  -0.0000 4142.00000000
  0.481942  -0.0000 4334.00000000
  0.483536  -0.0000 4527.00000000
  0.485869  -0.0000 4816.00000000
  0.488480  -0.0000 5148.00000000
  0.488746  -0.0000 5182.00000000
  0.489012  -0.0000 5215.00000000
  0.489276  -0.0000 5249.00000000
  0.489671  -0.0000 5300.00000000
  0.489813  -0.0000 5323.00000000
  0.489951  -0.0000 5346.00000000
  0.490090  -0.0000 5369.00000000
  0.490298  -0.0000 5403.00000000
  0.490609  -0.0000 5454.00000000
  0.491071  -0.0000 5531.00000000
  0.491755  -0.0000 5646.00000000
  0.492768  -0.0000 5818.00000000
  0.494258  -0.0000 6077.00000000
  0.495724  -0.0000 6336.00000000
  0.497167  -0.0000 6596.00000000
  0.498589  -0.0000 6855.00000000
  0.500676  -0.0000 7243.00000000
  0.503179  -0.0000 7721.00000000
  0.505619  -0.0000 8199.00000000
  0.505853  -0.0000 8245.00000000
  0.506087  -0.0000 8291.00000000
  0.506320  -0.0000 8337.00000000
  0.506631  -0.0000 8407.00000000
  0.506700  -0.0000 8424.00000000
  0.506804  -0.0000 8450.00000000
  0.506961  -0.0000 8489.00000000
  0.507195  -0.0000 8547.00000000
  0.507544  -0.0000 8634.00000000
  0.508063  -0.0000 8766.00000000
  0.508832  -0.0000 8962.00000000
  0.509967  -0.0000 9258.00000000
  0.511508  -0.0000 9665.00000000
  0.512754  -0.0000 10000.00000000
  0.512134  -0.0000 10000.00000000
  0.512134  -0.0000 10000.00000000
  0.512134  -0.0000 10000.00000000
  0.512134  -0.0000 10000.00000000
  0.512134  -0.0000 10000.00000000
  0.512134  -0.0000 10000.00000000
  0.512134  -0.0000 10000.00000000
  0.512134  -0.0000 10000.00000000
  0.512134  -0.0000 10000.00000000
  0.512133  -0.0000 10000.00000000
  0.512133  -0.0000 10000.00000000
  0.512132  -0.0000 10000.00000000
  0.512130  -0.0000 10000.00000000
  0.512128  -0.0000 10000.00000000
  0.512127  -0.0000 10000.00000000
