  0.000059  -0.0000   0.00100000
  0.000131  -0.0000   0.00200000
  0.000371  -0.0000   0.00300000
  0.001853  -0.0000   0.00371300
  0.006396  -0.0000   0.00442700
  0.006568  -0.0000   0.00514000
  0.006684  -0.0000   0.00557200
  0.006824  -0.0000   0.00600400
  0.006998  -0.0000   0.00643600
  0.007177  -0.0000   0.00680400
  0.007393  -0.0000   0.00717100
  0.007654  -0.0000   0.00753900
  0.007877  -0.0000   0.00781400
  0.008131  -0.0000   0.00808900
  0.008419  -0.0000   0.00836400
  0.008757  -0.0000   0.00864900
  0.009135  -0.0000   0.00893400
  0.009556  -0.0000   0.00922000
  0.010010  -0.0000   0.00950100
  0.010507  -0.0000   0.00978100
  0.011044  -0.0000   0.01006000
  0.011763  -0.0000   0.01041000
  0.012538  -0.0000   0.01075000
  0.013366  -0.0000   0.01109000
  0.014241  -0.0000   0.01144000
  0.015158  -0.0000   0.01178000
  0.016114  -0.0000   0.01213000
  0.017104  -0.0000   0.01247000
  0.018347  -0.0000   0.01289000
  0.019626  -0.0000   0.01330000
  0.019651  -0.0000   0.01332000
  0.019658  -0.0000   0.01334000
  0.019663  -0.0000   0.01337000
  0.019670  -0.0000   0.01340000
  0.019678  -0.0000   0.01344000
  0.019687  -0.0000   0.01351000
  0.019699  -0.0000   0.01362000
  0.019713  -0.0000   0.01378000
  0.019730  -0.0000   0.01402000
  0.019753  -0.0000   0.01437000
  0.019782  -0.0000   0.01491000
  0.019822  -0.0000   0.01571000
  0.019880  -0.0000   0.01692000
  0.019968  -0.0000   0.01872000
  0.020130  -0.0000   0.02144000
  0.020244  -0.0000   0.02301000
  0.020385  -0.0000   0.02459000
  0.020562  -0.0000   0.02617000
  0.020760  -0.0000   0.02761000
  0.021000  -0.0000   0.02906000
  0.021290  -0.0000   0.03051000
  0.021554  -0.0000   0.03165000
  0.021857  -0.0000   0.03280000
  0.022201  -0.0000   0.03395000
  0.022542  -0.0000   0.03497000
  0.022921  -0.0000   0.03599000
  0.023338  -0.0000   0.03701000
  0.023765  -0.0000   0.03796000
  0.024229  -0.0000   0.03892000
  0.024732  -0.0000   0.03987000
  0.025261  -0.0000   0.04081000
  0.025829  -0.0000   0.04174000
  0.026436  -0.0000   0.04267000
  0.027096  -0.0000   0.04362000
  0.027797  -0.0000   0.04458000
  0.028540  -0.0000   0.04553000
  0.029366  -0.0000   0.04653000
  0.030238  -0.0000   0.04753000
  0.031155  -0.0000   0.04852000
  0.032231  -0.0000   0.04964000
  0.033363  -0.0000   0.05075000
  0.034549  -0.0000   0.05186000
  0.035254  -0.0000   0.05250000
  0.035388  -0.0000   0.05262000
  0.035522  -0.0000   0.05275000
  0.035633  -0.0000   0.05287000
  0.035653  -0.0000   0.05296000
  0.035669  -0.0000   0.05305000
  0.035683  -0.0000   0.05313000
  0.035700  -0.0000   0.05327000
  0.035722  -0.0000   0.05347000
  0.035751  -0.0000   0.05377000
  0.035787  -0.0000   0.05422000
  0.035836  -0.0000   0.05490000
  0.035902  -0.0000   0.05592000
  0.035998  -0.0000   0.05744000
  0.036151  -0.0000   0.05973000
  0.036426  -0.0000   0.06316000
  0.036647  -0.0000   0.06553000
  0.036903  -0.0000   0.06791000
  0.037196  -0.0000   0.07029000
  0.037730  -0.0000   0.07385000
  0.038220  -0.0000   0.07669000
  0.038782  -0.0000   0.07953000
  0.039421  -0.0000   0.08236000
  0.040143  -0.0000   0.08520000
  0.040954  -0.0000   0.08804000
  0.041708  -0.0000   0.09044000
  0.042533  -0.0000   0.09284000
  0.043432  -0.0000   0.09524000
  0.044408  -0.0000   0.09765000
  0.045464  -0.0000   0.10000000
  0.046601  -0.0000   0.10200000
  0.047823  -0.0000   0.10500000
  0.049131  -0.0000   0.10700000
  0.050526  -0.0000   0.11000000
  0.052007  -0.0000   0.11200000
  0.052253  -0.0000   0.11200000
  0.052502  -0.0000   0.11300000
  0.052752  -0.0000   0.11300000
  0.052949  -0.0000   0.11400000
  0.052991  -0.0000   0.11400000
  0.053024  -0.0000   0.11400000
  0.053052  -0.0000   0.11400000
  0.053089  -0.0000   0.11500000
  0.053138  -0.0000   0.11500000
  0.053203  -0.0000   0.11600000
  0.053293  -0.0000   0.11700000
  0.053424  -0.0000   0.11900000
  0.053631  -0.0000   0.12100000
  0.053984  -0.0000   0.12500000
  0.054367  -0.0000   0.12900000
  0.054799  -0.0000   0.13200000
  0.055283  -0.0000   0.13600000
  0.055867  -0.0000   0.14000000
  0.056517  -0.0000   0.14400000
  0.057239  -0.0000   0.14800000
  0.057984  -0.0000   0.15200000
  0.058800  -0.0000   0.15500000
  0.059690  -0.0000   0.15900000
  0.060630  -0.0000   0.16300000
  0.061646  -0.0000   0.16600000
  0.062742  -0.0000   0.17000000
  0.063920  -0.0000   0.17400000
  0.065184  -0.0000   0.17700000
  0.066534  -0.0000   0.18100000
  0.067973  -0.0000   0.18400000
  0.069500  -0.0000   0.18800000
  0.069681  -0.0000   0.18800000
  0.069864  -0.0000   0.18900000
  0.070047  -0.0000   0.18900000
  0.070229  -0.0000   0.19000000
  0.070310  -0.0000   0.19000000
  0.070377  -0.0000   0.19100000
  0.070437  -0.0000   0.19200000
  0.070493  -0.0000   0.19200000
  0.070572  -0.0000   0.19300000
  0.070688  -0.0000   0.19500000
  0.070867  -0.0000   0.19700000
  0.071153  -0.0000   0.20000000
  0.071634  -0.0000   0.20500000
  0.072220  -0.0000   0.21000000
  0.072871  -0.0000   0.21600000
  0.073589  -0.0000   0.22100000
  0.074394  -0.0000   0.22600000
  0.075276  -0.0000   0.23200000
  0.076239  -0.0000   0.23700000
  0.077438  -0.0000   0.24300000
  0.078485  -0.0000   0.24800000
  0.079612  -0.0000   0.25300000
  0.080820  -0.0000   0.25800000
  0.082272  -0.0000   0.26300000
  0.083831  -0.0000   0.26900000
  0.085213  -0.0000   0.27300000
  0.086672  -0.0000   0.27800000
  0.086873  -0.0000   0.27800000
  0.087075  -0.0000   0.27900000
  0.087278  -0.0000   0.28000000
  0.087393  -0.0000   0.28000000
  0.087460  -0.0000   0.28100000
  0.087517  -0.0000   0.28100000
  0.087594  -0.0000   0.28200000
  0.087699  -0.0000   0.28300000
  0.087850  -0.0000   0.28500000
  0.088081  -0.0000   0.28800000
  0.088452  -0.0000   0.29200000
  0.089071  -0.0000   0.29800000
  0.089751  -0.0000   0.30500000
  0.090494  -0.0000   0.31100000
  0.091300  -0.0000   0.31700000
  0.092217  -0.0000   0.32400000
  0.093210  -0.0000   0.33000000
  0.094283  -0.0000   0.33700000
  0.095415  -0.0000   0.34300000
  0.096631  -0.0000   0.35000000
  0.097932  -0.0000   0.35600000
  0.099495  -0.0000   0.36300000
  0.101170  -0.0000   0.37100000
  0.102636  -0.0000   0.37700000
  0.104180  -0.0000   0.38300000
  0.104349  -0.0000   0.38300000
  0.104519  -0.0000   0.38400000
  0.104676  -0.0000   0.38400000
  0.104759  -0.0000   0.38500000
  0.104830  -0.0000   0.38600000
  0.104894  -0.0000   0.38700000
  0.104955  -0.0000   0.38700000
  0.105041  -0.0000   0.38800000
  0.105167  -0.0000   0.39000000
  0.105358  -0.0000   0.39200000
  0.105656  -0.0000   0.39600000
  0.106138  -0.0000   0.40100000
  0.106932  -0.0000   0.40900000
  0.107796  -0.0000   0.41700000
  0.108732  -0.0000   0.42500000
  0.109740  -0.0000   0.43300000
  0.110843  -0.0000   0.44100000
  0.112028  -0.0000   0.44900000
  0.113297  -0.0000   0.45700000
  0.114633  -0.0000   0.46500000
  0.116056  -0.0000   0.47300000
  0.117570  -0.0000   0.48100000
  0.119176  -0.0000   0.48900000
  0.120874  -0.0000   0.49600000
  0.121239  -0.0000   0.49800000
  0.121608  -0.0000   0.50000000
  0.121981  -0.0000   0.50100000
  0.122079  -0.0000   0.50200000
  0.122151  -0.0000   0.50300000
  0.122215  -0.0000   0.50400000
  0.122304  -0.0000   0.50500000
  0.122429  -0.0000   0.50600000
  0.122613  -0.0000   0.50800000
  0.122897  -0.0000   0.51200000
  0.123349  -0.0000   0.51700000
  0.124082  -0.0000   0.52500000
  0.124868  -0.0000   0.53300000
  0.125705  -0.0000   0.54100000
  0.127078  -0.0000   0.55300000
  0.128574  -0.0000   0.56400000
  0.129895  -0.0000   0.57400000
  0.131306  -0.0000   0.58400000
  0.132809  -0.0000   0.59400000
  0.134408  -0.0000   0.60300000
  0.136104  -0.0000   0.61300000
  0.137899  -0.0000   0.62300000
  0.138652  -0.0000   0.62700000
  0.139406  -0.0000   0.63100000
  0.139487  -0.0000   0.63200000
  0.139559  -0.0000   0.63300000
  0.139625  -0.0000   0.63300000
  0.139718  -0.0000   0.63400000
  0.139852  -0.0000   0.63600000
  0.140051  -0.0000   0.63900000
  0.140359  -0.0000   0.64300000
  0.140848  -0.0000   0.64900000
  0.141635  -0.0000   0.65700000
  0.142473  -0.0000   0.66600000
  0.143360  -0.0000   0.67500000
  0.144802  -0.0000   0.68800000
  0.146361  -0.0000   0.70100000
  0.148039  -0.0000   0.71400000
  0.149552  -0.0000   0.72500000
  0.151156  -0.0000   0.73700000
  0.152853  -0.0000   0.74800000
  0.154646  -0.0000   0.75900000
  0.156533  -0.0000   0.77000000
  0.156689  -0.0000   0.77100000
  0.156825  -0.0000   0.77200000
  0.156913  -0.0000   0.77300000
  0.157027  -0.0000   0.77400000
  0.157185  -0.0000   0.77600000
  0.157339  -0.0000   0.77800000
  0.157573  -0.0000   0.78100000
  0.157937  -0.0000   0.78600000
  0.158512  -0.0000   0.79300000
  0.159348  -0.0000   0.80300000
  0.160230  -0.0000   0.81200000
  0.161159  -0.0000   0.82200000
  0.162655  -0.0000   0.83600000
  0.164258  -0.0000   0.85000000
  0.165971  -0.0000   0.86500000
  0.167797  -0.0000   0.87900000
  0.169740  -0.0000   0.89300000
  0.171802  -0.0000   0.90800000
  0.173640  -0.0000   0.92000000
  0.173830  -0.0000   0.92100000
  0.174021  -0.0000   0.92200000
  0.174197  -0.0000   0.92400000
  0.174321  -0.0000   0.92500000
  0.174431  -0.0000   0.92600000
  0.174536  -0.0000   0.92800000
  0.174639  -0.0000   0.92900000
  0.174791  -0.0000   0.93100000
  0.175024  -0.0000   0.93400000
  0.175385  -0.0000   0.93900000
  0.175953  -0.0000   0.94600000
  0.176854  -0.0000   0.95700000
  0.177802  -0.0000   0.96800000
  0.179328  -0.0000   0.98400000
  0.180959  -0.0000   1.00000000
  0.182523  -0.0000   1.02000000
  0.184058  -0.0000   1.03000000
  0.185569  -0.0000   1.05000000
  0.187784  -0.0000   1.07000000
  0.190308  -0.0000   1.10000000
  0.190546  -0.0000   1.10000000
  0.190784  -0.0000   1.11000000
  0.191021  -0.0000   1.11000000
  0.191375  -0.0000   1.11000000
  0.191538  -0.0000   1.11000000
  0.191650  -0.0000   1.12000000
  0.191752  -0.0000   1.12000000
  0.191896  -0.0000   1.12000000
  0.192038  -0.0000   1.13000000
  0.192249  -0.0000   1.13000000
  0.192569  -0.0000   1.14000000
  0.193053  -0.0000   1.15000000
  0.193780  -0.0000   1.17000000
  0.194864  -0.0000   1.19000000
  0.196469  -0.0000   1.23000000
  0.198827  -0.0000   1.29000000
  0.201138  -0.0000   1.34000000
  0.203402  -0.0000   1.40000000
  0.205622  -0.0000   1.46000000
  0.208383  -0.0000   1.53000000
  0.208538  -0.0000   1.53000000
  0.208683  -0.0000   1.54000000
  0.208779  -0.0000   1.54000000
  0.208905  -0.0000   1.55000000
  0.209026  -0.0000   1.55000000
  0.209144  -0.0000   1.56000000
  0.209322  -0.0000   1.57000000
  0.209591  -0.0000   1.58000000
  0.209998  -0.0000   1.60000000
  0.210610  -0.0000   1.64000000
  0.211525  -0.0000   1.68000000
  0.212883  -0.0000   1.75000000
  0.214886  -0.0000   1.86000000
  0.217128  -0.0000   1.98000000
  0.219330  -0.0000   2.10000000
  0.221492  -0.0000   2.21000000
  0.224286  -0.0000   2.37000000
  0.224573  -0.0000   2.39000000
  0.224860  -0.0000   2.41000000
  0.225146  -0.0000   2.42000000
  0.225573  -0.0000   2.45000000
  0.225809  -0.0000   2.46000000
  0.225927  -0.0000   2.47000000
  0.226033  -0.0000   2.48000000
  0.226136  -0.0000   2.49000000
  0.226238  -0.0000   2.50000000
  0.226391  -0.0000   2.52000000
  0.226623  -0.0000   2.54000000
  0.226973  -0.0000   2.58000000
  0.227500  -0.0000   2.63000000
  0.228288  -0.0000   2.72000000
  0.229460  -0.0000   2.84000000
  0.231194  -0.0000   3.02000000
  0.233742  -0.0000   3.30000000
  0.236241  -0.0000   3.58000000
  0.238691  -0.0000   3.86000000
  0.241092  -0.0000   4.13000000
  0.241659  -0.0000   4.20000000
  0.242223  -0.0000   4.26000000
  0.242785  -0.0000   4.33000000
  0.242957  -0.0000   4.35000000
  0.243072  -0.0000   4.37000000
  0.243179  -0.0000   4.39000000
  0.243336  -0.0000   4.43000000
  0.243494  -0.0000   4.46000000
  0.243732  -0.0000   4.51000000
  0.244092  -0.0000   4.58000000
  0.244633  -0.0000   4.69000000
  0.245441  -0.0000   4.85000000
  0.246644  -0.0000   5.10000000
  0.248423  -0.0000   5.47000000
  0.251037  -0.0000   6.02000000
  0.253602  -0.0000   6.58000000
  0.256117  -0.0000   7.13000000
  0.258583  -0.0000   7.69000000
  0.258924  -0.0000   7.76000000
  0.259264  -0.0000   7.84000000
  0.259603  -0.0000   7.92000000
  0.260090  -0.0000   8.03000000
  0.260211  -0.0000   8.07000000
  0.260325  -0.0000   8.12000000
  0.260437  -0.0000   8.16000000
  0.260549  -0.0000   8.20000000
  0.260720  -0.0000   8.27000000
  0.260977  -0.0000   8.37000000
  0.261364  -0.0000   8.51000000
  0.261945  -0.0000   8.73000000
  0.262812  -0.0000   9.06000000
  0.264100  -0.0000   9.55000000
  0.266003  -0.0000  10.30000000
  0.268801  -0.0000  11.40000000
  0.271543  -0.0000  12.50000000
  0.274230  -0.0000  13.60000000
  0.276862  -0.0000  14.70000000
  0.277033  -0.0000  14.80000000
  0.277199  -0.0000  14.90000000
  0.277311  -0.0000  14.90000000
  0.277468  -0.0000  15.00000000
  0.277625  -0.0000  15.20000000
  0.277784  -0.0000  15.30000000
  0.278024  -0.0000  15.40000000
  0.278386  -0.0000  15.70000000
  0.278927  -0.0000  16.00000000
  0.279736  -0.0000  16.60000000
  0.280937  -0.0000  17.40000000
  0.282716  -0.0000  18.60000000
  0.285333  -0.0000  20.50000000
  0.287902  -0.0000  22.30000000
  0.290426  -0.0000  24.20000000
  0.292902  -0.0000  26.00000000
  0.293223  -0.0000  26.20000000
  0.293543  -0.0000  26.50000000
  0.293862  -0.0000  26.70000000
  0.294318  -0.0000  27.10000000
  0.294436  -0.0000  27.20000000
  0.294607  -0.0000  27.40000000
  0.294778  -0.0000  27.60000000
  0.294951  -0.0000  27.80000000
  0.295212  -0.0000  28.10000000
  0.295604  -0.0000  28.60000000
  0.296190  -0.0000  29.30000000
  0.297065  -0.0000  30.30000000
  0.298364  -0.0000  31.80000000
  0.300286  -0.0000  34.10000000
  0.303112  -0.0000  37.60000000
  0.305884  -0.0000  41.00000000
  0.308603  -0.0000  44.50000000
  0.311268  -0.0000  48.00000000
  0.311432  -0.0000  48.20000000
  0.311546  -0.0000  48.40000000
  0.311655  -0.0000  48.60000000
  0.311820  -0.0000  48.90000000
  0.311987  -0.0000  49.30000000
  0.312238  -0.0000  49.80000000
  0.312616  -0.0000  50.50000000
  0.313182  -0.0000  51.60000000
  0.314025  -0.0000  53.20000000
  0.315278  -0.0000  55.70000000
  0.317132  -0.0000  59.40000000
  0.319862  -0.0000  65.00000000
  0.322542  -0.0000  70.60000000
  0.325173  -0.0000  76.20000000
  0.327755  -0.0000  81.80000000
  0.327969  -0.0000  82.20000000
  0.328182  -0.0000  82.70000000
  0.328394  -0.0000  83.10000000
  0.328648  -0.0000  83.80000000
  0.328862  -0.0000  84.50000000
  0.329079  -0.0000  85.20000000
  0.329297  -0.0000  85.90000000
  0.329625  -0.0000  87.00000000
  0.330117  -0.0000  88.50000000
  0.330850  -0.0000  90.90000000
  0.331941  -0.0000  94.40000000
  0.333558  -0.0000  99.60000000
  0.335944  -0.0000 108.00000000
  0.338292  -0.0000 115.00000000
  0.340604  -0.0000 123.00000000
  0.342880  -0.0000 131.00000000
  0.345674  -0.0000 141.00000000
  0.345796  -0.0000 142.00000000
  0.345916  -0.0000 142.00000000
  0.346036  -0.0000 143.00000000
  0.346157  -0.0000 144.00000000
  0.346340  -0.0000 145.00000000
  0.346615  -0.0000 146.00000000
  0.347028  -0.0000 148.00000000
  0.347645  -0.0000 151.00000000
  0.348565  -0.0000 156.00000000
  0.349933  -0.0000 163.00000000
  0.351957  -0.0000 173.00000000
  0.354466  -0.0000 187.00000000
  0.356935  -0.0000 200.00000000
  0.359364  -0.0000 213.00000000
  0.361753  -0.0000 227.00000000
  0.362033  -0.0000 228.00000000
  0.362312  -0.0000 230.00000000
  0.362591  -0.0000 232.00000000
  0.362956  -0.0000 234.00000000
  0.363157  -0.0000 235.00000000
  0.363361  -0.0000 237.00000000
  0.363566  -0.0000 239.00000000
  0.363771  -0.0000 240.00000000
  0.364079  -0.0000 243.00000000
  0.364540  -0.0000 246.00000000
  0.365227  -0.0000 252.00000000
  0.366251  -0.0000 260.00000000
  0.367769  -0.0000 272.00000000
  0.370012  -0.0000 290.00000000
  0.372288  -0.0000 309.00000000
  0.374531  -0.0000 328.00000000
  0.376741  -0.0000 347.00000000
  0.379553  -0.0000 371.00000000
  0.379735  -0.0000 373.00000000
  0.379897  -0.0000 374.00000000
  0.380028  -0.0000 376.00000000
  0.380224  -0.0000 378.00000000
  0.380423  -0.0000 381.00000000
  0.380622  -0.0000 383.00000000
  0.380921  -0.0000 387.00000000
  0.381368  -0.0000 392.00000000
  0.382036  -0.0000 400.00000000
  0.383029  -0.0000 412.00000000
  0.384503  -0.0000 430.00000000
  0.386682  -0.0000 457.00000000
  0.388970  -0.0000 486.00000000
  0.391226  -0.0000 515.00000000
  0.393450  -0.0000 544.00000000
  0.396200  -0.0000 580.00000000
  0.396424  -0.0000 583.00000000
  0.396647  -0.0000 586.00000000
  0.396869  -0.0000 589.00000000
  0.397147  -0.0000 593.00000000
  0.397392  -0.0000 598.00000000
  0.397640  -0.0000 602.00000000
  0.397888  -0.0000 606.00000000
  0.398137  -0.0000 611.00000000
  0.398509  -0.0000 618.00000000
  0.399065  -0.0000 628.00000000
  0.399894  -0.0000 642.00000000
  0.401125  -0.0000 665.00000000
  0.402948  -0.0000 699.00000000
  0.405238  -0.0000 741.00000000
  0.407495  -0.0000 784.00000000
  0.409720  -0.0000 827.00000000
  0.412356  -0.0000 879.00000000
  0.412853  -0.0000 889.00000000
  0.413347  -0.0000 899.00000000
  0.413840  -0.0000 908.00000000
  0.414134  -0.0000 914.00000000
  0.414298  -0.0000 918.00000000
  0.414455  -0.0000 922.00000000
  0.414613  -0.0000 927.00000000
  0.414772  -0.0000 931.00000000
  0.415011  -0.0000 937.00000000
  0.415369  -0.0000 946.00000000
  0.415903  -0.0000 961.00000000
  0.416699  -0.0000 982.00000000
  0.417883  -0.0000 1013.00000000
  0.419637  -0.0000 1061.00000000
  0.422225  -0.0000 1132.00000000
  0.424772  -0.0000 1203.00000000
  0.427279  -0.0000 1275.00000000
  0.429746  -0.0000 1346.00000000
  0.430173  -0.0000 1358.00000000
  0.430598  -0.0000 1371.00000000
  0.431022  -0.0000 1383.00000000
  0.431324  -0.0000 1392.00000000
  0.431383  -0.0000 1394.00000000
  0.431440  -0.0000 1396.00000000
  0.431527  -0.0000 1400.00000000
  0.431658  -0.0000 1405.00000000
  0.431855  -0.0000 1412.00000000
  0.432151  -0.0000 1423.00000000
  0.432595  -0.0000 1440.00000000
  0.433258  -0.0000 1466.00000000
  0.434244  -0.0000 1504.00000000
  0.435708  -0.0000 1561.00000000
  0.437873  -0.0000 1646.00000000
  0.440010  -0.0000 1732.00000000
  0.442118  -0.0000 1817.00000000
  0.444199  -0.0000 1903.00000000
  0.447023  -0.0000 2021.00000000
  0.447344  -0.0000 2035.00000000
  0.447664  -0.0000 2048.00000000
  0.447983  -0.0000 2061.00000000
  0.448461  -0.0000 2082.00000000
  0.448604  -0.0000 2089.00000000
  0.448746  -0.0000 2097.00000000
  0.448889  -0.0000 2105.00000000
  0.449105  -0.0000 2117.00000000
  0.449428  -0.0000 2134.00000000
  0.449911  -0.0000 2161.00000000
  0.450632  -0.0000 2200.00000000
  0.451704  -0.0000 2259.00000000
  0.453294  -0.0000 2348.00000000
  0.455643  -0.0000 2481.00000000
  0.457960  -0.0000 2614.00000000
  0.460243  -0.0000 2747.00000000
  0.462495  -0.0000 2880.00000000
  0.464714  -0.0000 3013.00000000
  0.464939  -0.0000 3026.00000000
  0.465163  -0.0000 3040.00000000
  0.465388  -0.0000 3053.00000000
  0.465692  -0.0000 3074.00000000
  0.465790  -0.0000 3081.00000000
  0.465938  -0.0000 3092.00000000
  0.466161  -0.0000 3110.00000000
  0.466385  -0.0000 3127.00000000
  0.466720  -0.0000 3152.00000000
  0.467220  -0.0000 3191.00000000
  0.467967  -0.0000 3248.00000000
  0.469077  -0.0000 3335.00000000
  0.470724  -0.0000 3464.00000000
  0.473156  -0.0000 3659.00000000
  0.475554  -0.0000 3853.00000000
  0.477917  -0.0000 4048.00000000
  0.480245  -0.0000 4242.00000000
  0.482539  -0.0000 4437.00000000
  0.482729  -0.0000 4453.00000000
  0.482888  -0.0000 4469.00000000
  0.483037  -0.0000 4485.00000000
  0.483264  -0.0000 4509.00000000
  0.483491  -0.0000 4534.00000000
  0.483832  -0.0000 4570.00000000
  0.484341  -0.0000 4624.00000000
  0.485099  -0.0000 4706.00000000
  0.486227  -0.0000 4828.00000000
  0.487900  -0.0000 5011.00000000
  0.490370  -0.0000 5286.00000000
  0.492805  -0.0000 5561.00000000
  0.495204  -0.0000 5836.00000000
  0.497568  -0.0000 6111.00000000
  0.499898  -0.0000 6386.00000000
  0.500057  -0.0000 6409.00000000
  0.500212  -0.0000 6431.00000000
  0.500368  -0.0000 6454.00000000
  0.500603  -0.0000 6488.00000000
  0.500954  -0.0000 6540.00000000
  0.501479  -0.0000 6617.00000000
  0.502261  -0.0000 6733.00000000
  0.503424  -0.0000 6906.00000000
  0.505148  -0.0000 7166.00000000
  0.507247  -0.0000 7487.00000000
  0.509319  -0.0000 7807.00000000
  0.511365  -0.0000 8128.00000000
  0.513989  -0.0000 8546.00000000
  0.516570  -0.0000 8963.00000000
  0.516778  -0.0000 8997.00000000
  0.516985  -0.0000 9031.00000000
  0.517170  -0.0000 9064.00000000
  0.517233  -0.0000 9077.00000000
  0.517327  -0.0000 9096.00000000
  0.517469  -0.0000 9124.00000000
  0.517684  -0.0000 9167.00000000
  0.518005  -0.0000 9231.00000000
  0.518485  -0.0000 9327.00000000
  0.519200  -0.0000 9470.00000000
  0.520265  -0.0000 9686.00000000
  0.521799  -0.0000 10000.00000000
  0.521064  -0.0000 10000.00000000
  0.521064  -0.0000 10000.00000000
  0.521064  -0.0000 10000.00000000
  0.521064  -0.0000 10000.00000000
  0.521064  -0.0000 10000.00000000
  0.521064  -0.0000 10000.00000000
  0.521064  -0.0000 10000.00000000
  0.521064  -0.0000 10000.00000000
  0.521063  -0.0000 10000.00000000
  0.521062  -0.0000 10000.00000000
  0.521060  -0.0000 10000.00000000
  0.521057  -0.0000 10000.00000000
  0.521056  -0.0000 10000.00000000
