  0.000037  -0.0000   0.00100000
  0.000093  -0.0000   0.00200000
  0.000298  -0.0000   0.00300000
  0.000701  -0.0000   0.00332500
  0.004685  -0.0000   0.00365100
  0.006309  -0.0000   0.00373200
  0.006343  -0.0000   0.00385400
  0.006399  -0.0000   0.00403700
  0.006516  -0.0000   0.00431100
  0.006632  -0.0000   0.00452200
  0.006782  -0.0000   0.00473300
  0.006972  -0.0000   0.00494400
  0.007151  -0.0000   0.00511000
  0.007361  -0.0000   0.00527600
  0.007607  -0.0000   0.00544200
  0.007892  -0.0000   0.00561000
  0.008216  -0.0000   0.00577700
  0.008579  -0.0000   0.00594500
  0.009003  -0.0000   0.00612100
  0.009469  -0.0000   0.00629700
  0.009973  -0.0000   0.00647300
  0.010647  -0.0000   0.00668900
  0.011366  -0.0000   0.00690600
  0.012122  -0.0000   0.00712300
  0.012909  -0.0000   0.00734000
  0.013721  -0.0000   0.00755700
  0.014939  -0.0000   0.00787200
  0.016187  -0.0000   0.00818600
  0.017461  -0.0000   0.00850100
  0.018758  -0.0000   0.00881500
  0.018854  -0.0000   0.00883900
  0.018950  -0.0000   0.00886200
  0.019047  -0.0000   0.00888600
  0.019191  -0.0000   0.00892100
  0.019408  -0.0000   0.00897300
  0.019443  -0.0000   0.00899000
  0.019448  -0.0000   0.00900700
  0.019451  -0.0000   0.00902400
  0.019454  -0.0000   0.00904900
  0.019458  -0.0000   0.00908700
  0.019463  -0.0000   0.00914300
  0.019469  -0.0000   0.00922800
  0.019477  -0.0000   0.00935600
  0.019486  -0.0000   0.00954700
  0.019498  -0.0000   0.00983400
  0.019513  -0.0000   0.01026000
  0.019534  -0.0000   0.01091000
  0.019564  -0.0000   0.01188000
  0.019616  -0.0000   0.01333000
  0.019745  -0.0000   0.01551000
  0.019821  -0.0000   0.01650000
  0.019922  -0.0000   0.01748000
  0.020054  -0.0000   0.01847000
  0.020200  -0.0000   0.01935000
  0.020382  -0.0000   0.02022000
  0.020604  -0.0000   0.02110000
  0.020833  -0.0000   0.02187000
  0.021099  -0.0000   0.02263000
  0.021408  -0.0000   0.02340000
  0.021742  -0.0000   0.02413000
  0.022118  -0.0000   0.02486000
  0.022537  -0.0000   0.02559000
  0.023008  -0.0000   0.02633000
  0.023524  -0.0000   0.02708000
  0.024085  -0.0000   0.02782000
  0.024859  -0.0000   0.02875000
  0.025704  -0.0000   0.02968000
  0.026621  -0.0000   0.03061000
  0.027610  -0.0000   0.03154000
  0.028674  -0.0000   0.03247000
  0.029615  -0.0000   0.03324000
  0.030610  -0.0000   0.03402000
  0.031661  -0.0000   0.03480000
  0.032883  -0.0000   0.03565000
  0.034174  -0.0000   0.03650000
  0.034337  -0.0000   0.03661000
  0.034500  -0.0000   0.03672000
  0.034665  -0.0000   0.03682000
  0.034915  -0.0000   0.03698000
  0.034993  -0.0000   0.03703000
  0.035006  -0.0000   0.03709000
  0.035015  -0.0000   0.03714000
  0.035023  -0.0000   0.03719000
  0.035029  -0.0000   0.03724000
  0.035037  -0.0000   0.03731000
  0.035048  -0.0000   0.03743000
  0.035061  -0.0000   0.03760000
  0.035078  -0.0000   0.03786000
  0.035101  -0.0000   0.03825000
  0.035132  -0.0000   0.03883000
  0.035177  -0.0000   0.03970000
  0.035247  -0.0000   0.04100000
  0.035375  -0.0000   0.04296000
  0.035636  -0.0000   0.04590000
  0.035914  -0.0000   0.04833000
  0.036261  -0.0000   0.05077000
  0.036690  -0.0000   0.05321000
  0.037088  -0.0000   0.05515000
  0.037550  -0.0000   0.05708000
  0.038082  -0.0000   0.05902000
  0.038690  -0.0000   0.06095000
  0.039381  -0.0000   0.06289000
  0.040160  -0.0000   0.06482000
  0.040879  -0.0000   0.06644000
  0.041668  -0.0000   0.06806000
  0.042530  -0.0000   0.06968000
  0.043468  -0.0000   0.07131000
  0.044484  -0.0000   0.07293000
  0.045583  -0.0000   0.07455000
  0.046764  -0.0000   0.07617000
  0.048030  -0.0000   0.07779000
  0.049381  -0.0000   0.07942000
  0.050816  -0.0000   0.08104000
  0.051039  -0.0000   0.08129000
  0.051264  -0.0000   0.08154000
  0.051491  -0.0000   0.08179000
  0.051723  -0.0000   0.08208000
  0.051747  -0.0000   0.08220000
  0.051765  -0.0000   0.08233000
  0.051780  -0.0000   0.08245000
  0.051798  -0.0000   0.08264000
  0.051822  -0.0000   0.08291000
  0.051854  -0.0000   0.08333000
  0.051899  -0.0000   0.08396000
  0.051963  -0.0000   0.08490000
  0.052065  -0.0000   0.08632000
  0.052236  -0.0000   0.08843000
  0.052544  -0.0000   0.09161000
  0.052881  -0.0000   0.09460000
  0.053273  -0.0000   0.09758000
  0.053725  -0.0000   0.10100000
  0.054172  -0.0000   0.10300000
  0.054673  -0.0000   0.10600000
  0.055234  -0.0000   0.10800000
  0.055819  -0.0000   0.11100000
  0.056464  -0.0000   0.11300000
  0.057174  -0.0000   0.11600000
  0.057931  -0.0000   0.11800000
  0.058756  -0.0000   0.12100000
  0.059653  -0.0000   0.12300000
  0.060615  -0.0000   0.12500000
  0.061652  -0.0000   0.12800000
  0.062768  -0.0000   0.13000000
  0.063964  -0.0000   0.13300000
  0.065240  -0.0000   0.13500000
  0.066598  -0.0000   0.13700000
  0.068036  -0.0000   0.14000000
  0.068156  -0.0000   0.14000000
  0.068277  -0.0000   0.14000000
  0.068395  -0.0000   0.14000000
  0.068427  -0.0000   0.14000000
  0.068450  -0.0000   0.14100000
  0.068470  -0.0000   0.14100000
  0.068497  -0.0000   0.14100000
  0.068532  -0.0000   0.14100000
  0.068580  -0.0000   0.14200000
  0.068652  -0.0000   0.14300000
  0.068761  -0.0000   0.14400000
  0.068938  -0.0000   0.14600000
  0.069234  -0.0000   0.14900000
  0.069748  -0.0000   0.15400000
  0.070200  -0.0000   0.15800000
  0.070703  -0.0000   0.16100000
  0.071262  -0.0000   0.16500000
  0.071847  -0.0000   0.16800000
  0.072490  -0.0000   0.17200000
  0.073195  -0.0000   0.17500000
  0.073934  -0.0000   0.17900000
  0.074739  -0.0000   0.18200000
  0.075611  -0.0000   0.18500000
  0.076532  -0.0000   0.18800000
  0.077524  -0.0000   0.19200000
  0.078591  -0.0000   0.19500000
  0.079733  -0.0000   0.19800000
  0.080952  -0.0000   0.20100000
  0.082251  -0.0000   0.20400000
  0.083761  -0.0000   0.20800000
  0.084282  -0.0000   0.20900000
  0.084813  -0.0000   0.21000000
  0.084966  -0.0000   0.21100000
  0.085034  -0.0000   0.21100000
  0.085073  -0.0000   0.21100000
  0.085107  -0.0000   0.21200000
  0.085137  -0.0000   0.21200000
  0.085180  -0.0000   0.21300000
  0.085243  -0.0000   0.21300000
  0.085337  -0.0000   0.21400000
  0.085485  -0.0000   0.21600000
  0.085722  -0.0000   0.21900000
  0.086109  -0.0000   0.22300000
  0.086768  -0.0000   0.22800000
  0.087509  -0.0000   0.23400000
  0.088342  -0.0000   0.24000000
  0.089274  -0.0000   0.24600000
  0.090316  -0.0000   0.25200000
  0.091216  -0.0000   0.25600000
  0.092194  -0.0000   0.26100000
  0.093254  -0.0000   0.26500000
  0.094555  -0.0000   0.27000000
  0.095693  -0.0000   0.27500000
  0.096911  -0.0000   0.27900000
  0.098208  -0.0000   0.28300000
  0.099752  -0.0000   0.28800000
  0.101396  -0.0000   0.29200000
  0.101520  -0.0000   0.29300000
  0.101645  -0.0000   0.29300000
  0.101731  -0.0000   0.29300000
  0.101790  -0.0000   0.29400000
  0.101862  -0.0000   0.29500000
  0.101929  -0.0000   0.29600000
  0.101995  -0.0000   0.29600000
  0.102095  -0.0000   0.29800000
  0.102251  -0.0000   0.29900000
  0.102497  -0.0000   0.30200000
  0.102893  -0.0000   0.30600000
  0.103544  -0.0000   0.31200000
  0.104247  -0.0000   0.31800000
  0.105016  -0.0000   0.32400000
  0.105856  -0.0000   0.33000000
  0.106715  -0.0000   0.33600000
  0.107647  -0.0000   0.34100000
  0.108654  -0.0000   0.34700000
  0.109694  -0.0000   0.35200000
  0.110810  -0.0000   0.35800000
  0.112007  -0.0000   0.36300000
  0.113273  -0.0000   0.36800000
  0.114623  -0.0000   0.37400000
  0.116056  -0.0000   0.37900000
  0.117574  -0.0000   0.38400000
  0.117836  -0.0000   0.38500000
  0.118101  -0.0000   0.38600000
  0.118368  -0.0000   0.38700000
  0.118511  -0.0000   0.38800000
  0.118574  -0.0000   0.38800000
  0.118627  -0.0000   0.38900000
  0.118676  -0.0000   0.38900000
  0.118724  -0.0000   0.39000000
  0.118794  -0.0000   0.39100000
  0.118902  -0.0000   0.39200000
  0.119069  -0.0000   0.39400000
  0.119331  -0.0000   0.39700000
  0.119746  -0.0000   0.40100000
  0.120418  -0.0000   0.40800000
  0.121284  -0.0000   0.41500000
  0.122228  -0.0000   0.42300000
  0.123258  -0.0000   0.43100000
  0.124306  -0.0000   0.43800000
  0.125441  -0.0000   0.44500000
  0.126667  -0.0000   0.45200000
  0.127989  -0.0000   0.46000000
  0.129410  -0.0000   0.46700000
  0.130934  -0.0000   0.47400000
  0.132562  -0.0000   0.48100000
  0.134294  -0.0000   0.48800000
  0.134559  -0.0000   0.48900000
  0.134826  -0.0000   0.49100000
  0.135095  -0.0000   0.49200000
  0.135349  -0.0000   0.49300000
  0.135414  -0.0000   0.49300000
  0.135468  -0.0000   0.49400000
  0.135519  -0.0000   0.49500000
  0.135569  -0.0000   0.49500000
  0.135643  -0.0000   0.49600000
  0.135757  -0.0000   0.49700000
  0.135932  -0.0000   0.50000000
  0.136205  -0.0000   0.50300000
  0.136634  -0.0000   0.50700000
  0.137323  -0.0000   0.51400000
  0.138460  -0.0000   0.52500000
  0.139712  -0.0000   0.53500000
  0.140799  -0.0000   0.54400000
  0.141972  -0.0000   0.55200000
  0.143235  -0.0000   0.56000000
  0.144591  -0.0000   0.56900000
  0.146046  -0.0000   0.57700000
  0.147602  -0.0000   0.58600000
  0.149262  -0.0000   0.59400000
  0.151024  -0.0000   0.60300000
  0.151350  -0.0000   0.60400000
  0.151680  -0.0000   0.60600000
  0.152013  -0.0000   0.60700000
  0.152199  -0.0000   0.60800000
  0.152266  -0.0000   0.60900000
  0.152323  -0.0000   0.60900000
  0.152377  -0.0000   0.61000000
  0.152429  -0.0000   0.61100000
  0.152508  -0.0000   0.61200000
  0.152627  -0.0000   0.61300000
  0.152811  -0.0000   0.61500000
  0.153098  -0.0000   0.61900000
  0.153547  -0.0000   0.62400000
  0.154260  -0.0000   0.63100000
  0.155426  -0.0000   0.64300000
  0.156696  -0.0000   0.65400000
  0.158077  -0.0000   0.66500000
  0.159335  -0.0000   0.67500000
  0.160684  -0.0000   0.68500000
  0.162126  -0.0000   0.69400000
  0.163666  -0.0000   0.70400000
  0.165305  -0.0000   0.71300000
  0.167045  -0.0000   0.72300000
  0.168885  -0.0000   0.73300000
  0.169017  -0.0000   0.73300000
  0.169111  -0.0000   0.73400000
  0.169173  -0.0000   0.73500000
  0.169254  -0.0000   0.73600000
  0.169372  -0.0000   0.73700000
  0.169492  -0.0000   0.73900000
  0.169677  -0.0000   0.74100000
  0.169964  -0.0000   0.74500000
  0.170411  -0.0000   0.75000000
  0.171115  -0.0000   0.75800000
  0.172254  -0.0000   0.76900000
  0.173481  -0.0000   0.78100000
  0.174801  -0.0000   0.79300000
  0.176221  -0.0000   0.80500000
  0.177746  -0.0000   0.81600000
  0.179381  -0.0000   0.82800000
  0.181129  -0.0000   0.84000000
  0.182992  -0.0000   0.85200000
  0.184970  -0.0000   0.86300000
  0.185200  -0.0000   0.86500000
  0.185431  -0.0000   0.86600000
  0.185664  -0.0000   0.86800000
  0.185988  -0.0000   0.87000000
  0.186056  -0.0000   0.87000000
  0.186144  -0.0000   0.87200000
  0.186229  -0.0000   0.87300000
  0.186314  -0.0000   0.87400000
  0.186444  -0.0000   0.87600000
  0.186644  -0.0000   0.87800000
  0.186954  -0.0000   0.88200000
  0.187435  -0.0000   0.88800000
  0.188192  -0.0000   0.89600000
  0.189411  -0.0000   0.91000000
  0.190719  -0.0000   0.92300000
  0.192122  -0.0000   0.93600000
  0.193625  -0.0000   0.94900000
  0.195233  -0.0000   0.96200000
  0.196949  -0.0000   0.97500000
  0.198777  -0.0000   0.98800000
  0.200703  -0.0000   1.00000000
  0.202546  -0.0000   1.01000000
  0.202689  -0.0000   1.01000000
  0.202832  -0.0000   1.02000000
  0.202922  -0.0000   1.02000000
  0.203022  -0.0000   1.02000000
  0.203117  -0.0000   1.02000000
  0.203212  -0.0000   1.02000000
  0.203354  -0.0000   1.02000000
  0.203568  -0.0000   1.03000000
  0.203890  -0.0000   1.03000000
  0.204366  -0.0000   1.04000000
  0.205069  -0.0000   1.05000000
  0.206098  -0.0000   1.07000000
  0.207593  -0.0000   1.10000000
  0.209248  -0.0000   1.12000000
  0.210858  -0.0000   1.15000000
  0.212426  -0.0000   1.18000000
  0.214390  -0.0000   1.22000000
  0.216294  -0.0000   1.26000000
  0.218141  -0.0000   1.30000000
  0.218839  -0.0000   1.31000000
  0.219528  -0.0000   1.33000000
  0.219695  -0.0000   1.33000000
  0.219786  -0.0000   1.34000000
  0.219867  -0.0000   1.34000000
  0.219947  -0.0000   1.34000000
  0.220026  -0.0000   1.35000000
  0.220146  -0.0000   1.35000000
  0.220327  -0.0000   1.36000000
  0.220598  -0.0000   1.37000000
  0.221001  -0.0000   1.39000000
  0.221597  -0.0000   1.42000000
  0.222471  -0.0000   1.46000000
  0.223749  -0.0000   1.52000000
  0.225600  -0.0000   1.61000000
  0.227396  -0.0000   1.70000000
  0.229144  -0.0000   1.79000000
  0.230846  -0.0000   1.88000000
  0.232505  -0.0000   1.97000000
  0.234660  -0.0000   2.09000000
  0.235450  -0.0000   2.14000000
  0.236231  -0.0000   2.19000000
  0.236426  -0.0000   2.20000000
  0.236571  -0.0000   2.21000000
  0.236673  -0.0000   2.22000000
  0.236822  -0.0000   2.24000000
  0.236973  -0.0000   2.25000000
  0.237124  -0.0000   2.27000000
  0.237350  -0.0000   2.30000000
  0.237688  -0.0000   2.33000000
  0.238188  -0.0000   2.39000000
  0.238924  -0.0000   2.48000000
  0.240003  -0.0000   2.61000000
  0.241575  -0.0000   2.80000000
  0.243481  -0.0000   3.05000000
  0.245332  -0.0000   3.29000000
  0.247135  -0.0000   3.54000000
  0.248890  -0.0000   3.78000000
  0.250600  -0.0000   4.02000000
  0.252748  -0.0000   4.34000000
  0.252917  -0.0000   4.37000000
  0.253085  -0.0000   4.39000000
  0.253252  -0.0000   4.41000000
  0.253391  -0.0000   4.44000000
  0.253498  -0.0000   4.47000000
  0.253604  -0.0000   4.50000000
  0.253764  -0.0000   4.55000000
  0.254005  -0.0000   4.61000000
  0.254365  -0.0000   4.71000000
  0.254897  -0.0000   4.86000000
  0.255680  -0.0000   5.08000000
  0.256827  -0.0000   5.41000000
  0.258496  -0.0000   5.91000000
  0.260121  -0.0000   6.41000000
  0.261707  -0.0000   6.90000000
  0.263257  -0.0000   7.40000000
  0.265273  -0.0000   8.07000000
  0.267231  -0.0000   8.74000000
  0.269134  -0.0000   9.40000000
  0.269384  -0.0000   9.49000000
  0.269633  -0.0000   9.58000000
  0.269881  -0.0000   9.67000000
  0.270182  -0.0000   9.80000000
  0.270321  -0.0000   9.89000000
  0.270460  -0.0000   9.97000000
  0.270600  -0.0000  10.10000000
  0.270740  -0.0000  10.10000000
  0.270950  -0.0000  10.30000000
  0.271262  -0.0000  10.50000000
  0.271725  -0.0000  10.80000000
  0.272408  -0.0000  11.20000000
  0.273412  -0.0000  11.90000000
  0.274877  -0.0000  12.80000000
  0.276667  -0.0000  14.10000000
  0.278412  -0.0000  15.30000000
  0.280114  -0.0000  16.60000000
  0.281777  -0.0000  17.80000000
  0.283795  -0.0000  19.40000000
  0.285755  -0.0000  20.90000000
  0.286006  -0.0000  21.10000000
  0.286256  -0.0000  21.30000000
  0.286505  -0.0000  21.50000000
  0.286876  -0.0000  21.80000000
  0.286972  -0.0000  21.90000000
  0.287060  -0.0000  22.10000000
  0.287149  -0.0000  22.20000000
  0.287283  -0.0000  22.30000000
  0.287484  -0.0000  22.60000000
  0.287784  -0.0000  23.00000000
  0.288229  -0.0000  23.60000000
  0.288886  -0.0000  24.50000000
  0.289850  -0.0000  25.90000000
  0.291260  -0.0000  27.90000000
  0.292961  -0.0000  30.50000000
  0.294622  -0.0000  33.00000000
  0.296244  -0.0000  35.50000000
  0.297831  -0.0000  38.10000000
  0.299869  -0.0000  41.40000000
  0.301850  -0.0000  44.80000000
  0.303149  -0.0000  47.00000000
  0.303361  -0.0000  47.40000000
  0.303573  -0.0000  47.70000000
  0.303731  -0.0000  48.10000000
  0.303861  -0.0000  48.50000000
  0.303994  -0.0000  48.80000000
  0.304126  -0.0000  49.20000000
  0.304325  -0.0000  49.80000000
  0.304622  -0.0000  50.60000000
  0.305061  -0.0000  51.80000000
  0.305709  -0.0000  53.70000000
  0.306662  -0.0000  56.50000000
  0.308057  -0.0000  60.70000000
  0.309707  -0.0000  65.70000000
  0.311319  -0.0000  70.80000000
  0.312896  -0.0000  75.90000000
  0.314439  -0.0000  81.00000000
  0.316525  -0.0000  88.10000000
  0.318552  -0.0000  95.10000000
  0.320143  -0.0000 101.00000000
  0.320310  -0.0000 101.00000000
  0.320460  -0.0000 102.00000000
  0.320567  -0.0000 103.00000000
  0.320728  -0.0000 104.00000000
  0.320890  -0.0000 104.00000000
  0.321053  -0.0000 105.00000000
  0.321295  -0.0000 107.00000000
  0.321655  -0.0000 109.00000000
  0.322188  -0.0000 112.00000000
  0.322973  -0.0000 116.00000000
  0.324124  -0.0000 123.00000000
  0.325806  -0.0000 133.00000000
  0.327447  -0.0000 144.00000000
  0.329053  -0.0000 154.00000000
  0.330624  -0.0000 164.00000000
  0.332576  -0.0000 177.00000000
  0.334477  -0.0000 190.00000000
  0.336731  -0.0000 206.00000000
  0.336904  -0.0000 207.00000000
  0.337076  -0.0000 208.00000000
  0.337233  -0.0000 210.00000000
  0.337277  -0.0000 210.00000000
  0.337341  -0.0000 211.00000000
  0.337437  -0.0000 212.00000000
  0.337584  -0.0000 213.00000000
  0.337803  -0.0000 216.00000000
  0.338129  -0.0000 219.00000000
  0.338611  -0.0000 225.00000000
  0.339323  -0.0000 232.00000000
  0.340369  -0.0000 244.00000000
  0.341897  -0.0000 262.00000000
  0.343392  -0.0000 280.00000000
  0.344856  -0.0000 297.00000000
  0.346292  -0.0000 315.00000000
  0.348269  -0.0000 340.00000000
  0.350195  -0.0000 365.00000000
  0.352397  -0.0000 395.00000000
  0.352850  -0.0000 401.00000000
  0.353301  -0.0000 407.00000000
  0.353748  -0.0000 413.00000000
  0.353958  -0.0000 416.00000000
  0.354078  -0.0000 418.00000000
  0.354195  -0.0000 420.00000000
  0.354314  -0.0000 423.00000000
  0.354432  -0.0000 425.00000000
  0.354609  -0.0000 429.00000000
  0.354872  -0.0000 434.00000000
  0.355263  -0.0000 442.00000000
  0.355841  -0.0000 454.00000000
  0.356693  -0.0000 472.00000000
  0.357942  -0.0000 498.00000000
  0.359496  -0.0000 532.00000000
  0.361018  -0.0000 566.00000000
  0.362509  -0.0000 600.00000000
  0.363971  -0.0000 634.00000000
  0.366102  -0.0000 685.00000000
  0.368174  -0.0000 736.00000000
  0.370190  -0.0000 787.00000000
  0.370380  -0.0000 792.00000000
  0.370569  -0.0000 797.00000000
  0.370754  -0.0000 802.00000000
  0.370804  -0.0000 804.00000000
  0.370878  -0.0000 806.00000000
  0.370991  -0.0000 810.00000000
  0.371160  -0.0000 816.00000000
  0.371413  -0.0000 826.00000000
  0.371789  -0.0000 839.00000000
  0.372345  -0.0000 860.00000000
  0.373165  -0.0000 891.00000000
  0.374367  -0.0000 937.00000000
  0.375779  -0.0000 993.00000000
  0.377163  -0.0000 1048.00000000
  0.378522  -0.0000 1104.00000000
  0.380316  -0.0000 1179.00000000
  0.382068  -0.0000 1254.00000000
  0.384289  -0.0000 1352.00000000
  0.386447  -0.0000 1451.00000000
  0.386690  -0.0000 1462.00000000
  0.386933  -0.0000 1473.00000000
  0.387175  -0.0000 1484.00000000
  0.387534  -0.0000 1501.00000000
  0.387567  -0.0000 1503.00000000
  0.387615  -0.0000 1506.00000000
  0.387688  -0.0000 1510.00000000
  0.387798  -0.0000 1517.00000000
  0.387964  -0.0000 1528.00000000
  0.388211  -0.0000 1544.00000000
  0.388579  -0.0000 1568.00000000
  0.389122  -0.0000 1603.00000000
  0.389923  -0.0000 1657.00000000
  0.391100  -0.0000 1737.00000000
  0.392469  -0.0000 1832.00000000
  0.393812  -0.0000 1927.00000000
  0.395131  -0.0000 2022.00000000
  0.396929  -0.0000 2155.00000000
  0.398685  -0.0000 2288.00000000
  0.400929  -0.0000 2462.00000000
  0.403108  -0.0000 2637.00000000
  0.403407  -0.0000 2661.00000000
  0.403704  -0.0000 2685.00000000
  0.404000  -0.0000 2709.00000000
  0.404396  -0.0000 2745.00000000
  0.404477  -0.0000 2754.00000000
  0.404599  -0.0000 2767.00000000
  0.404783  -0.0000 2788.00000000
  0.404967  -0.0000 2808.00000000
  0.405240  -0.0000 2838.00000000
  0.405646  -0.0000 2884.00000000
  0.406245  -0.0000 2952.00000000
  0.407130  -0.0000 3055.00000000
  0.408428  -0.0000 3208.00000000
  0.409702  -0.0000 3362.00000000
  0.410955  -0.0000 3516.00000000
  0.412187  -0.0000 3670.00000000
  0.413993  -0.0000 3900.00000000
  0.416246  -0.0000 4196.00000000
  0.418436  -0.0000 4493.00000000
  0.420567  -0.0000 4789.00000000
  0.420760  -0.0000 4816.00000000
  0.420954  -0.0000 4843.00000000
  0.421132  -0.0000 4870.00000000
  0.421186  -0.0000 4880.00000000
  0.421267  -0.0000 4895.00000000
  0.421391  -0.0000 4918.00000000
  0.421575  -0.0000 4953.00000000
  0.421850  -0.0000 5004.00000000
  0.422258  -0.0000 5081.00000000
  0.422861  -0.0000 5196.00000000
  0.423749  -0.0000 5370.00000000
  0.425054  -0.0000 5630.00000000
  0.426334  -0.0000 5890.00000000
  0.427592  -0.0000 6150.00000000
  0.428829  -0.0000 6410.00000000
  0.430643  -0.0000 6799.00000000
  0.432849  -0.0000 7287.00000000
  0.434995  -0.0000 7775.00000000
  0.437084  -0.0000 8263.00000000
  0.437314  -0.0000 8316.00000000
  0.437542  -0.0000 8370.00000000
  0.437770  -0.0000 8424.00000000
  0.437957  -0.0000 8476.00000000
  0.438125  -0.0000 8528.00000000
  0.438294  -0.0000 8580.00000000
  0.438547  -0.0000 8658.00000000
  0.438798  -0.0000 8736.00000000
  0.439171  -0.0000 8852.00000000
  0.439723  -0.0000 9028.00000000
  0.440538  -0.0000 9291.00000000
  0.441737  -0.0000 9686.00000000
  0.442679  -0.0000 10000.00000000
  0.442139  -0.0000 10000.00000000
  0.442139  -0.0000 10000.00000000
  0.442139  -0.0000 10000.00000000
  0.442139  -0.0000 10000.00000000
  0.442139  -0.0000 10000.00000000
  0.442139  -0.0000 10000.00000000
  0.442139  -0.0000 10000.00000000
  0.442139  -0.0000 10000.00000000
  0.442139  -0.0000 10000.00000000
  0.442138  -0.0000 10000.00000000
  0.442138  -0.0000 10000.00000000
  0.442137  -0.0000 10000.00000000
  0.442136  -0.0000 10000.00000000
  0.442134  -0.0000 10000.00000000
  0.442133  -0.0000 10000.00000000
