  0.000147  -0.0000   0.00100000
  0.000338  -0.0000   0.00200000
  0.000600  -0.0000   0.00249000
  0.002667  -0.0000   0.00298000
  0.006568  -0.0000   0.00310200
  0.006699  -0.0000   0.00328600
  0.006817  -0.0000   0.00356200
  0.007032  -0.0000   0.00397500
  0.007227  -0.0000   0.00429800
  0.007455  -0.0000   0.00462100
  0.007727  -0.0000   0.00494400
  0.007917  -0.0000   0.00514500
  0.008133  -0.0000   0.00534600
  0.008378  -0.0000   0.00554600
  0.008690  -0.0000   0.00576700
  0.009048  -0.0000   0.00598800
  0.009457  -0.0000   0.00621000
  0.009921  -0.0000   0.00643100
  0.010443  -0.0000   0.00665200
  0.011023  -0.0000   0.00687300
  0.011662  -0.0000   0.00709400
  0.012360  -0.0000   0.00731500
  0.013114  -0.0000   0.00753600
  0.013922  -0.0000   0.00775800
  0.014778  -0.0000   0.00797900
  0.015679  -0.0000   0.00820000
  0.016620  -0.0000   0.00842100
  0.017596  -0.0000   0.00864200
  0.018603  -0.0000   0.00886300
  0.019462  -0.0000   0.00904800
  0.019577  -0.0000   0.00907300
  0.019693  -0.0000   0.00909800
  0.019789  -0.0000   0.00912300
  0.019805  -0.0000   0.00915300
  0.019817  -0.0000   0.00918400
  0.019827  -0.0000   0.00921400
  0.019836  -0.0000   0.00924500
  0.019847  -0.0000   0.00929000
  0.019861  -0.0000   0.00935900
  0.019878  -0.0000   0.00946100
  0.019901  -0.0000   0.00961500
  0.019929  -0.0000   0.00984600
  0.019968  -0.0000   0.01019000
  0.020003  -0.0000   0.01054000
  0.020054  -0.0000   0.01106000
  0.020127  -0.0000   0.01184000
  0.020238  -0.0000   0.01301000
  0.020418  -0.0000   0.01476000
  0.020693  -0.0000   0.01694000
  0.020892  -0.0000   0.01825000
  0.021140  -0.0000   0.01956000
  0.021453  -0.0000   0.02087000
  0.021764  -0.0000   0.02195000
  0.022139  -0.0000   0.02303000
  0.022586  -0.0000   0.02411000
  0.022965  -0.0000   0.02492000
  0.023393  -0.0000   0.02573000
  0.023874  -0.0000   0.02654000
  0.024410  -0.0000   0.02735000
  0.025006  -0.0000   0.02816000
  0.025662  -0.0000   0.02897000
  0.026260  -0.0000   0.02965000
  0.026903  -0.0000   0.03033000
  0.027594  -0.0000   0.03101000
  0.028332  -0.0000   0.03169000
  0.029118  -0.0000   0.03237000
  0.029952  -0.0000   0.03305000
  0.030833  -0.0000   0.03373000
  0.031762  -0.0000   0.03441000
  0.032738  -0.0000   0.03510000
  0.033760  -0.0000   0.03578000
  0.034828  -0.0000   0.03646000
  0.035911  -0.0000   0.03714000
  0.035927  -0.0000   0.03718000
  0.035940  -0.0000   0.03722000
  0.035952  -0.0000   0.03726000
  0.035968  -0.0000   0.03732000
  0.035988  -0.0000   0.03741000
  0.036014  -0.0000   0.03755000
  0.036047  -0.0000   0.03775000
  0.036090  -0.0000   0.03806000
  0.036147  -0.0000   0.03852000
  0.036222  -0.0000   0.03922000
  0.036326  -0.0000   0.04026000
  0.036476  -0.0000   0.04182000
  0.036716  -0.0000   0.04416000
  0.037035  -0.0000   0.04682000
  0.037427  -0.0000   0.04949000
  0.037766  -0.0000   0.05145000
  0.038163  -0.0000   0.05341000
  0.038624  -0.0000   0.05537000
  0.039139  -0.0000   0.05728000
  0.039726  -0.0000   0.05918000
  0.040392  -0.0000   0.06109000
  0.041142  -0.0000   0.06299000
  0.041982  -0.0000   0.06489000
  0.042728  -0.0000   0.06644000
  0.043538  -0.0000   0.06799000
  0.044417  -0.0000   0.06954000
  0.045365  -0.0000   0.07108000
  0.046386  -0.0000   0.07263000
  0.047481  -0.0000   0.07418000
  0.048652  -0.0000   0.07573000
  0.049899  -0.0000   0.07727000
  0.051223  -0.0000   0.07882000
  0.052625  -0.0000   0.08037000
  0.052820  -0.0000   0.08058000
  0.053017  -0.0000   0.08080000
  0.053215  -0.0000   0.08101000
  0.053386  -0.0000   0.08127000
  0.053450  -0.0000   0.08153000
  0.053502  -0.0000   0.08179000
  0.053547  -0.0000   0.08205000
  0.053588  -0.0000   0.08230000
  0.053643  -0.0000   0.08269000
  0.053717  -0.0000   0.08328000
  0.053819  -0.0000   0.08415000
  0.053962  -0.0000   0.08546000
  0.054176  -0.0000   0.08743000
  0.054525  -0.0000   0.09037000
  0.054849  -0.0000   0.09283000
  0.055213  -0.0000   0.09528000
  0.055624  -0.0000   0.09774000
  0.056159  -0.0000   0.10100000
  0.056763  -0.0000   0.10300000
  0.057441  -0.0000   0.10600000
  0.058151  -0.0000   0.10900000
  0.058934  -0.0000   0.11100000
  0.059794  -0.0000   0.11400000
  0.060736  -0.0000   0.11700000
  0.061763  -0.0000   0.11900000
  0.062879  -0.0000   0.12200000
  0.064086  -0.0000   0.12500000
  0.065389  -0.0000   0.12700000
  0.066553  -0.0000   0.13000000
  0.067787  -0.0000   0.13200000
  0.069092  -0.0000   0.13400000
  0.070602  -0.0000   0.13700000
  0.070717  -0.0000   0.13700000
  0.070773  -0.0000   0.13700000
  0.070815  -0.0000   0.13700000
  0.070868  -0.0000   0.13700000
  0.070937  -0.0000   0.13800000
  0.071026  -0.0000   0.13800000
  0.071144  -0.0000   0.13900000
  0.071305  -0.0000   0.14100000
  0.071540  -0.0000   0.14300000
  0.071907  -0.0000   0.14600000
  0.072327  -0.0000   0.14900000
  0.072795  -0.0000   0.15300000
  0.073315  -0.0000   0.15600000
  0.074090  -0.0000   0.16000000
  0.074964  -0.0000   0.16500000
  0.075942  -0.0000   0.16900000
  0.076827  -0.0000   0.17300000
  0.077790  -0.0000   0.17600000
  0.078836  -0.0000   0.18000000
  0.079967  -0.0000   0.18300000
  0.081187  -0.0000   0.18700000
  0.082499  -0.0000   0.19100000
  0.083906  -0.0000   0.19400000
  0.085408  -0.0000   0.19800000
  0.087008  -0.0000   0.20100000
  0.087305  -0.0000   0.20200000
  0.087605  -0.0000   0.20300000
  0.087909  -0.0000   0.20300000
  0.088054  -0.0000   0.20400000
  0.088130  -0.0000   0.20400000
  0.088197  -0.0000   0.20500000
  0.088284  -0.0000   0.20500000
  0.088363  -0.0000   0.20600000
  0.088471  -0.0000   0.20700000
  0.088623  -0.0000   0.20800000
  0.088844  -0.0000   0.21000000
  0.089182  -0.0000   0.21300000
  0.089741  -0.0000   0.21800000
  0.090363  -0.0000   0.22200000
  0.091052  -0.0000   0.22700000
  0.091809  -0.0000   0.23100000
  0.092637  -0.0000   0.23600000
  0.093767  -0.0000   0.24100000
  0.094772  -0.0000   0.24600000
  0.095859  -0.0000   0.25000000
  0.097029  -0.0000   0.25500000
  0.098287  -0.0000   0.26000000
  0.099634  -0.0000   0.26400000
  0.101074  -0.0000   0.26900000
  0.102609  -0.0000   0.27300000
  0.104239  -0.0000   0.27800000
  0.104704  -0.0000   0.27900000
  0.105177  -0.0000   0.28100000
  0.105492  -0.0000   0.28100000
  0.105586  -0.0000   0.28200000
  0.105667  -0.0000   0.28300000
  0.105740  -0.0000   0.28300000
  0.105841  -0.0000   0.28400000
  0.105980  -0.0000   0.28500000
  0.106177  -0.0000   0.28700000
  0.106471  -0.0000   0.29000000
  0.106933  -0.0000   0.29400000
  0.107436  -0.0000   0.29800000
  0.107978  -0.0000   0.30200000
  0.108559  -0.0000   0.30600000
  0.109520  -0.0000   0.31200000
  0.110572  -0.0000   0.31800000
  0.111717  -0.0000   0.32400000
  0.112960  -0.0000   0.33100000
  0.114303  -0.0000   0.33700000
  0.115751  -0.0000   0.34300000
  0.117306  -0.0000   0.34900000
  0.118971  -0.0000   0.35500000
  0.120432  -0.0000   0.36000000
  0.121971  -0.0000   0.36600000
  0.122287  -0.0000   0.36700000
  0.122607  -0.0000   0.36800000
  0.122924  -0.0000   0.36900000
  0.123007  -0.0000   0.36900000
  0.123080  -0.0000   0.37000000
  0.123147  -0.0000   0.37000000
  0.123239  -0.0000   0.37100000
  0.123366  -0.0000   0.37200000
  0.123545  -0.0000   0.37400000
  0.123805  -0.0000   0.37600000
  0.124204  -0.0000   0.38000000
  0.124850  -0.0000   0.38500000
  0.125551  -0.0000   0.39100000
  0.126307  -0.0000   0.39700000
  0.127116  -0.0000   0.40200000
  0.127981  -0.0000   0.40800000
  0.129133  -0.0000   0.41500000
  0.130371  -0.0000   0.42200000
  0.131699  -0.0000   0.42800000
  0.133119  -0.0000   0.43500000
  0.134634  -0.0000   0.44200000
  0.136245  -0.0000   0.44900000
  0.137955  -0.0000   0.45600000
  0.139764  -0.0000   0.46300000
  0.139956  -0.0000   0.46400000
  0.140149  -0.0000   0.46400000
  0.140343  -0.0000   0.46500000
  0.140481  -0.0000   0.46600000
  0.140590  -0.0000   0.46700000
  0.140689  -0.0000   0.46800000
  0.140825  -0.0000   0.46900000
  0.141017  -0.0000   0.47100000
  0.141296  -0.0000   0.47300000
  0.141725  -0.0000   0.47700000
  0.142286  -0.0000   0.48300000
  0.142883  -0.0000   0.48800000
  0.143516  -0.0000   0.49300000
  0.144451  -0.0000   0.50000000
  0.145452  -0.0000   0.50700000
  0.146641  -0.0000   0.51400000
  0.147912  -0.0000   0.52200000
  0.149267  -0.0000   0.53000000
  0.150705  -0.0000   0.53800000
  0.152230  -0.0000   0.54600000
  0.153844  -0.0000   0.55300000
  0.155550  -0.0000   0.56100000
  0.157347  -0.0000   0.56900000
  0.157532  -0.0000   0.57000000
  0.157718  -0.0000   0.57000000
  0.157887  -0.0000   0.57100000
  0.158042  -0.0000   0.57200000
  0.158180  -0.0000   0.57300000
  0.158308  -0.0000   0.57500000
  0.158430  -0.0000   0.57600000
  0.158607  -0.0000   0.57800000
  0.158871  -0.0000   0.58000000
  0.159277  -0.0000   0.58400000
  0.159922  -0.0000   0.59000000
  0.160608  -0.0000   0.59600000
  0.161333  -0.0000   0.60200000
  0.162096  -0.0000   0.60800000
  0.163324  -0.0000   0.61700000
  0.164540  -0.0000   0.62600000
  0.165832  -0.0000   0.63400000
  0.167199  -0.0000   0.64300000
  0.168659  -0.0000   0.65100000
  0.170200  -0.0000   0.66000000
  0.171824  -0.0000   0.66800000
  0.173854  -0.0000   0.67800000
  0.174362  -0.0000   0.68100000
  0.174877  -0.0000   0.68300000
  0.175381  -0.0000   0.68600000
  0.175486  -0.0000   0.68600000
  0.175582  -0.0000   0.68700000
  0.175672  -0.0000   0.68800000
  0.175797  -0.0000   0.68900000
  0.175976  -0.0000   0.69100000
  0.176236  -0.0000   0.69400000
  0.176631  -0.0000   0.69800000
  0.177253  -0.0000   0.70400000
  0.177910  -0.0000   0.71000000
  0.178601  -0.0000   0.71600000
  0.179324  -0.0000   0.72200000
  0.180479  -0.0000   0.73200000
  0.181785  -0.0000   0.74100000
  0.183172  -0.0000   0.75100000
  0.184640  -0.0000   0.76100000
  0.186212  -0.0000   0.77100000
  0.187872  -0.0000   0.78100000
  0.189619  -0.0000   0.79100000
  0.191666  -0.0000   0.80200000
  0.191981  -0.0000   0.80400000
  0.192299  -0.0000   0.80500000
  0.192619  -0.0000   0.80700000
  0.192901  -0.0000   0.80900000
  0.193063  -0.0000   0.81000000
  0.193209  -0.0000   0.81100000
  0.193348  -0.0000   0.81300000
  0.193481  -0.0000   0.81400000
  0.193678  -0.0000   0.81600000
  0.193972  -0.0000   0.82000000
  0.194427  -0.0000   0.82400000
  0.195147  -0.0000   0.83100000
  0.195905  -0.0000   0.83900000
  0.196700  -0.0000   0.84600000
  0.197529  -0.0000   0.85300000
  0.198852  -0.0000   0.86400000
  0.200167  -0.0000   0.87400000
  0.201553  -0.0000   0.88400000
  0.203008  -0.0000   0.89400000
  0.204574  -0.0000   0.90400000
  0.206215  -0.0000   0.91500000
  0.207934  -0.0000   0.92500000
  0.209790  -0.0000   0.93600000
  0.209989  -0.0000   0.93700000
  0.210189  -0.0000   0.93800000
  0.210365  -0.0000   0.93900000
  0.210549  -0.0000   0.94100000
  0.210716  -0.0000   0.94300000
  0.210876  -0.0000   0.94400000
  0.211031  -0.0000   0.94600000
  0.211260  -0.0000   0.94900000
  0.211608  -0.0000   0.95300000
  0.212150  -0.0000   0.95800000
  0.213010  -0.0000   0.96700000
  0.213916  -0.0000   0.97600000
  0.214865  -0.0000   0.98400000
  0.215857  -0.0000   0.99300000
  0.217357  -0.0000   1.01000000
  0.219510  -0.0000   1.03000000
  0.222438  -0.0000   1.05000000
  0.225289  -0.0000   1.08000000
  0.225926  -0.0000   1.09000000
  0.226559  -0.0000   1.09000000
  0.227188  -0.0000   1.10000000
  0.227441  -0.0000   1.10000000
  0.227654  -0.0000   1.10000000
  0.227809  -0.0000   1.11000000
  0.228015  -0.0000   1.11000000
  0.228210  -0.0000   1.11000000
  0.228399  -0.0000   1.12000000
  0.228678  -0.0000   1.12000000
  0.229097  -0.0000   1.13000000
  0.229732  -0.0000   1.14000000
  0.230538  -0.0000   1.16000000
  0.231344  -0.0000   1.18000000
  0.232149  -0.0000   1.19000000
  0.233350  -0.0000   1.22000000
  0.235131  -0.0000   1.25000000
  0.237754  -0.0000   1.30000000
  0.240327  -0.0000   1.36000000
  0.242849  -0.0000   1.41000000
  0.243284  -0.0000   1.42000000
  0.243717  -0.0000   1.43000000
  0.244149  -0.0000   1.44000000
  0.244726  -0.0000   1.45000000
  0.244866  -0.0000   1.46000000
  0.244994  -0.0000   1.46000000
  0.245116  -0.0000   1.47000000
  0.245293  -0.0000   1.47000000
  0.245552  -0.0000   1.49000000
  0.245940  -0.0000   1.50000000
  0.246528  -0.0000   1.53000000
  0.247276  -0.0000   1.56000000
  0.248025  -0.0000   1.59000000
  0.248773  -0.0000   1.62000000
  0.249891  -0.0000   1.66000000
  0.251553  -0.0000   1.73000000
  0.254008  -0.0000   1.84000000
  0.256502  -0.0000   1.94000000
  0.258951  -0.0000   2.05000000
  0.261356  -0.0000   2.16000000
  0.261512  -0.0000   2.16000000
  0.261658  -0.0000   2.17000000
  0.261763  -0.0000   2.18000000
  0.261905  -0.0000   2.19000000
  0.262102  -0.0000   2.20000000
  0.262293  -0.0000   2.22000000
  0.262577  -0.0000   2.24000000
  0.263006  -0.0000   2.28000000
  0.263656  -0.0000   2.33000000
  0.264309  -0.0000   2.38000000
  0.264963  -0.0000   2.44000000
  0.265941  -0.0000   2.52000000
  0.267399  -0.0000   2.64000000
  0.269558  -0.0000   2.81000000
  0.272125  -0.0000   3.03000000
  0.274648  -0.0000   3.24000000
  0.277128  -0.0000   3.46000000
  0.277380  -0.0000   3.48000000
  0.277633  -0.0000   3.50000000
  0.277884  -0.0000   3.53000000
  0.278261  -0.0000   3.56000000
  0.278604  -0.0000   3.59000000
  0.278744  -0.0000   3.61000000
  0.278872  -0.0000   3.63000000
  0.278994  -0.0000   3.65000000
  0.279172  -0.0000   3.67000000
  0.279436  -0.0000   3.72000000
  0.279837  -0.0000   3.78000000
  0.280444  -0.0000   3.87000000
  0.281053  -0.0000   3.96000000
  0.281664  -0.0000   4.06000000
  0.282578  -0.0000   4.20000000
  0.283941  -0.0000   4.41000000
  0.285964  -0.0000   4.72000000
  0.288945  -0.0000   5.19000000
  0.291872  -0.0000   5.67000000
  0.294741  -0.0000   6.14000000
  0.294935  -0.0000   6.17000000
  0.295128  -0.0000   6.20000000
  0.295321  -0.0000   6.23000000
  0.295583  -0.0000   6.28000000
  0.295739  -0.0000   6.32000000
  0.295883  -0.0000   6.36000000
  0.296024  -0.0000   6.40000000
  0.296231  -0.0000   6.46000000
  0.296544  -0.0000   6.55000000
  0.297018  -0.0000   6.68000000
  0.297735  -0.0000   6.88000000
  0.298453  -0.0000   7.08000000
  0.299526  -0.0000   7.38000000
  0.301126  -0.0000   7.83000000
  0.303496  -0.0000   8.50000000
  0.305939  -0.0000   9.20000000
  0.308347  -0.0000   9.91000000
  0.310717  -0.0000  10.60000000
  0.311003  -0.0000  10.70000000
  0.311289  -0.0000  10.80000000
  0.311574  -0.0000  10.90000000
  0.312000  -0.0000  11.00000000
  0.312496  -0.0000  11.20000000
  0.312632  -0.0000  11.20000000
  0.312758  -0.0000  11.30000000
  0.312880  -0.0000  11.30000000
  0.313060  -0.0000  11.40000000
  0.313331  -0.0000  11.60000000
  0.313743  -0.0000  11.80000000
  0.314365  -0.0000  12.10000000
  0.314989  -0.0000  12.40000000
  0.315923  -0.0000  12.80000000
  0.317319  -0.0000  13.50000000
  0.319390  -0.0000  14.50000000
  0.322446  -0.0000  16.10000000
  0.325448  -0.0000  17.60000000
  0.328395  -0.0000  19.20000000
  0.328609  -0.0000  19.30000000
  0.328823  -0.0000  19.40000000
  0.329036  -0.0000  19.50000000
  0.329356  -0.0000  19.70000000
  0.329498  -0.0000  19.80000000
  0.329622  -0.0000  19.90000000
  0.329741  -0.0000  20.00000000
  0.329917  -0.0000  20.10000000
  0.330180  -0.0000  20.40000000
  0.330580  -0.0000  20.70000000
  0.331185  -0.0000  21.20000000
  0.331791  -0.0000  21.70000000
  0.332699  -0.0000  22.50000000
  0.334054  -0.0000  23.60000000
  0.336067  -0.0000  25.30000000
  0.339039  -0.0000  27.90000000
  0.341962  -0.0000  30.40000000
  0.344835  -0.0000  33.00000000
  0.345120  -0.0000  33.20000000
  0.345405  -0.0000  33.50000000
  0.345689  -0.0000  33.70000000
  0.346114  -0.0000  34.10000000
  0.346328  -0.0000  34.30000000
  0.346483  -0.0000  34.50000000
  0.346630  -0.0000  34.70000000
  0.346774  -0.0000  34.90000000
  0.346918  -0.0000  35.10000000
  0.347135  -0.0000  35.40000000
  0.347465  -0.0000  35.90000000
  0.347962  -0.0000  36.60000000
  0.348709  -0.0000  37.60000000
  0.349826  -0.0000  39.20000000
  0.351492  -0.0000  41.50000000
  0.353960  -0.0000  45.00000000
  0.356395  -0.0000  48.50000000
  0.358799  -0.0000  51.90000000
  0.361169  -0.0000  55.40000000
  0.361531  -0.0000  56.00000000
  0.361892  -0.0000  56.50000000
  0.362253  -0.0000  57.00000000
  0.362792  -0.0000  57.80000000
  0.363137  -0.0000  58.30000000
  0.363346  -0.0000  58.70000000
  0.363517  -0.0000  59.10000000
  0.363683  -0.0000  59.50000000
  0.363933  -0.0000  60.10000000
  0.364185  -0.0000  60.60000000
  0.364565  -0.0000  61.50000000
  0.365139  -0.0000  62.80000000
  0.366000  -0.0000  64.70000000
  0.367285  -0.0000  67.60000000
  0.369196  -0.0000  71.90000000
  0.372022  -0.0000  78.40000000
  0.374806  -0.0000  84.90000000
  0.377548  -0.0000  91.40000000
  0.380218  -0.0000  97.90000000
  0.380339  -0.0000  98.30000000
  0.380508  -0.0000  99.00000000
  0.380675  -0.0000  99.60000000
  0.380842  -0.0000 100.00000000
  0.381096  -0.0000 101.00000000
  0.381479  -0.0000 102.00000000
  0.382057  -0.0000 105.00000000
  0.382924  -0.0000 108.00000000
  0.384220  -0.0000 112.00000000
  0.386150  -0.0000 119.00000000
  0.389007  -0.0000 130.00000000
  0.391769  -0.0000 140.00000000
  0.394489  -0.0000 150.00000000
  0.397167  -0.0000 160.00000000
  0.397289  -0.0000 161.00000000
  0.397401  -0.0000 161.00000000
  0.397511  -0.0000 162.00000000
  0.397677  -0.0000 163.00000000
  0.397927  -0.0000 164.00000000
  0.398306  -0.0000 167.00000000
  0.398877  -0.0000 170.00000000
  0.399734  -0.0000 174.00000000
  0.401013  -0.0000 181.00000000
  0.402916  -0.0000 192.00000000
  0.405733  -0.0000 208.00000000
  0.408510  -0.0000 224.00000000
  0.411246  -0.0000 240.00000000
  0.413940  -0.0000 256.00000000
  0.414072  -0.0000 257.00000000
  0.414187  -0.0000 258.00000000
  0.414300  -0.0000 258.00000000
  0.414470  -0.0000 260.00000000
  0.414727  -0.0000 262.00000000
  0.415115  -0.0000 265.00000000
  0.415700  -0.0000 270.00000000
  0.416577  -0.0000 278.00000000
  0.417886  -0.0000 289.00000000
  0.419832  -0.0000 305.00000000
  0.422712  -0.0000 330.00000000
  0.425551  -0.0000 355.00000000
  0.428348  -0.0000 380.00000000
  0.431065  -0.0000 404.00000000
  0.431190  -0.0000 406.00000000
  0.431371  -0.0000 408.00000000
  0.431551  -0.0000 411.00000000
  0.431733  -0.0000 413.00000000
  0.432008  -0.0000 416.00000000
  0.432422  -0.0000 422.00000000
  0.433045  -0.0000 429.00000000
  0.433978  -0.0000 441.00000000
  0.435371  -0.0000 459.00000000
  0.437443  -0.0000 485.00000000
  0.440508  -0.0000 525.00000000
  0.443528  -0.0000 565.00000000
  0.446499  -0.0000 605.00000000
  0.446807  -0.0000 609.00000000
  0.447115  -0.0000 613.00000000
  0.447422  -0.0000 617.00000000
  0.447881  -0.0000 623.00000000
  0.448082  -0.0000 626.00000000
  0.448239  -0.0000 629.00000000
  0.448393  -0.0000 632.00000000
  0.448627  -0.0000 636.00000000
  0.448862  -0.0000 641.00000000
  0.449216  -0.0000 647.00000000
  0.449750  -0.0000 657.00000000
  0.450549  -0.0000 672.00000000
  0.451742  -0.0000 694.00000000
  0.453518  -0.0000 727.00000000
  0.456151  -0.0000 777.00000000
  0.458750  -0.0000 827.00000000
  0.461316  -0.0000 877.00000000
  0.463848  -0.0000 927.00000000
  0.464065  -0.0000 931.00000000
  0.464281  -0.0000 935.00000000
  0.464498  -0.0000 940.00000000
  0.464822  -0.0000 946.00000000
  0.464972  -0.0000 950.00000000
  0.465110  -0.0000 954.00000000
  0.465247  -0.0000 957.00000000
  0.465454  -0.0000 963.00000000
  0.465768  -0.0000 972.00000000
  0.466242  -0.0000 984.00000000
  0.466952  -0.0000 1003.00000000
  0.468013  -0.0000 1032.00000000
  0.469594  -0.0000 1075.00000000
  0.471940  -0.0000 1139.00000000
  0.475034  -0.0000 1225.00000000
  0.478082  -0.0000 1311.00000000
  0.481081  -0.0000 1397.00000000
  0.481293  -0.0000 1403.00000000
  0.481505  -0.0000 1410.00000000
  0.481717  -0.0000 1416.00000000
  0.481992  -0.0000 1425.00000000
  0.482227  -0.0000 1434.00000000
  0.482464  -0.0000 1443.00000000
  0.482703  -0.0000 1453.00000000
  0.482943  -0.0000 1462.00000000
  0.483304  -0.0000 1476.00000000
  0.483845  -0.0000 1497.00000000
  0.484654  -0.0000 1528.00000000
  0.485863  -0.0000 1575.00000000
  0.487660  -0.0000 1645.00000000
  0.490324  -0.0000 1750.00000000
  0.492956  -0.0000 1856.00000000
  0.495553  -0.0000 1961.00000000
  0.498115  -0.0000 2067.00000000
  0.498319  -0.0000 2075.00000000
  0.498523  -0.0000 2084.00000000
  0.498726  -0.0000 2092.00000000
  0.498990  -0.0000 2105.00000000
  0.499246  -0.0000 2119.00000000
  0.499506  -0.0000 2133.00000000
  0.499767  -0.0000 2148.00000000
  0.500030  -0.0000 2162.00000000
  0.500424  -0.0000 2183.00000000
  0.501015  -0.0000 2216.00000000
  0.501898  -0.0000 2264.00000000
  0.503215  -0.0000 2337.00000000
  0.505173  -0.0000 2445.00000000
  0.508072  -0.0000 2608.00000000
  0.510933  -0.0000 2771.00000000
  0.513752  -0.0000 2935.00000000
  0.514350  -0.0000 2969.00000000
  0.514945  -0.0000 3004.00000000
  0.515539  -0.0000 3039.00000000
  0.515793  -0.0000 3053.00000000
  0.516000  -0.0000 3068.00000000
  0.516191  -0.0000 3083.00000000
  0.516383  -0.0000 3098.00000000
  0.516577  -0.0000 3113.00000000
  0.516870  -0.0000 3135.00000000
  0.517309  -0.0000 3169.00000000
  0.517967  -0.0000 3219.00000000
  0.518950  -0.0000 3294.00000000
  0.520416  -0.0000 3407.00000000
  0.522593  -0.0000 3577.00000000
  0.525811  -0.0000 3831.00000000
  0.528982  -0.0000 4085.00000000
  0.532101  -0.0000 4340.00000000
  0.532309  -0.0000 4357.00000000
  0.532517  -0.0000 4374.00000000
  0.532725  -0.0000 4390.00000000
  0.532988  -0.0000 4416.00000000
  0.533225  -0.0000 4441.00000000
  0.533463  -0.0000 4467.00000000
  0.533704  -0.0000 4492.00000000
  0.534066  -0.0000 4531.00000000
  0.534609  -0.0000 4588.00000000
  0.535421  -0.0000 4674.00000000
  0.536634  -0.0000 4803.00000000
  0.538438  -0.0000 4996.00000000
  0.541111  -0.0000 5286.00000000
  0.544174  -0.0000 5623.00000000
  0.547191  -0.0000 5960.00000000
  0.548335  -0.0000 6089.00000000
  0.549472  -0.0000 6217.00000000
  0.549714  -0.0000 6245.00000000
  0.549930  -0.0000 6272.00000000
  0.550115  -0.0000 6300.00000000
  0.550396  -0.0000 6341.00000000
  0.550680  -0.0000 6382.00000000
  0.550964  -0.0000 6423.00000000
  0.551391  -0.0000 6485.00000000
  0.552031  -0.0000 6577.00000000
  0.552986  -0.0000 6716.00000000
  0.554410  -0.0000 6925.00000000
  0.556526  -0.0000 7237.00000000
  0.559656  -0.0000 7706.00000000
  0.562742  -0.0000 8174.00000000
  0.565780  -0.0000 8643.00000000
  0.566021  -0.0000 8680.00000000
  0.566261  -0.0000 8717.00000000
  0.566501  -0.0000 8754.00000000
  0.566859  -0.0000 8810.00000000
  0.566998  -0.0000 8838.00000000
  0.567137  -0.0000 8866.00000000
  0.567277  -0.0000 8893.00000000
  0.567418  -0.0000 8921.00000000
  0.567630  -0.0000 8963.00000000
  0.567950  -0.0000 9026.00000000
  0.568429  -0.0000 9120.00000000
  0.569146  -0.0000 9261.00000000
  0.570217  -0.0000 9472.00000000
  0.571813  -0.0000 9790.00000000
  0.572865  -0.0000 10000.00000000
  0.571193  -0.0000 10000.00000000
  0.571193  -0.0000 10000.00000000
  0.571193  -0.0000 10000.00000000
  0.571193  -0.0000 10000.00000000
  0.571193  -0.0000 10000.00000000
  0.571193  -0.0000 10000.00000000
  0.571192  -0.0000 10000.00000000
  0.571191  -0.0000 10000.00000000
  0.571188  -0.0000 10000.00000000
  0.571183  -0.0000 10000.00000000
  0.571173  -0.0000 10000.00000000
  0.571154  -0.0000 10000.00000000
