  0.000025  -0.0000   0.00100000
  0.000079  -0.0000   0.00200000
  0.000153  -0.0000   0.00252000
  0.000586  -0.0000   0.00303900
  0.002777  -0.0000   0.00332800
  0.006279  -0.0000   0.00340100
  0.006312  -0.0000   0.00347300
  0.006354  -0.0000   0.00358100
  0.006435  -0.0000   0.00374400
  0.006603  -0.0000   0.00398800
  0.006731  -0.0000   0.00414000
  0.006884  -0.0000   0.00429300
  0.007065  -0.0000   0.00444500
  0.007338  -0.0000   0.00463500
  0.007659  -0.0000   0.00482500
  0.008031  -0.0000   0.00501400
  0.008451  -0.0000   0.00520400
  0.008918  -0.0000   0.00539400
  0.009427  -0.0000   0.00558300
  0.009976  -0.0000   0.00577300
  0.010666  -0.0000   0.00599600
  0.011397  -0.0000   0.00621900
  0.012161  -0.0000   0.00644100
  0.012957  -0.0000   0.00666400
  0.014102  -0.0000   0.00697000
  0.015296  -0.0000   0.00727600
  0.016543  -0.0000   0.00758100
  0.017581  -0.0000   0.00782800
  0.018658  -0.0000   0.00807400
  0.018916  -0.0000   0.00813200
  0.019176  -0.0000   0.00819100
  0.019439  -0.0000   0.00825000
  0.019499  -0.0000   0.00826600
  0.019504  -0.0000   0.00828200
  0.019508  -0.0000   0.00829800
  0.019512  -0.0000   0.00832200
  0.019515  -0.0000   0.00834600
  0.019519  -0.0000   0.00838200
  0.019524  -0.0000   0.00843500
  0.019530  -0.0000   0.00851600
  0.019538  -0.0000   0.00863800
  0.019547  -0.0000   0.00882000
  0.019558  -0.0000   0.00909300
  0.019573  -0.0000   0.00950200
  0.019597  -0.0000   0.01012000
  0.019640  -0.0000   0.01104000
  0.019739  -0.0000   0.01242000
  0.019807  -0.0000   0.01317000
  0.019891  -0.0000   0.01392000
  0.019995  -0.0000   0.01467000
  0.020204  -0.0000   0.01580000
  0.020477  -0.0000   0.01693000
  0.020737  -0.0000   0.01781000
  0.021049  -0.0000   0.01869000
  0.021418  -0.0000   0.01957000
  0.021848  -0.0000   0.02045000
  0.022340  -0.0000   0.02134000
  0.022897  -0.0000   0.02222000
  0.023522  -0.0000   0.02310000
  0.024216  -0.0000   0.02398000
  0.024983  -0.0000   0.02486000
  0.025825  -0.0000   0.02575000
  0.026747  -0.0000   0.02663000
  0.027572  -0.0000   0.02736000
  0.028456  -0.0000   0.02809000
  0.029401  -0.0000   0.02883000
  0.030409  -0.0000   0.02956000
  0.031480  -0.0000   0.03030000
  0.032616  -0.0000   0.03103000
  0.033815  -0.0000   0.03176000
  0.035076  -0.0000   0.03250000
  0.035160  -0.0000   0.03255000
  0.035244  -0.0000   0.03259000
  0.035328  -0.0000   0.03264000
  0.035379  -0.0000   0.03270000
  0.035392  -0.0000   0.03276000
  0.035401  -0.0000   0.03283000
  0.035409  -0.0000   0.03289000
  0.035419  -0.0000   0.03298000
  0.035432  -0.0000   0.03311000
  0.035448  -0.0000   0.03332000
  0.035471  -0.0000   0.03363000
  0.035504  -0.0000   0.03409000
  0.035555  -0.0000   0.03478000
  0.035672  -0.0000   0.03617000
  0.035891  -0.0000   0.03825000
  0.036162  -0.0000   0.04035000
  0.036493  -0.0000   0.04245000
  0.036892  -0.0000   0.04454000
  0.037270  -0.0000   0.04626000
  0.037706  -0.0000   0.04797000
  0.038206  -0.0000   0.04969000
  0.038722  -0.0000   0.05125000
  0.039302  -0.0000   0.05282000
  0.039950  -0.0000   0.05439000
  0.040646  -0.0000   0.05591000
  0.041414  -0.0000   0.05743000
  0.042259  -0.0000   0.05895000
  0.043159  -0.0000   0.06043000
  0.044138  -0.0000   0.06192000
  0.045198  -0.0000   0.06340000
  0.046343  -0.0000   0.06488000
  0.047573  -0.0000   0.06637000
  0.048888  -0.0000   0.06785000
  0.050289  -0.0000   0.06933000
  0.051774  -0.0000   0.07082000
  0.051886  -0.0000   0.07093000
  0.051999  -0.0000   0.07104000
  0.052074  -0.0000   0.07115000
  0.052102  -0.0000   0.07132000
  0.052124  -0.0000   0.07149000
  0.052143  -0.0000   0.07165000
  0.052161  -0.0000   0.07182000
  0.052186  -0.0000   0.07207000
  0.052223  -0.0000   0.07245000
  0.052278  -0.0000   0.07301000
  0.052366  -0.0000   0.07386000
  0.052506  -0.0000   0.07513000
  0.052738  -0.0000   0.07704000
  0.053137  -0.0000   0.07990000
  0.053573  -0.0000   0.08263000
  0.054069  -0.0000   0.08536000
  0.054633  -0.0000   0.08810000
  0.055197  -0.0000   0.09054000
  0.055827  -0.0000   0.09299000
  0.056527  -0.0000   0.09544000
  0.057259  -0.0000   0.09776000
  0.058063  -0.0000   0.10000000
  0.058945  -0.0000   0.10200000
  0.059879  -0.0000   0.10500000
  0.060895  -0.0000   0.10700000
  0.061993  -0.0000   0.10900000
  0.063357  -0.0000   0.11200000
  0.064834  -0.0000   0.11400000
  0.066162  -0.0000   0.11600000
  0.067570  -0.0000   0.11900000
  0.068122  -0.0000   0.11900000
  0.068686  -0.0000   0.12000000
  0.068750  -0.0000   0.12000000
  0.068777  -0.0000   0.12100000
  0.068799  -0.0000   0.12100000
  0.068828  -0.0000   0.12100000
  0.068869  -0.0000   0.12100000
  0.068930  -0.0000   0.12200000
  0.069023  -0.0000   0.12300000
  0.069169  -0.0000   0.12400000
  0.069400  -0.0000   0.12600000
  0.069776  -0.0000   0.12900000
  0.070413  -0.0000   0.13300000
  0.070932  -0.0000   0.13600000
  0.071501  -0.0000   0.13900000
  0.072125  -0.0000   0.14200000
  0.072880  -0.0000   0.14600000
  0.073712  -0.0000   0.14900000
  0.074628  -0.0000   0.15300000
  0.075568  -0.0000   0.15600000
  0.076592  -0.0000   0.15900000
  0.077703  -0.0000   0.16200000
  0.079080  -0.0000   0.16600000
  0.080296  -0.0000   0.16900000
  0.081596  -0.0000   0.17200000
  0.082980  -0.0000   0.17500000
  0.084627  -0.0000   0.17800000
  0.084810  -0.0000   0.17900000
  0.084993  -0.0000   0.17900000
  0.085178  -0.0000   0.17900000
  0.085388  -0.0000   0.18000000
  0.085420  -0.0000   0.18000000
  0.085459  -0.0000   0.18000000
  0.085513  -0.0000   0.18100000
  0.085565  -0.0000   0.18100000
  0.085646  -0.0000   0.18200000
  0.085769  -0.0000   0.18300000
  0.085961  -0.0000   0.18500000
  0.086262  -0.0000   0.18700000
  0.086745  -0.0000   0.19100000
  0.087550  -0.0000   0.19600000
  0.088446  -0.0000   0.20100000
  0.089445  -0.0000   0.20700000
  0.090558  -0.0000   0.21200000
  0.091565  -0.0000   0.21600000
  0.092663  -0.0000   0.22100000
  0.093856  -0.0000   0.22500000
  0.095151  -0.0000   0.23000000
  0.096550  -0.0000   0.23400000
  0.098056  -0.0000   0.23800000
  0.099671  -0.0000   0.24300000
  0.101392  -0.0000   0.24700000
  0.101567  -0.0000   0.24800000
  0.101743  -0.0000   0.24800000
  0.101921  -0.0000   0.24900000
  0.102109  -0.0000   0.24900000
  0.102176  -0.0000   0.25000000
  0.102238  -0.0000   0.25000000
  0.102298  -0.0000   0.25100000
  0.102360  -0.0000   0.25100000
  0.102454  -0.0000   0.25200000
  0.102598  -0.0000   0.25300000
  0.102819  -0.0000   0.25500000
  0.103164  -0.0000   0.25800000
  0.103710  -0.0000   0.26200000
  0.104605  -0.0000   0.26800000
  0.105586  -0.0000   0.27400000
  0.106664  -0.0000   0.28100000
  0.107848  -0.0000   0.28700000
  0.109145  -0.0000   0.29300000
  0.110565  -0.0000   0.29900000
  0.111809  -0.0000   0.30400000
  0.113141  -0.0000   0.30900000
  0.114563  -0.0000   0.31400000
  0.116249  -0.0000   0.32000000
  0.118047  -0.0000   0.32500000
  0.118502  -0.0000   0.32700000
  0.118726  -0.0000   0.32700000
  0.118881  -0.0000   0.32800000
  0.118960  -0.0000   0.32900000
  0.119035  -0.0000   0.32900000
  0.119110  -0.0000   0.33000000
  0.119186  -0.0000   0.33100000
  0.119303  -0.0000   0.33200000
  0.119481  -0.0000   0.33300000
  0.119755  -0.0000   0.33500000
  0.120179  -0.0000   0.33900000
  0.120851  -0.0000   0.34400000
  0.121951  -0.0000   0.35200000
  0.123155  -0.0000   0.35900000
  0.124474  -0.0000   0.36700000
  0.125919  -0.0000   0.37500000
  0.127163  -0.0000   0.38100000
  0.128496  -0.0000   0.38700000
  0.129922  -0.0000   0.39300000
  0.131628  -0.0000   0.40000000
  0.133452  -0.0000   0.40700000
  0.135393  -0.0000   0.41400000
  0.135530  -0.0000   0.41500000
  0.135662  -0.0000   0.41500000
  0.135722  -0.0000   0.41600000
  0.135774  -0.0000   0.41600000
  0.135826  -0.0000   0.41700000
  0.135877  -0.0000   0.41700000
  0.135956  -0.0000   0.41800000
  0.136076  -0.0000   0.41900000
  0.136259  -0.0000   0.42000000
  0.136539  -0.0000   0.42300000
  0.136971  -0.0000   0.42700000
  0.137650  -0.0000   0.43200000
  0.138746  -0.0000   0.44000000
  0.139930  -0.0000   0.44900000
  0.141211  -0.0000   0.45700000
  0.142596  -0.0000   0.46500000
  0.144092  -0.0000   0.47300000
  0.145705  -0.0000   0.48100000
  0.147437  -0.0000   0.49000000
  0.149292  -0.0000   0.49800000
  0.151268  -0.0000   0.50600000
  0.151577  -0.0000   0.50700000
  0.151888  -0.0000   0.50900000
  0.152203  -0.0000   0.51000000
  0.152514  -0.0000   0.51100000
  0.152555  -0.0000   0.51200000
  0.152591  -0.0000   0.51200000
  0.152642  -0.0000   0.51300000
  0.152719  -0.0000   0.51300000
  0.152838  -0.0000   0.51400000
  0.153018  -0.0000   0.51600000
  0.153295  -0.0000   0.51900000
  0.153721  -0.0000   0.52200000
  0.154384  -0.0000   0.52800000
  0.155443  -0.0000   0.53700000
  0.156446  -0.0000   0.54400000
  0.157511  -0.0000   0.55200000
  0.158642  -0.0000   0.55900000
  0.159928  -0.0000   0.56800000
  0.161298  -0.0000   0.57600000
  0.162753  -0.0000   0.58400000
  0.164293  -0.0000   0.59200000
  0.165921  -0.0000   0.60000000
  0.167638  -0.0000   0.60800000
  0.168614  -0.0000   0.61300000
  0.169124  -0.0000   0.61500000
  0.169355  -0.0000   0.61600000
  0.169427  -0.0000   0.61700000
  0.169493  -0.0000   0.61700000
  0.169558  -0.0000   0.61800000
  0.169624  -0.0000   0.61900000
  0.169724  -0.0000   0.62000000
  0.169876  -0.0000   0.62100000
  0.170108  -0.0000   0.62300000
  0.170463  -0.0000   0.62600000
  0.171008  -0.0000   0.63100000
  0.171863  -0.0000   0.63900000
  0.173237  -0.0000   0.65000000
  0.174714  -0.0000   0.66100000
  0.176303  -0.0000   0.67200000
  0.178011  -0.0000   0.68300000
  0.179843  -0.0000   0.69400000
  0.181802  -0.0000   0.70500000
  0.183550  -0.0000   0.71500000
  0.185389  -0.0000   0.72400000
  0.185613  -0.0000   0.72500000
  0.185839  -0.0000   0.72600000
  0.186066  -0.0000   0.72700000
  0.186268  -0.0000   0.72900000
  0.186389  -0.0000   0.73000000
  0.186510  -0.0000   0.73100000
  0.186633  -0.0000   0.73200000
  0.186757  -0.0000   0.73400000
  0.186946  -0.0000   0.73600000
  0.187234  -0.0000   0.73800000
  0.187673  -0.0000   0.74300000
  0.188353  -0.0000   0.74900000
  0.189424  -0.0000   0.75800000
  0.190627  -0.0000   0.76800000
  0.191900  -0.0000   0.77800000
  0.193247  -0.0000   0.78800000
  0.194777  -0.0000   0.79900000
  0.196398  -0.0000   0.81000000
  0.198114  -0.0000   0.82000000
  0.200199  -0.0000   0.83300000
  0.202406  -0.0000   0.84500000
  0.202592  -0.0000   0.84600000
  0.202779  -0.0000   0.84700000
  0.202967  -0.0000   0.84800000
  0.203182  -0.0000   0.85000000
  0.203327  -0.0000   0.85100000
  0.203473  -0.0000   0.85300000
  0.203622  -0.0000   0.85400000
  0.203773  -0.0000   0.85600000
  0.204002  -0.0000   0.85800000
  0.204350  -0.0000   0.86200000
  0.204883  -0.0000   0.86700000
  0.205710  -0.0000   0.87500000
  0.207019  -0.0000   0.88600000
  0.208263  -0.0000   0.89700000
  0.209572  -0.0000   0.90700000
  0.210950  -0.0000   0.91800000
  0.212529  -0.0000   0.93000000
  0.214194  -0.0000   0.94100000
  0.215947  -0.0000   0.95200000
  0.218195  -0.0000   0.96600000
  0.218855  -0.0000   0.97000000
  0.219526  -0.0000   0.97400000
  0.219985  -0.0000   0.97700000
  0.220078  -0.0000   0.97800000
  0.220157  -0.0000   0.97900000
  0.220237  -0.0000   0.98000000
  0.220359  -0.0000   0.98100000
  0.220544  -0.0000   0.98300000
  0.220827  -0.0000   0.98600000
  0.221257  -0.0000   0.99000000
  0.221918  -0.0000   0.99700000
  0.222896  -0.0000   1.01000000
  0.224311  -0.0000   1.02000000
  0.225686  -0.0000   1.04000000
  0.227029  -0.0000   1.05000000
  0.228342  -0.0000   1.07000000
  0.230250  -0.0000   1.09000000
  0.232103  -0.0000   1.11000000
  0.233903  -0.0000   1.13000000
  0.235652  -0.0000   1.16000000
  0.235930  -0.0000   1.16000000
  0.236207  -0.0000   1.16000000
  0.236482  -0.0000   1.17000000
  0.236892  -0.0000   1.17000000
  0.236983  -0.0000   1.18000000
  0.237064  -0.0000   1.18000000
  0.237145  -0.0000   1.18000000
  0.237268  -0.0000   1.18000000
  0.237454  -0.0000   1.19000000
  0.237729  -0.0000   1.19000000
  0.238138  -0.0000   1.20000000
  0.238739  -0.0000   1.22000000
  0.239619  -0.0000   1.24000000
  0.240903  -0.0000   1.27000000
  0.242525  -0.0000   1.31000000
  0.244103  -0.0000   1.36000000
  0.245643  -0.0000   1.40000000
  0.247146  -0.0000   1.44000000
  0.249102  -0.0000   1.50000000
  0.251000  -0.0000   1.56000000
  0.253110  -0.0000   1.62000000
  0.253305  -0.0000   1.63000000
  0.253498  -0.0000   1.64000000
  0.253692  -0.0000   1.64000000
  0.253910  -0.0000   1.65000000
  0.254079  -0.0000   1.66000000
  0.254251  -0.0000   1.67000000
  0.254423  -0.0000   1.68000000
  0.254678  -0.0000   1.69000000
  0.255057  -0.0000   1.71000000
  0.255616  -0.0000   1.74000000
  0.256436  -0.0000   1.79000000
  0.257634  -0.0000   1.86000000
  0.259236  -0.0000   1.96000000
  0.260796  -0.0000   2.05000000
  0.262319  -0.0000   2.15000000
  0.263807  -0.0000   2.24000000
  0.265747  -0.0000   2.37000000
  0.267632  -0.0000   2.50000000
  0.269781  -0.0000   2.65000000
  0.270014  -0.0000   2.67000000
  0.270246  -0.0000   2.69000000
  0.270478  -0.0000   2.70000000
  0.270785  -0.0000   2.73000000
  0.270865  -0.0000   2.74000000
  0.270985  -0.0000   2.75000000
  0.271167  -0.0000   2.77000000
  0.271348  -0.0000   2.79000000
  0.271618  -0.0000   2.82000000
  0.272017  -0.0000   2.87000000
  0.272606  -0.0000   2.94000000
  0.273469  -0.0000   3.05000000
  0.274731  -0.0000   3.21000000
  0.276208  -0.0000   3.40000000
  0.277651  -0.0000   3.59000000
  0.279062  -0.0000   3.78000000
  0.280443  -0.0000   3.97000000
  0.282455  -0.0000   4.26000000
  0.284408  -0.0000   4.54000000
  0.286306  -0.0000   4.83000000
  0.286736  -0.0000   4.89000000
  0.287163  -0.0000   4.96000000
  0.287587  -0.0000   5.02000000
  0.287703  -0.0000   5.05000000
  0.287806  -0.0000   5.07000000
  0.287909  -0.0000   5.10000000
  0.288065  -0.0000   5.14000000
  0.288297  -0.0000   5.19000000
  0.288641  -0.0000   5.27000000
  0.289150  -0.0000   5.40000000
  0.289897  -0.0000   5.59000000
  0.290991  -0.0000   5.87000000
  0.292481  -0.0000   6.26000000
  0.293937  -0.0000   6.65000000
  0.295360  -0.0000   7.04000000
  0.296753  -0.0000   7.44000000
  0.298709  -0.0000   8.00000000
  0.300611  -0.0000   8.57000000
  0.302805  -0.0000   9.25000000
  0.303378  -0.0000   9.43000000
  0.303946  -0.0000   9.61000000
  0.304509  -0.0000   9.78000000
  0.304556  -0.0000   9.81000000
  0.304626  -0.0000   9.84000000
  0.304732  -0.0000   9.89000000
  0.304839  -0.0000   9.94000000
  0.304998  -0.0000  10.00000000
  0.305236  -0.0000  10.10000000
  0.305588  -0.0000  10.30000000
  0.306108  -0.0000  10.60000000
  0.306873  -0.0000  10.90000000
  0.307994  -0.0000  11.50000000
  0.309376  -0.0000  12.20000000
  0.310728  -0.0000  12.90000000
  0.312053  -0.0000  13.70000000
  0.313353  -0.0000  14.40000000
  0.315249  -0.0000  15.50000000
  0.317451  -0.0000  16.80000000
  0.319584  -0.0000  18.10000000
  0.320453  -0.0000  18.60000000
  0.321310  -0.0000  19.10000000
  0.321454  -0.0000  19.30000000
  0.321571  -0.0000  19.40000000
  0.321690  -0.0000  19.50000000
  0.321867  -0.0000  19.60000000
  0.322132  -0.0000  19.90000000
  0.322523  -0.0000  20.20000000
  0.323101  -0.0000  20.80000000
  0.323949  -0.0000  21.60000000
  0.325190  -0.0000  22.80000000
  0.326405  -0.0000  24.00000000
  0.327597  -0.0000  25.20000000
  0.328767  -0.0000  26.40000000
  0.330480  -0.0000  28.20000000
  0.332588  -0.0000  30.60000000
  0.334635  -0.0000  32.90000000
  0.336624  -0.0000  35.20000000
  0.337349  -0.0000  36.00000000
  0.338065  -0.0000  36.90000000
  0.338264  -0.0000  37.10000000
  0.338300  -0.0000  37.20000000
  0.338336  -0.0000  37.20000000
  0.338389  -0.0000  37.30000000
  0.338470  -0.0000  37.50000000
  0.338592  -0.0000  37.70000000
  0.338774  -0.0000  38.00000000
  0.339044  -0.0000  38.40000000
  0.339444  -0.0000  39.10000000
  0.340035  -0.0000  40.10000000
  0.340902  -0.0000  41.70000000
  0.342172  -0.0000  44.00000000
  0.343416  -0.0000  46.30000000
  0.344636  -0.0000  48.60000000
  0.345834  -0.0000  50.90000000
  0.347587  -0.0000  54.30000000
  0.349694  -0.0000  58.60000000
  0.351740  -0.0000  62.90000000
  0.353730  -0.0000  67.10000000
  0.354190  -0.0000  68.10000000
  0.354648  -0.0000  69.10000000
  0.355102  -0.0000  70.10000000
  0.355235  -0.0000  70.50000000
  0.355361  -0.0000  70.90000000
  0.355487  -0.0000  71.30000000
  0.355676  -0.0000  71.80000000
  0.355956  -0.0000  72.70000000
  0.356371  -0.0000  74.00000000
  0.356983  -0.0000  75.90000000
  0.357884  -0.0000  78.70000000
  0.359202  -0.0000  83.00000000
  0.360492  -0.0000  87.30000000
  0.361757  -0.0000  91.60000000
  0.362999  -0.0000  95.90000000
  0.364816  -0.0000 102.00000000
  0.366930  -0.0000 110.00000000
  0.368985  -0.0000 118.00000000
  0.370983  -0.0000 126.00000000
  0.371276  -0.0000 127.00000000
  0.371568  -0.0000 128.00000000
  0.371859  -0.0000 129.00000000
  0.372077  -0.0000 130.00000000
  0.372123  -0.0000 130.00000000
  0.372168  -0.0000 130.00000000
  0.372237  -0.0000 131.00000000
  0.372341  -0.0000 131.00000000
  0.372495  -0.0000 132.00000000
  0.372725  -0.0000 133.00000000
  0.373067  -0.0000 135.00000000
  0.373571  -0.0000 138.00000000
  0.374315  -0.0000 142.00000000
  0.375406  -0.0000 148.00000000
  0.376728  -0.0000 156.00000000
  0.378024  -0.0000 163.00000000
  0.379295  -0.0000 171.00000000
  0.381004  -0.0000 181.00000000
  0.382674  -0.0000 192.00000000
  0.384832  -0.0000 206.00000000
  0.386929  -0.0000 220.00000000
  0.388957  -0.0000 234.00000000
  0.388981  -0.0000 234.00000000
  0.389017  -0.0000 234.00000000
  0.389071  -0.0000 235.00000000
  0.389154  -0.0000 236.00000000
  0.389277  -0.0000 237.00000000
  0.389460  -0.0000 238.00000000
  0.389733  -0.0000 241.00000000
  0.390138  -0.0000 245.00000000
  0.390736  -0.0000 250.00000000
  0.391616  -0.0000 259.00000000
  0.392825  -0.0000 270.00000000
  0.394012  -0.0000 282.00000000
  0.395177  -0.0000 294.00000000
  0.396324  -0.0000 306.00000000
  0.398004  -0.0000 323.00000000
  0.400082  -0.0000 346.00000000
  0.402105  -0.0000 368.00000000
  0.404076  -0.0000 391.00000000
  0.405619  -0.0000 409.00000000
  0.405824  -0.0000 411.00000000
  0.406000  -0.0000 414.00000000
  0.406040  -0.0000 414.00000000
  0.406100  -0.0000 415.00000000
  0.406191  -0.0000 416.00000000
  0.406326  -0.0000 419.00000000
  0.406528  -0.0000 422.00000000
  0.406828  -0.0000 426.00000000
  0.407273  -0.0000 433.00000000
  0.407930  -0.0000 443.00000000
  0.409211  -0.0000 464.00000000
  0.410465  -0.0000 484.00000000
  0.411697  -0.0000 505.00000000
  0.412906  -0.0000 525.00000000
  0.414655  -0.0000 556.00000000
  0.416364  -0.0000 586.00000000
  0.418496  -0.0000 625.00000000
  0.420570  -0.0000 664.00000000
  0.422593  -0.0000 703.00000000
  0.422758  -0.0000 707.00000000
  0.422795  -0.0000 708.00000000
  0.422831  -0.0000 709.00000000
  0.422887  -0.0000 710.00000000
  0.422970  -0.0000 712.00000000
  0.423094  -0.0000 715.00000000
  0.423280  -0.0000 720.00000000
  0.423556  -0.0000 726.00000000
  0.423965  -0.0000 737.00000000
  0.424570  -0.0000 752.00000000
  0.425460  -0.0000 775.00000000
  0.426766  -0.0000 810.00000000
  0.428047  -0.0000 844.00000000
  0.429304  -0.0000 879.00000000
  0.430539  -0.0000 914.00000000
  0.432347  -0.0000 966.00000000
  0.434537  -0.0000 1030.00000000
  0.436667  -0.0000 1095.00000000
  0.438743  -0.0000 1160.00000000
  0.439017  -0.0000 1168.00000000
  0.439289  -0.0000 1177.00000000
  0.439561  -0.0000 1185.00000000
  0.439726  -0.0000 1192.00000000
  0.439888  -0.0000 1198.00000000
  0.440050  -0.0000 1205.00000000
  0.440211  -0.0000 1211.00000000
  0.440451  -0.0000 1220.00000000
  0.440807  -0.0000 1235.00000000
  0.441335  -0.0000 1256.00000000
  0.442115  -0.0000 1289.00000000
  0.443260  -0.0000 1337.00000000
  0.444664  -0.0000 1398.00000000
  0.446039  -0.0000 1458.00000000
  0.447389  -0.0000 1519.00000000
  0.449189  -0.0000 1601.00000000
  0.450947  -0.0000 1684.00000000
  0.453183  -0.0000 1793.00000000
  0.455362  -0.0000 1901.00000000
  0.455699  -0.0000 1918.00000000
  0.456034  -0.0000 1935.00000000
  0.456368  -0.0000 1951.00000000
  0.456582  -0.0000 1963.00000000
  0.456630  -0.0000 1966.00000000
  0.456679  -0.0000 1969.00000000
  0.456752  -0.0000 1974.00000000
  0.456862  -0.0000 1981.00000000
  0.457026  -0.0000 1991.00000000
  0.457270  -0.0000 2006.00000000
  0.457632  -0.0000 2029.00000000
  0.458168  -0.0000 2064.00000000
  0.458960  -0.0000 2115.00000000
  0.460123  -0.0000 2193.00000000
  0.461486  -0.0000 2285.00000000
  0.462822  -0.0000 2378.00000000
  0.464133  -0.0000 2471.00000000
  0.465975  -0.0000 2604.00000000
  0.467774  -0.0000 2737.00000000
  0.469982  -0.0000 2905.00000000
  0.472134  -0.0000 3073.00000000
  0.472538  -0.0000 3105.00000000
  0.472941  -0.0000 3137.00000000
  0.473341  -0.0000 3168.00000000
  0.473529  -0.0000 3186.00000000
  0.473574  -0.0000 3190.00000000
  0.473619  -0.0000 3194.00000000
  0.473686  -0.0000 3201.00000000
  0.473787  -0.0000 3211.00000000
  0.473938  -0.0000 3225.00000000
  0.474162  -0.0000 3247.00000000
  0.474496  -0.0000 3280.00000000
  0.474991  -0.0000 3329.00000000
  0.475723  -0.0000 3403.00000000
  0.476799  -0.0000 3513.00000000
  0.478230  -0.0000 3664.00000000
  0.479633  -0.0000 3814.00000000
  0.481008  -0.0000 3965.00000000
  0.482359  -0.0000 4115.00000000
  0.484334  -0.0000 4341.00000000
  0.486649  -0.0000 4613.00000000
  0.488906  -0.0000 4885.00000000
  0.489357  -0.0000 4940.00000000
  0.489805  -0.0000 4995.00000000
  0.490251  -0.0000 5049.00000000
  0.490444  -0.0000 5076.00000000
  0.490489  -0.0000 5083.00000000
  0.490535  -0.0000 5090.00000000
  0.490604  -0.0000 5100.00000000
  0.490707  -0.0000 5115.00000000
  0.490861  -0.0000 5138.00000000
  0.491091  -0.0000 5172.00000000
  0.491432  -0.0000 5223.00000000
  0.491938  -0.0000 5300.00000000
  0.492686  -0.0000 5416.00000000
  0.493786  -0.0000 5589.00000000
  0.495238  -0.0000 5822.00000000
  0.496660  -0.0000 6056.00000000
  0.498056  -0.0000 6289.00000000
  0.499426  -0.0000 6523.00000000
  0.501430  -0.0000 6873.00000000
  0.503367  -0.0000 7220.00000000
  0.505263  -0.0000 7566.00000000
  0.507123  -0.0000 7913.00000000
  0.507318  -0.0000 7952.00000000
  0.507363  -0.0000 7962.00000000
  0.507407  -0.0000 7972.00000000
  0.507475  -0.0000 7987.00000000
  0.507575  -0.0000 8009.00000000
  0.507725  -0.0000 8043.00000000
  0.507949  -0.0000 8093.00000000
  0.508282  -0.0000 8168.00000000
  0.508775  -0.0000 8281.00000000
  0.509505  -0.0000 8451.00000000
  0.510579  -0.0000 8705.00000000
  0.512034  -0.0000 9057.00000000
  0.513459  -0.0000 9409.00000000
  0.514857  -0.0000 9761.00000000
  0.515797  -0.0000 10000.00000000
  0.515487  -0.0000 10000.00000000
  0.515487  -0.0000 10000.00000000
  0.515487  -0.0000 10000.00000000
  0.515487  -0.0000 10000.00000000
  0.515487  -0.0000 10000.00000000
  0.515487  -0.0000 10000.00000000
  0.515487  -0.0000 10000.00000000
  0.515487  -0.0000 10000.00000000
  0.515487  -0.0000 10000.00000000
  0.515487  -0.0000 10000.00000000
  0.515487  -0.0000 10000.00000000
  0.515486  -0.0000 10000.00000000
  0.515486  -0.0000 10000.00000000
  0.515485  -0.0000 10000.00000000
  0.515484  -0.0000 10000.00000000
  0.515484  -0.0000 10000.00000000
