  0.000036  -0.0000   0.00100000
  0.000077  -0.0000   0.00200000
  0.000209  -0.0000   0.00300000
  0.002436  -0.0000   0.00450000
  0.006164  -0.0000   0.00506300
  0.006212  -0.0000   0.00590600
  0.006264  -0.0000   0.00717200
  0.006343  -0.0000   0.00907000
  0.006461  -0.0000   0.01192000
  0.006640  -0.0000   0.01619000
  0.006909  -0.0000   0.02260000
  0.007319  -0.0000   0.03221000
  0.007947  -0.0000   0.04662000
  0.008933  -0.0000   0.06825000
  0.009895  -0.0000   0.08839000
  0.010907  -0.0000   0.10900000
  0.011975  -0.0000   0.12900000
  0.012925  -0.0000   0.14600000
  0.013919  -0.0000   0.16300000
  0.014961  -0.0000   0.18000000
  0.015996  -0.0000   0.19600000
  0.017077  -0.0000   0.21200000
  0.018205  -0.0000   0.22900000
  0.019371  -0.0000   0.24500000
  0.020587  -0.0000   0.26100000
  0.021412  -0.0000   0.27700000
  0.021768  -0.0000   0.29600000
  0.022125  -0.0000   0.31500000
  0.022484  -0.0000   0.33400000
  0.022968  -0.0000   0.35900000
  0.023460  -0.0000   0.38500000
  0.023959  -0.0000   0.41000000
  0.024469  -0.0000   0.43500000
  0.025259  -0.0000   0.47300000
  0.026080  -0.0000   0.51100000
  0.027185  -0.0000   0.56000000
  0.028354  -0.0000   0.60800000
  0.029699  -0.0000   0.66100000
  0.031133  -0.0000   0.71300000
  0.032660  -0.0000   0.76600000
  0.034286  -0.0000   0.81800000
  0.036016  -0.0000   0.87100000
  0.037554  -0.0000   0.91500000
  0.039171  -0.0000   0.95900000
  0.040820  -0.0000   1.00000000
  0.042034  -0.0000   1.05000000
  0.042733  -0.0000   1.07000000
  0.042962  -0.0000   1.09000000
  0.043178  -0.0000   1.11000000
  0.043388  -0.0000   1.13000000
  0.043668  -0.0000   1.16000000
  0.043939  -0.0000   1.19000000
  0.044201  -0.0000   1.21000000
  0.044457  -0.0000   1.24000000
  0.044829  -0.0000   1.28000000
  0.045189  -0.0000   1.32000000
  0.045540  -0.0000   1.36000000
  0.045883  -0.0000   1.40000000
  0.046384  -0.0000   1.46000000
  0.046977  -0.0000   1.54000000
  0.047557  -0.0000   1.61000000
  0.048127  -0.0000   1.69000000
  0.048951  -0.0000   1.79000000
  0.049764  -0.0000   1.90000000
  0.050964  -0.0000   2.07000000
  0.052150  -0.0000   2.23000000
  0.053908  -0.0000   2.48000000
  0.055650  -0.0000   2.72000000
  0.058236  -0.0000   3.09000000
  0.060796  -0.0000   3.46000000
  0.061246  -0.0000   3.52000000
  0.061694  -0.0000   3.59000000
  0.062142  -0.0000   3.65000000
  0.062735  -0.0000   3.75000000
  0.062975  -0.0000   3.81000000
  0.063209  -0.0000   3.88000000
  0.063436  -0.0000   3.94000000
  0.063766  -0.0000   4.03000000
  0.064242  -0.0000   4.18000000
  0.064877  -0.0000   4.37000000
  0.065497  -0.0000   4.57000000
  0.066107  -0.0000   4.76000000
  0.067010  -0.0000   5.06000000
  0.068348  -0.0000   5.50000000
  0.070150  -0.0000   6.10000000
  0.071943  -0.0000   6.70000000
  0.074529  -0.0000   7.56000000
  0.077103  -0.0000   8.43000000
  0.080932  -0.0000   9.73000000
  0.081314  -0.0000   9.86000000
  0.081695  -0.0000   9.99000000
  0.082076  -0.0000  10.10000000
  0.082647  -0.0000  10.30000000
  0.083335  -0.0000  10.60000000
  0.083756  -0.0000  10.80000000
  0.084162  -0.0000  11.10000000
  0.084559  -0.0000  11.30000000
  0.085140  -0.0000  11.70000000
  0.085998  -0.0000  12.20000000
  0.087272  -0.0000  13.00000000
  0.088541  -0.0000  13.80000000
  0.090421  -0.0000  15.00000000
  0.092296  -0.0000  16.10000000
  0.095100  -0.0000  17.90000000
  0.099278  -0.0000  20.60000000
  0.100046  -0.0000  21.10000000
  0.100813  -0.0000  21.50000000
  0.101579  -0.0000  22.00000000
  0.102725  -0.0000  22.80000000
  0.103375  -0.0000  23.20000000
  0.103861  -0.0000  23.60000000
  0.104291  -0.0000  24.00000000
  0.104711  -0.0000  24.40000000
  0.105124  -0.0000  24.80000000
  0.105736  -0.0000  25.50000000
  0.106648  -0.0000  26.40000000
  0.108011  -0.0000  27.80000000
  0.109971  -0.0000  29.80000000
  0.111928  -0.0000  31.90000000
  0.114854  -0.0000  34.90000000
  0.119217  -0.0000  39.50000000
  0.120279  -0.0000  40.60000000
  0.121339  -0.0000  41.70000000
  0.122398  -0.0000  42.80000000
  0.123981  -0.0000  44.50000000
  0.124297  -0.0000  44.90000000
  0.124566  -0.0000  45.30000000
  0.124831  -0.0000  45.70000000
  0.125219  -0.0000  46.20000000
  0.125795  -0.0000  47.10000000
  0.126652  -0.0000  48.50000000
  0.127934  -0.0000  50.50000000
  0.129669  -0.0000  53.20000000
  0.131401  -0.0000  55.90000000
  0.133992  -0.0000  59.90000000
  0.137862  -0.0000  66.00000000
  0.143626  -0.0000  75.20000000
  0.144015  -0.0000  75.80000000
  0.144403  -0.0000  76.40000000
  0.144790  -0.0000  77.00000000
  0.145232  -0.0000  77.90000000
  0.145659  -0.0000  78.90000000
  0.146081  -0.0000  79.80000000
  0.146501  -0.0000  80.70000000
  0.147128  -0.0000  82.10000000
  0.148068  -0.0000  84.20000000
  0.149475  -0.0000  87.30000000
  0.151583  -0.0000  92.00000000
  0.154734  -0.0000  99.00000000
  0.159436  -0.0000 110.00000000
  0.161709  -0.0000 115.00000000
  0.163976  -0.0000 120.00000000
  0.165105  -0.0000 122.00000000
  0.165754  -0.0000 124.00000000
  0.166300  -0.0000 125.00000000
  0.166839  -0.0000 127.00000000
  0.167375  -0.0000 129.00000000
  0.167910  -0.0000 130.00000000
  0.168712  -0.0000 133.00000000
  0.169914  -0.0000 136.00000000
  0.171715  -0.0000 142.00000000
  0.174408  -0.0000 150.00000000
  0.178431  -0.0000 162.00000000
  0.184429  -0.0000 180.00000000
  0.184915  -0.0000 182.00000000
  0.185401  -0.0000 183.00000000
  0.185887  -0.0000 185.00000000
  0.186553  -0.0000 187.00000000
  0.187080  -0.0000 189.00000000
  0.187601  -0.0000 191.00000000
  0.188122  -0.0000 193.00000000
  0.188901  -0.0000 196.00000000
  0.190069  -0.0000 201.00000000
  0.191818  -0.0000 208.00000000
  0.194435  -0.0000 218.00000000
  0.198345  -0.0000 234.00000000
  0.204178  -0.0000 257.00000000
  0.204684  -0.0000 259.00000000
  0.205191  -0.0000 261.00000000
  0.205696  -0.0000 263.00000000
  0.206455  -0.0000 266.00000000
  0.207493  -0.0000 271.00000000
  0.208097  -0.0000 274.00000000
  0.208697  -0.0000 277.00000000
  0.209297  -0.0000 280.00000000
  0.210196  -0.0000 284.00000000
  0.211543  -0.0000 291.00000000
  0.213559  -0.0000 301.00000000
  0.216575  -0.0000 317.00000000
  0.221079  -0.0000 339.00000000
  0.227795  -0.0000 374.00000000
  0.228151  -0.0000 376.00000000
  0.228481  -0.0000 378.00000000
  0.228808  -0.0000 380.00000000
  0.229299  -0.0000 383.00000000
  0.230034  -0.0000 388.00000000
  0.231135  -0.0000 395.00000000
  0.232785  -0.0000 405.00000000
  0.235252  -0.0000 420.00000000
  0.238941  -0.0000 444.00000000
  0.244446  -0.0000 479.00000000
  0.245192  -0.0000 483.00000000
  0.245938  -0.0000 488.00000000
  0.246682  -0.0000 493.00000000
  0.247798  -0.0000 500.00000000
  0.248773  -0.0000 506.00000000
  0.249207  -0.0000 510.00000000
  0.249637  -0.0000 513.00000000
  0.250067  -0.0000 516.00000000
  0.250711  -0.0000 521.00000000
  0.251676  -0.0000 529.00000000
  0.253123  -0.0000 540.00000000
  0.255287  -0.0000 556.00000000
  0.258524  -0.0000 581.00000000
  0.263360  -0.0000 619.00000000
  0.266084  -0.0000 640.00000000
  0.268802  -0.0000 661.00000000
  0.269397  -0.0000 666.00000000
  0.269935  -0.0000 671.00000000
  0.270439  -0.0000 675.00000000
  0.271193  -0.0000 682.00000000
  0.271947  -0.0000 689.00000000
  0.273076  -0.0000 700.00000000
  0.274768  -0.0000 715.00000000
  0.277298  -0.0000 739.00000000
  0.281081  -0.0000 774.00000000
  0.286730  -0.0000 827.00000000
  0.287418  -0.0000 834.00000000
  0.288105  -0.0000 840.00000000
  0.288793  -0.0000 847.00000000
  0.289823  -0.0000 856.00000000
  0.290574  -0.0000 864.00000000
  0.291135  -0.0000 870.00000000
  0.291694  -0.0000 876.00000000
  0.292253  -0.0000 882.00000000
  0.292811  -0.0000 888.00000000
  0.293649  -0.0000 897.00000000
  0.294903  -0.0000 911.00000000
  0.296781  -0.0000 932.00000000
  0.299590  -0.0000 963.00000000
  0.303790  -0.0000 1010.00000000
  0.310060  -0.0000 1080.00000000
  0.310553  -0.0000 1085.00000000
  0.311045  -0.0000 1091.00000000
  0.311512  -0.0000 1096.00000000
  0.312153  -0.0000 1104.00000000
  0.312792  -0.0000 1113.00000000
  0.313431  -0.0000 1121.00000000
  0.314070  -0.0000 1129.00000000
  0.315027  -0.0000 1142.00000000
  0.316461  -0.0000 1160.00000000
  0.318607  -0.0000 1188.00000000
  0.321816  -0.0000 1230.00000000
  0.326613  -0.0000 1293.00000000
  0.328459  -0.0000 1317.00000000
  0.330303  -0.0000 1341.00000000
  0.332144  -0.0000 1365.00000000
  0.332589  -0.0000 1372.00000000
  0.333023  -0.0000 1378.00000000
  0.333457  -0.0000 1385.00000000
  0.334109  -0.0000 1395.00000000
  0.335085  -0.0000 1409.00000000
  0.336546  -0.0000 1431.00000000
  0.338733  -0.0000 1464.00000000
  0.342004  -0.0000 1514.00000000
  0.346892  -0.0000 1588.00000000
  0.349574  -0.0000 1629.00000000
  0.352251  -0.0000 1670.00000000
  0.352929  -0.0000 1680.00000000
  0.353548  -0.0000 1690.00000000
  0.354146  -0.0000 1701.00000000
  0.355043  -0.0000 1716.00000000
  0.355940  -0.0000 1732.00000000
  0.356835  -0.0000 1747.00000000
  0.358176  -0.0000 1771.00000000
  0.360184  -0.0000 1806.00000000
  0.363187  -0.0000 1858.00000000
  0.367676  -0.0000 1937.00000000
  0.374331  -0.0000 2055.00000000
  0.374770  -0.0000 2064.00000000
  0.375209  -0.0000 2072.00000000
  0.375647  -0.0000 2081.00000000
  0.376305  -0.0000 2094.00000000
  0.377291  -0.0000 2114.00000000
  0.378768  -0.0000 2143.00000000
  0.380981  -0.0000 2187.00000000
  0.384291  -0.0000 2253.00000000
  0.389242  -0.0000 2353.00000000
  0.391259  -0.0000 2393.00000000
  0.393273  -0.0000 2433.00000000
  0.395249  -0.0000 2474.00000000
  0.395726  -0.0000 2485.00000000
  0.396203  -0.0000 2495.00000000
  0.396679  -0.0000 2506.00000000
  0.397394  -0.0000 2522.00000000
  0.398465  -0.0000 2546.00000000
  0.400068  -0.0000 2582.00000000
  0.402468  -0.0000 2637.00000000
  0.406059  -0.0000 2718.00000000
  0.411425  -0.0000 2840.00000000
  0.412417  -0.0000 2863.00000000
  0.413408  -0.0000 2885.00000000
  0.414399  -0.0000 2908.00000000
  0.415878  -0.0000 2942.00000000
  0.416379  -0.0000 2955.00000000
  0.416880  -0.0000 2967.00000000
  0.417381  -0.0000 2980.00000000
  0.418132  -0.0000 2999.00000000
  0.419258  -0.0000 3028.00000000
  0.420943  -0.0000 3071.00000000
  0.423465  -0.0000 3135.00000000
  0.427237  -0.0000 3231.00000000
  0.432875  -0.0000 3376.00000000
  0.433742  -0.0000 3398.00000000
  0.434608  -0.0000 3421.00000000
  0.435473  -0.0000 3443.00000000
  0.436770  -0.0000 3476.00000000
  0.437286  -0.0000 3491.00000000
  0.437799  -0.0000 3506.00000000
  0.438313  -0.0000 3520.00000000
  0.439082  -0.0000 3542.00000000
  0.440235  -0.0000 3575.00000000
  0.441962  -0.0000 3624.00000000
  0.444545  -0.0000 3698.00000000
  0.448408  -0.0000 3809.00000000
  0.454181  -0.0000 3975.00000000
  0.454983  -0.0000 3998.00000000
  0.455784  -0.0000 4021.00000000
  0.456584  -0.0000 4045.00000000
  0.457775  -0.0000 4079.00000000
  0.458303  -0.0000 4096.00000000
  0.458832  -0.0000 4113.00000000
  0.459360  -0.0000 4129.00000000
  0.460152  -0.0000 4155.00000000
  0.461339  -0.0000 4192.00000000
  0.463116  -0.0000 4249.00000000
  0.465774  -0.0000 4334.00000000
  0.469751  -0.0000 4461.00000000
  0.475695  -0.0000 4652.00000000
  0.476438  -0.0000 4676.00000000
  0.477180  -0.0000 4700.00000000
  0.477922  -0.0000 4724.00000000
  0.478999  -0.0000 4760.00000000
  0.479591  -0.0000 4781.00000000
  0.480183  -0.0000 4802.00000000
  0.480776  -0.0000 4822.00000000
  0.481663  -0.0000 4854.00000000
  0.482992  -0.0000 4901.00000000
  0.484982  -0.0000 4971.00000000
  0.487960  -0.0000 5077.00000000
  0.492413  -0.0000 5235.00000000
  0.499068  -0.0000 5473.00000000
  0.499581  -0.0000 5491.00000000
  0.500055  -0.0000 5510.00000000
  0.500527  -0.0000 5528.00000000
  0.501234  -0.0000 5556.00000000
  0.501940  -0.0000 5583.00000000
  0.502999  -0.0000 5624.00000000
  0.504584  -0.0000 5686.00000000
  0.506956  -0.0000 5779.00000000
  0.510505  -0.0000 5919.00000000
  0.515810  -0.0000 6128.00000000
  0.517047  -0.0000 6176.00000000
  0.518284  -0.0000 6225.00000000
  0.519519  -0.0000 6274.00000000
  0.520720  -0.0000 6322.00000000
  0.521303  -0.0000 6347.00000000
  0.521885  -0.0000 6372.00000000
  0.522468  -0.0000 6397.00000000
  0.523341  -0.0000 6434.00000000
  0.524648  -0.0000 6491.00000000
  0.526605  -0.0000 6575.00000000
  0.529535  -0.0000 6701.00000000
  0.533916  -0.0000 6891.00000000
  0.540465  -0.0000 7176.00000000
  0.541027  -0.0000 7200.00000000
  0.541587  -0.0000 7224.00000000
  0.542106  -0.0000 7249.00000000
  0.542884  -0.0000 7285.00000000
  0.543663  -0.0000 7322.00000000
  0.544441  -0.0000 7359.00000000
  0.545605  -0.0000 7413.00000000
  0.547350  -0.0000 7496.00000000
  0.549961  -0.0000 7619.00000000
  0.553867  -0.0000 7805.00000000
  0.559707  -0.0000 8083.00000000
  0.560496  -0.0000 8120.00000000
  0.561285  -0.0000 8158.00000000
  0.562073  -0.0000 8195.00000000
  0.562987  -0.0000 8241.00000000
  0.563870  -0.0000 8286.00000000
  0.564753  -0.0000 8332.00000000
  0.565636  -0.0000 8377.00000000
  0.566517  -0.0000 8422.00000000
  0.567837  -0.0000 8491.00000000
  0.569814  -0.0000 8593.00000000
  0.572774  -0.0000 8746.00000000
  0.577201  -0.0000 8976.00000000
  0.583793  -0.0000 9321.00000000
  0.584271  -0.0000 9347.00000000
  0.584749  -0.0000 9374.00000000
  0.585226  -0.0000 9401.00000000
  0.585943  -0.0000 9441.00000000
  0.587016  -0.0000 9502.00000000
  0.588624  -0.0000 9592.00000000
  0.591032  -0.0000 9728.00000000
  0.594636  -0.0000 9931.00000000
  0.595854  -0.0000 10000.00000000
  0.595410  -0.0000 10000.00000000
  0.595410  -0.0000 10000.00000000
  0.595410  -0.0000 10000.00000000
  0.595410  -0.0000 10000.00000000
  0.595410  -0.0000 10000.00000000
  0.595410  -0.0000 10000.00000000
  0.595410  -0.0000 10000.00000000
  0.595410  -0.0000 10000.00000000
  0.595410  -0.0000 10000.00000000
  0.595409  -0.0000 10000.00000000
  0.595408  -0.0000 10000.00000000
  0.595405  -0.0000 10000.00000000
