  0.000183  -0.0000   0.00100000
  0.000403  -0.0000   0.00200000
  0.001139  -0.0000   0.00300000
  0.003024  -0.0000   0.00332600
  0.006712  -0.0000   0.00340700
  0.006831  -0.0000   0.00348800
  0.006876  -0.0000   0.00361000
  0.006952  -0.0000   0.00379400
  0.007082  -0.0000   0.00406800
  0.007317  -0.0000   0.00448000
  0.007559  -0.0000   0.00484800
  0.007834  -0.0000   0.00521500
  0.008147  -0.0000   0.00558200
  0.008392  -0.0000   0.00584100
  0.008668  -0.0000   0.00609900
  0.008983  -0.0000   0.00635800
  0.009257  -0.0000   0.00656000
  0.009563  -0.0000   0.00676200
  0.009905  -0.0000   0.00696400
  0.010262  -0.0000   0.00715400
  0.010656  -0.0000   0.00734500
  0.011088  -0.0000   0.00753600
  0.011544  -0.0000   0.00772000
  0.012037  -0.0000   0.00790400
  0.012569  -0.0000   0.00808900
  0.013175  -0.0000   0.00828500
  0.013823  -0.0000   0.00848100
  0.014509  -0.0000   0.00867700
  0.015408  -0.0000   0.00891800
  0.016355  -0.0000   0.00915900
  0.017348  -0.0000   0.00940000
  0.018379  -0.0000   0.00964100
  0.019442  -0.0000   0.00988200
  0.019567  -0.0000   0.00991000
  0.019693  -0.0000   0.00993900
  0.019820  -0.0000   0.00996700
  0.019904  -0.0000   0.01001000
  0.019923  -0.0000   0.01005000
  0.019938  -0.0000   0.01010000
  0.019950  -0.0000   0.01014000
  0.019966  -0.0000   0.01020000
  0.019986  -0.0000   0.01030000
  0.020011  -0.0000   0.01044000
  0.020043  -0.0000   0.01066000
  0.020072  -0.0000   0.01087000
  0.020111  -0.0000   0.01120000
  0.020164  -0.0000   0.01168000
  0.020239  -0.0000   0.01241000
  0.020350  -0.0000   0.01350000
  0.020460  -0.0000   0.01459000
  0.020634  -0.0000   0.01623000
  0.020929  -0.0000   0.01868000
  0.021105  -0.0000   0.02000000
  0.021308  -0.0000   0.02132000
  0.021546  -0.0000   0.02263000
  0.021783  -0.0000   0.02376000
  0.022063  -0.0000   0.02489000
  0.022394  -0.0000   0.02601000
  0.022673  -0.0000   0.02685000
  0.022988  -0.0000   0.02769000
  0.023343  -0.0000   0.02853000
  0.023704  -0.0000   0.02930000
  0.024104  -0.0000   0.03007000
  0.024545  -0.0000   0.03084000
  0.024971  -0.0000   0.03152000
  0.025433  -0.0000   0.03221000
  0.025933  -0.0000   0.03289000
  0.026438  -0.0000   0.03353000
  0.026979  -0.0000   0.03418000
  0.027555  -0.0000   0.03482000
  0.028160  -0.0000   0.03546000
  0.028800  -0.0000   0.03610000
  0.029477  -0.0000   0.03674000
  0.030212  -0.0000   0.03739000
  0.030984  -0.0000   0.03805000
  0.031793  -0.0000   0.03871000
  0.032803  -0.0000   0.03948000
  0.033863  -0.0000   0.04026000
  0.034972  -0.0000   0.04103000
  0.036130  -0.0000   0.04181000
  0.036164  -0.0000   0.04185000
  0.036179  -0.0000   0.04190000
  0.036192  -0.0000   0.04194000
  0.036209  -0.0000   0.04201000
  0.036231  -0.0000   0.04211000
  0.036259  -0.0000   0.04226000
  0.036295  -0.0000   0.04248000
  0.036342  -0.0000   0.04282000
  0.036402  -0.0000   0.04332000
  0.036482  -0.0000   0.04408000
  0.036591  -0.0000   0.04521000
  0.036743  -0.0000   0.04692000
  0.036971  -0.0000   0.04947000
  0.037354  -0.0000   0.05330000
  0.037559  -0.0000   0.05518000
  0.037789  -0.0000   0.05707000
  0.038048  -0.0000   0.05895000
  0.038423  -0.0000   0.06126000
  0.038864  -0.0000   0.06358000
  0.039380  -0.0000   0.06590000
  0.039980  -0.0000   0.06821000
  0.040671  -0.0000   0.07053000
  0.041306  -0.0000   0.07243000
  0.042011  -0.0000   0.07433000
  0.042791  -0.0000   0.07623000
  0.043650  -0.0000   0.07814000
  0.044591  -0.0000   0.08004000
  0.045617  -0.0000   0.08194000
  0.046538  -0.0000   0.08354000
  0.047524  -0.0000   0.08513000
  0.048574  -0.0000   0.08672000
  0.049690  -0.0000   0.08832000
  0.050873  -0.0000   0.08991000
  0.052123  -0.0000   0.09151000
  0.053440  -0.0000   0.09310000
  0.053562  -0.0000   0.09325000
  0.053685  -0.0000   0.09340000
  0.053747  -0.0000   0.09354000
  0.053799  -0.0000   0.09377000
  0.053862  -0.0000   0.09410000
  0.053916  -0.0000   0.09443000
  0.053964  -0.0000   0.09476000
  0.054029  -0.0000   0.09526000
  0.054116  -0.0000   0.09601000
  0.054234  -0.0000   0.09713000
  0.054397  -0.0000   0.09881000
  0.054632  -0.0000   0.10100000
  0.055001  -0.0000   0.10500000
  0.055365  -0.0000   0.10900000
  0.055778  -0.0000   0.11200000
  0.056254  -0.0000   0.11500000
  0.056801  -0.0000   0.11900000
  0.057429  -0.0000   0.12200000
  0.058142  -0.0000   0.12500000
  0.058948  -0.0000   0.12900000
  0.059852  -0.0000   0.13200000
  0.060657  -0.0000   0.13500000
  0.061534  -0.0000   0.13800000
  0.062486  -0.0000   0.14000000
  0.063516  -0.0000   0.14300000
  0.064626  -0.0000   0.14600000
  0.065820  -0.0000   0.14900000
  0.067099  -0.0000   0.15100000
  0.068464  -0.0000   0.15400000
  0.069917  -0.0000   0.15700000
  0.071193  -0.0000   0.15900000
  0.071264  -0.0000   0.16000000
  0.071308  -0.0000   0.16000000
  0.071347  -0.0000   0.16000000
  0.071398  -0.0000   0.16000000
  0.071466  -0.0000   0.16100000
  0.071556  -0.0000   0.16100000
  0.071674  -0.0000   0.16200000
  0.071833  -0.0000   0.16400000
  0.072054  -0.0000   0.16600000
  0.072378  -0.0000   0.17000000
  0.072902  -0.0000   0.17500000
  0.073225  -0.0000   0.17800000
  0.073575  -0.0000   0.18100000
  0.073957  -0.0000   0.18400000
  0.074605  -0.0000   0.18900000
  0.075336  -0.0000   0.19300000
  0.076155  -0.0000   0.19800000
  0.077066  -0.0000   0.20200000
  0.078075  -0.0000   0.20700000
  0.079186  -0.0000   0.21100000
  0.080162  -0.0000   0.21500000
  0.081211  -0.0000   0.21800000
  0.082336  -0.0000   0.22200000
  0.083539  -0.0000   0.22600000
  0.084821  -0.0000   0.22900000
  0.086185  -0.0000   0.23300000
  0.087631  -0.0000   0.23700000
  0.087961  -0.0000   0.23800000
  0.088296  -0.0000   0.23800000
  0.088611  -0.0000   0.23900000
  0.088682  -0.0000   0.24000000
  0.088744  -0.0000   0.24000000
  0.088800  -0.0000   0.24000000
  0.088876  -0.0000   0.24100000
  0.088978  -0.0000   0.24200000
  0.089115  -0.0000   0.24300000
  0.089303  -0.0000   0.24500000
  0.089569  -0.0000   0.24800000
  0.089971  -0.0000   0.25200000
  0.090517  -0.0000   0.25800000
  0.091125  -0.0000   0.26300000
  0.091806  -0.0000   0.26900000
  0.092566  -0.0000   0.27500000
  0.093409  -0.0000   0.28000000
  0.094339  -0.0000   0.28600000
  0.095358  -0.0000   0.29100000
  0.096472  -0.0000   0.29700000
  0.097683  -0.0000   0.30200000
  0.098996  -0.0000   0.30800000
  0.100413  -0.0000   0.31300000
  0.101642  -0.0000   0.31800000
  0.102944  -0.0000   0.32200000
  0.104320  -0.0000   0.32700000
  0.105953  -0.0000   0.33200000
  0.106086  -0.0000   0.33200000
  0.106162  -0.0000   0.33300000
  0.106224  -0.0000   0.33300000
  0.106308  -0.0000   0.33400000
  0.106418  -0.0000   0.33500000
  0.106565  -0.0000   0.33600000
  0.106764  -0.0000   0.33800000
  0.107044  -0.0000   0.34100000
  0.107458  -0.0000   0.34600000
  0.108124  -0.0000   0.35300000
  0.108664  -0.0000   0.35800000
  0.109251  -0.0000   0.36400000
  0.109887  -0.0000   0.36900000
  0.110802  -0.0000   0.37600000
  0.111804  -0.0000   0.38300000
  0.112899  -0.0000   0.38900000
  0.114088  -0.0000   0.39600000
  0.115375  -0.0000   0.40300000
  0.116764  -0.0000   0.41000000
  0.118257  -0.0000   0.41700000
  0.119600  -0.0000   0.42300000
  0.121022  -0.0000   0.42800000
  0.122522  -0.0000   0.43400000
  0.122992  -0.0000   0.43600000
  0.123470  -0.0000   0.43800000
  0.123670  -0.0000   0.43900000
  0.123789  -0.0000   0.44000000
  0.123895  -0.0000   0.44000000
  0.124036  -0.0000   0.44200000
  0.124166  -0.0000   0.44300000
  0.124347  -0.0000   0.44500000
  0.124605  -0.0000   0.44800000
  0.124987  -0.0000   0.45200000
  0.125589  -0.0000   0.45900000
  0.126042  -0.0000   0.46400000
  0.126524  -0.0000   0.46900000
  0.127035  -0.0000   0.47400000
  0.127870  -0.0000   0.48100000
  0.129026  -0.0000   0.49000000
  0.130293  -0.0000   0.49900000
  0.131449  -0.0000   0.50600000
  0.132690  -0.0000   0.51400000
  0.134018  -0.0000   0.52200000
  0.135436  -0.0000   0.52900000
  0.136945  -0.0000   0.53700000
  0.138548  -0.0000   0.54400000
  0.140244  -0.0000   0.55200000
  0.140522  -0.0000   0.55300000
  0.140802  -0.0000   0.55400000
  0.141084  -0.0000   0.55600000
  0.141251  -0.0000   0.55700000
  0.141368  -0.0000   0.55800000
  0.141474  -0.0000   0.55900000
  0.141618  -0.0000   0.56000000
  0.141752  -0.0000   0.56100000
  0.141941  -0.0000   0.56400000
  0.142212  -0.0000   0.56700000
  0.142617  -0.0000   0.57200000
  0.143254  -0.0000   0.57900000
  0.143939  -0.0000   0.58700000
  0.144678  -0.0000   0.59400000
  0.145472  -0.0000   0.60100000
  0.146321  -0.0000   0.60900000
  0.147225  -0.0000   0.61600000
  0.148385  -0.0000   0.62500000
  0.149626  -0.0000   0.63300000
  0.150951  -0.0000   0.64200000
  0.152574  -0.0000   0.65200000
  0.154013  -0.0000   0.66100000
  0.155533  -0.0000   0.66900000
  0.157135  -0.0000   0.67700000
  0.158680  -0.0000   0.68500000
  0.158783  -0.0000   0.68600000
  0.158866  -0.0000   0.68600000
  0.158943  -0.0000   0.68700000
  0.159050  -0.0000   0.68800000
  0.159197  -0.0000   0.69000000
  0.159402  -0.0000   0.69200000
  0.159693  -0.0000   0.69600000
  0.160123  -0.0000   0.70100000
  0.160796  -0.0000   0.70900000
  0.161517  -0.0000   0.71700000
  0.162289  -0.0000   0.72600000
  0.163114  -0.0000   0.73400000
  0.163992  -0.0000   0.74200000
  0.164922  -0.0000   0.75000000
  0.166437  -0.0000   0.76200000
  0.167770  -0.0000   0.77200000
  0.169187  -0.0000   0.78200000
  0.170691  -0.0000   0.79200000
  0.172457  -0.0000   0.80300000
  0.174332  -0.0000   0.81400000
  0.176294  -0.0000   0.82600000
  0.176383  -0.0000   0.82600000
  0.176466  -0.0000   0.82700000
  0.176543  -0.0000   0.82800000
  0.176652  -0.0000   0.82900000
  0.176803  -0.0000   0.83100000
  0.177016  -0.0000   0.83300000
  0.177320  -0.0000   0.83700000
  0.177774  -0.0000   0.84300000
  0.178369  -0.0000   0.85100000
  0.178996  -0.0000   0.85800000
  0.179659  -0.0000   0.86600000
  0.180459  -0.0000   0.87400000
  0.181306  -0.0000   0.88300000
  0.182579  -0.0000   0.89500000
  0.183942  -0.0000   0.90700000
  0.185398  -0.0000   0.91800000
  0.186948  -0.0000   0.93000000
  0.188593  -0.0000   0.94200000
  0.190334  -0.0000   0.95400000
  0.192172  -0.0000   0.96600000
  0.193717  -0.0000   0.97600000
  0.193859  -0.0000   0.97700000
  0.193961  -0.0000   0.97800000
  0.194055  -0.0000   0.97900000
  0.194186  -0.0000   0.98000000
  0.194367  -0.0000   0.98200000
  0.194622  -0.0000   0.98500000
  0.194989  -0.0000   0.99000000
  0.195544  -0.0000   0.99800000
  0.196183  -0.0000   1.01000000
  0.196808  -0.0000   1.02000000
  0.197433  -0.0000   1.03000000
  0.198056  -0.0000   1.03000000
  0.198984  -0.0000   1.05000000
  0.200361  -0.0000   1.07000000
  0.202385  -0.0000   1.10000000
  0.204760  -0.0000   1.14000000
  0.207077  -0.0000   1.17000000
  0.209336  -0.0000   1.21000000
  0.209596  -0.0000   1.21000000
  0.209856  -0.0000   1.22000000
  0.210115  -0.0000   1.22000000
  0.210502  -0.0000   1.23000000
  0.210797  -0.0000   1.23000000
  0.210930  -0.0000   1.24000000
  0.211049  -0.0000   1.24000000
  0.211160  -0.0000   1.24000000
  0.211313  -0.0000   1.25000000
  0.211527  -0.0000   1.26000000
  0.211830  -0.0000   1.27000000
  0.212273  -0.0000   1.29000000
  0.212935  -0.0000   1.31000000
  0.213601  -0.0000   1.34000000
  0.214269  -0.0000   1.37000000
  0.214937  -0.0000   1.39000000
  0.215936  -0.0000   1.43000000
  0.217421  -0.0000   1.49000000
  0.219608  -0.0000   1.58000000
  0.221913  -0.0000   1.68000000
  0.224169  -0.0000   1.77000000
  0.226375  -0.0000   1.87000000
  0.226595  -0.0000   1.88000000
  0.226814  -0.0000   1.89000000
  0.227032  -0.0000   1.90000000
  0.227359  -0.0000   1.91000000
  0.227769  -0.0000   1.93000000
  0.227923  -0.0000   1.95000000
  0.228062  -0.0000   1.96000000
  0.228193  -0.0000   1.97000000
  0.228377  -0.0000   1.99000000
  0.228642  -0.0000   2.01000000
  0.229032  -0.0000   2.05000000
  0.229618  -0.0000   2.11000000
  0.230208  -0.0000   2.17000000
  0.230800  -0.0000   2.23000000
  0.231393  -0.0000   2.28000000
  0.232281  -0.0000   2.37000000
  0.233603  -0.0000   2.50000000
  0.235559  -0.0000   2.70000000
  0.238426  -0.0000   2.99000000
  0.241223  -0.0000   3.29000000
  0.243950  -0.0000   3.58000000
  0.244107  -0.0000   3.60000000
  0.244265  -0.0000   3.62000000
  0.244419  -0.0000   3.63000000
  0.244548  -0.0000   3.65000000
  0.244664  -0.0000   3.68000000
  0.244772  -0.0000   3.70000000
  0.244924  -0.0000   3.73000000
  0.245141  -0.0000   3.78000000
  0.245456  -0.0000   3.85000000
  0.245928  -0.0000   3.96000000
  0.246642  -0.0000   4.12000000
  0.247361  -0.0000   4.28000000
  0.248081  -0.0000   4.45000000
  0.248799  -0.0000   4.61000000
  0.249872  -0.0000   4.86000000
  0.251465  -0.0000   5.22000000
  0.253813  -0.0000   5.77000000
  0.256087  -0.0000   6.32000000
  0.258318  -0.0000   6.86000000
  0.260506  -0.0000   7.40000000
  0.260669  -0.0000   7.44000000
  0.260832  -0.0000   7.48000000
  0.260994  -0.0000   7.52000000
  0.261198  -0.0000   7.58000000
  0.261369  -0.0000   7.65000000
  0.261525  -0.0000   7.73000000
  0.261672  -0.0000   7.80000000
  0.261815  -0.0000   7.87000000
  0.262026  -0.0000   7.97000000
  0.262341  -0.0000   8.13000000
  0.262817  -0.0000   8.37000000
  0.263536  -0.0000   8.72000000
  0.264258  -0.0000   9.08000000
  0.264980  -0.0000   9.44000000
  0.266059  -0.0000   9.97000000
  0.267661  -0.0000  10.80000000
  0.270026  -0.0000  12.00000000
  0.272255  -0.0000  13.10000000
  0.274445  -0.0000  14.30000000
  0.276595  -0.0000  15.40000000
  0.276803  -0.0000  15.60000000
  0.277011  -0.0000  15.70000000
  0.277218  -0.0000  15.80000000
  0.277528  -0.0000  15.90000000
  0.277927  -0.0000  16.20000000
  0.278083  -0.0000  16.30000000
  0.278227  -0.0000  16.50000000
  0.278363  -0.0000  16.60000000
  0.278562  -0.0000  16.80000000
  0.278857  -0.0000  17.10000000
  0.279303  -0.0000  17.60000000
  0.279978  -0.0000  18.30000000
  0.280656  -0.0000  19.00000000
  0.281335  -0.0000  19.70000000
  0.282349  -0.0000  20.70000000
  0.283859  -0.0000  22.30000000
  0.286092  -0.0000  24.60000000
  0.288402  -0.0000  27.10000000
  0.290672  -0.0000  29.50000000
  0.292903  -0.0000  32.00000000
  0.293169  -0.0000  32.30000000
  0.293434  -0.0000  32.60000000
  0.293699  -0.0000  32.90000000
  0.294095  -0.0000  33.30000000
  0.294620  -0.0000  34.00000000
  0.294761  -0.0000  34.20000000
  0.294890  -0.0000  34.50000000
  0.295014  -0.0000  34.70000000
  0.295195  -0.0000  35.10000000
  0.295464  -0.0000  35.70000000
  0.295870  -0.0000  36.50000000
  0.296486  -0.0000  37.80000000
  0.297105  -0.0000  39.00000000
  0.297725  -0.0000  40.30000000
  0.298652  -0.0000  42.20000000
  0.300034  -0.0000  45.00000000
  0.302081  -0.0000  49.20000000
  0.304516  -0.0000  54.40000000
  0.306909  -0.0000  59.50000000
  0.309261  -0.0000  64.60000000
  0.309635  -0.0000  65.40000000
  0.310007  -0.0000  66.30000000
  0.310379  -0.0000  67.10000000
  0.310934  -0.0000  68.30000000
  0.311155  -0.0000  68.80000000
  0.311323  -0.0000  69.30000000
  0.311461  -0.0000  69.80000000
  0.311652  -0.0000  70.50000000
  0.311838  -0.0000  71.20000000
  0.312116  -0.0000  72.30000000
  0.312538  -0.0000  74.00000000
  0.313176  -0.0000  76.50000000
  0.313816  -0.0000  79.00000000
  0.314457  -0.0000  81.40000000
  0.315414  -0.0000  85.10000000
  0.316841  -0.0000  90.70000000
  0.318954  -0.0000  99.10000000
  0.321311  -0.0000 109.00000000
  0.323631  -0.0000 118.00000000
  0.325913  -0.0000 128.00000000
  0.326279  -0.0000 129.00000000
  0.326644  -0.0000 131.00000000
  0.327008  -0.0000 132.00000000
  0.327551  -0.0000 134.00000000
  0.327803  -0.0000 135.00000000
  0.328002  -0.0000 136.00000000
  0.328160  -0.0000 138.00000000
  0.328381  -0.0000 139.00000000
  0.328599  -0.0000 141.00000000
  0.328818  -0.0000 142.00000000
  0.329149  -0.0000 145.00000000
  0.329649  -0.0000 148.00000000
  0.330403  -0.0000 154.00000000
  0.331157  -0.0000 159.00000000
  0.332283  -0.0000 167.00000000
  0.333957  -0.0000 179.00000000
  0.336430  -0.0000 197.00000000
  0.338865  -0.0000 215.00000000
  0.341261  -0.0000 234.00000000
  0.343616  -0.0000 252.00000000
  0.343814  -0.0000 253.00000000
  0.344012  -0.0000 255.00000000
  0.344209  -0.0000 256.00000000
  0.344505  -0.0000 259.00000000
  0.344687  -0.0000 260.00000000
  0.344829  -0.0000 262.00000000
  0.344962  -0.0000 264.00000000
  0.345156  -0.0000 266.00000000
  0.345350  -0.0000 269.00000000
  0.345643  -0.0000 272.00000000
  0.346087  -0.0000 278.00000000
  0.346756  -0.0000 287.00000000
  0.347426  -0.0000 295.00000000
  0.348428  -0.0000 308.00000000
  0.349921  -0.0000 327.00000000
  0.352131  -0.0000 356.00000000
  0.354411  -0.0000 386.00000000
  0.356658  -0.0000 416.00000000
  0.358871  -0.0000 446.00000000
  0.359451  -0.0000 454.00000000
  0.360029  -0.0000 462.00000000
  0.360604  -0.0000 470.00000000
  0.361407  -0.0000 482.00000000
  0.361534  -0.0000 484.00000000
  0.361652  -0.0000 487.00000000
  0.361767  -0.0000 490.00000000
  0.361938  -0.0000 493.00000000
  0.362196  -0.0000 499.00000000
  0.362586  -0.0000 508.00000000
  0.363177  -0.0000 521.00000000
  0.363769  -0.0000 534.00000000
  0.364656  -0.0000 554.00000000
  0.365979  -0.0000 583.00000000
  0.367944  -0.0000 627.00000000
  0.370843  -0.0000 694.00000000
  0.373690  -0.0000 760.00000000
  0.376485  -0.0000 826.00000000
  0.376794  -0.0000 833.00000000
  0.377101  -0.0000 841.00000000
  0.377408  -0.0000 848.00000000
  0.377867  -0.0000 859.00000000
  0.378084  -0.0000 864.00000000
  0.378235  -0.0000 870.00000000
  0.378375  -0.0000 875.00000000
  0.378513  -0.0000 880.00000000
  0.378649  -0.0000 885.00000000
  0.378856  -0.0000 893.00000000
  0.379169  -0.0000 905.00000000
  0.379643  -0.0000 923.00000000
  0.380355  -0.0000 949.00000000
  0.381420  -0.0000 989.00000000
  0.383008  -0.0000 1049.00000000
  0.385359  -0.0000 1139.00000000
  0.387679  -0.0000 1229.00000000
  0.389967  -0.0000 1318.00000000
  0.392222  -0.0000 1408.00000000
  0.392915  -0.0000 1436.00000000
  0.393605  -0.0000 1464.00000000
  0.394291  -0.0000 1491.00000000
  0.394562  -0.0000 1502.00000000
  0.394814  -0.0000 1513.00000000
  0.394968  -0.0000 1522.00000000
  0.395113  -0.0000 1531.00000000
  0.395256  -0.0000 1540.00000000
  0.395400  -0.0000 1550.00000000
  0.395618  -0.0000 1563.00000000
  0.395948  -0.0000 1584.00000000
  0.396445  -0.0000 1614.00000000
  0.397192  -0.0000 1661.00000000
  0.398308  -0.0000 1730.00000000
  0.399970  -0.0000 1833.00000000
  0.402430  -0.0000 1989.00000000
  0.404857  -0.0000 2145.00000000
  0.407248  -0.0000 2300.00000000
  0.409603  -0.0000 2456.00000000
  0.409963  -0.0000 2479.00000000
  0.410321  -0.0000 2503.00000000
  0.410678  -0.0000 2527.00000000
  0.411212  -0.0000 2563.00000000
  0.411464  -0.0000 2580.00000000
  0.411661  -0.0000 2596.00000000
  0.411828  -0.0000 2613.00000000
  0.411992  -0.0000 2630.00000000
  0.412157  -0.0000 2647.00000000
  0.412406  -0.0000 2672.00000000
  0.412783  -0.0000 2710.00000000
  0.413352  -0.0000 2767.00000000
  0.414204  -0.0000 2852.00000000
  0.415476  -0.0000 2980.00000000
  0.417366  -0.0000 3171.00000000
  0.419657  -0.0000 3406.00000000
  0.421920  -0.0000 3642.00000000
  0.424152  -0.0000 3877.00000000
  0.427039  -0.0000 4186.00000000
  0.427284  -0.0000 4213.00000000
  0.427529  -0.0000 4239.00000000
  0.427773  -0.0000 4266.00000000
  0.428139  -0.0000 4305.00000000
  0.428342  -0.0000 4329.00000000
  0.428496  -0.0000 4353.00000000
  0.428644  -0.0000 4377.00000000
  0.428792  -0.0000 4401.00000000
  0.428940  -0.0000 4425.00000000
  0.429165  -0.0000 4461.00000000
  0.429505  -0.0000 4515.00000000
  0.430016  -0.0000 4596.00000000
  0.430783  -0.0000 4718.00000000
  0.431929  -0.0000 4900.00000000
  0.433633  -0.0000 5174.00000000
  0.436155  -0.0000 5584.00000000
  0.438643  -0.0000 5994.00000000
  0.441095  -0.0000 6405.00000000
  0.443511  -0.0000 6815.00000000
  0.443791  -0.0000 6863.00000000
  0.444071  -0.0000 6910.00000000
  0.444350  -0.0000 6958.00000000
  0.444767  -0.0000 7030.00000000
  0.445064  -0.0000 7081.00000000
  0.445200  -0.0000 7112.00000000
  0.445326  -0.0000 7144.00000000
  0.445451  -0.0000 7175.00000000
  0.445576  -0.0000 7207.00000000
  0.445765  -0.0000 7255.00000000
  0.446052  -0.0000 7326.00000000
  0.446484  -0.0000 7432.00000000
  0.447133  -0.0000 7593.00000000
  0.448103  -0.0000 7833.00000000
  0.449550  -0.0000 8193.00000000
  0.451696  -0.0000 8734.00000000
  0.454063  -0.0000 9338.00000000
  0.456400  -0.0000 9941.00000000
  0.456626  -0.0000 10000.00000000
  0.453950  -0.0000 10000.00000000
  0.453950  -0.0000 10000.00000000
  0.453950  -0.0000 10000.00000000
  0.453949  -0.0000 10000.00000000
  0.453948  -0.0000 10000.00000000
  0.453947  -0.0000 10000.00000000
  0.453944  -0.0000 10000.00000000
  0.453937  -0.0000 10000.00000000
  0.453924  -0.0000 10000.00000000
  0.453898  -0.0000 10000.00000000
  0.453846  -0.0000 10000.00000000
  0.453747  -0.0000 10000.00000000
