  0.000268  -0.0000   0.00100000
  0.000590  -0.0000   0.00200000
  0.001630  -0.0000   0.00300000
  0.004368  -0.0000   0.00332500
  0.007201  -0.0000   0.00365000
  0.007366  -0.0000   0.00397500
  0.007531  -0.0000   0.00430000
  0.007819  -0.0000   0.00478800
  0.008061  -0.0000   0.00515200
  0.008331  -0.0000   0.00551700
  0.008630  -0.0000   0.00588100
  0.009026  -0.0000   0.00631100
  0.009468  -0.0000   0.00674100
  0.009961  -0.0000   0.00717100
  0.010514  -0.0000   0.00760100
  0.011134  -0.0000   0.00803100
  0.011644  -0.0000   0.00835400
  0.012201  -0.0000   0.00867700
  0.012809  -0.0000   0.00900100
  0.013472  -0.0000   0.00932400
  0.014191  -0.0000   0.00964800
  0.014968  -0.0000   0.00997100
  0.015804  -0.0000   0.01029000
  0.016699  -0.0000   0.01062000
  0.017651  -0.0000   0.01094000
  0.018662  -0.0000   0.01126000
  0.019727  -0.0000   0.01159000
  0.019945  -0.0000   0.01165000
  0.020165  -0.0000   0.01172000
  0.020292  -0.0000   0.01179000
  0.020325  -0.0000   0.01185000
  0.020354  -0.0000   0.01192000
  0.020380  -0.0000   0.01199000
  0.020415  -0.0000   0.01210000
  0.020460  -0.0000   0.01225000
  0.020510  -0.0000   0.01245000
  0.020556  -0.0000   0.01264000
  0.020616  -0.0000   0.01292000
  0.020672  -0.0000   0.01320000
  0.020750  -0.0000   0.01361000
  0.020860  -0.0000   0.01424000
  0.020995  -0.0000   0.01504000
  0.021127  -0.0000   0.01584000
  0.021324  -0.0000   0.01704000
  0.021629  -0.0000   0.01883000
  0.022140  -0.0000   0.02153000
  0.022565  -0.0000   0.02351000
  0.023059  -0.0000   0.02549000
  0.023460  -0.0000   0.02691000
  0.023916  -0.0000   0.02832000
  0.024436  -0.0000   0.02974000
  0.025029  -0.0000   0.03116000
  0.025578  -0.0000   0.03234000
  0.026188  -0.0000   0.03351000
  0.026862  -0.0000   0.03469000
  0.027604  -0.0000   0.03587000
  0.028263  -0.0000   0.03684000
  0.028972  -0.0000   0.03781000
  0.029733  -0.0000   0.03878000
  0.030548  -0.0000   0.03975000
  0.031417  -0.0000   0.04072000
  0.032341  -0.0000   0.04169000
  0.033322  -0.0000   0.04266000
  0.034360  -0.0000   0.04363000
  0.035454  -0.0000   0.04460000
  0.036607  -0.0000   0.04557000
  0.036998  -0.0000   0.04590000
  0.037396  -0.0000   0.04622000
  0.037515  -0.0000   0.04635000
  0.037559  -0.0000   0.04648000
  0.037598  -0.0000   0.04661000
  0.037650  -0.0000   0.04680000
  0.037698  -0.0000   0.04700000
  0.037762  -0.0000   0.04729000
  0.037849  -0.0000   0.04772000
  0.037966  -0.0000   0.04838000
  0.038107  -0.0000   0.04924000
  0.038240  -0.0000   0.05011000
  0.038429  -0.0000   0.05140000
  0.038708  -0.0000   0.05335000
  0.039136  -0.0000   0.05626000
  0.039859  -0.0000   0.06063000
  0.040264  -0.0000   0.06288000
  0.040709  -0.0000   0.06513000
  0.041203  -0.0000   0.06738000
  0.041705  -0.0000   0.06946000
  0.042258  -0.0000   0.07154000
  0.042864  -0.0000   0.07362000
  0.043563  -0.0000   0.07580000
  0.044327  -0.0000   0.07798000
  0.045161  -0.0000   0.08016000
  0.046027  -0.0000   0.08225000
  0.046961  -0.0000   0.08434000
  0.047967  -0.0000   0.08643000
  0.049005  -0.0000   0.08845000
  0.050114  -0.0000   0.09046000
  0.051295  -0.0000   0.09247000
  0.052550  -0.0000   0.09449000
  0.053879  -0.0000   0.09650000
  0.055284  -0.0000   0.09852000
  0.055473  -0.0000   0.09879000
  0.055663  -0.0000   0.09906000
  0.055780  -0.0000   0.09933000
  0.055882  -0.0000   0.10000000
  0.056014  -0.0000   0.10000000
  0.056132  -0.0000   0.10100000
  0.056241  -0.0000   0.10200000
  0.056392  -0.0000   0.10200000
  0.056601  -0.0000   0.10400000
  0.056898  -0.0000   0.10600000
  0.057333  -0.0000   0.10900000
  0.058021  -0.0000   0.11400000
  0.058477  -0.0000   0.11600000
  0.058967  -0.0000   0.11900000
  0.059497  -0.0000   0.12200000
  0.060145  -0.0000   0.12500000
  0.060854  -0.0000   0.12900000
  0.061627  -0.0000   0.13200000
  0.062710  -0.0000   0.13600000
  0.063711  -0.0000   0.13900000
  0.064797  -0.0000   0.14300000
  0.065970  -0.0000   0.14600000
  0.067233  -0.0000   0.15000000
  0.068590  -0.0000   0.15300000
  0.070041  -0.0000   0.15700000
  0.071589  -0.0000   0.16000000
  0.073236  -0.0000   0.16300000
  0.073457  -0.0000   0.16400000
  0.073681  -0.0000   0.16400000
  0.073881  -0.0000   0.16500000
  0.074006  -0.0000   0.16500000
  0.074119  -0.0000   0.16600000
  0.074223  -0.0000   0.16700000
  0.074321  -0.0000   0.16700000
  0.074458  -0.0000   0.16800000
  0.074649  -0.0000   0.16900000
  0.074918  -0.0000   0.17100000
  0.075305  -0.0000   0.17400000
  0.075889  -0.0000   0.17800000
  0.076521  -0.0000   0.18300000
  0.077200  -0.0000   0.18700000
  0.077939  -0.0000   0.19200000
  0.078743  -0.0000   0.19600000
  0.079617  -0.0000   0.20000000
  0.080565  -0.0000   0.20500000
  0.081588  -0.0000   0.20900000
  0.082950  -0.0000   0.21500000
  0.084158  -0.0000   0.21900000
  0.085451  -0.0000   0.22400000
  0.086829  -0.0000   0.22800000
  0.088295  -0.0000   0.23200000
  0.089849  -0.0000   0.23700000
  0.091494  -0.0000   0.24100000
  0.091696  -0.0000   0.24200000
  0.091899  -0.0000   0.24200000
  0.092009  -0.0000   0.24300000
  0.092155  -0.0000   0.24400000
  0.092352  -0.0000   0.24500000
  0.092534  -0.0000   0.24600000
  0.092706  -0.0000   0.24800000
  0.092951  -0.0000   0.24900000
  0.093304  -0.0000   0.25200000
  0.093830  -0.0000   0.25600000
  0.094655  -0.0000   0.26200000
  0.095358  -0.0000   0.26700000
  0.096110  -0.0000   0.27200000
  0.096918  -0.0000   0.27700000
  0.097934  -0.0000   0.28300000
  0.099031  -0.0000   0.28900000
  0.100210  -0.0000   0.29500000
  0.101474  -0.0000   0.30000000
  0.103083  -0.0000   0.30700000
  0.104498  -0.0000   0.31300000
  0.105998  -0.0000   0.31800000
  0.107584  -0.0000   0.32400000
  0.109436  -0.0000   0.33000000
  0.109669  -0.0000   0.33100000
  0.109904  -0.0000   0.33200000
  0.110100  -0.0000   0.33200000
  0.110292  -0.0000   0.33400000
  0.110468  -0.0000   0.33500000
  0.110633  -0.0000   0.33600000
  0.110790  -0.0000   0.33700000
  0.111014  -0.0000   0.33900000
  0.111336  -0.0000   0.34100000
  0.111810  -0.0000   0.34500000
  0.112535  -0.0000   0.35100000
  0.113127  -0.0000   0.35600000
  0.113746  -0.0000   0.36000000
  0.114398  -0.0000   0.36500000
  0.115453  -0.0000   0.37200000
  0.116588  -0.0000   0.37900000
  0.117805  -0.0000   0.38600000
  0.119105  -0.0000   0.39300000
  0.120727  -0.0000   0.40100000
  0.122465  -0.0000   0.40900000
  0.124321  -0.0000   0.41700000
  0.125984  -0.0000   0.42300000
  0.127734  -0.0000   0.43000000
  0.127959  -0.0000   0.43100000
  0.128182  -0.0000   0.43200000
  0.128321  -0.0000   0.43300000
  0.128511  -0.0000   0.43400000
  0.128771  -0.0000   0.43600000
  0.129017  -0.0000   0.43800000
  0.129252  -0.0000   0.44000000
  0.129594  -0.0000   0.44300000
  0.130102  -0.0000   0.44700000
  0.130883  -0.0000   0.45400000
  0.131704  -0.0000   0.46100000
  0.132573  -0.0000   0.46700000
  0.133495  -0.0000   0.47400000
  0.134472  -0.0000   0.48000000
  0.135503  -0.0000   0.48700000
  0.137075  -0.0000   0.49600000
  0.138760  -0.0000   0.50600000
  0.140558  -0.0000   0.51500000
  0.142471  -0.0000   0.52400000
  0.144501  -0.0000   0.53400000
  0.146149  -0.0000   0.54100000
  0.146329  -0.0000   0.54200000
  0.146457  -0.0000   0.54300000
  0.146578  -0.0000   0.54400000
  0.146749  -0.0000   0.54500000
  0.146990  -0.0000   0.54700000
  0.147331  -0.0000   0.55000000
  0.147823  -0.0000   0.55400000
  0.148560  -0.0000   0.56100000
  0.149241  -0.0000   0.56700000
  0.149950  -0.0000   0.57300000
  0.150690  -0.0000   0.57900000
  0.151746  -0.0000   0.58700000
  0.152863  -0.0000   0.59500000
  0.154042  -0.0000   0.60300000
  0.155283  -0.0000   0.61100000
  0.156868  -0.0000   0.62100000
  0.158543  -0.0000   0.63100000
  0.160311  -0.0000   0.64000000
  0.162434  -0.0000   0.65100000
  0.164547  -0.0000   0.66200000
  0.164680  -0.0000   0.66300000
  0.164807  -0.0000   0.66400000
  0.164929  -0.0000   0.66500000
  0.165104  -0.0000   0.66700000
  0.165355  -0.0000   0.66900000
  0.165716  -0.0000   0.67200000
  0.166245  -0.0000   0.67700000
  0.167049  -0.0000   0.68500000
  0.167883  -0.0000   0.69300000
  0.168757  -0.0000   0.70000000
  0.169672  -0.0000   0.70800000
  0.170631  -0.0000   0.71500000
  0.171632  -0.0000   0.72300000
  0.173231  -0.0000   0.73400000
  0.174926  -0.0000   0.74500000
  0.177009  -0.0000   0.75800000
  0.178842  -0.0000   0.76900000
  0.180766  -0.0000   0.78000000
  0.182665  -0.0000   0.79100000
  0.182808  -0.0000   0.79200000
  0.182944  -0.0000   0.79300000
  0.183076  -0.0000   0.79400000
  0.183265  -0.0000   0.79600000
  0.183537  -0.0000   0.79900000
  0.183931  -0.0000   0.80200000
  0.184514  -0.0000   0.80800000
  0.185405  -0.0000   0.81700000
  0.186332  -0.0000   0.82500000
  0.187304  -0.0000   0.83400000
  0.188321  -0.0000   0.84300000
  0.189384  -0.0000   0.85100000
  0.190493  -0.0000   0.86000000
  0.192258  -0.0000   0.87300000
  0.194124  -0.0000   0.88600000
  0.196093  -0.0000   0.89900000
  0.198163  -0.0000   0.91200000
  0.200336  -0.0000   0.92500000
  0.200547  -0.0000   0.92600000
  0.200703  -0.0000   0.92700000
  0.200848  -0.0000   0.92900000
  0.201054  -0.0000   0.93100000
  0.201347  -0.0000   0.93300000
  0.201767  -0.0000   0.93800000
  0.202384  -0.0000   0.94400000
  0.203141  -0.0000   0.95200000
  0.203921  -0.0000   0.95900000
  0.204728  -0.0000   0.96700000
  0.205672  -0.0000   0.97600000
  0.206655  -0.0000   0.98500000
  0.207676  -0.0000   0.99300000
  0.209188  -0.0000   1.01000000
  0.211329  -0.0000   1.03000000
  0.213434  -0.0000   1.05000000
  0.216521  -0.0000   1.07000000
  0.216774  -0.0000   1.08000000
  0.217028  -0.0000   1.08000000
  0.217280  -0.0000   1.08000000
  0.217658  -0.0000   1.09000000
  0.218223  -0.0000   1.09000000
  0.218397  -0.0000   1.09000000
  0.218555  -0.0000   1.10000000
  0.218704  -0.0000   1.10000000
  0.218917  -0.0000   1.10000000
  0.219218  -0.0000   1.11000000
  0.219647  -0.0000   1.11000000
  0.220270  -0.0000   1.13000000
  0.221007  -0.0000   1.14000000
  0.221743  -0.0000   1.15000000
  0.222481  -0.0000   1.17000000
  0.223475  -0.0000   1.18000000
  0.224470  -0.0000   1.20000000
  0.225957  -0.0000   1.23000000
  0.228173  -0.0000   1.27000000
  0.231446  -0.0000   1.33000000
  0.232288  -0.0000   1.35000000
  0.233125  -0.0000   1.37000000
  0.233959  -0.0000   1.38000000
  0.235200  -0.0000   1.41000000
  0.235417  -0.0000   1.41000000
  0.235606  -0.0000   1.42000000
  0.235758  -0.0000   1.42000000
  0.235971  -0.0000   1.43000000
  0.236268  -0.0000   1.44000000
  0.236552  -0.0000   1.44000000
  0.236963  -0.0000   1.46000000
  0.237567  -0.0000   1.48000000
  0.238293  -0.0000   1.51000000
  0.239021  -0.0000   1.53000000
  0.239751  -0.0000   1.56000000
  0.240814  -0.0000   1.59000000
  0.241878  -0.0000   1.63000000
  0.243469  -0.0000   1.69000000
  0.245838  -0.0000   1.77000000
  0.249340  -0.0000   1.90000000
  0.252751  -0.0000   2.03000000
  0.252903  -0.0000   2.03000000
  0.253047  -0.0000   2.04000000
  0.253184  -0.0000   2.05000000
  0.253381  -0.0000   2.06000000
  0.253663  -0.0000   2.08000000
  0.254072  -0.0000   2.10000000
  0.254675  -0.0000   2.14000000
  0.255316  -0.0000   2.18000000
  0.255959  -0.0000   2.22000000
  0.256605  -0.0000   2.27000000
  0.257577  -0.0000   2.33000000
  0.259037  -0.0000   2.42000000
  0.261222  -0.0000   2.56000000
  0.264466  -0.0000   2.77000000
  0.267690  -0.0000   2.98000000
  0.268161  -0.0000   3.01000000
  0.268631  -0.0000   3.04000000
  0.269100  -0.0000   3.07000000
  0.269801  -0.0000   3.12000000
  0.269978  -0.0000   3.13000000
  0.270130  -0.0000   3.15000000
  0.270276  -0.0000   3.16000000
  0.270485  -0.0000   3.18000000
  0.270784  -0.0000   3.21000000
  0.271221  -0.0000   3.26000000
  0.271870  -0.0000   3.34000000
  0.272522  -0.0000   3.41000000
  0.273178  -0.0000   3.48000000
  0.273835  -0.0000   3.55000000
  0.274824  -0.0000   3.66000000
  0.276307  -0.0000   3.82000000
  0.278523  -0.0000   4.07000000
  0.281811  -0.0000   4.44000000
  0.284833  -0.0000   4.78000000
  0.285313  -0.0000   4.83000000
  0.285792  -0.0000   4.89000000
  0.286269  -0.0000   4.94000000
  0.286953  -0.0000   5.02000000
  0.287119  -0.0000   5.05000000
  0.287275  -0.0000   5.07000000
  0.287426  -0.0000   5.10000000
  0.287643  -0.0000   5.14000000
  0.287959  -0.0000   5.20000000
  0.288428  -0.0000   5.28000000
  0.289131  -0.0000   5.42000000
  0.289839  -0.0000   5.55000000
  0.290551  -0.0000   5.68000000
  0.291264  -0.0000   5.81000000
  0.292336  -0.0000   6.01000000
  0.293941  -0.0000   6.30000000
  0.296335  -0.0000   6.75000000
  0.299885  -0.0000   7.41000000
  0.303384  -0.0000   8.08000000
  0.303596  -0.0000   8.12000000
  0.303808  -0.0000   8.16000000
  0.304019  -0.0000   8.20000000
  0.304271  -0.0000   8.26000000
  0.304593  -0.0000   8.35000000
  0.304901  -0.0000   8.44000000
  0.305202  -0.0000   8.53000000
  0.305501  -0.0000   8.62000000
  0.305951  -0.0000   8.76000000
  0.306630  -0.0000   8.96000000
  0.307547  -0.0000   9.23000000
  0.308467  -0.0000   9.51000000
  0.309388  -0.0000   9.78000000
  0.310768  -0.0000  10.20000000
  0.312828  -0.0000  10.80000000
  0.315890  -0.0000  11.70000000
  0.319327  -0.0000  12.80000000
  0.319666  -0.0000  12.90000000
  0.320003  -0.0000  13.00000000
  0.320340  -0.0000  13.10000000
  0.320845  -0.0000  13.30000000
  0.321178  -0.0000  13.40000000
  0.321385  -0.0000  13.40000000
  0.321581  -0.0000  13.50000000
  0.321769  -0.0000  13.60000000
  0.321954  -0.0000  13.70000000
  0.322227  -0.0000  13.80000000
  0.322636  -0.0000  14.00000000
  0.323253  -0.0000  14.30000000
  0.324087  -0.0000  14.70000000
  0.324924  -0.0000  15.10000000
  0.325763  -0.0000  15.50000000
  0.327022  -0.0000  16.10000000
  0.328903  -0.0000  17.00000000
  0.331705  -0.0000  18.30000000
  0.335850  -0.0000  20.30000000
  0.336234  -0.0000  20.50000000
  0.336618  -0.0000  20.70000000
  0.337001  -0.0000  20.90000000
  0.337574  -0.0000  21.10000000
  0.338392  -0.0000  21.50000000
  0.338560  -0.0000  21.70000000
  0.338721  -0.0000  21.80000000
  0.338876  -0.0000  21.90000000
  0.339103  -0.0000  22.00000000
  0.339441  -0.0000  22.30000000
  0.339948  -0.0000  22.70000000
  0.340715  -0.0000  23.20000000
  0.341486  -0.0000  23.80000000
  0.342259  -0.0000  24.30000000
  0.343421  -0.0000  25.20000000
  0.345160  -0.0000  26.40000000
  0.347754  -0.0000  28.30000000
  0.351600  -0.0000  31.10000000
  0.355393  -0.0000  34.00000000
  0.355542  -0.0000  34.10000000
  0.355677  -0.0000  34.20000000
  0.355807  -0.0000  34.40000000
  0.355996  -0.0000  34.60000000
  0.356275  -0.0000  34.90000000
  0.356692  -0.0000  35.40000000
  0.357322  -0.0000  36.00000000
  0.357956  -0.0000  36.70000000
  0.358592  -0.0000  37.40000000
  0.359548  -0.0000  38.50000000
  0.360983  -0.0000  40.00000000
  0.363127  -0.0000  42.40000000
  0.366317  -0.0000  45.90000000
  0.369693  -0.0000  49.60000000
  0.370730  -0.0000  50.80000000
  0.371762  -0.0000  51.90000000
  0.372509  -0.0000  52.70000000
  0.372689  -0.0000  53.00000000
  0.372852  -0.0000  53.20000000
  0.373009  -0.0000  53.50000000
  0.373240  -0.0000  53.90000000
  0.373584  -0.0000  54.40000000
  0.374103  -0.0000  55.30000000
  0.374834  -0.0000  56.40000000
  0.375569  -0.0000  57.60000000
  0.376305  -0.0000  58.80000000
  0.377410  -0.0000  60.60000000
  0.379064  -0.0000  63.20000000
  0.381532  -0.0000  67.20000000
  0.385195  -0.0000  73.10000000
  0.388815  -0.0000  79.10000000
  0.389044  -0.0000  79.50000000
  0.389273  -0.0000  79.80000000
  0.389502  -0.0000  80.20000000
  0.389814  -0.0000  80.80000000
  0.390055  -0.0000  81.30000000
  0.390286  -0.0000  81.90000000
  0.390514  -0.0000  82.40000000
  0.390742  -0.0000  82.90000000
  0.391086  -0.0000  83.80000000
  0.391605  -0.0000  85.00000000
  0.392387  -0.0000  86.80000000
  0.393559  -0.0000  89.50000000
  0.394731  -0.0000  92.20000000
  0.396485  -0.0000  96.30000000
  0.399100  -0.0000 102.00000000
  0.402981  -0.0000 112.00000000
  0.406812  -0.0000 121.00000000
  0.406975  -0.0000 121.00000000
  0.407118  -0.0000 122.00000000
  0.407255  -0.0000 122.00000000
  0.407457  -0.0000 123.00000000
  0.407758  -0.0000 124.00000000
  0.408211  -0.0000 125.00000000
  0.408897  -0.0000 127.00000000
  0.409586  -0.0000 130.00000000
  0.410276  -0.0000 132.00000000
  0.411313  -0.0000 135.00000000
  0.412865  -0.0000 141.00000000
  0.415183  -0.0000 148.00000000
  0.418629  -0.0000 160.00000000
  0.421953  -0.0000 171.00000000
  0.422407  -0.0000 173.00000000
  0.422860  -0.0000 174.00000000
  0.423313  -0.0000 176.00000000
  0.423990  -0.0000 178.00000000
  0.424173  -0.0000 179.00000000
  0.424336  -0.0000 179.00000000
  0.424493  -0.0000 180.00000000
  0.424727  -0.0000 181.00000000
  0.425077  -0.0000 183.00000000
  0.425607  -0.0000 185.00000000
  0.426302  -0.0000 189.00000000
  0.427000  -0.0000 192.00000000
  0.428048  -0.0000 197.00000000
  0.429619  -0.0000 204.00000000
  0.431965  -0.0000 215.00000000
  0.435453  -0.0000 231.00000000
  0.438906  -0.0000 247.00000000
  0.439430  -0.0000 250.00000000
  0.439954  -0.0000 252.00000000
  0.440476  -0.0000 255.00000000
  0.441258  -0.0000 259.00000000
  0.441439  -0.0000 260.00000000
  0.441612  -0.0000 261.00000000
  0.441782  -0.0000 262.00000000
  0.442035  -0.0000 264.00000000
  0.442418  -0.0000 266.00000000
  0.442996  -0.0000 270.00000000
  0.443752  -0.0000 275.00000000
  0.444510  -0.0000 280.00000000
  0.445648  -0.0000 287.00000000
  0.447352  -0.0000 298.00000000
  0.449896  -0.0000 314.00000000
  0.453675  -0.0000 339.00000000
  0.457412  -0.0000 363.00000000
  0.457656  -0.0000 365.00000000
  0.457900  -0.0000 366.00000000
  0.458144  -0.0000 368.00000000
  0.458500  -0.0000 370.00000000
  0.458689  -0.0000 372.00000000
  0.458871  -0.0000 374.00000000
  0.459050  -0.0000 375.00000000
  0.459320  -0.0000 378.00000000
  0.459728  -0.0000 381.00000000
  0.460343  -0.0000 387.00000000
  0.461187  -0.0000 394.00000000
  0.462031  -0.0000 401.00000000
  0.463298  -0.0000 412.00000000
  0.465192  -0.0000 429.00000000
  0.468016  -0.0000 454.00000000
  0.472205  -0.0000 491.00000000
  0.473089  -0.0000 499.00000000
  0.473970  -0.0000 507.00000000
  0.474849  -0.0000 515.00000000
  0.475309  -0.0000 519.00000000
  0.475740  -0.0000 523.00000000
  0.475968  -0.0000 526.00000000
  0.476191  -0.0000 529.00000000
  0.476414  -0.0000 531.00000000
  0.476637  -0.0000 534.00000000
  0.476974  -0.0000 538.00000000
  0.477483  -0.0000 544.00000000
  0.478248  -0.0000 553.00000000
  0.479398  -0.0000 567.00000000
  0.481120  -0.0000 587.00000000
  0.483692  -0.0000 617.00000000
  0.487513  -0.0000 663.00000000
  0.491294  -0.0000 709.00000000
  0.491596  -0.0000 712.00000000
  0.491897  -0.0000 716.00000000
  0.492198  -0.0000 720.00000000
  0.492649  -0.0000 725.00000000
  0.492950  -0.0000 729.00000000
  0.493196  -0.0000 733.00000000
  0.493435  -0.0000 737.00000000
  0.493675  -0.0000 741.00000000
  0.493916  -0.0000 744.00000000
  0.494280  -0.0000 750.00000000
  0.494829  -0.0000 759.00000000
  0.495654  -0.0000 772.00000000
  0.496892  -0.0000 791.00000000
  0.498747  -0.0000 821.00000000
  0.501512  -0.0000 864.00000000
  0.505619  -0.0000 930.00000000
  0.509678  -0.0000 996.00000000
  0.509886  -0.0000 999.00000000
  0.510093  -0.0000 1003.00000000
  0.510264  -0.0000 1006.00000000
  0.510504  -0.0000 1011.00000000
  0.510742  -0.0000 1016.00000000
  0.510981  -0.0000 1021.00000000
  0.511342  -0.0000 1029.00000000
  0.511887  -0.0000 1040.00000000
  0.512707  -0.0000 1057.00000000
  0.513938  -0.0000 1083.00000000
  0.515781  -0.0000 1121.00000000
  0.518529  -0.0000 1179.00000000
  0.522612  -0.0000 1265.00000000
  0.526648  -0.0000 1351.00000000
  0.526870  -0.0000 1356.00000000
  0.527091  -0.0000 1361.00000000
  0.527313  -0.0000 1366.00000000
  0.527535  -0.0000 1371.00000000
  0.527743  -0.0000 1377.00000000
  0.527951  -0.0000 1383.00000000
  0.528160  -0.0000 1389.00000000
  0.528474  -0.0000 1397.00000000
  0.528949  -0.0000 1410.00000000
  0.529664  -0.0000 1430.00000000
  0.530737  -0.0000 1459.00000000
  0.532345  -0.0000 1503.00000000
  0.534747  -0.0000 1568.00000000
  0.538320  -0.0000 1667.00000000
  0.541860  -0.0000 1766.00000000
  0.542602  -0.0000 1786.00000000
  0.543342  -0.0000 1807.00000000
  0.544081  -0.0000 1828.00000000
  0.544441  -0.0000 1838.00000000
  0.544760  -0.0000 1848.00000000
  0.545041  -0.0000 1858.00000000
  0.545463  -0.0000 1873.00000000
  0.545889  -0.0000 1888.00000000
  0.546317  -0.0000 1904.00000000
  0.546745  -0.0000 1919.00000000
  0.547390  -0.0000 1941.00000000
  0.548356  -0.0000 1976.00000000
  0.549803  -0.0000 2027.00000000
  0.551964  -0.0000 2104.00000000
  0.555183  -0.0000 2219.00000000
  0.558569  -0.0000 2341.00000000
  0.561909  -0.0000 2463.00000000
  0.562078  -0.0000 2471.00000000
  0.562324  -0.0000 2482.00000000
  0.562571  -0.0000 2494.00000000
  0.562819  -0.0000 2505.00000000
  0.563192  -0.0000 2522.00000000
  0.563756  -0.0000 2548.00000000
  0.564604  -0.0000 2587.00000000
  0.565876  -0.0000 2645.00000000
  0.567781  -0.0000 2732.00000000
  0.570624  -0.0000 2862.00000000
  0.574847  -0.0000 3058.00000000
  0.578288  -0.0000 3219.00000000
  0.578536  -0.0000 3230.00000000
  0.578784  -0.0000 3242.00000000
  0.579032  -0.0000 3253.00000000
  0.579360  -0.0000 3271.00000000
  0.579655  -0.0000 3288.00000000
  0.579950  -0.0000 3306.00000000
  0.580248  -0.0000 3323.00000000
  0.580697  -0.0000 3349.00000000
  0.581147  -0.0000 3375.00000000
  0.581824  -0.0000 3415.00000000
  0.582838  -0.0000 3474.00000000
  0.584358  -0.0000 3562.00000000
  0.586627  -0.0000 3694.00000000
  0.590005  -0.0000 3893.00000000
  0.593432  -0.0000 4096.00000000
  0.594439  -0.0000 4156.00000000
  0.595443  -0.0000 4216.00000000
  0.596411  -0.0000 4275.00000000
  0.596619  -0.0000 4291.00000000
  0.596826  -0.0000 4306.00000000
  0.597033  -0.0000 4322.00000000
  0.597242  -0.0000 4337.00000000
  0.597556  -0.0000 4361.00000000
  0.598029  -0.0000 4396.00000000
  0.598740  -0.0000 4448.00000000
  0.599807  -0.0000 4526.00000000
  0.601405  -0.0000 4644.00000000
  0.603792  -0.0000 4821.00000000
  0.607344  -0.0000 5086.00000000
  0.610554  -0.0000 5327.00000000
  0.613730  -0.0000 5569.00000000
  0.613893  -0.0000 5584.00000000
  0.614131  -0.0000 5606.00000000
  0.614371  -0.0000 5629.00000000
  0.614612  -0.0000 5652.00000000
  0.614975  -0.0000 5686.00000000
  0.615522  -0.0000 5737.00000000
  0.616344  -0.0000 5813.00000000
  0.617578  -0.0000 5927.00000000
  0.619426  -0.0000 6099.00000000
  0.622183  -0.0000 6357.00000000
  0.626282  -0.0000 6744.00000000
  0.630337  -0.0000 7130.00000000
  0.630562  -0.0000 7152.00000000
  0.630787  -0.0000 7173.00000000
  0.631008  -0.0000 7195.00000000
  0.631206  -0.0000 7218.00000000
  0.631401  -0.0000 7241.00000000
  0.631598  -0.0000 7264.00000000
  0.631795  -0.0000 7287.00000000
  0.632093  -0.0000 7322.00000000
  0.632542  -0.0000 7374.00000000
  0.633216  -0.0000 7452.00000000
  0.634227  -0.0000 7569.00000000
  0.635742  -0.0000 7745.00000000
  0.638004  -0.0000 8008.00000000
  0.641374  -0.0000 8403.00000000
  0.644800  -0.0000 8808.00000000
  0.648183  -0.0000 9213.00000000
  0.648357  -0.0000 9238.00000000
  0.648529  -0.0000 9264.00000000
  0.648701  -0.0000 9289.00000000
  0.648874  -0.0000 9314.00000000
  0.649135  -0.0000 9352.00000000
  0.649528  -0.0000 9409.00000000
  0.650119  -0.0000 9495.00000000
  0.651007  -0.0000 9623.00000000
  0.652338  -0.0000 9815.00000000
  0.653617  -0.0000 10000.00000000
  0.650921  -0.0000 10000.00000000
  0.650920  -0.0000 10000.00000000
  0.650920  -0.0000 10000.00000000
  0.650920  -0.0000 10000.00000000
  0.650919  -0.0000 10000.00000000
  0.650918  -0.0000 10000.00000000
  0.650915  -0.0000 10000.00000000
  0.650910  -0.0000 10000.00000000
  0.650900  -0.0000 10000.00000000
  0.650879  -0.0000 10000.00000000
  0.650836  -0.0000 10000.00000000
  0.650756  -0.0000 10000.00000000
