  0.000073  -0.0000   0.00100000
  0.000161  -0.0000   0.00200000
  0.000446  -0.0000   0.00300000
  0.002584  -0.0000   0.00381100
  0.006336  -0.0000   0.00401300
  0.006404  -0.0000   0.00421600
  0.006458  -0.0000   0.00452000
  0.006553  -0.0000   0.00497600
  0.006734  -0.0000   0.00566000
  0.006894  -0.0000   0.00617200
  0.007086  -0.0000   0.00668300
  0.007324  -0.0000   0.00719500
  0.007485  -0.0000   0.00749800
  0.007670  -0.0000   0.00780200
  0.007884  -0.0000   0.00810600
  0.008176  -0.0000   0.00846000
  0.008518  -0.0000   0.00881400
  0.008915  -0.0000   0.00916700
  0.009371  -0.0000   0.00952100
  0.009889  -0.0000   0.00987500
  0.010470  -0.0000   0.01023000
  0.011006  -0.0000   0.01053000
  0.011586  -0.0000   0.01083000
  0.012210  -0.0000   0.01112000
  0.012960  -0.0000   0.01146000
  0.013759  -0.0000   0.01179000
  0.014601  -0.0000   0.01212000
  0.015483  -0.0000   0.01246000
  0.016400  -0.0000   0.01279000
  0.017347  -0.0000   0.01313000
  0.018622  -0.0000   0.01356000
  0.019038  -0.0000   0.01370000
  0.019457  -0.0000   0.01384000
  0.019639  -0.0000   0.01390000
  0.019710  -0.0000   0.01396000
  0.019724  -0.0000   0.01402000
  0.019735  -0.0000   0.01408000
  0.019744  -0.0000   0.01414000
  0.019752  -0.0000   0.01420000
  0.019762  -0.0000   0.01430000
  0.019775  -0.0000   0.01443000
  0.019791  -0.0000   0.01464000
  0.019813  -0.0000   0.01495000
  0.019841  -0.0000   0.01541000
  0.019880  -0.0000   0.01610000
  0.019934  -0.0000   0.01714000
  0.020014  -0.0000   0.01870000
  0.020140  -0.0000   0.02103000
  0.020380  -0.0000   0.02454000
  0.020470  -0.0000   0.02571000
  0.020573  -0.0000   0.02687000
  0.020692  -0.0000   0.02804000
  0.020913  -0.0000   0.02979000
  0.021110  -0.0000   0.03112000
  0.021343  -0.0000   0.03244000
  0.021614  -0.0000   0.03376000
  0.021899  -0.0000   0.03497000
  0.022224  -0.0000   0.03618000
  0.022593  -0.0000   0.03739000
  0.022947  -0.0000   0.03844000
  0.023339  -0.0000   0.03949000
  0.023771  -0.0000   0.04053000
  0.024205  -0.0000   0.04150000
  0.024676  -0.0000   0.04247000
  0.025184  -0.0000   0.04344000
  0.025716  -0.0000   0.04438000
  0.026285  -0.0000   0.04532000
  0.026892  -0.0000   0.04627000
  0.027548  -0.0000   0.04723000
  0.028243  -0.0000   0.04818000
  0.028978  -0.0000   0.04914000
  0.029793  -0.0000   0.05015000
  0.030651  -0.0000   0.05115000
  0.031552  -0.0000   0.05216000
  0.032607  -0.0000   0.05327000
  0.033713  -0.0000   0.05439000
  0.034870  -0.0000   0.05551000
  0.035077  -0.0000   0.05571000
  0.035286  -0.0000   0.05590000
  0.035496  -0.0000   0.05610000
  0.035676  -0.0000   0.05627000
  0.035705  -0.0000   0.05636000
  0.035722  -0.0000   0.05644000
  0.035736  -0.0000   0.05653000
  0.035754  -0.0000   0.05666000
  0.035777  -0.0000   0.05685000
  0.035806  -0.0000   0.05714000
  0.035842  -0.0000   0.05758000
  0.035890  -0.0000   0.05823000
  0.035954  -0.0000   0.05921000
  0.036041  -0.0000   0.06069000
  0.036170  -0.0000   0.06289000
  0.036382  -0.0000   0.06620000
  0.036650  -0.0000   0.06973000
  0.036978  -0.0000   0.07326000
  0.037377  -0.0000   0.07679000
  0.037858  -0.0000   0.08032000
  0.038431  -0.0000   0.08384000
  0.038962  -0.0000   0.08671000
  0.039564  -0.0000   0.08957000
  0.040244  -0.0000   0.09244000
  0.041006  -0.0000   0.09530000
  0.041855  -0.0000   0.09816000
  0.042641  -0.0000   0.10100000
  0.043495  -0.0000   0.10300000
  0.044421  -0.0000   0.10500000
  0.045421  -0.0000   0.10800000
  0.046497  -0.0000   0.11000000
  0.047651  -0.0000   0.11300000
  0.048885  -0.0000   0.11500000
  0.050198  -0.0000   0.11800000
  0.051593  -0.0000   0.12000000
  0.053043  -0.0000   0.12200000
  0.053080  -0.0000   0.12300000
  0.053110  -0.0000   0.12300000
  0.053137  -0.0000   0.12300000
  0.053171  -0.0000   0.12300000
  0.053215  -0.0000   0.12400000
  0.053273  -0.0000   0.12400000
  0.053350  -0.0000   0.12500000
  0.053455  -0.0000   0.12700000
  0.053608  -0.0000   0.12900000
  0.053846  -0.0000   0.13200000
  0.054259  -0.0000   0.13700000
  0.054746  -0.0000   0.14200000
  0.055315  -0.0000   0.14700000
  0.055975  -0.0000   0.15200000
  0.056732  -0.0000   0.15700000
  0.057420  -0.0000   0.16100000
  0.058181  -0.0000   0.16600000
  0.059020  -0.0000   0.17000000
  0.059941  -0.0000   0.17400000
  0.060948  -0.0000   0.17800000
  0.062045  -0.0000   0.18200000
  0.063235  -0.0000   0.18600000
  0.064522  -0.0000   0.19000000
  0.065678  -0.0000   0.19300000
  0.066907  -0.0000   0.19700000
  0.068208  -0.0000   0.20000000
  0.069711  -0.0000   0.20400000
  0.069879  -0.0000   0.20400000
  0.070048  -0.0000   0.20500000
  0.070218  -0.0000   0.20500000
  0.070372  -0.0000   0.20600000
  0.070449  -0.0000   0.20700000
  0.070513  -0.0000   0.20700000
  0.070571  -0.0000   0.20800000
  0.070623  -0.0000   0.20800000
  0.070697  -0.0000   0.20900000
  0.070800  -0.0000   0.21100000
  0.070952  -0.0000   0.21300000
  0.071184  -0.0000   0.21600000
  0.071567  -0.0000   0.22100000
  0.072023  -0.0000   0.22600000
  0.072530  -0.0000   0.23100000
  0.073091  -0.0000   0.23600000
  0.073823  -0.0000   0.24200000
  0.074633  -0.0000   0.24800000
  0.075528  -0.0000   0.25400000
  0.076512  -0.0000   0.25900000
  0.077588  -0.0000   0.26500000
  0.078762  -0.0000   0.27100000
  0.080039  -0.0000   0.27700000
  0.081193  -0.0000   0.28200000
  0.082424  -0.0000   0.28700000
  0.083735  -0.0000   0.29200000
  0.085128  -0.0000   0.29700000
  0.086602  -0.0000   0.30200000
  0.086857  -0.0000   0.30300000
  0.087115  -0.0000   0.30400000
  0.087375  -0.0000   0.30500000
  0.087498  -0.0000   0.30500000
  0.087566  -0.0000   0.30600000
  0.087625  -0.0000   0.30600000
  0.087701  -0.0000   0.30700000
  0.087771  -0.0000   0.30800000
  0.087868  -0.0000   0.30900000
  0.088007  -0.0000   0.31100000
  0.088213  -0.0000   0.31400000
  0.088536  -0.0000   0.31800000
  0.089074  -0.0000   0.32500000
  0.089670  -0.0000   0.33100000
  0.090323  -0.0000   0.33800000
  0.091036  -0.0000   0.34400000
  0.091934  -0.0000   0.35200000
  0.092916  -0.0000   0.35900000
  0.093986  -0.0000   0.36600000
  0.095147  -0.0000   0.37400000
  0.096404  -0.0000   0.38100000
  0.097761  -0.0000   0.38900000
  0.099220  -0.0000   0.39600000
  0.100786  -0.0000   0.40400000
  0.102460  -0.0000   0.41100000
  0.103936  -0.0000   0.41700000
  0.104221  -0.0000   0.41800000
  0.104508  -0.0000   0.41900000
  0.104799  -0.0000   0.42100000
  0.104886  -0.0000   0.42100000
  0.104952  -0.0000   0.42200000
  0.105011  -0.0000   0.42300000
  0.105090  -0.0000   0.42400000
  0.105199  -0.0000   0.42500000
  0.105352  -0.0000   0.42700000
  0.105579  -0.0000   0.43000000
  0.105931  -0.0000   0.43500000
  0.106509  -0.0000   0.44200000
  0.107138  -0.0000   0.44900000
  0.107819  -0.0000   0.45600000
  0.108550  -0.0000   0.46400000
  0.109765  -0.0000   0.47400000
  0.110839  -0.0000   0.48300000
  0.111997  -0.0000   0.49200000
  0.113243  -0.0000   0.50100000
  0.114579  -0.0000   0.50900000
  0.116010  -0.0000   0.51800000
  0.117537  -0.0000   0.52700000
  0.119163  -0.0000   0.53600000
  0.120889  -0.0000   0.54400000
  0.121378  -0.0000   0.54700000
  0.121874  -0.0000   0.54900000
  0.122231  -0.0000   0.55100000
  0.122324  -0.0000   0.55200000
  0.122406  -0.0000   0.55300000
  0.122481  -0.0000   0.55400000
  0.122585  -0.0000   0.55500000
  0.122733  -0.0000   0.55700000
  0.122950  -0.0000   0.56100000
  0.123284  -0.0000   0.56500000
  0.123822  -0.0000   0.57200000
  0.124534  -0.0000   0.58100000
  0.125301  -0.0000   0.58900000
  0.126123  -0.0000   0.59800000
  0.126999  -0.0000   0.60600000
  0.128167  -0.0000   0.61700000
  0.129423  -0.0000   0.62800000
  0.130770  -0.0000   0.63800000
  0.132212  -0.0000   0.64900000
  0.133750  -0.0000   0.65900000
  0.135388  -0.0000   0.67000000
  0.137126  -0.0000   0.68000000
  0.138967  -0.0000   0.69100000
  0.139154  -0.0000   0.69200000
  0.139342  -0.0000   0.69300000
  0.139530  -0.0000   0.69400000
  0.139674  -0.0000   0.69500000
  0.139780  -0.0000   0.69700000
  0.139876  -0.0000   0.69800000
  0.140008  -0.0000   0.70000000
  0.140197  -0.0000   0.70300000
  0.140480  -0.0000   0.70700000
  0.140925  -0.0000   0.71300000
  0.141644  -0.0000   0.72200000
  0.142416  -0.0000   0.73200000
  0.143237  -0.0000   0.74100000
  0.144108  -0.0000   0.75000000
  0.145526  -0.0000   0.76400000
  0.147061  -0.0000   0.77800000
  0.148715  -0.0000   0.79200000
  0.150165  -0.0000   0.80400000
  0.151701  -0.0000   0.81600000
  0.153325  -0.0000   0.82700000
  0.155039  -0.0000   0.83900000
  0.156843  -0.0000   0.85000000
  0.156986  -0.0000   0.85100000
  0.157073  -0.0000   0.85200000
  0.157150  -0.0000   0.85300000
  0.157254  -0.0000   0.85500000
  0.157353  -0.0000   0.85600000
  0.157493  -0.0000   0.85800000
  0.157700  -0.0000   0.86100000
  0.158015  -0.0000   0.86600000
  0.158511  -0.0000   0.87300000
  0.159310  -0.0000   0.88400000
  0.160162  -0.0000   0.89400000
  0.161064  -0.0000   0.90500000
  0.162017  -0.0000   0.91600000
  0.163560  -0.0000   0.93200000
  0.165220  -0.0000   0.94800000
  0.167001  -0.0000   0.96400000
  0.168561  -0.0000   0.97700000
  0.170209  -0.0000   0.99000000
  0.171902  -0.0000   1.00000000
  0.173922  -0.0000   1.02000000
  0.174086  -0.0000   1.02000000
  0.174249  -0.0000   1.02000000
  0.174392  -0.0000   1.02000000
  0.174527  -0.0000   1.03000000
  0.174647  -0.0000   1.03000000
  0.174758  -0.0000   1.03000000
  0.174865  -0.0000   1.03000000
  0.175020  -0.0000   1.03000000
  0.175248  -0.0000   1.04000000
  0.175591  -0.0000   1.05000000
  0.176110  -0.0000   1.06000000
  0.176891  -0.0000   1.07000000
  0.177669  -0.0000   1.09000000
  0.178827  -0.0000   1.11000000
  0.180537  -0.0000   1.14000000
  0.183040  -0.0000   1.20000000
  0.185483  -0.0000   1.25000000
  0.187867  -0.0000   1.30000000
  0.190193  -0.0000   1.35000000
  0.190461  -0.0000   1.36000000
  0.190727  -0.0000   1.36000000
  0.190993  -0.0000   1.37000000
  0.191390  -0.0000   1.38000000
  0.191520  -0.0000   1.38000000
  0.191617  -0.0000   1.39000000
  0.191706  -0.0000   1.39000000
  0.191829  -0.0000   1.40000000
  0.192006  -0.0000   1.40000000
  0.192268  -0.0000   1.42000000
  0.192663  -0.0000   1.44000000
  0.193261  -0.0000   1.47000000
  0.194038  -0.0000   1.50000000
  0.194812  -0.0000   1.54000000
  0.195963  -0.0000   1.60000000
  0.197666  -0.0000   1.69000000
  0.200163  -0.0000   1.81000000
  0.202606  -0.0000   1.94000000
  0.204994  -0.0000   2.07000000
  0.207328  -0.0000   2.20000000
  0.207578  -0.0000   2.21000000
  0.207828  -0.0000   2.23000000
  0.208077  -0.0000   2.24000000
  0.208449  -0.0000   2.26000000
  0.208570  -0.0000   2.27000000
  0.208667  -0.0000   2.28000000
  0.208756  -0.0000   2.29000000
  0.208883  -0.0000   2.30000000
  0.209069  -0.0000   2.33000000
  0.209346  -0.0000   2.36000000
  0.209767  -0.0000   2.41000000
  0.210403  -0.0000   2.48000000
  0.211248  -0.0000   2.57000000
  0.212089  -0.0000   2.67000000
  0.213339  -0.0000   2.81000000
  0.215184  -0.0000   3.03000000
  0.217889  -0.0000   3.35000000
  0.220533  -0.0000   3.67000000
  0.223116  -0.0000   3.99000000
  0.224781  -0.0000   4.20000000
  0.225014  -0.0000   4.23000000
  0.225248  -0.0000   4.26000000
  0.225480  -0.0000   4.29000000
  0.225605  -0.0000   4.32000000
  0.225710  -0.0000   4.34000000
  0.225808  -0.0000   4.36000000
  0.225951  -0.0000   4.40000000
  0.226164  -0.0000   4.45000000
  0.226487  -0.0000   4.53000000
  0.226975  -0.0000   4.65000000
  0.227709  -0.0000   4.83000000
  0.228440  -0.0000   5.00000000
  0.229530  -0.0000   5.27000000
  0.231143  -0.0000   5.67000000
  0.233517  -0.0000   6.27000000
  0.235846  -0.0000   6.88000000
  0.238130  -0.0000   7.48000000
  0.240372  -0.0000   8.08000000
  0.240828  -0.0000   8.20000000
  0.241282  -0.0000   8.32000000
  0.241734  -0.0000   8.45000000
  0.242408  -0.0000   8.63000000
  0.242548  -0.0000   8.68000000
  0.242649  -0.0000   8.72000000
  0.242742  -0.0000   8.77000000
  0.242876  -0.0000   8.83000000
  0.243076  -0.0000   8.93000000
  0.243378  -0.0000   9.08000000
  0.243836  -0.0000   9.31000000
  0.244524  -0.0000   9.65000000
  0.245211  -0.0000   9.99000000
  0.246235  -0.0000  10.50000000
  0.247752  -0.0000  11.30000000
  0.249989  -0.0000  12.40000000
  0.252294  -0.0000  13.60000000
  0.254558  -0.0000  14.80000000
  0.256781  -0.0000  16.00000000
  0.258259  -0.0000  16.80000000
  0.259089  -0.0000  17.30000000
  0.259372  -0.0000  17.50000000
  0.259594  -0.0000  17.60000000
  0.259760  -0.0000  17.80000000
  0.259920  -0.0000  17.90000000
  0.260081  -0.0000  18.10000000
  0.260323  -0.0000  18.30000000
  0.260690  -0.0000  18.70000000
  0.261242  -0.0000  19.20000000
  0.262068  -0.0000  20.00000000
  0.263296  -0.0000  21.20000000
  0.265112  -0.0000  23.00000000
  0.267783  -0.0000  25.60000000
  0.270401  -0.0000  28.30000000
  0.272968  -0.0000  31.00000000
  0.275482  -0.0000  33.70000000
  0.275712  -0.0000  33.90000000
  0.275940  -0.0000  34.20000000
  0.276168  -0.0000  34.40000000
  0.276507  -0.0000  34.80000000
  0.276618  -0.0000  35.00000000
  0.276771  -0.0000  35.20000000
  0.276922  -0.0000  35.50000000
  0.277073  -0.0000  35.80000000
  0.277302  -0.0000  36.20000000
  0.277649  -0.0000  36.80000000
  0.278170  -0.0000  37.70000000
  0.278949  -0.0000  39.10000000
  0.280109  -0.0000  41.20000000
  0.281826  -0.0000  44.30000000
  0.284355  -0.0000  49.00000000
  0.286839  -0.0000  53.70000000
  0.289277  -0.0000  58.40000000
  0.291671  -0.0000  63.10000000
  0.292052  -0.0000  63.90000000
  0.292431  -0.0000  64.60000000
  0.292810  -0.0000  65.40000000
  0.293375  -0.0000  66.50000000
  0.293536  -0.0000  66.90000000
  0.293652  -0.0000  67.20000000
  0.293762  -0.0000  67.60000000
  0.293927  -0.0000  68.10000000
  0.294093  -0.0000  68.70000000
  0.294344  -0.0000  69.50000000
  0.294722  -0.0000  70.70000000
  0.295290  -0.0000  72.50000000
  0.296138  -0.0000  75.20000000
  0.297399  -0.0000  79.30000000
  0.299265  -0.0000  85.40000000
  0.302008  -0.0000  94.60000000
  0.304700  -0.0000 104.00000000
  0.307339  -0.0000 113.00000000
  0.309926  -0.0000 122.00000000
  0.310112  -0.0000 123.00000000
  0.310297  -0.0000 123.00000000
  0.310482  -0.0000 124.00000000
  0.310610  -0.0000 125.00000000
  0.310729  -0.0000 125.00000000
  0.310846  -0.0000 126.00000000
  0.310964  -0.0000 127.00000000
  0.311142  -0.0000 128.00000000
  0.311412  -0.0000 129.00000000
  0.311817  -0.0000 131.00000000
  0.312423  -0.0000 135.00000000
  0.313328  -0.0000 140.00000000
  0.314672  -0.0000 147.00000000
  0.316658  -0.0000 159.00000000
  0.319008  -0.0000 172.00000000
  0.321321  -0.0000 186.00000000
  0.323596  -0.0000 200.00000000
  0.326347  -0.0000 216.00000000
  0.326591  -0.0000 218.00000000
  0.326834  -0.0000 219.00000000
  0.327077  -0.0000 221.00000000
  0.327441  -0.0000 223.00000000
  0.327584  -0.0000 224.00000000
  0.327704  -0.0000 225.00000000
  0.327823  -0.0000 227.00000000
  0.328002  -0.0000 228.00000000
  0.328274  -0.0000 231.00000000
  0.328684  -0.0000 235.00000000
  0.329298  -0.0000 240.00000000
  0.330213  -0.0000 249.00000000
  0.331573  -0.0000 262.00000000
  0.333584  -0.0000 281.00000000
  0.335961  -0.0000 304.00000000
  0.338301  -0.0000 327.00000000
  0.340604  -0.0000 351.00000000
  0.343316  -0.0000 379.00000000
  0.343573  -0.0000 381.00000000
  0.343830  -0.0000 384.00000000
  0.344087  -0.0000 387.00000000
  0.344471  -0.0000 391.00000000
  0.344611  -0.0000 392.00000000
  0.344732  -0.0000 394.00000000
  0.344852  -0.0000 396.00000000
  0.345034  -0.0000 399.00000000
  0.345310  -0.0000 403.00000000
  0.345725  -0.0000 410.00000000
  0.346346  -0.0000 419.00000000
  0.347271  -0.0000 433.00000000
  0.348646  -0.0000 455.00000000
  0.350679  -0.0000 487.00000000
  0.353562  -0.0000 533.00000000
  0.356391  -0.0000 579.00000000
  0.359165  -0.0000 626.00000000
  0.360143  -0.0000 642.00000000
  0.361113  -0.0000 659.00000000
  0.361386  -0.0000 663.00000000
  0.361620  -0.0000 668.00000000
  0.361806  -0.0000 672.00000000
  0.361992  -0.0000 677.00000000
  0.362181  -0.0000 682.00000000
  0.362370  -0.0000 686.00000000
  0.362654  -0.0000 693.00000000
  0.363080  -0.0000 704.00000000
  0.363716  -0.0000 719.00000000
  0.364664  -0.0000 743.00000000
  0.366071  -0.0000 778.00000000
  0.368152  -0.0000 831.00000000
  0.370530  -0.0000 892.00000000
  0.372870  -0.0000 953.00000000
  0.375174  -0.0000 1014.00000000
  0.377910  -0.0000 1088.00000000
  0.378109  -0.0000 1093.00000000
  0.378308  -0.0000 1099.00000000
  0.378507  -0.0000 1104.00000000
  0.378686  -0.0000 1110.00000000
  0.378844  -0.0000 1117.00000000
  0.379003  -0.0000 1123.00000000
  0.379245  -0.0000 1132.00000000
  0.379608  -0.0000 1146.00000000
  0.380152  -0.0000 1167.00000000
  0.380964  -0.0000 1198.00000000
  0.382172  -0.0000 1245.00000000
  0.383960  -0.0000 1315.00000000
  0.386597  -0.0000 1421.00000000
  0.389190  -0.0000 1527.00000000
  0.391739  -0.0000 1632.00000000
  0.394244  -0.0000 1738.00000000
  0.394567  -0.0000 1751.00000000
  0.394889  -0.0000 1765.00000000
  0.395210  -0.0000 1779.00000000
  0.395662  -0.0000 1799.00000000
  0.395790  -0.0000 1807.00000000
  0.395983  -0.0000 1818.00000000
  0.396177  -0.0000 1830.00000000
  0.396372  -0.0000 1841.00000000
  0.396666  -0.0000 1859.00000000
  0.397106  -0.0000 1885.00000000
  0.397762  -0.0000 1923.00000000
  0.398741  -0.0000 1982.00000000
  0.400193  -0.0000 2069.00000000
  0.402340  -0.0000 2200.00000000
  0.404613  -0.0000 2341.00000000
  0.406853  -0.0000 2482.00000000
  0.409061  -0.0000 2623.00000000
  0.411842  -0.0000 2803.00000000
  0.412057  -0.0000 2817.00000000
  0.412271  -0.0000 2831.00000000
  0.412486  -0.0000 2845.00000000
  0.412760  -0.0000 2866.00000000
  0.412992  -0.0000 2887.00000000
  0.413227  -0.0000 2908.00000000
  0.413464  -0.0000 2929.00000000
  0.413701  -0.0000 2950.00000000
  0.414055  -0.0000 2982.00000000
  0.414586  -0.0000 3029.00000000
  0.415377  -0.0000 3100.00000000
  0.416553  -0.0000 3206.00000000
  0.418296  -0.0000 3366.00000000
  0.420869  -0.0000 3605.00000000
  0.423401  -0.0000 3844.00000000
  0.425892  -0.0000 4083.00000000
  0.428343  -0.0000 4322.00000000
  0.428673  -0.0000 4355.00000000
  0.429002  -0.0000 4387.00000000
  0.429330  -0.0000 4419.00000000
  0.429776  -0.0000 4468.00000000
  0.429912  -0.0000 4486.00000000
  0.430117  -0.0000 4513.00000000
  0.430323  -0.0000 4540.00000000
  0.430530  -0.0000 4568.00000000
  0.430841  -0.0000 4609.00000000
  0.431305  -0.0000 4670.00000000
  0.431999  -0.0000 4762.00000000
  0.433031  -0.0000 4900.00000000
  0.434563  -0.0000 5107.00000000
  0.436828  -0.0000 5417.00000000
  0.439062  -0.0000 5728.00000000
  0.441265  -0.0000 6038.00000000
  0.443437  -0.0000 6349.00000000
  0.446260  -0.0000 6760.00000000
  0.446452  -0.0000 6788.00000000
  0.446644  -0.0000 6816.00000000
  0.446811  -0.0000 6844.00000000
  0.447026  -0.0000 6886.00000000
  0.447353  -0.0000 6949.00000000
  0.447682  -0.0000 7013.00000000
  0.448010  -0.0000 7076.00000000
  0.448501  -0.0000 7171.00000000
  0.449234  -0.0000 7313.00000000
  0.450324  -0.0000 7526.00000000
  0.451942  -0.0000 7846.00000000
  0.454331  -0.0000 8326.00000000
  0.456686  -0.0000 8806.00000000
  0.459007  -0.0000 9286.00000000
  0.461294  -0.0000 9766.00000000
  0.462402  -0.0000 10000.00000000
  0.461342  -0.0000 10000.00000000
  0.461342  -0.0000 10000.00000000
  0.461342  -0.0000 10000.00000000
  0.461342  -0.0000 10000.00000000
  0.461342  -0.0000 10000.00000000
  0.461342  -0.0000 10000.00000000
  0.461342  -0.0000 10000.00000000
  0.461341  -0.0000 10000.00000000
  0.461339  -0.0000 10000.00000000
  0.461336  -0.0000 10000.00000000
  0.461331  -0.0000 10000.00000000
  0.461322  -0.0000 10000.00000000
  0.461319  -0.0000 10000.00000000
