  0.000329  -0.0000   0.00100000
  0.000715  -0.0000   0.00200000
  0.001941  -0.0000   0.00300000
  0.007656  -0.0000   0.00450000
  0.008220  -0.0000   0.00563500
  0.008657  -0.0000   0.00654800
  0.009151  -0.0000   0.00746100
  0.009525  -0.0000   0.00808700
  0.009938  -0.0000   0.00871400
  0.010395  -0.0000   0.00934000
  0.010842  -0.0000   0.00990400
  0.011329  -0.0000   0.01047000
  0.011854  -0.0000   0.01103000
  0.012565  -0.0000   0.01173000
  0.013335  -0.0000   0.01243000
  0.014167  -0.0000   0.01312000
  0.015063  -0.0000   0.01382000
  0.015843  -0.0000   0.01439000
  0.016674  -0.0000   0.01496000
  0.017559  -0.0000   0.01553000
  0.018503  -0.0000   0.01610000
  0.019512  -0.0000   0.01667000
  0.020589  -0.0000   0.01724000
  0.020685  -0.0000   0.01734000
  0.020718  -0.0000   0.01743000
  0.020749  -0.0000   0.01752000
  0.020793  -0.0000   0.01767000
  0.020853  -0.0000   0.01788000
  0.020935  -0.0000   0.01819000
  0.021011  -0.0000   0.01851000
  0.021083  -0.0000   0.01883000
  0.021153  -0.0000   0.01914000
  0.021251  -0.0000   0.01962000
  0.021392  -0.0000   0.02033000
  0.021551  -0.0000   0.02117000
  0.021706  -0.0000   0.02201000
  0.021857  -0.0000   0.02285000
  0.022080  -0.0000   0.02411000
  0.022411  -0.0000   0.02600000
  0.022838  -0.0000   0.02841000
  0.023273  -0.0000   0.03083000
  0.023968  -0.0000   0.03445000
  0.024531  -0.0000   0.03720000
  0.025141  -0.0000   0.03995000
  0.025813  -0.0000   0.04269000
  0.026273  -0.0000   0.04446000
  0.026768  -0.0000   0.04622000
  0.027301  -0.0000   0.04798000
  0.027982  -0.0000   0.05004000
  0.028728  -0.0000   0.05210000
  0.029544  -0.0000   0.05416000
  0.030437  -0.0000   0.05622000
  0.031171  -0.0000   0.05780000
  0.031955  -0.0000   0.05939000
  0.032791  -0.0000   0.06097000
  0.033614  -0.0000   0.06244000
  0.034486  -0.0000   0.06390000
  0.035406  -0.0000   0.06537000
  0.036377  -0.0000   0.06684000
  0.037400  -0.0000   0.06831000
  0.038474  -0.0000   0.06978000
  0.038707  -0.0000   0.07009000
  0.038941  -0.0000   0.07041000
  0.039049  -0.0000   0.07072000
  0.039137  -0.0000   0.07111000
  0.039219  -0.0000   0.07150000
  0.039295  -0.0000   0.07190000
  0.039368  -0.0000   0.07229000
  0.039470  -0.0000   0.07288000
  0.039614  -0.0000   0.07376000
  0.039815  -0.0000   0.07509000
  0.040006  -0.0000   0.07641000
  0.040262  -0.0000   0.07826000
  0.040511  -0.0000   0.08011000
  0.040877  -0.0000   0.08289000
  0.041427  -0.0000   0.08705000
  0.042291  -0.0000   0.09329000
  0.043225  -0.0000   0.10000000
  0.043723  -0.0000   0.10300000
  0.044250  -0.0000   0.10600000
  0.044811  -0.0000   0.10900000
  0.045741  -0.0000   0.11400000
  0.046545  -0.0000   0.11800000
  0.047421  -0.0000   0.12100000
  0.048373  -0.0000   0.12500000
  0.049407  -0.0000   0.12900000
  0.050528  -0.0000   0.13300000
  0.051740  -0.0000   0.13600000
  0.053047  -0.0000   0.14000000
  0.054452  -0.0000   0.14400000
  0.055701  -0.0000   0.14700000
  0.057021  -0.0000   0.15000000
  0.057771  -0.0000   0.15200000
  0.058042  -0.0000   0.15300000
  0.058180  -0.0000   0.15400000
  0.058309  -0.0000   0.15400000
  0.058487  -0.0000   0.15600000
  0.058655  -0.0000   0.15700000
  0.058890  -0.0000   0.15800000
  0.059114  -0.0000   0.16000000
  0.059434  -0.0000   0.16300000
  0.059895  -0.0000   0.16600000
  0.060559  -0.0000   0.17200000
  0.061231  -0.0000   0.17800000
  0.062296  -0.0000   0.18600000
  0.062883  -0.0000   0.19100000
  0.063500  -0.0000   0.19500000
  0.064151  -0.0000   0.20000000
  0.065220  -0.0000   0.20600000
  0.066135  -0.0000   0.21200000
  0.067122  -0.0000   0.21700000
  0.068183  -0.0000   0.22200000
  0.069500  -0.0000   0.22800000
  0.070926  -0.0000   0.23400000
  0.072464  -0.0000   0.24000000
  0.073789  -0.0000   0.24500000
  0.075191  -0.0000   0.25000000
  0.076672  -0.0000   0.25500000
  0.076879  -0.0000   0.25600000
  0.076992  -0.0000   0.25700000
  0.077100  -0.0000   0.25700000
  0.077252  -0.0000   0.25900000
  0.077465  -0.0000   0.26000000
  0.077763  -0.0000   0.26300000
  0.078116  -0.0000   0.26600000
  0.078454  -0.0000   0.26900000
  0.078946  -0.0000   0.27300000
  0.079672  -0.0000   0.28000000
  0.080790  -0.0000   0.29000000
  0.081585  -0.0000   0.29700000
  0.082422  -0.0000   0.30400000
  0.083311  -0.0000   0.31100000
  0.084132  -0.0000   0.31700000
  0.085003  -0.0000   0.32400000
  0.085927  -0.0000   0.33000000
  0.087000  -0.0000   0.33600000
  0.088143  -0.0000   0.34300000
  0.089359  -0.0000   0.35000000
  0.090718  -0.0000   0.35700000
  0.092162  -0.0000   0.36400000
  0.093691  -0.0000   0.37100000
  0.095500  -0.0000   0.37900000
  0.095696  -0.0000   0.37900000
  0.095824  -0.0000   0.38000000
  0.095946  -0.0000   0.38100000
  0.096121  -0.0000   0.38300000
  0.096367  -0.0000   0.38500000
  0.096716  -0.0000   0.38800000
  0.097169  -0.0000   0.39300000
  0.097608  -0.0000   0.39700000
  0.098251  -0.0000   0.40400000
  0.099222  -0.0000   0.41400000
  0.100129  -0.0000   0.42300000
  0.101078  -0.0000   0.43200000
  0.102083  -0.0000   0.44100000
  0.103013  -0.0000   0.44900000
  0.103997  -0.0000   0.45600000
  0.105040  -0.0000   0.46400000
  0.106509  -0.0000   0.47500000
  0.108089  -0.0000   0.48500000
  0.109781  -0.0000   0.49500000
  0.111589  -0.0000   0.50600000
  0.113514  -0.0000   0.51600000
  0.113917  -0.0000   0.51800000
  0.114326  -0.0000   0.52000000
  0.114626  -0.0000   0.52300000
  0.114908  -0.0000   0.52500000
  0.115174  -0.0000   0.52800000
  0.115430  -0.0000   0.53000000
  0.115798  -0.0000   0.53400000
  0.116327  -0.0000   0.54000000
  0.117100  -0.0000   0.54800000
  0.117872  -0.0000   0.55700000
  0.119067  -0.0000   0.57000000
  0.120077  -0.0000   0.58000000
  0.121140  -0.0000   0.59100000
  0.122265  -0.0000   0.60100000
  0.123459  -0.0000   0.61100000
  0.124724  -0.0000   0.62200000
  0.126065  -0.0000   0.63200000
  0.127483  -0.0000   0.64300000
  0.129250  -0.0000   0.65500000
  0.131126  -0.0000   0.66700000
  0.133112  -0.0000   0.67900000
  0.133301  -0.0000   0.68100000
  0.133451  -0.0000   0.68200000
  0.133596  -0.0000   0.68400000
  0.133805  -0.0000   0.68600000
  0.134105  -0.0000   0.68900000
  0.134535  -0.0000   0.69400000
  0.135153  -0.0000   0.70100000
  0.135759  -0.0000   0.70800000
  0.136666  -0.0000   0.71900000
  0.137729  -0.0000   0.73100000
  0.138837  -0.0000   0.74400000
  0.140000  -0.0000   0.75600000
  0.141230  -0.0000   0.76900000
  0.142531  -0.0000   0.78100000
  0.143907  -0.0000   0.79300000
  0.145361  -0.0000   0.80600000
  0.146895  -0.0000   0.81800000
  0.148508  -0.0000   0.83100000
  0.150591  -0.0000   0.84600000
  0.151231  -0.0000   0.85000000
  0.151881  -0.0000   0.85500000
  0.152175  -0.0000   0.85800000
  0.152435  -0.0000   0.86000000
  0.152685  -0.0000   0.86300000
  0.153045  -0.0000   0.86700000
  0.153564  -0.0000   0.87400000
  0.154296  -0.0000   0.88300000
  0.155020  -0.0000   0.89200000
  0.156120  -0.0000   0.90600000
  0.156967  -0.0000   0.91600000
  0.157841  -0.0000   0.92700000
  0.158746  -0.0000   0.93700000
  0.159842  -0.0000   0.94900000
  0.160989  -0.0000   0.96100000
  0.162190  -0.0000   0.97300000
  0.163773  -0.0000   0.98800000
  0.165371  -0.0000   1.00000000
  0.166779  -0.0000   1.02000000
  0.168161  -0.0000   1.03000000
  0.170183  -0.0000   1.06000000
  0.170336  -0.0000   1.06000000
  0.170461  -0.0000   1.06000000
  0.170583  -0.0000   1.06000000
  0.170756  -0.0000   1.07000000
  0.171003  -0.0000   1.07000000
  0.171348  -0.0000   1.08000000
  0.171829  -0.0000   1.09000000
  0.172466  -0.0000   1.10000000
  0.173072  -0.0000   1.12000000
  0.173940  -0.0000   1.14000000
  0.174995  -0.0000   1.17000000
  0.176034  -0.0000   1.20000000
  0.177063  -0.0000   1.23000000
  0.178281  -0.0000   1.26000000
  0.179491  -0.0000   1.29000000
  0.181230  -0.0000   1.34000000
  0.182951  -0.0000   1.39000000
  0.185487  -0.0000   1.47000000
  0.185793  -0.0000   1.48000000
  0.186099  -0.0000   1.49000000
  0.186403  -0.0000   1.49000000
  0.186858  -0.0000   1.51000000
  0.187466  -0.0000   1.53000000
  0.187666  -0.0000   1.54000000
  0.187855  -0.0000   1.55000000
  0.188036  -0.0000   1.55000000
  0.188295  -0.0000   1.57000000
  0.188659  -0.0000   1.59000000
  0.189174  -0.0000   1.62000000
  0.189903  -0.0000   1.66000000
  0.190953  -0.0000   1.73000000
  0.191986  -0.0000   1.80000000
  0.193012  -0.0000   1.87000000
  0.194035  -0.0000   1.93000000
  0.195056  -0.0000   2.00000000
  0.196535  -0.0000   2.10000000
  0.198007  -0.0000   2.20000000
  0.200190  -0.0000   2.35000000
  0.203405  -0.0000   2.57000000
  0.203603  -0.0000   2.58000000
  0.203801  -0.0000   2.59000000
  0.203998  -0.0000   2.61000000
  0.204294  -0.0000   2.63000000
  0.204539  -0.0000   2.65000000
  0.204765  -0.0000   2.68000000
  0.204979  -0.0000   2.70000000
  0.205282  -0.0000   2.74000000
  0.205708  -0.0000   2.79000000
  0.206314  -0.0000   2.87000000
  0.207186  -0.0000   2.99000000
  0.208049  -0.0000   3.12000000
  0.208908  -0.0000   3.24000000
  0.209766  -0.0000   3.36000000
  0.210868  -0.0000   3.52000000
  0.211968  -0.0000   3.68000000
  0.213612  -0.0000   3.91000000
  0.215246  -0.0000   4.15000000
  0.217672  -0.0000   4.50000000
  0.221221  -0.0000   5.04000000
  0.221345  -0.0000   5.06000000
  0.221464  -0.0000   5.09000000
  0.221580  -0.0000   5.11000000
  0.221745  -0.0000   5.15000000
  0.221980  -0.0000   5.21000000
  0.222314  -0.0000   5.30000000
  0.222790  -0.0000   5.42000000
  0.223475  -0.0000   5.62000000
  0.224200  -0.0000   5.83000000
  0.224922  -0.0000   6.04000000
  0.225644  -0.0000   6.25000000
  0.226619  -0.0000   6.53000000
  0.227596  -0.0000   6.81000000
  0.229060  -0.0000   7.23000000
  0.230521  -0.0000   7.66000000
  0.232697  -0.0000   8.29000000
  0.235919  -0.0000   9.24000000
  0.236198  -0.0000   9.32000000
  0.236477  -0.0000   9.41000000
  0.236755  -0.0000   9.49000000
  0.237172  -0.0000   9.61000000
  0.237795  -0.0000   9.80000000
  0.238116  -0.0000   9.90000000
  0.238345  -0.0000   9.99000000
  0.238561  -0.0000  10.10000000
  0.238767  -0.0000  10.20000000
  0.238965  -0.0000  10.30000000
  0.239251  -0.0000  10.40000000
  0.239663  -0.0000  10.60000000
  0.240264  -0.0000  11.00000000
  0.241156  -0.0000  11.50000000
  0.242049  -0.0000  12.00000000
  0.242943  -0.0000  12.50000000
  0.243839  -0.0000  12.90000000
  0.244737  -0.0000  13.40000000
  0.246081  -0.0000  14.20000000
  0.248088  -0.0000  15.30000000
  0.251067  -0.0000  16.90000000
  0.252123  -0.0000  17.50000000
  0.253173  -0.0000  18.10000000
  0.254219  -0.0000  18.70000000
  0.254548  -0.0000  18.90000000
  0.254877  -0.0000  19.10000000
  0.255125  -0.0000  19.30000000
  0.255452  -0.0000  19.50000000
  0.255759  -0.0000  19.80000000
  0.256054  -0.0000  20.10000000
  0.256342  -0.0000  20.40000000
  0.256765  -0.0000  20.80000000
  0.257394  -0.0000  21.40000000
  0.258337  -0.0000  22.40000000
  0.259283  -0.0000  23.30000000
  0.260231  -0.0000  24.30000000
  0.261181  -0.0000  25.20000000
  0.262605  -0.0000  26.60000000
  0.264731  -0.0000  28.70000000
  0.267885  -0.0000  31.90000000
  0.268893  -0.0000  33.00000000
  0.269896  -0.0000  34.00000000
  0.270895  -0.0000  35.00000000
  0.271470  -0.0000  35.60000000
  0.272010  -0.0000  36.20000000
  0.272227  -0.0000  36.50000000
  0.272432  -0.0000  36.80000000
  0.272628  -0.0000  37.10000000
  0.272911  -0.0000  37.60000000
  0.273321  -0.0000  38.30000000
  0.273926  -0.0000  39.30000000
  0.274621  -0.0000  40.60000000
  0.275318  -0.0000  41.80000000
  0.276017  -0.0000  43.00000000
  0.277069  -0.0000  44.80000000
  0.278122  -0.0000  46.60000000
  0.279700  -0.0000  49.40000000
  0.282055  -0.0000  53.40000000
  0.285546  -0.0000  59.60000000
  0.285949  -0.0000  60.30000000
  0.286351  -0.0000  61.00000000
  0.286752  -0.0000  61.70000000
  0.287352  -0.0000  62.80000000
  0.288248  -0.0000  64.40000000
  0.288584  -0.0000  65.00000000
  0.288901  -0.0000  65.60000000
  0.289143  -0.0000  66.20000000
  0.289370  -0.0000  66.80000000
  0.289589  -0.0000  67.40000000
  0.289801  -0.0000  68.00000000
  0.290112  -0.0000  68.90000000
  0.290572  -0.0000  70.20000000
  0.291261  -0.0000  72.20000000
  0.292184  -0.0000  74.90000000
  0.293111  -0.0000  77.60000000
  0.294042  -0.0000  80.30000000
  0.294973  -0.0000  83.00000000
  0.296368  -0.0000  87.10000000
  0.298452  -0.0000  93.10000000
  0.301549  -0.0000 102.00000000
  0.303527  -0.0000 108.00000000
  0.305490  -0.0000 114.00000000
  0.305713  -0.0000 115.00000000
  0.305911  -0.0000 115.00000000
  0.306075  -0.0000 116.00000000
  0.306306  -0.0000 117.00000000
  0.306633  -0.0000 118.00000000
  0.306952  -0.0000 120.00000000
  0.307424  -0.0000 122.00000000
  0.308130  -0.0000 126.00000000
  0.308840  -0.0000 129.00000000
  0.309553  -0.0000 132.00000000
  0.310269  -0.0000 136.00000000
  0.311344  -0.0000 141.00000000
  0.312956  -0.0000 148.00000000
  0.315362  -0.0000 160.00000000
  0.318934  -0.0000 177.00000000
  0.322459  -0.0000 194.00000000
  0.322657  -0.0000 195.00000000
  0.322852  -0.0000 196.00000000
  0.323003  -0.0000 197.00000000
  0.323215  -0.0000 198.00000000
  0.323515  -0.0000 200.00000000
  0.323807  -0.0000 202.00000000
  0.324237  -0.0000 206.00000000
  0.324882  -0.0000 211.00000000
  0.325530  -0.0000 215.00000000
  0.326181  -0.0000 220.00000000
  0.326834  -0.0000 225.00000000
  0.327817  -0.0000 232.00000000
  0.329291  -0.0000 243.00000000
  0.331494  -0.0000 260.00000000
  0.334771  -0.0000 284.00000000
  0.338126  -0.0000 310.00000000
  0.338468  -0.0000 313.00000000
  0.338809  -0.0000 315.00000000
  0.339149  -0.0000 318.00000000
  0.339659  -0.0000 322.00000000
  0.339942  -0.0000 324.00000000
  0.340165  -0.0000 326.00000000
  0.340376  -0.0000 329.00000000
  0.340680  -0.0000 332.00000000
  0.340979  -0.0000 335.00000000
  0.341425  -0.0000 341.00000000
  0.342096  -0.0000 348.00000000
  0.342771  -0.0000 356.00000000
  0.343449  -0.0000 364.00000000
  0.344128  -0.0000 372.00000000
  0.345149  -0.0000 383.00000000
  0.346680  -0.0000 401.00000000
  0.348966  -0.0000 427.00000000
  0.352364  -0.0000 467.00000000
  0.353929  -0.0000 485.00000000
  0.355486  -0.0000 503.00000000
  0.357008  -0.0000 521.00000000
  0.357192  -0.0000 524.00000000
  0.357367  -0.0000 527.00000000
  0.357536  -0.0000 530.00000000
  0.357783  -0.0000 534.00000000
  0.358148  -0.0000 541.00000000
  0.358696  -0.0000 550.00000000
  0.359504  -0.0000 564.00000000
  0.360316  -0.0000 578.00000000
  0.361132  -0.0000 593.00000000
  0.361948  -0.0000 607.00000000
  0.363174  -0.0000 628.00000000
  0.365007  -0.0000 659.00000000
  0.367742  -0.0000 707.00000000
  0.371795  -0.0000 778.00000000
  0.372164  -0.0000 785.00000000
  0.372532  -0.0000 791.00000000
  0.372900  -0.0000 798.00000000
  0.373451  -0.0000 807.00000000
  0.374211  -0.0000 822.00000000
  0.374426  -0.0000 827.00000000
  0.374631  -0.0000 832.00000000
  0.374832  -0.0000 837.00000000
  0.375129  -0.0000 845.00000000
  0.375574  -0.0000 857.00000000
  0.376245  -0.0000 874.00000000
  0.376921  -0.0000 891.00000000
  0.377599  -0.0000 909.00000000
  0.378618  -0.0000 934.00000000
  0.380148  -0.0000 973.00000000
  0.382435  -0.0000 1032.00000000
  0.385838  -0.0000 1119.00000000
  0.389182  -0.0000 1206.00000000
  0.389577  -0.0000 1216.00000000
  0.389972  -0.0000 1227.00000000
  0.390366  -0.0000 1237.00000000
  0.390957  -0.0000 1252.00000000
  0.391194  -0.0000 1259.00000000
  0.391389  -0.0000 1266.00000000
  0.391575  -0.0000 1272.00000000
  0.391845  -0.0000 1283.00000000
  0.392113  -0.0000 1293.00000000
  0.392514  -0.0000 1308.00000000
  0.393121  -0.0000 1330.00000000
  0.393896  -0.0000 1359.00000000
  0.394675  -0.0000 1388.00000000
  0.395456  -0.0000 1417.00000000
  0.396627  -0.0000 1460.00000000
  0.398380  -0.0000 1524.00000000
  0.400997  -0.0000 1622.00000000
  0.404880  -0.0000 1767.00000000
  0.406191  -0.0000 1816.00000000
  0.407495  -0.0000 1866.00000000
  0.407952  -0.0000 1883.00000000
  0.408375  -0.0000 1900.00000000
  0.408619  -0.0000 1913.00000000
  0.408853  -0.0000 1925.00000000
  0.409084  -0.0000 1937.00000000
  0.409313  -0.0000 1950.00000000
  0.409659  -0.0000 1968.00000000
  0.410180  -0.0000 1996.00000000
  0.410966  -0.0000 2037.00000000
  0.411755  -0.0000 2079.00000000
  0.412941  -0.0000 2141.00000000
  0.414719  -0.0000 2235.00000000
  0.417373  -0.0000 2375.00000000
  0.421316  -0.0000 2585.00000000
  0.425212  -0.0000 2796.00000000
  0.425408  -0.0000 2806.00000000
  0.425566  -0.0000 2817.00000000
  0.425715  -0.0000 2827.00000000
  0.425930  -0.0000 2843.00000000
  0.426247  -0.0000 2867.00000000
  0.426724  -0.0000 2903.00000000
  0.427442  -0.0000 2956.00000000
  0.428164  -0.0000 3010.00000000
  0.428889  -0.0000 3063.00000000
  0.429614  -0.0000 3117.00000000
  0.430703  -0.0000 3197.00000000
  0.432332  -0.0000 3318.00000000
  0.434766  -0.0000 3498.00000000
  0.438383  -0.0000 3769.00000000
  0.439291  -0.0000 3837.00000000
  0.440196  -0.0000 3906.00000000
  0.441099  -0.0000 3974.00000000
  0.442447  -0.0000 4076.00000000
  0.442637  -0.0000 4092.00000000
  0.442797  -0.0000 4107.00000000
  0.442951  -0.0000 4123.00000000
  0.443177  -0.0000 4146.00000000
  0.443514  -0.0000 4181.00000000
  0.444021  -0.0000 4234.00000000
  0.444711  -0.0000 4305.00000000
  0.445405  -0.0000 4376.00000000
  0.446100  -0.0000 4447.00000000
  0.447143  -0.0000 4554.00000000
  0.448707  -0.0000 4714.00000000
  0.451044  -0.0000 4953.00000000
  0.454521  -0.0000 5313.00000000
  0.457810  -0.0000 5656.00000000
  0.458230  -0.0000 5700.00000000
  0.458650  -0.0000 5744.00000000
  0.459070  -0.0000 5788.00000000
  0.459697  -0.0000 5854.00000000
  0.459888  -0.0000 5878.00000000
  0.460060  -0.0000 5901.00000000
  0.460227  -0.0000 5925.00000000
  0.460475  -0.0000 5960.00000000
  0.460847  -0.0000 6013.00000000
  0.461409  -0.0000 6092.00000000
  0.462103  -0.0000 6190.00000000
  0.462799  -0.0000 6287.00000000
  0.463845  -0.0000 6433.00000000
  0.465414  -0.0000 6652.00000000
  0.467758  -0.0000 6981.00000000
  0.471249  -0.0000 7474.00000000
  0.474624  -0.0000 7955.00000000
  0.475169  -0.0000 8033.00000000
  0.475713  -0.0000 8110.00000000
  0.476256  -0.0000 8188.00000000
  0.477033  -0.0000 8305.00000000
  0.477222  -0.0000 8339.00000000
  0.477405  -0.0000 8374.00000000
  0.477585  -0.0000 8409.00000000
  0.477855  -0.0000 8461.00000000
  0.478261  -0.0000 8539.00000000
  0.478876  -0.0000 8655.00000000
  0.479694  -0.0000 8810.00000000
  0.480513  -0.0000 8965.00000000
  0.481744  -0.0000 9197.00000000
  0.483586  -0.0000 9545.00000000
  0.485983  -0.0000 10000.00000000
  0.481414  -0.0000 10000.00000000
  0.481414  -0.0000 10000.00000000
  0.481413  -0.0000 10000.00000000
  0.481412  -0.0000 10000.00000000
  0.481410  -0.0000 10000.00000000
  0.481406  -0.0000 10000.00000000
  0.481399  -0.0000 10000.00000000
  0.481383  -0.0000 10000.00000000
  0.481352  -0.0000 10000.00000000
  0.481289  -0.0000 10000.00000000
  0.481165  -0.0000 10000.00000000
  0.480927  -0.0000 10000.00000000
