  0.000088  -0.0000   0.00100000
  0.000192  -0.0000   0.00200000
  0.000522  -0.0000   0.00300000
  0.006044  -0.0000   0.00450000
  0.006534  -0.0000   0.00506300
  0.006616  -0.0000   0.00562500
  0.006704  -0.0000   0.00618800
  0.006858  -0.0000   0.00703100
  0.007146  -0.0000   0.00829700
  0.007429  -0.0000   0.00933700
  0.007766  -0.0000   0.01038000
  0.008168  -0.0000   0.01142000
  0.008529  -0.0000   0.01223000
  0.008944  -0.0000   0.01305000
  0.009419  -0.0000   0.01387000
  0.009961  -0.0000   0.01468000
  0.010441  -0.0000   0.01534000
  0.010970  -0.0000   0.01599000
  0.011550  -0.0000   0.01664000
  0.012183  -0.0000   0.01730000
  0.012871  -0.0000   0.01795000
  0.013613  -0.0000   0.01860000
  0.014409  -0.0000   0.01925000
  0.015260  -0.0000   0.01991000
  0.016164  -0.0000   0.02056000
  0.017121  -0.0000   0.02121000
  0.018129  -0.0000   0.02187000
  0.019187  -0.0000   0.02252000
  0.020154  -0.0000   0.02317000
  0.020171  -0.0000   0.02324000
  0.020186  -0.0000   0.02330000
  0.020200  -0.0000   0.02337000
  0.020219  -0.0000   0.02346000
  0.020243  -0.0000   0.02361000
  0.020276  -0.0000   0.02383000
  0.020317  -0.0000   0.02416000
  0.020361  -0.0000   0.02455000
  0.020401  -0.0000   0.02494000
  0.020456  -0.0000   0.02554000
  0.020532  -0.0000   0.02642000
  0.020627  -0.0000   0.02761000
  0.020718  -0.0000   0.02880000
  0.020853  -0.0000   0.03059000
  0.021061  -0.0000   0.03326000
  0.021417  -0.0000   0.03728000
  0.021635  -0.0000   0.03951000
  0.021880  -0.0000   0.04175000
  0.022157  -0.0000   0.04398000
  0.022569  -0.0000   0.04683000
  0.023049  -0.0000   0.04968000
  0.023607  -0.0000   0.05252000
  0.024123  -0.0000   0.05487000
  0.024701  -0.0000   0.05721000
  0.025346  -0.0000   0.05955000
  0.026060  -0.0000   0.06190000
  0.026849  -0.0000   0.06424000
  0.027534  -0.0000   0.06613000
  0.028272  -0.0000   0.06802000
  0.029062  -0.0000   0.06991000
  0.029907  -0.0000   0.07180000
  0.030807  -0.0000   0.07369000
  0.031764  -0.0000   0.07558000
  0.032778  -0.0000   0.07747000
  0.033849  -0.0000   0.07936000
  0.034978  -0.0000   0.08125000
  0.036166  -0.0000   0.08314000
  0.036843  -0.0000   0.08419000
  0.037032  -0.0000   0.08448000
  0.037203  -0.0000   0.08477000
  0.037256  -0.0000   0.08506000
  0.037302  -0.0000   0.08535000
  0.037343  -0.0000   0.08564000
  0.037380  -0.0000   0.08594000
  0.037431  -0.0000   0.08637000
  0.037501  -0.0000   0.08703000
  0.037595  -0.0000   0.08801000
  0.037724  -0.0000   0.08949000
  0.037906  -0.0000   0.09170000
  0.038177  -0.0000   0.09502000
  0.038458  -0.0000   0.09834000
  0.038929  -0.0000   0.10300000
  0.039290  -0.0000   0.10700000
  0.039687  -0.0000   0.11000000
  0.040121  -0.0000   0.11400000
  0.040865  -0.0000   0.11900000
  0.041706  -0.0000   0.12400000
  0.042652  -0.0000   0.13000000
  0.043523  -0.0000   0.13400000
  0.044477  -0.0000   0.13800000
  0.045515  -0.0000   0.14300000
  0.046641  -0.0000   0.14700000
  0.047859  -0.0000   0.15200000
  0.049171  -0.0000   0.15600000
  0.050581  -0.0000   0.16000000
  0.052090  -0.0000   0.16500000
  0.053430  -0.0000   0.16800000
  0.054842  -0.0000   0.17200000
  0.055041  -0.0000   0.17300000
  0.055242  -0.0000   0.17300000
  0.055395  -0.0000   0.17400000
  0.055504  -0.0000   0.17500000
  0.055599  -0.0000   0.17500000
  0.055686  -0.0000   0.17600000
  0.055766  -0.0000   0.17700000
  0.055878  -0.0000   0.17800000
  0.056036  -0.0000   0.18000000
  0.056264  -0.0000   0.18200000
  0.056606  -0.0000   0.18600000
  0.057154  -0.0000   0.19200000
  0.057623  -0.0000   0.19700000
  0.058129  -0.0000   0.20200000
  0.058674  -0.0000   0.20600000
  0.059581  -0.0000   0.21300000
  0.060582  -0.0000   0.22100000
  0.061681  -0.0000   0.22800000
  0.062882  -0.0000   0.23500000
  0.064188  -0.0000   0.24200000
  0.065604  -0.0000   0.24900000
  0.067132  -0.0000   0.25600000
  0.068476  -0.0000   0.26200000
  0.069900  -0.0000   0.26700000
  0.071406  -0.0000   0.27300000
  0.073169  -0.0000   0.28000000
  0.073333  -0.0000   0.28000000
  0.073463  -0.0000   0.28100000
  0.073541  -0.0000   0.28200000
  0.073645  -0.0000   0.28200000
  0.073783  -0.0000   0.28400000
  0.073912  -0.0000   0.28500000
  0.074092  -0.0000   0.28700000
  0.074350  -0.0000   0.29000000
  0.074736  -0.0000   0.29500000
  0.075347  -0.0000   0.30100000
  0.075916  -0.0000   0.30700000
  0.076523  -0.0000   0.31300000
  0.077170  -0.0000   0.31900000
  0.078230  -0.0000   0.32800000
  0.079572  -0.0000   0.33800000
  0.081039  -0.0000   0.34900000
  0.082327  -0.0000   0.35700000
  0.083704  -0.0000   0.36600000
  0.085172  -0.0000   0.37400000
  0.086914  -0.0000   0.38300000
  0.088773  -0.0000   0.39300000
  0.090422  -0.0000   0.40000000
  0.090832  -0.0000   0.40200000
  0.091247  -0.0000   0.40400000
  0.091568  -0.0000   0.40600000
  0.091713  -0.0000   0.40800000
  0.091845  -0.0000   0.40900000
  0.091969  -0.0000   0.41000000
  0.092145  -0.0000   0.41200000
  0.092399  -0.0000   0.41500000
  0.092776  -0.0000   0.42000000
  0.093363  -0.0000   0.42700000
  0.094007  -0.0000   0.43400000
  0.094690  -0.0000   0.44100000
  0.095412  -0.0000   0.44800000
  0.096583  -0.0000   0.45900000
  0.097842  -0.0000   0.47000000
  0.099508  -0.0000   0.48300000
  0.100958  -0.0000   0.49300000
  0.102501  -0.0000   0.50400000
  0.104139  -0.0000   0.51400000
  0.106083  -0.0000   0.52600000
  0.108149  -0.0000   0.53800000
  0.108719  -0.0000   0.54100000
  0.109298  -0.0000   0.54400000
  0.109773  -0.0000   0.54800000
  0.109946  -0.0000   0.54900000
  0.110105  -0.0000   0.55100000
  0.110257  -0.0000   0.55300000
  0.110474  -0.0000   0.55600000
  0.110793  -0.0000   0.56000000
  0.111276  -0.0000   0.56600000
  0.112039  -0.0000   0.57500000
  0.112846  -0.0000   0.58400000
  0.113698  -0.0000   0.59200000
  0.114596  -0.0000   0.60100000
  0.116042  -0.0000   0.61500000
  0.117590  -0.0000   0.62800000
  0.119170  -0.0000   0.64100000
  0.120845  -0.0000   0.65400000
  0.122618  -0.0000   0.66700000
  0.124725  -0.0000   0.68200000
  0.126956  -0.0000   0.69600000
  0.127217  -0.0000   0.69800000
  0.127479  -0.0000   0.69900000
  0.127743  -0.0000   0.70100000
  0.127949  -0.0000   0.70300000
  0.128121  -0.0000   0.70500000
  0.128283  -0.0000   0.70700000
  0.128514  -0.0000   0.71000000
  0.128850  -0.0000   0.71400000
  0.129357  -0.0000   0.72100000
  0.130150  -0.0000   0.73000000
  0.130984  -0.0000   0.74000000
  0.131860  -0.0000   0.75000000
  0.132776  -0.0000   0.76000000
  0.134240  -0.0000   0.77500000
  0.135909  -0.0000   0.79000000
  0.137682  -0.0000   0.80600000
  0.139560  -0.0000   0.82200000
  0.141544  -0.0000   0.83800000
  0.143636  -0.0000   0.85300000
  0.145837  -0.0000   0.86900000
  0.145999  -0.0000   0.87000000
  0.146121  -0.0000   0.87200000
  0.146237  -0.0000   0.87300000
  0.146401  -0.0000   0.87500000
  0.146635  -0.0000   0.87800000
  0.146976  -0.0000   0.88300000
  0.147488  -0.0000   0.89000000
  0.148287  -0.0000   0.90000000
  0.149121  -0.0000   0.91000000
  0.149991  -0.0000   0.92100000
  0.150897  -0.0000   0.93100000
  0.152333  -0.0000   0.94700000
  0.154095  -0.0000   0.96400000
  0.155960  -0.0000   0.98200000
  0.157927  -0.0000   1.00000000
  0.160007  -0.0000   1.02000000
  0.162053  -0.0000   1.04000000
  0.164034  -0.0000   1.06000000
  0.164153  -0.0000   1.06000000
  0.164265  -0.0000   1.06000000
  0.164372  -0.0000   1.07000000
  0.164525  -0.0000   1.07000000
  0.164743  -0.0000   1.07000000
  0.165058  -0.0000   1.08000000
  0.165523  -0.0000   1.09000000
  0.166220  -0.0000   1.10000000
  0.167133  -0.0000   1.12000000
  0.168049  -0.0000   1.14000000
  0.168966  -0.0000   1.15000000
  0.170337  -0.0000   1.18000000
  0.172381  -0.0000   1.22000000
  0.175410  -0.0000   1.28000000
  0.178759  -0.0000   1.34000000
  0.180097  -0.0000   1.37000000
  0.181424  -0.0000   1.40000000
  0.181663  -0.0000   1.40000000
  0.181841  -0.0000   1.41000000
  0.181993  -0.0000   1.41000000
  0.182206  -0.0000   1.42000000
  0.182411  -0.0000   1.43000000
  0.182711  -0.0000   1.44000000
  0.183156  -0.0000   1.45000000
  0.183827  -0.0000   1.48000000
  0.184737  -0.0000   1.51000000
  0.185650  -0.0000   1.54000000
  0.186563  -0.0000   1.58000000
  0.187928  -0.0000   1.63000000
  0.189964  -0.0000   1.70000000
  0.192982  -0.0000   1.81000000
  0.196263  -0.0000   1.93000000
  0.199009  -0.0000   2.04000000
  0.199209  -0.0000   2.04000000
  0.199389  -0.0000   2.05000000
  0.199525  -0.0000   2.06000000
  0.199715  -0.0000   2.07000000
  0.199985  -0.0000   2.09000000
  0.200249  -0.0000   2.11000000
  0.200643  -0.0000   2.13000000
  0.201238  -0.0000   2.17000000
  0.202135  -0.0000   2.23000000
  0.203033  -0.0000   2.28000000
  0.203933  -0.0000   2.34000000
  0.205278  -0.0000   2.43000000
  0.207284  -0.0000   2.56000000
  0.210261  -0.0000   2.75000000
  0.213699  -0.0000   2.98000000
  0.217072  -0.0000   3.21000000
  0.217219  -0.0000   3.22000000
  0.217357  -0.0000   3.24000000
  0.217490  -0.0000   3.25000000
  0.217684  -0.0000   3.27000000
  0.217969  -0.0000   3.30000000
  0.218398  -0.0000   3.35000000
  0.219046  -0.0000   3.42000000
  0.219895  -0.0000   3.51000000
  0.220745  -0.0000   3.61000000
  0.222021  -0.0000   3.75000000
  0.223928  -0.0000   3.95000000
  0.226766  -0.0000   4.27000000
  0.230961  -0.0000   4.74000000
  0.232713  -0.0000   4.93000000
  0.234451  -0.0000   5.13000000
  0.234678  -0.0000   5.16000000
  0.234858  -0.0000   5.18000000
  0.235012  -0.0000   5.21000000
  0.235233  -0.0000   5.25000000
  0.235558  -0.0000   5.30000000
  0.236046  -0.0000   5.39000000
  0.236763  -0.0000   5.52000000
  0.237484  -0.0000   5.64000000
  0.238205  -0.0000   5.77000000
  0.239286  -0.0000   5.96000000
  0.240901  -0.0000   6.25000000
  0.243307  -0.0000   6.68000000
  0.246872  -0.0000   7.32000000
  0.250391  -0.0000   7.96000000
  0.250763  -0.0000   8.03000000
  0.251135  -0.0000   8.10000000
  0.251506  -0.0000   8.16000000
  0.252062  -0.0000   8.27000000
  0.252336  -0.0000   8.32000000
  0.252538  -0.0000   8.37000000
  0.252731  -0.0000   8.42000000
  0.252920  -0.0000   8.48000000
  0.253108  -0.0000   8.53000000
  0.253391  -0.0000   8.61000000
  0.253818  -0.0000   8.73000000
  0.254461  -0.0000   8.91000000
  0.255429  -0.0000   9.17000000
  0.256879  -0.0000   9.57000000
  0.259042  -0.0000  10.20000000
  0.262255  -0.0000  11.10000000
  0.265671  -0.0000  12.00000000
  0.269045  -0.0000  13.00000000
  0.269304  -0.0000  13.10000000
  0.269563  -0.0000  13.20000000
  0.269822  -0.0000  13.20000000
  0.270170  -0.0000  13.40000000
  0.270403  -0.0000  13.40000000
  0.270630  -0.0000  13.50000000
  0.270856  -0.0000  13.60000000
  0.271196  -0.0000  13.80000000
  0.271709  -0.0000  14.00000000
  0.272482  -0.0000  14.30000000
  0.273642  -0.0000  14.80000000
  0.275376  -0.0000  15.50000000
  0.277960  -0.0000  16.60000000
  0.281790  -0.0000  18.30000000
  0.285570  -0.0000  19.90000000
  0.285987  -0.0000  20.10000000
  0.286403  -0.0000  20.30000000
  0.286818  -0.0000  20.50000000
  0.287440  -0.0000  20.70000000
  0.287741  -0.0000  20.90000000
  0.287964  -0.0000  21.00000000
  0.288176  -0.0000  21.10000000
  0.288385  -0.0000  21.30000000
  0.288595  -0.0000  21.40000000
  0.288912  -0.0000  21.60000000
  0.289390  -0.0000  21.90000000
  0.290109  -0.0000  22.30000000
  0.291187  -0.0000  23.00000000
  0.292799  -0.0000  24.00000000
  0.295201  -0.0000  25.50000000
  0.298766  -0.0000  27.80000000
  0.302291  -0.0000  30.00000000
  0.303949  -0.0000  31.10000000
  0.305548  -0.0000  32.20000000
  0.305714  -0.0000  32.30000000
  0.305875  -0.0000  32.50000000
  0.306035  -0.0000  32.60000000
  0.306274  -0.0000  32.80000000
  0.306636  -0.0000  33.20000000
  0.307180  -0.0000  33.70000000
  0.308000  -0.0000  34.40000000
  0.309229  -0.0000  35.50000000
  0.311066  -0.0000  37.20000000
  0.313803  -0.0000  39.70000000
  0.317860  -0.0000  43.40000000
  0.321865  -0.0000  47.10000000
  0.322145  -0.0000  47.40000000
  0.322425  -0.0000  47.60000000
  0.322704  -0.0000  47.90000000
  0.323123  -0.0000  48.30000000
  0.323340  -0.0000  48.50000000
  0.323531  -0.0000  48.80000000
  0.323719  -0.0000  49.00000000
  0.324003  -0.0000  49.40000000
  0.324431  -0.0000  49.90000000
  0.325077  -0.0000  50.80000000
  0.326046  -0.0000  52.00000000
  0.327496  -0.0000  53.80000000
  0.329660  -0.0000  56.60000000
  0.332877  -0.0000  60.80000000
  0.336194  -0.0000  65.10000000
  0.339477  -0.0000  69.40000000
  0.339801  -0.0000  69.90000000
  0.340125  -0.0000  70.30000000
  0.340448  -0.0000  70.70000000
  0.340914  -0.0000  71.40000000
  0.341109  -0.0000  71.70000000
  0.341299  -0.0000  72.10000000
  0.341490  -0.0000  72.40000000
  0.341778  -0.0000  72.90000000
  0.342211  -0.0000  73.70000000
  0.342864  -0.0000  74.80000000
  0.343843  -0.0000  76.60000000
  0.345307  -0.0000  79.20000000
  0.347492  -0.0000  83.10000000
  0.350740  -0.0000  88.90000000
  0.353991  -0.0000  94.80000000
  0.357209  -0.0000 101.00000000
  0.357551  -0.0000 101.00000000
  0.357892  -0.0000 102.00000000
  0.358233  -0.0000 103.00000000
  0.358716  -0.0000 104.00000000
  0.358929  -0.0000 104.00000000
  0.359140  -0.0000 105.00000000
  0.359351  -0.0000 105.00000000
  0.359670  -0.0000 106.00000000
  0.360150  -0.0000 107.00000000
  0.360872  -0.0000 109.00000000
  0.361954  -0.0000 111.00000000
  0.363570  -0.0000 115.00000000
  0.365980  -0.0000 121.00000000
  0.369560  -0.0000 130.00000000
  0.372751  -0.0000 138.00000000
  0.375911  -0.0000 146.00000000
  0.376147  -0.0000 147.00000000
  0.376380  -0.0000 147.00000000
  0.376564  -0.0000 148.00000000
  0.376833  -0.0000 149.00000000
  0.377104  -0.0000 149.00000000
  0.377377  -0.0000 150.00000000
  0.377787  -0.0000 152.00000000
  0.378403  -0.0000 154.00000000
  0.379327  -0.0000 157.00000000
  0.380709  -0.0000 161.00000000
  0.382770  -0.0000 168.00000000
  0.385837  -0.0000 178.00000000
  0.389181  -0.0000 189.00000000
  0.392493  -0.0000 201.00000000
  0.392870  -0.0000 202.00000000
  0.393247  -0.0000 203.00000000
  0.393623  -0.0000 204.00000000
  0.394167  -0.0000 206.00000000
  0.394370  -0.0000 207.00000000
  0.394571  -0.0000 208.00000000
  0.394773  -0.0000 209.00000000
  0.395078  -0.0000 210.00000000
  0.395537  -0.0000 212.00000000
  0.396226  -0.0000 215.00000000
  0.397259  -0.0000 220.00000000
  0.398803  -0.0000 226.00000000
  0.401105  -0.0000 236.00000000
  0.404528  -0.0000 252.00000000
  0.407643  -0.0000 265.00000000
  0.410731  -0.0000 279.00000000
  0.411044  -0.0000 281.00000000
  0.411357  -0.0000 282.00000000
  0.411670  -0.0000 283.00000000
  0.412077  -0.0000 286.00000000
  0.412444  -0.0000 288.00000000
  0.412815  -0.0000 290.00000000
  0.413187  -0.0000 292.00000000
  0.413559  -0.0000 294.00000000
  0.414118  -0.0000 297.00000000
  0.414956  -0.0000 302.00000000
  0.416208  -0.0000 309.00000000
  0.418077  -0.0000 320.00000000
  0.420861  -0.0000 336.00000000
  0.424991  -0.0000 360.00000000
  0.429073  -0.0000 384.00000000
  0.429313  -0.0000 385.00000000
  0.429553  -0.0000 387.00000000
  0.429759  -0.0000 388.00000000
  0.430044  -0.0000 390.00000000
  0.430331  -0.0000 392.00000000
  0.430619  -0.0000 395.00000000
  0.431053  -0.0000 398.00000000
  0.431703  -0.0000 403.00000000
  0.432678  -0.0000 410.00000000
  0.434134  -0.0000 421.00000000
  0.436306  -0.0000 437.00000000
  0.439537  -0.0000 461.00000000
  0.442641  -0.0000 484.00000000
  0.445718  -0.0000 508.00000000
  0.446153  -0.0000 511.00000000
  0.446588  -0.0000 514.00000000
  0.447023  -0.0000 518.00000000
  0.447487  -0.0000 522.00000000
  0.447747  -0.0000 524.00000000
  0.448008  -0.0000 527.00000000
  0.448270  -0.0000 529.00000000
  0.448533  -0.0000 531.00000000
  0.448928  -0.0000 535.00000000
  0.449520  -0.0000 541.00000000
  0.450407  -0.0000 549.00000000
  0.451734  -0.0000 562.00000000
  0.453714  -0.0000 581.00000000
  0.456661  -0.0000 609.00000000
  0.459974  -0.0000 641.00000000
  0.463258  -0.0000 673.00000000
  0.463739  -0.0000 678.00000000
  0.464219  -0.0000 683.00000000
  0.464699  -0.0000 687.00000000
  0.465360  -0.0000 694.00000000
  0.465627  -0.0000 698.00000000
  0.465895  -0.0000 701.00000000
  0.466164  -0.0000 704.00000000
  0.466569  -0.0000 709.00000000
  0.467176  -0.0000 716.00000000
  0.468086  -0.0000 727.00000000
  0.469446  -0.0000 744.00000000
  0.471476  -0.0000 768.00000000
  0.474498  -0.0000 805.00000000
  0.477713  -0.0000 845.00000000
  0.480901  -0.0000 884.00000000
  0.481470  -0.0000 891.00000000
  0.482038  -0.0000 898.00000000
  0.482605  -0.0000 905.00000000
  0.482965  -0.0000 910.00000000
  0.483177  -0.0000 913.00000000
  0.483389  -0.0000 916.00000000
  0.483602  -0.0000 920.00000000
  0.483816  -0.0000 923.00000000
  0.484138  -0.0000 928.00000000
  0.484620  -0.0000 935.00000000
  0.485344  -0.0000 946.00000000
  0.486426  -0.0000 962.00000000
  0.488043  -0.0000 987.00000000
  0.490454  -0.0000 1024.00000000
  0.494038  -0.0000 1079.00000000
  0.497590  -0.0000 1135.00000000
  0.498999  -0.0000 1157.00000000
  0.500403  -0.0000 1179.00000000
  0.500681  -0.0000 1183.00000000
  0.500915  -0.0000 1188.00000000
  0.501144  -0.0000 1192.00000000
  0.501374  -0.0000 1196.00000000
  0.501606  -0.0000 1201.00000000
  0.501954  -0.0000 1207.00000000
  0.502475  -0.0000 1217.00000000
  0.503257  -0.0000 1232.00000000
  0.504426  -0.0000 1254.00000000
  0.506172  -0.0000 1287.00000000
  0.508773  -0.0000 1337.00000000
  0.512638  -0.0000 1412.00000000
  0.516464  -0.0000 1487.00000000
  0.516899  -0.0000 1495.00000000
  0.517333  -0.0000 1504.00000000
  0.517766  -0.0000 1512.00000000
  0.518414  -0.0000 1525.00000000
  0.518631  -0.0000 1530.00000000
  0.518837  -0.0000 1535.00000000
  0.519044  -0.0000 1540.00000000
  0.519356  -0.0000 1547.00000000
  0.519825  -0.0000 1558.00000000
  0.520528  -0.0000 1574.00000000
  0.521580  -0.0000 1599.00000000
  0.523153  -0.0000 1636.00000000
  0.525497  -0.0000 1692.00000000
  0.528984  -0.0000 1775.00000000
  0.532440  -0.0000 1858.00000000
  0.535864  -0.0000 1942.00000000
  0.536115  -0.0000 1948.00000000
  0.536350  -0.0000 1954.00000000
  0.536560  -0.0000 1960.00000000
  0.536876  -0.0000 1969.00000000
  0.537193  -0.0000 1978.00000000
  0.537511  -0.0000 1987.00000000
  0.537989  -0.0000 2001.00000000
  0.538703  -0.0000 2022.00000000
  0.539773  -0.0000 2053.00000000
  0.541370  -0.0000 2099.00000000
  0.543752  -0.0000 2168.00000000
  0.547295  -0.0000 2273.00000000
  0.550806  -0.0000 2377.00000000
  0.553144  -0.0000 2447.00000000
  0.553494  -0.0000 2458.00000000
  0.553844  -0.0000 2468.00000000
  0.554170  -0.0000 2478.00000000
  0.554447  -0.0000 2488.00000000
  0.554726  -0.0000 2498.00000000
  0.555005  -0.0000 2508.00000000
  0.555425  -0.0000 2523.00000000
  0.556054  -0.0000 2545.00000000
  0.556996  -0.0000 2578.00000000
  0.558405  -0.0000 2628.00000000
  0.560506  -0.0000 2703.00000000
  0.563633  -0.0000 2815.00000000
  0.566689  -0.0000 2926.00000000
  0.569720  -0.0000 3036.00000000
  0.570441  -0.0000 3062.00000000
  0.571160  -0.0000 3089.00000000
  0.571876  -0.0000 3115.00000000
  0.572076  -0.0000 3124.00000000
  0.572277  -0.0000 3132.00000000
  0.572479  -0.0000 3141.00000000
  0.572783  -0.0000 3154.00000000
  0.573239  -0.0000 3173.00000000
  0.573922  -0.0000 3203.00000000
  0.574946  -0.0000 3247.00000000
  0.576475  -0.0000 3313.00000000
  0.578756  -0.0000 3411.00000000
  0.582151  -0.0000 3560.00000000
  0.585518  -0.0000 3708.00000000
  0.588855  -0.0000 3856.00000000
  0.589145  -0.0000 3869.00000000
  0.589434  -0.0000 3882.00000000
  0.589716  -0.0000 3895.00000000
  0.589969  -0.0000 3908.00000000
  0.590224  -0.0000 3921.00000000
  0.590480  -0.0000 3934.00000000
  0.590736  -0.0000 3948.00000000
  0.591121  -0.0000 3968.00000000
  0.591698  -0.0000 3997.00000000
  0.592561  -0.0000 4042.00000000
  0.593852  -0.0000 4109.00000000
  0.595779  -0.0000 4210.00000000
  0.598649  -0.0000 4360.00000000
  0.601817  -0.0000 4528.00000000
  0.604961  -0.0000 4696.00000000
  0.605890  -0.0000 4746.00000000
  0.606817  -0.0000 4795.00000000
  0.607483  -0.0000 4832.00000000
  0.607707  -0.0000 4846.00000000
  0.607934  -0.0000 4860.00000000
  0.608161  -0.0000 4874.00000000
  0.608388  -0.0000 4888.00000000
  0.608730  -0.0000 4909.00000000
  0.609242  -0.0000 4941.00000000
  0.610009  -0.0000 4989.00000000
  0.611156  -0.0000 5060.00000000
  0.612869  -0.0000 5167.00000000
  0.615423  -0.0000 5328.00000000
  0.619220  -0.0000 5570.00000000
  0.622982  -0.0000 5811.00000000
  0.623526  -0.0000 5846.00000000
  0.624069  -0.0000 5881.00000000
  0.624611  -0.0000 5916.00000000
  0.625396  -0.0000 5968.00000000
  0.625622  -0.0000 5985.00000000
  0.625849  -0.0000 6002.00000000
  0.626077  -0.0000 6019.00000000
  0.626420  -0.0000 6044.00000000
  0.626934  -0.0000 6082.00000000
  0.627704  -0.0000 6139.00000000
  0.628855  -0.0000 6225.00000000
  0.630575  -0.0000 6354.00000000
  0.633139  -0.0000 6546.00000000
  0.636951  -0.0000 6836.00000000
  0.640728  -0.0000 7125.00000000
  0.641295  -0.0000 7168.00000000
  0.641861  -0.0000 7212.00000000
  0.642426  -0.0000 7255.00000000
  0.643239  -0.0000 7320.00000000
  0.643469  -0.0000 7341.00000000
  0.643701  -0.0000 7361.00000000
  0.643934  -0.0000 7382.00000000
  0.644283  -0.0000 7413.00000000
  0.644807  -0.0000 7459.00000000
  0.645591  -0.0000 7528.00000000
  0.646764  -0.0000 7632.00000000
  0.648516  -0.0000 7787.00000000
  0.651128  -0.0000 8021.00000000
  0.654396  -0.0000 8315.00000000
  0.657638  -0.0000 8610.00000000
  0.660854  -0.0000 8904.00000000
  0.661059  -0.0000 8925.00000000
  0.661259  -0.0000 8946.00000000
  0.661461  -0.0000 8967.00000000
  0.661765  -0.0000 8999.00000000
  0.662220  -0.0000 9046.00000000
  0.662902  -0.0000 9117.00000000
  0.663922  -0.0000 9224.00000000
  0.665446  -0.0000 9384.00000000
  0.667720  -0.0000 9623.00000000
  0.671103  -0.0000 9983.00000000
  0.671264  -0.0000 10000.00000000
  0.670395  -0.0000 10000.00000000
  0.669526  -0.0000 10000.00000000
  0.668657  -0.0000 10000.00000000
  0.666919  -0.0000 10000.00000000
  0.663443  -0.0000 10000.00000000
  0.656492  -0.0000 10000.00000000
  0.642589  -0.0000 10000.00000000
  0.614783  -0.0000 10000.00000000
  0.559171  -0.0000 10000.00000000
  0.447948  -0.0000 10000.00000000
  0.225501  -0.0000 10000.00000000
 -0.197669  -0.0000 10000.00000000
