  0.000304  -0.0000   0.00100000
  0.000662  -0.0000   0.00200000
  0.001794  -0.0000   0.00300000
  0.007495  -0.0000   0.00450000
  0.008371  -0.0000   0.00675000
  0.009586  -0.0000   0.01013000
  0.011426  -0.0000   0.01519000
  0.014227  -0.0000   0.02278000
  0.017650  -0.0000   0.03191000
  0.021116  -0.0000   0.04104000
  0.022125  -0.0000   0.05016000
  0.022985  -0.0000   0.05929000
  0.023851  -0.0000   0.06842000
  0.025169  -0.0000   0.08211000
  0.027195  -0.0000   0.10300000
  0.029280  -0.0000   0.12300000
  0.030977  -0.0000   0.13900000
  0.032723  -0.0000   0.15600000
  0.034519  -0.0000   0.17200000
  0.036371  -0.0000   0.18800000
  0.038282  -0.0000   0.20500000
  0.040254  -0.0000   0.22100000
  0.041940  -0.0000   0.23500000
  0.043671  -0.0000   0.24800000
  0.045450  -0.0000   0.26200000
  0.046480  -0.0000   0.27500000
  0.047364  -0.0000   0.28900000
  0.048254  -0.0000   0.30200000
  0.049152  -0.0000   0.31600000
  0.050060  -0.0000   0.32900000
  0.051228  -0.0000   0.34700000
  0.052413  -0.0000   0.36400000
  0.053826  -0.0000   0.38400000
  0.055266  -0.0000   0.40400000
  0.057007  -0.0000   0.42800000
  0.058793  -0.0000   0.45200000
  0.061115  -0.0000   0.48200000
  0.063517  -0.0000   0.51200000
  0.066562  -0.0000   0.54800000
  0.069383  -0.0000   0.58400000
  0.070331  -0.0000   0.60200000
  0.071285  -0.0000   0.62000000
  0.072247  -0.0000   0.63700000
  0.073708  -0.0000   0.66400000
  0.075718  -0.0000   0.70000000
  0.077774  -0.0000   0.73600000
  0.079882  -0.0000   0.77200000
  0.082047  -0.0000   0.80800000
  0.084273  -0.0000   0.84300000
  0.087760  -0.0000   0.89700000
  0.090740  -0.0000   0.94200000
  0.093161  -0.0000   0.98600000
  0.094153  -0.0000   1.02000000
  0.094768  -0.0000   1.05000000
  0.095368  -0.0000   1.08000000
  0.096239  -0.0000   1.12000000
  0.097084  -0.0000   1.17000000
  0.097909  -0.0000   1.21000000
  0.098714  -0.0000   1.26000000
  0.099824  -0.0000   1.32000000
  0.100907  -0.0000   1.39000000
  0.101968  -0.0000   1.45000000
  0.103008  -0.0000   1.51000000
  0.104533  -0.0000   1.61000000
  0.106027  -0.0000   1.71000000
  0.107806  -0.0000   1.82000000
  0.109553  -0.0000   1.94000000
  0.110372  -0.0000   2.01000000
  0.111016  -0.0000   2.07000000
  0.111645  -0.0000   2.14000000
  0.112557  -0.0000   2.24000000
  0.113444  -0.0000   2.34000000
  0.114539  -0.0000   2.47000000
  0.115607  -0.0000   2.59000000
  0.117031  -0.0000   2.77000000
  0.118425  -0.0000   2.94000000
  0.120355  -0.0000   3.19000000
  0.122251  -0.0000   3.44000000
  0.124625  -0.0000   3.75000000
  0.126966  -0.0000   4.07000000
  0.128379  -0.0000   4.26000000
  0.129218  -0.0000   4.41000000
  0.129981  -0.0000   4.56000000
  0.130725  -0.0000   4.72000000
  0.131690  -0.0000   4.92000000
  0.132634  -0.0000   5.12000000
  0.133955  -0.0000   5.41000000
  0.135250  -0.0000   5.69000000
  0.137156  -0.0000   6.13000000
  0.139034  -0.0000   6.56000000
  0.141516  -0.0000   7.14000000
  0.143974  -0.0000   7.72000000
  0.146414  -0.0000   8.30000000
  0.147410  -0.0000   8.54000000
  0.148150  -0.0000   8.78000000
  0.148872  -0.0000   9.02000000
  0.149580  -0.0000   9.26000000
  0.150276  -0.0000   9.50000000
  0.151300  -0.0000   9.86000000
  0.152803  -0.0000  10.40000000
  0.154624  -0.0000  11.10000000
  0.156426  -0.0000  11.70000000
  0.158536  -0.0000  12.50000000
  0.160634  -0.0000  13.30000000
  0.163236  -0.0000  14.30000000
  0.165826  -0.0000  15.30000000
  0.166376  -0.0000  15.50000000
  0.166801  -0.0000  15.70000000
  0.167220  -0.0000  15.90000000
  0.167835  -0.0000  16.20000000
  0.168739  -0.0000  16.70000000
  0.170007  -0.0000  17.40000000
  0.171255  -0.0000  18.00000000
  0.172492  -0.0000  18.70000000
  0.174329  -0.0000  19.70000000
  0.176634  -0.0000  21.00000000
  0.178929  -0.0000  22.30000000
  0.181219  -0.0000  23.60000000
  0.183503  -0.0000  24.90000000
  0.184575  -0.0000  25.50000000
  0.185606  -0.0000  26.10000000
  0.186433  -0.0000  26.70000000
  0.187242  -0.0000  27.30000000
  0.188037  -0.0000  27.90000000
  0.188823  -0.0000  28.50000000
  0.189986  -0.0000  29.40000000
  0.191713  -0.0000  30.70000000
  0.193431  -0.0000  32.10000000
  0.195144  -0.0000  33.40000000
  0.196853  -0.0000  34.80000000
  0.199412  -0.0000  36.80000000
  0.202687  -0.0000  39.40000000
  0.203527  -0.0000  40.10000000
  0.204366  -0.0000  40.80000000
  0.205098  -0.0000  41.50000000
  0.205874  -0.0000  42.20000000
  0.206637  -0.0000  43.00000000
  0.207390  -0.0000  43.80000000
  0.208505  -0.0000  45.00000000
  0.210161  -0.0000  46.80000000
  0.211809  -0.0000  48.60000000
  0.213454  -0.0000  50.40000000
  0.215096  -0.0000  52.10000000
  0.217557  -0.0000  54.80000000
  0.220808  -0.0000  58.30000000
  0.222661  -0.0000  60.40000000
  0.224400  -0.0000  62.40000000
  0.224984  -0.0000  63.20000000
  0.225560  -0.0000  64.00000000
  0.226129  -0.0000  64.80000000
  0.226973  -0.0000  66.00000000
  0.228226  -0.0000  67.70000000
  0.230093  -0.0000  70.40000000
  0.231956  -0.0000  73.10000000
  0.233817  -0.0000  75.80000000
  0.235678  -0.0000  78.40000000
  0.238466  -0.0000  82.50000000
  0.242563  -0.0000  88.40000000
  0.243022  -0.0000  89.00000000
  0.243462  -0.0000  89.70000000
  0.243841  -0.0000  90.40000000
  0.244400  -0.0000  91.40000000
  0.245225  -0.0000  92.90000000
  0.246412  -0.0000  95.00000000
  0.247590  -0.0000  97.20000000
  0.249150  -0.0000 100.00000000
  0.250904  -0.0000 103.00000000
  0.252658  -0.0000 107.00000000
  0.254411  -0.0000 110.00000000
  0.257040  -0.0000 115.00000000
  0.260976  -0.0000 122.00000000
  0.261522  -0.0000 123.00000000
  0.262068  -0.0000 124.00000000
  0.262614  -0.0000 125.00000000
  0.263326  -0.0000 127.00000000
  0.264325  -0.0000 129.00000000
  0.265311  -0.0000 131.00000000
  0.266290  -0.0000 134.00000000
  0.267265  -0.0000 136.00000000
  0.268725  -0.0000 139.00000000
  0.270731  -0.0000 144.00000000
  0.272736  -0.0000 149.00000000
  0.274741  -0.0000 154.00000000
  0.277747  -0.0000 161.00000000
  0.282246  -0.0000 171.00000000
  0.282600  -0.0000 172.00000000
  0.282939  -0.0000 173.00000000
  0.283275  -0.0000 174.00000000
  0.283774  -0.0000 176.00000000
  0.284515  -0.0000 178.00000000
  0.285619  -0.0000 181.00000000
  0.287268  -0.0000 186.00000000
  0.288916  -0.0000 191.00000000
  0.290564  -0.0000 195.00000000
  0.292212  -0.0000 200.00000000
  0.294683  -0.0000 208.00000000
  0.298386  -0.0000 218.00000000
  0.299368  -0.0000 221.00000000
  0.300349  -0.0000 224.00000000
  0.301330  -0.0000 227.00000000
  0.302209  -0.0000 230.00000000
  0.303001  -0.0000 233.00000000
  0.303782  -0.0000 235.00000000
  0.304559  -0.0000 238.00000000
  0.305333  -0.0000 241.00000000
  0.306491  -0.0000 245.00000000
  0.308227  -0.0000 251.00000000
  0.310342  -0.0000 259.00000000
  0.312457  -0.0000 267.00000000
  0.314571  -0.0000 274.00000000
  0.317739  -0.0000 286.00000000
  0.319506  -0.0000 292.00000000
  0.321270  -0.0000 298.00000000
  0.321849  -0.0000 301.00000000
  0.322394  -0.0000 303.00000000
  0.322934  -0.0000 305.00000000
  0.323737  -0.0000 309.00000000
  0.324936  -0.0000 314.00000000
  0.326602  -0.0000 321.00000000
  0.328269  -0.0000 329.00000000
  0.329936  -0.0000 336.00000000
  0.331603  -0.0000 343.00000000
  0.334102  -0.0000 354.00000000
  0.337847  -0.0000 370.00000000
  0.338734  -0.0000 374.00000000
  0.339620  -0.0000 378.00000000
  0.340506  -0.0000 382.00000000
  0.341510  -0.0000 387.00000000
  0.342425  -0.0000 391.00000000
  0.343332  -0.0000 396.00000000
  0.344235  -0.0000 401.00000000
  0.345138  -0.0000 405.00000000
  0.346490  -0.0000 412.00000000
  0.348520  -0.0000 423.00000000
  0.351012  -0.0000 436.00000000
  0.353504  -0.0000 449.00000000
  0.357238  -0.0000 469.00000000
  0.358253  -0.0000 474.00000000
  0.359267  -0.0000 479.00000000
  0.360281  -0.0000 484.00000000
  0.361068  -0.0000 489.00000000
  0.361788  -0.0000 493.00000000
  0.362502  -0.0000 498.00000000
  0.363567  -0.0000 504.00000000
  0.364630  -0.0000 511.00000000
  0.366224  -0.0000 520.00000000
  0.367819  -0.0000 530.00000000
  0.370186  -0.0000 545.00000000
  0.372553  -0.0000 560.00000000
  0.376099  -0.0000 581.00000000
  0.378139  -0.0000 594.00000000
  0.380176  -0.0000 607.00000000
  0.380736  -0.0000 610.00000000
  0.381262  -0.0000 614.00000000
  0.381784  -0.0000 618.00000000
  0.382562  -0.0000 624.00000000
  0.383726  -0.0000 632.00000000
  0.385353  -0.0000 644.00000000
  0.386981  -0.0000 656.00000000
  0.388610  -0.0000 667.00000000
  0.391053  -0.0000 685.00000000
  0.394713  -0.0000 711.00000000
  0.400180  -0.0000 751.00000000
  0.400546  -0.0000 754.00000000
  0.400908  -0.0000 757.00000000
  0.401268  -0.0000 760.00000000
  0.401804  -0.0000 765.00000000
  0.402606  -0.0000 772.00000000
  0.403807  -0.0000 782.00000000
  0.405591  -0.0000 797.00000000
  0.407375  -0.0000 812.00000000
  0.409161  -0.0000 827.00000000
  0.411840  -0.0000 849.00000000
  0.415854  -0.0000 883.00000000
  0.417014  -0.0000 893.00000000
  0.418172  -0.0000 903.00000000
  0.419330  -0.0000 913.00000000
  0.420080  -0.0000 919.00000000
  0.420766  -0.0000 926.00000000
  0.421447  -0.0000 932.00000000
  0.422465  -0.0000 942.00000000
  0.423483  -0.0000 952.00000000
  0.425010  -0.0000 967.00000000
  0.426538  -0.0000 982.00000000
  0.428831  -0.0000 1004.00000000
  0.432267  -0.0000 1038.00000000
  0.437414  -0.0000 1088.00000000
  0.437964  -0.0000 1093.00000000
  0.438514  -0.0000 1099.00000000
  0.439064  -0.0000 1104.00000000
  0.439849  -0.0000 1112.00000000
  0.440595  -0.0000 1120.00000000
  0.441337  -0.0000 1129.00000000
  0.442077  -0.0000 1137.00000000
  0.443187  -0.0000 1149.00000000
  0.444836  -0.0000 1168.00000000
  0.446485  -0.0000 1186.00000000
  0.448959  -0.0000 1214.00000000
  0.451432  -0.0000 1241.00000000
  0.455137  -0.0000 1283.00000000
  0.456827  -0.0000 1302.00000000
  0.458515  -0.0000 1320.00000000
  0.459589  -0.0000 1333.00000000
  0.460281  -0.0000 1341.00000000
  0.460968  -0.0000 1350.00000000
  0.461653  -0.0000 1359.00000000
  0.462681  -0.0000 1372.00000000
  0.464224  -0.0000 1392.00000000
  0.466146  -0.0000 1416.00000000
  0.468068  -0.0000 1441.00000000
  0.470950  -0.0000 1477.00000000
  0.475267  -0.0000 1532.00000000
  0.476233  -0.0000 1545.00000000
  0.477200  -0.0000 1557.00000000
  0.478166  -0.0000 1569.00000000
  0.479552  -0.0000 1588.00000000
  0.480299  -0.0000 1599.00000000
  0.481042  -0.0000 1609.00000000
  0.481785  -0.0000 1620.00000000
  0.482899  -0.0000 1636.00000000
  0.484570  -0.0000 1660.00000000
  0.486837  -0.0000 1693.00000000
  0.489104  -0.0000 1726.00000000
  0.492501  -0.0000 1775.00000000
  0.497587  -0.0000 1848.00000000
  0.498102  -0.0000 1856.00000000
  0.498618  -0.0000 1863.00000000
  0.499113  -0.0000 1871.00000000
  0.499804  -0.0000 1882.00000000
  0.500835  -0.0000 1899.00000000
  0.501865  -0.0000 1915.00000000
  0.502896  -0.0000 1932.00000000
  0.503927  -0.0000 1949.00000000
  0.505474  -0.0000 1974.00000000
  0.507795  -0.0000 2012.00000000
  0.511274  -0.0000 2069.00000000
  0.516482  -0.0000 2154.00000000
  0.517064  -0.0000 2163.00000000
  0.517646  -0.0000 2173.00000000
  0.518228  -0.0000 2182.00000000
  0.519059  -0.0000 2196.00000000
  0.519856  -0.0000 2211.00000000
  0.520650  -0.0000 2225.00000000
  0.521443  -0.0000 2240.00000000
  0.522634  -0.0000 2262.00000000
  0.523826  -0.0000 2284.00000000
  0.525613  -0.0000 2316.00000000
  0.528294  -0.0000 2365.00000000
  0.532311  -0.0000 2439.00000000
  0.538324  -0.0000 2549.00000000
  0.538761  -0.0000 2557.00000000
  0.539177  -0.0000 2566.00000000
  0.539591  -0.0000 2574.00000000
  0.540211  -0.0000 2587.00000000
  0.541140  -0.0000 2606.00000000
  0.542535  -0.0000 2635.00000000
  0.544329  -0.0000 2671.00000000
  0.546123  -0.0000 2708.00000000
  0.548814  -0.0000 2763.00000000
  0.552844  -0.0000 2845.00000000
  0.557957  -0.0000 2950.00000000
  0.558455  -0.0000 2961.00000000
  0.558916  -0.0000 2971.00000000
  0.559375  -0.0000 2981.00000000
  0.560061  -0.0000 2997.00000000
  0.561091  -0.0000 3021.00000000
  0.562636  -0.0000 3056.00000000
  0.564182  -0.0000 3091.00000000
  0.565729  -0.0000 3126.00000000
  0.568047  -0.0000 3179.00000000
  0.571521  -0.0000 3258.00000000
  0.576723  -0.0000 3377.00000000
  0.577267  -0.0000 3389.00000000
  0.577811  -0.0000 3401.00000000
  0.578342  -0.0000 3414.00000000
  0.579082  -0.0000 3433.00000000
  0.579819  -0.0000 3451.00000000
  0.580556  -0.0000 3470.00000000
  0.581294  -0.0000 3488.00000000
  0.582400  -0.0000 3516.00000000
  0.584061  -0.0000 3558.00000000
  0.586552  -0.0000 3621.00000000
  0.590284  -0.0000 3715.00000000
  0.595873  -0.0000 3857.00000000
  0.596461  -0.0000 3872.00000000
  0.597049  -0.0000 3886.00000000
  0.597636  -0.0000 3901.00000000
  0.598477  -0.0000 3924.00000000
  0.599350  -0.0000 3948.00000000
  0.600222  -0.0000 3972.00000000
  0.601094  -0.0000 3997.00000000
  0.601967  -0.0000 4021.00000000
  0.603276  -0.0000 4058.00000000
  0.605241  -0.0000 4112.00000000
  0.608186  -0.0000 4195.00000000
  0.612597  -0.0000 4318.00000000
  0.614887  -0.0000 4382.00000000
  0.617174  -0.0000 4446.00000000
  0.617957  -0.0000 4468.00000000
  0.618675  -0.0000 4490.00000000
  0.619388  -0.0000 4512.00000000
  0.620102  -0.0000 4534.00000000
  0.620815  -0.0000 4555.00000000
  0.621886  -0.0000 4588.00000000
  0.623493  -0.0000 4638.00000000
  0.625903  -0.0000 4712.00000000
  0.629515  -0.0000 4823.00000000
  0.634924  -0.0000 4989.00000000
  0.635603  -0.0000 5010.00000000
  0.636282  -0.0000 5031.00000000
  0.636961  -0.0000 5052.00000000
  0.637970  -0.0000 5084.00000000
  0.638557  -0.0000 5103.00000000
  0.639143  -0.0000 5123.00000000
  0.639729  -0.0000 5143.00000000
  0.640608  -0.0000 5173.00000000
  0.641928  -0.0000 5217.00000000
  0.643908  -0.0000 5284.00000000
  0.646876  -0.0000 5384.00000000
  0.651324  -0.0000 5534.00000000
  0.657959  -0.0000 5760.00000000
  0.658405  -0.0000 5776.00000000
  0.658849  -0.0000 5793.00000000
  0.659293  -0.0000 5809.00000000
  0.659957  -0.0000 5834.00000000
  0.660955  -0.0000 5871.00000000
  0.662452  -0.0000 5926.00000000
  0.664700  -0.0000 6009.00000000
  0.668071  -0.0000 6134.00000000
  0.673121  -0.0000 6321.00000000
  0.674238  -0.0000 6362.00000000
  0.675355  -0.0000 6404.00000000
  0.676470  -0.0000 6445.00000000
  0.678106  -0.0000 6507.00000000
  0.678700  -0.0000 6531.00000000
  0.679294  -0.0000 6555.00000000
  0.679887  -0.0000 6579.00000000
  0.680778  -0.0000 6615.00000000
  0.682115  -0.0000 6669.00000000
  0.684121  -0.0000 6750.00000000
  0.687128  -0.0000 6871.00000000
  0.691634  -0.0000 7053.00000000
  0.695646  -0.0000 7215.00000000
  0.696568  -0.0000 7252.00000000
  0.697490  -0.0000 7290.00000000
  0.698224  -0.0000 7321.00000000
  0.698945  -0.0000 7353.00000000
  0.699666  -0.0000 7385.00000000
  0.700387  -0.0000 7417.00000000
  0.701471  -0.0000 7464.00000000
  0.703095  -0.0000 7535.00000000
  0.705532  -0.0000 7642.00000000
  0.709183  -0.0000 7803.00000000
  0.714650  -0.0000 8044.00000000
  0.715362  -0.0000 8075.00000000
  0.716073  -0.0000 8106.00000000
  0.716784  -0.0000 8138.00000000
  0.717834  -0.0000 8185.00000000
  0.718477  -0.0000 8215.00000000
  0.719120  -0.0000 8246.00000000
  0.719762  -0.0000 8277.00000000
  0.720727  -0.0000 8323.00000000
  0.722174  -0.0000 8392.00000000
  0.724345  -0.0000 8496.00000000
  0.727600  -0.0000 8651.00000000
  0.732475  -0.0000 8884.00000000
  0.733929  -0.0000 8954.00000000
  0.735382  -0.0000 9023.00000000
  0.736834  -0.0000 9093.00000000
  0.737620  -0.0000 9131.00000000
  0.738352  -0.0000 9168.00000000
  0.739083  -0.0000 9206.00000000
  0.739815  -0.0000 9244.00000000
  0.740547  -0.0000 9282.00000000
  0.741645  -0.0000 9339.00000000
  0.743293  -0.0000 9424.00000000
  0.745764  -0.0000 9552.00000000
  0.749467  -0.0000 9744.00000000
  0.754406  -0.0000 10000.00000000
  0.751521  -0.0000 10000.00000000
  0.751521  -0.0000 10000.00000000
  0.751521  -0.0000 10000.00000000
  0.751521  -0.0000 10000.00000000
  0.751520  -0.0000 10000.00000000
  0.751518  -0.0000 10000.00000000
  0.751516  -0.0000 10000.00000000
  0.751510  -0.0000 10000.00000000
  0.751498  -0.0000 10000.00000000
  0.751474  -0.0000 10000.00000000
  0.751427  -0.0000 10000.00000000
  0.751338  -0.0000 10000.00000000
