  0.000268  -0.0000   0.00100000
  0.000594  -0.0000   0.00200000
  0.001391  -0.0000   0.00279600
  0.005471  -0.0000   0.00328400
  0.007135  -0.0000   0.00340600
  0.007219  -0.0000   0.00352800
  0.007311  -0.0000   0.00371100
  0.007466  -0.0000   0.00398600
  0.007740  -0.0000   0.00439700
  0.007986  -0.0000   0.00472500
  0.008262  -0.0000   0.00505400
  0.008568  -0.0000   0.00538200
  0.008953  -0.0000   0.00574900
  0.009383  -0.0000   0.00611700
  0.009868  -0.0000   0.00648500
  0.010417  -0.0000   0.00685200
  0.010880  -0.0000   0.00713300
  0.011392  -0.0000   0.00741300
  0.011957  -0.0000   0.00769400
  0.012579  -0.0000   0.00797400
  0.013262  -0.0000   0.00825400
  0.014007  -0.0000   0.00853500
  0.014815  -0.0000   0.00881500
  0.015685  -0.0000   0.00909500
  0.016616  -0.0000   0.00937600
  0.017606  -0.0000   0.00965600
  0.018653  -0.0000   0.00993700
  0.019753  -0.0000   0.01022000
  0.019903  -0.0000   0.01025000
  0.020054  -0.0000   0.01029000
  0.020175  -0.0000   0.01033000
  0.020207  -0.0000   0.01039000
  0.020233  -0.0000   0.01045000
  0.020256  -0.0000   0.01050000
  0.020277  -0.0000   0.01056000
  0.020305  -0.0000   0.01065000
  0.020341  -0.0000   0.01077000
  0.020388  -0.0000   0.01097000
  0.020431  -0.0000   0.01116000
  0.020488  -0.0000   0.01144000
  0.020541  -0.0000   0.01172000
  0.020615  -0.0000   0.01214000
  0.020721  -0.0000   0.01278000
  0.020865  -0.0000   0.01367000
  0.021007  -0.0000   0.01456000
  0.021225  -0.0000   0.01591000
  0.021576  -0.0000   0.01792000
  0.021954  -0.0000   0.01984000
  0.022399  -0.0000   0.02177000
  0.022744  -0.0000   0.02308000
  0.023143  -0.0000   0.02439000
  0.023606  -0.0000   0.02570000
  0.024144  -0.0000   0.02701000
  0.024623  -0.0000   0.02805000
  0.025159  -0.0000   0.02908000
  0.025758  -0.0000   0.03012000
  0.026423  -0.0000   0.03116000
  0.027025  -0.0000   0.03202000
  0.027678  -0.0000   0.03288000
  0.028384  -0.0000   0.03374000
  0.029144  -0.0000   0.03460000
  0.029961  -0.0000   0.03546000
  0.030835  -0.0000   0.03632000
  0.031767  -0.0000   0.03718000
  0.032759  -0.0000   0.03804000
  0.033636  -0.0000   0.03877000
  0.034555  -0.0000   0.03950000
  0.035516  -0.0000   0.04022000
  0.036628  -0.0000   0.04102000
  0.036772  -0.0000   0.04112000
  0.036916  -0.0000   0.04123000
  0.037061  -0.0000   0.04133000
  0.037179  -0.0000   0.04149000
  0.037229  -0.0000   0.04164000
  0.037273  -0.0000   0.04179000
  0.037313  -0.0000   0.04195000
  0.037349  -0.0000   0.04210000
  0.037399  -0.0000   0.04233000
  0.037466  -0.0000   0.04268000
  0.037558  -0.0000   0.04320000
  0.037682  -0.0000   0.04399000
  0.037855  -0.0000   0.04516000
  0.038020  -0.0000   0.04633000
  0.038265  -0.0000   0.04809000
  0.038647  -0.0000   0.05073000
  0.039304  -0.0000   0.05469000
  0.039657  -0.0000   0.05663000
  0.040049  -0.0000   0.05857000
  0.040484  -0.0000   0.06051000
  0.040958  -0.0000   0.06240000
  0.041484  -0.0000   0.06430000
  0.042066  -0.0000   0.06619000
  0.042734  -0.0000   0.06816000
  0.043471  -0.0000   0.07012000
  0.044279  -0.0000   0.07208000
  0.045111  -0.0000   0.07394000
  0.046013  -0.0000   0.07580000
  0.046988  -0.0000   0.07765000
  0.047993  -0.0000   0.07943000
  0.049070  -0.0000   0.08122000
  0.050221  -0.0000   0.08300000
  0.051446  -0.0000   0.08478000
  0.052748  -0.0000   0.08656000
  0.054127  -0.0000   0.08834000
  0.054677  -0.0000   0.08904000
  0.055212  -0.0000   0.08973000
  0.055274  -0.0000   0.08994000
  0.055329  -0.0000   0.09014000
  0.055380  -0.0000   0.09034000
  0.055448  -0.0000   0.09065000
  0.055541  -0.0000   0.09111000
  0.055665  -0.0000   0.09179000
  0.055832  -0.0000   0.09282000
  0.056062  -0.0000   0.09437000
  0.056390  -0.0000   0.09668000
  0.056716  -0.0000   0.09900000
  0.057229  -0.0000   0.10200000
  0.057682  -0.0000   0.10500000
  0.058176  -0.0000   0.10800000
  0.058719  -0.0000   0.11100000
  0.059276  -0.0000   0.11400000
  0.059884  -0.0000   0.11600000
  0.060549  -0.0000   0.11900000
  0.061362  -0.0000   0.12200000
  0.062250  -0.0000   0.12500000
  0.063217  -0.0000   0.12800000
  0.064223  -0.0000   0.13100000
  0.065306  -0.0000   0.13400000
  0.066470  -0.0000   0.13600000
  0.067716  -0.0000   0.13900000
  0.069047  -0.0000   0.14200000
  0.070465  -0.0000   0.14500000
  0.071970  -0.0000   0.14800000
  0.072619  -0.0000   0.14900000
  0.073209  -0.0000   0.15000000
  0.073294  -0.0000   0.15100000
  0.073371  -0.0000   0.15100000
  0.073442  -0.0000   0.15100000
  0.073539  -0.0000   0.15200000
  0.073672  -0.0000   0.15300000
  0.073854  -0.0000   0.15400000
  0.074107  -0.0000   0.15600000
  0.074467  -0.0000   0.15800000
  0.075010  -0.0000   0.16200000
  0.075580  -0.0000   0.16600000
  0.076198  -0.0000   0.17000000
  0.076875  -0.0000   0.17400000
  0.077617  -0.0000   0.17800000
  0.078429  -0.0000   0.18200000
  0.079315  -0.0000   0.18600000
  0.080277  -0.0000   0.19000000
  0.081536  -0.0000   0.19500000
  0.082654  -0.0000   0.19900000
  0.083853  -0.0000   0.20300000
  0.085136  -0.0000   0.20700000
  0.086504  -0.0000   0.21100000
  0.087959  -0.0000   0.21400000
  0.089503  -0.0000   0.21800000
  0.091060  -0.0000   0.22200000
  0.091139  -0.0000   0.22300000
  0.091212  -0.0000   0.22300000
  0.091281  -0.0000   0.22300000
  0.091376  -0.0000   0.22400000
  0.091507  -0.0000   0.22500000
  0.091689  -0.0000   0.22600000
  0.091941  -0.0000   0.22800000
  0.092300  -0.0000   0.23100000
  0.092833  -0.0000   0.23500000
  0.093486  -0.0000   0.24000000
  0.094188  -0.0000   0.24500000
  0.094950  -0.0000   0.24900000
  0.095778  -0.0000   0.25400000
  0.096677  -0.0000   0.25900000
  0.097648  -0.0000   0.26400000
  0.098693  -0.0000   0.26900000
  0.100105  -0.0000   0.27500000
  0.101351  -0.0000   0.28000000
  0.102680  -0.0000   0.28500000
  0.104095  -0.0000   0.29000000
  0.105758  -0.0000   0.29500000
  0.107528  -0.0000   0.30100000
  0.108426  -0.0000   0.30400000
  0.108886  -0.0000   0.30500000
  0.109091  -0.0000   0.30600000
  0.109237  -0.0000   0.30700000
  0.109371  -0.0000   0.30800000
  0.109555  -0.0000   0.30900000
  0.109728  -0.0000   0.31000000
  0.109972  -0.0000   0.31200000
  0.110323  -0.0000   0.31500000
  0.110846  -0.0000   0.31900000
  0.111669  -0.0000   0.32500000
  0.112338  -0.0000   0.33000000
  0.113052  -0.0000   0.33500000
  0.113814  -0.0000   0.34000000
  0.114849  -0.0000   0.34600000
  0.115963  -0.0000   0.35300000
  0.117321  -0.0000   0.35900000
  0.118785  -0.0000   0.36600000
  0.120355  -0.0000   0.37300000
  0.122036  -0.0000   0.38000000
  0.123828  -0.0000   0.38700000
  0.125734  -0.0000   0.39400000
  0.126137  -0.0000   0.39600000
  0.126545  -0.0000   0.39700000
  0.126952  -0.0000   0.39900000
  0.127068  -0.0000   0.39900000
  0.127175  -0.0000   0.40000000
  0.127276  -0.0000   0.40100000
  0.127419  -0.0000   0.40200000
  0.127618  -0.0000   0.40300000
  0.127898  -0.0000   0.40500000
  0.128300  -0.0000   0.40900000
  0.128901  -0.0000   0.41400000
  0.129540  -0.0000   0.41900000
  0.130211  -0.0000   0.42500000
  0.130921  -0.0000   0.43000000
  0.131883  -0.0000   0.43700000
  0.132914  -0.0000   0.44300000
  0.134013  -0.0000   0.45000000
  0.135181  -0.0000   0.45700000
  0.136594  -0.0000   0.46400000
  0.138100  -0.0000   0.47200000
  0.139698  -0.0000   0.47900000
  0.141390  -0.0000   0.48700000
  0.143177  -0.0000   0.49500000
  0.144999  -0.0000   0.50200000
  0.145107  -0.0000   0.50300000
  0.145209  -0.0000   0.50400000
  0.145307  -0.0000   0.50400000
  0.145444  -0.0000   0.50500000
  0.145639  -0.0000   0.50700000
  0.145914  -0.0000   0.50900000
  0.146310  -0.0000   0.51300000
  0.146899  -0.0000   0.51800000
  0.147559  -0.0000   0.52400000
  0.148249  -0.0000   0.53000000
  0.148974  -0.0000   0.53500000
  0.149915  -0.0000   0.54200000
  0.150913  -0.0000   0.54900000
  0.151969  -0.0000   0.55600000
  0.153082  -0.0000   0.56300000
  0.154552  -0.0000   0.57200000
  0.156112  -0.0000   0.58100000
  0.157763  -0.0000   0.59000000
  0.159698  -0.0000   0.59900000
  0.161746  -0.0000   0.60900000
  0.162100  -0.0000   0.61000000
  0.162457  -0.0000   0.61200000
  0.162818  -0.0000   0.61400000
  0.163018  -0.0000   0.61500000
  0.163182  -0.0000   0.61600000
  0.163336  -0.0000   0.61700000
  0.163554  -0.0000   0.61900000
  0.163862  -0.0000   0.62200000
  0.164305  -0.0000   0.62600000
  0.164969  -0.0000   0.63200000
  0.165583  -0.0000   0.63800000
  0.166220  -0.0000   0.64300000
  0.166884  -0.0000   0.64900000
  0.167920  -0.0000   0.65700000
  0.169017  -0.0000   0.66500000
  0.170174  -0.0000   0.67400000
  0.171393  -0.0000   0.68200000
  0.172959  -0.0000   0.69200000
  0.174616  -0.0000   0.70200000
  0.176364  -0.0000   0.71200000
  0.178453  -0.0000   0.72300000
  0.180659  -0.0000   0.73400000
  0.180835  -0.0000   0.73500000
  0.180959  -0.0000   0.73600000
  0.181077  -0.0000   0.73700000
  0.181243  -0.0000   0.73800000
  0.181477  -0.0000   0.74000000
  0.181809  -0.0000   0.74300000
  0.182289  -0.0000   0.74800000
  0.183012  -0.0000   0.75500000
  0.183618  -0.0000   0.76100000
  0.184245  -0.0000   0.76700000
  0.184895  -0.0000   0.77200000
  0.185925  -0.0000   0.78100000
  0.187009  -0.0000   0.79000000
  0.188148  -0.0000   0.79800000
  0.189340  -0.0000   0.80700000
  0.191249  -0.0000   0.82000000
  0.193280  -0.0000   0.83300000
  0.195434  -0.0000   0.84600000
  0.197711  -0.0000   0.85900000
  0.198020  -0.0000   0.86000000
  0.198333  -0.0000   0.86200000
  0.198647  -0.0000   0.86400000
  0.198941  -0.0000   0.86600000
  0.199177  -0.0000   0.86800000
  0.199399  -0.0000   0.87000000
  0.199713  -0.0000   0.87300000
  0.200017  -0.0000   0.87600000
  0.200465  -0.0000   0.88100000
  0.201144  -0.0000   0.88700000
  0.201782  -0.0000   0.89400000
  0.202440  -0.0000   0.90000000
  0.203123  -0.0000   0.90600000
  0.204199  -0.0000   0.91600000
  0.205328  -0.0000   0.92500000
  0.206837  -0.0000   0.93700000
  0.208429  -0.0000   0.94900000
  0.210549  -0.0000   0.96300000
  0.212422  -0.0000   0.97600000
  0.214387  -0.0000   0.98800000
  0.216427  -0.0000   1.00000000
  0.216613  -0.0000   1.00000000
  0.216768  -0.0000   1.00000000
  0.216894  -0.0000   1.00000000
  0.217069  -0.0000   1.01000000
  0.217313  -0.0000   1.01000000
  0.217651  -0.0000   1.01000000
  0.218126  -0.0000   1.02000000
  0.218813  -0.0000   1.03000000
  0.219527  -0.0000   1.04000000
  0.220240  -0.0000   1.05000000
  0.220954  -0.0000   1.06000000
  0.221942  -0.0000   1.07000000
  0.222928  -0.0000   1.08000000
  0.224400  -0.0000   1.10000000
  0.226585  -0.0000   1.13000000
  0.229800  -0.0000   1.18000000
  0.232950  -0.0000   1.22000000
  0.233164  -0.0000   1.22000000
  0.233377  -0.0000   1.23000000
  0.233590  -0.0000   1.23000000
  0.233900  -0.0000   1.23000000
  0.234062  -0.0000   1.24000000
  0.234214  -0.0000   1.24000000
  0.234358  -0.0000   1.24000000
  0.234563  -0.0000   1.25000000
  0.234854  -0.0000   1.26000000
  0.235272  -0.0000   1.27000000
  0.235885  -0.0000   1.28000000
  0.236556  -0.0000   1.30000000
  0.237230  -0.0000   1.32000000
  0.237906  -0.0000   1.34000000
  0.238923  -0.0000   1.37000000
  0.239940  -0.0000   1.40000000
  0.241459  -0.0000   1.44000000
  0.243720  -0.0000   1.50000000
  0.247054  -0.0000   1.59000000
  0.250325  -0.0000   1.69000000
  0.250519  -0.0000   1.69000000
  0.250712  -0.0000   1.70000000
  0.250905  -0.0000   1.70000000
  0.251132  -0.0000   1.71000000
  0.251411  -0.0000   1.72000000
  0.251671  -0.0000   1.73000000
  0.251919  -0.0000   1.75000000
  0.252161  -0.0000   1.76000000
  0.252518  -0.0000   1.78000000
  0.253048  -0.0000   1.81000000
  0.253845  -0.0000   1.85000000
  0.254646  -0.0000   1.89000000
  0.255450  -0.0000   1.93000000
  0.256255  -0.0000   1.97000000
  0.257461  -0.0000   2.04000000
  0.259262  -0.0000   2.13000000
  0.261933  -0.0000   2.27000000
  0.265003  -0.0000   2.44000000
  0.268020  -0.0000   2.60000000
  0.268160  -0.0000   2.61000000
  0.268291  -0.0000   2.62000000
  0.268417  -0.0000   2.63000000
  0.268595  -0.0000   2.65000000
  0.268850  -0.0000   2.67000000
  0.269220  -0.0000   2.71000000
  0.269768  -0.0000   2.76000000
  0.270380  -0.0000   2.82000000
  0.270996  -0.0000   2.88000000
  0.271615  -0.0000   2.94000000
  0.272546  -0.0000   3.03000000
  0.273945  -0.0000   3.16000000
  0.276035  -0.0000   3.36000000
  0.279137  -0.0000   3.67000000
  0.282263  -0.0000   3.97000000
  0.283616  -0.0000   4.11000000
  0.284959  -0.0000   4.24000000
  0.285125  -0.0000   4.26000000
  0.285262  -0.0000   4.28000000
  0.285392  -0.0000   4.30000000
  0.285576  -0.0000   4.33000000
  0.285840  -0.0000   4.37000000
  0.286225  -0.0000   4.44000000
  0.286799  -0.0000   4.53000000
  0.287486  -0.0000   4.65000000
  0.288177  -0.0000   4.77000000
  0.288870  -0.0000   4.88000000
  0.289565  -0.0000   5.00000000
  0.290608  -0.0000   5.18000000
  0.292168  -0.0000   5.44000000
  0.294491  -0.0000   5.83000000
  0.297927  -0.0000   6.42000000
  0.301307  -0.0000   7.01000000
  0.301501  -0.0000   7.04000000
  0.301695  -0.0000   7.08000000
  0.301889  -0.0000   7.11000000
  0.302110  -0.0000   7.16000000
  0.302305  -0.0000   7.21000000
  0.302491  -0.0000   7.27000000
  0.302672  -0.0000   7.32000000
  0.302937  -0.0000   7.39000000
  0.303331  -0.0000   7.51000000
  0.303924  -0.0000   7.68000000
  0.304721  -0.0000   7.91000000
  0.305522  -0.0000   8.14000000
  0.306324  -0.0000   8.37000000
  0.307528  -0.0000   8.71000000
  0.309326  -0.0000   9.22000000
  0.312001  -0.0000  10.00000000
  0.315113  -0.0000  10.90000000
  0.318181  -0.0000  11.80000000
  0.318397  -0.0000  11.90000000
  0.318613  -0.0000  11.90000000
  0.318829  -0.0000  12.00000000
  0.319109  -0.0000  12.10000000
  0.319348  -0.0000  12.20000000
  0.319573  -0.0000  12.30000000
  0.319792  -0.0000  12.40000000
  0.320008  -0.0000  12.50000000
  0.320330  -0.0000  12.70000000
  0.320816  -0.0000  12.90000000
  0.321551  -0.0000  13.30000000
  0.322290  -0.0000  13.60000000
  0.323030  -0.0000  14.00000000
  0.324141  -0.0000  14.50000000
  0.325803  -0.0000  15.30000000
  0.328278  -0.0000  16.40000000
  0.331939  -0.0000  18.20000000
  0.335541  -0.0000  20.00000000
  0.335727  -0.0000  20.10000000
  0.335912  -0.0000  20.10000000
  0.336064  -0.0000  20.20000000
  0.336259  -0.0000  20.40000000
  0.336533  -0.0000  20.60000000
  0.336800  -0.0000  20.80000000
  0.337198  -0.0000  21.10000000
  0.337799  -0.0000  21.50000000
  0.338404  -0.0000  22.00000000
  0.339012  -0.0000  22.50000000
  0.339621  -0.0000  22.90000000
  0.340536  -0.0000  23.60000000
  0.341906  -0.0000  24.70000000
  0.343951  -0.0000  26.20000000
  0.346987  -0.0000  28.50000000
  0.350094  -0.0000  31.00000000
  0.352035  -0.0000  32.50000000
  0.352339  -0.0000  32.70000000
  0.352641  -0.0000  33.00000000
  0.352943  -0.0000  33.20000000
  0.353113  -0.0000  33.40000000
  0.353271  -0.0000  33.50000000
  0.353422  -0.0000  33.70000000
  0.353643  -0.0000  34.00000000
  0.353971  -0.0000  34.40000000
  0.354466  -0.0000  35.00000000
  0.355194  -0.0000  35.80000000
  0.355925  -0.0000  36.70000000
  0.356659  -0.0000  37.60000000
  0.357759  -0.0000  38.90000000
  0.359406  -0.0000  40.80000000
  0.361859  -0.0000  43.80000000
  0.365492  -0.0000  48.20000000
  0.369073  -0.0000  52.60000000
  0.369286  -0.0000  52.80000000
  0.369499  -0.0000  53.10000000
  0.369712  -0.0000  53.30000000
  0.370010  -0.0000  53.70000000
  0.370204  -0.0000  54.10000000
  0.370388  -0.0000  54.40000000
  0.370567  -0.0000  54.70000000
  0.370833  -0.0000  55.20000000
  0.371231  -0.0000  55.90000000
  0.371835  -0.0000  57.10000000
  0.372442  -0.0000  58.20000000
  0.373052  -0.0000  59.30000000
  0.373967  -0.0000  60.90000000
  0.375340  -0.0000  63.40000000
  0.377389  -0.0000  67.10000000
  0.380434  -0.0000  72.80000000
  0.383635  -0.0000  78.70000000
  0.386794  -0.0000  84.70000000
  0.386975  -0.0000  85.00000000
  0.387114  -0.0000  85.40000000
  0.387245  -0.0000  85.70000000
  0.387434  -0.0000  86.20000000
  0.387619  -0.0000  86.70000000
  0.387897  -0.0000  87.50000000
  0.388315  -0.0000  88.70000000
  0.388948  -0.0000  90.40000000
  0.389585  -0.0000  92.10000000
  0.390223  -0.0000  93.90000000
  0.391181  -0.0000  96.50000000
  0.392615  -0.0000 100.00000000
  0.394756  -0.0000 106.00000000
  0.397936  -0.0000 115.00000000
  0.401080  -0.0000 124.00000000
  0.403182  -0.0000 130.00000000
  0.403447  -0.0000 131.00000000
  0.403712  -0.0000 131.00000000
  0.403976  -0.0000 132.00000000
  0.404149  -0.0000 133.00000000
  0.404310  -0.0000 133.00000000
  0.404467  -0.0000 134.00000000
  0.404699  -0.0000 135.00000000
  0.405048  -0.0000 136.00000000
  0.405576  -0.0000 138.00000000
  0.406267  -0.0000 141.00000000
  0.406959  -0.0000 144.00000000
  0.407999  -0.0000 148.00000000
  0.409557  -0.0000 155.00000000
  0.411880  -0.0000 164.00000000
  0.415328  -0.0000 178.00000000
  0.418733  -0.0000 192.00000000
  0.419205  -0.0000 194.00000000
  0.419675  -0.0000 196.00000000
  0.420145  -0.0000 198.00000000
  0.420847  -0.0000 201.00000000
  0.421054  -0.0000 202.00000000
  0.421218  -0.0000 203.00000000
  0.421374  -0.0000 204.00000000
  0.421604  -0.0000 205.00000000
  0.421832  -0.0000 206.00000000
  0.422177  -0.0000 208.00000000
  0.422698  -0.0000 211.00000000
  0.423471  -0.0000 216.00000000
  0.424245  -0.0000 221.00000000
  0.425406  -0.0000 227.00000000
  0.427144  -0.0000 237.00000000
  0.429732  -0.0000 253.00000000
  0.433568  -0.0000 276.00000000
  0.437351  -0.0000 298.00000000
  0.437557  -0.0000 300.00000000
  0.437763  -0.0000 301.00000000
  0.437969  -0.0000 302.00000000
  0.438225  -0.0000 304.00000000
  0.438449  -0.0000 306.00000000
  0.438669  -0.0000 308.00000000
  0.438888  -0.0000 310.00000000
  0.439220  -0.0000 312.00000000
  0.439721  -0.0000 317.00000000
  0.440476  -0.0000 323.00000000
  0.441234  -0.0000 329.00000000
  0.442370  -0.0000 339.00000000
  0.444069  -0.0000 353.00000000
  0.446601  -0.0000 374.00000000
  0.450356  -0.0000 406.00000000
  0.454061  -0.0000 438.00000000
  0.454291  -0.0000 440.00000000
  0.454521  -0.0000 442.00000000
  0.454751  -0.0000 444.00000000
  0.455096  -0.0000 447.00000000
  0.455268  -0.0000 449.00000000
  0.455427  -0.0000 451.00000000
  0.455583  -0.0000 453.00000000
  0.455816  -0.0000 456.00000000
  0.456168  -0.0000 460.00000000
  0.456701  -0.0000 466.00000000
  0.457411  -0.0000 474.00000000
  0.458122  -0.0000 483.00000000
  0.459190  -0.0000 495.00000000
  0.460786  -0.0000 514.00000000
  0.463168  -0.0000 542.00000000
  0.466703  -0.0000 585.00000000
  0.470197  -0.0000 627.00000000
  0.470571  -0.0000 631.00000000
  0.470946  -0.0000 636.00000000
  0.471319  -0.0000 641.00000000
  0.471878  -0.0000 647.00000000
  0.472165  -0.0000 651.00000000
  0.472390  -0.0000 654.00000000
  0.472601  -0.0000 658.00000000
  0.472811  -0.0000 661.00000000
  0.473021  -0.0000 665.00000000
  0.473339  -0.0000 670.00000000
  0.473819  -0.0000 678.00000000
  0.474542  -0.0000 690.00000000
  0.475628  -0.0000 708.00000000
  0.477254  -0.0000 734.00000000
  0.479680  -0.0000 774.00000000
  0.483283  -0.0000 834.00000000
  0.486843  -0.0000 894.00000000
  0.487351  -0.0000 902.00000000
  0.487858  -0.0000 911.00000000
  0.488364  -0.0000 920.00000000
  0.489121  -0.0000 932.00000000
  0.489318  -0.0000 936.00000000
  0.489480  -0.0000 940.00000000
  0.489637  -0.0000 943.00000000
  0.489871  -0.0000 949.00000000
  0.490106  -0.0000 954.00000000
  0.490462  -0.0000 962.00000000
  0.490998  -0.0000 974.00000000
  0.491806  -0.0000 992.00000000
  0.493018  -0.0000 1019.00000000
  0.494832  -0.0000 1060.00000000
  0.497535  -0.0000 1122.00000000
  0.500872  -0.0000 1198.00000000
  0.504172  -0.0000 1274.00000000
  0.504656  -0.0000 1286.00000000
  0.505139  -0.0000 1297.00000000
  0.505622  -0.0000 1308.00000000
  0.506343  -0.0000 1325.00000000
  0.506498  -0.0000 1329.00000000
  0.506644  -0.0000 1334.00000000
  0.506789  -0.0000 1338.00000000
  0.507005  -0.0000 1345.00000000
  0.507333  -0.0000 1355.00000000
  0.507828  -0.0000 1371.00000000
  0.508575  -0.0000 1393.00000000
  0.509323  -0.0000 1416.00000000
  0.510444  -0.0000 1450.00000000
  0.512121  -0.0000 1502.00000000
  0.514620  -0.0000 1579.00000000
  0.518330  -0.0000 1694.00000000
  0.521995  -0.0000 1810.00000000
  0.522269  -0.0000 1819.00000000
  0.522542  -0.0000 1827.00000000
  0.522815  -0.0000 1836.00000000
  0.523224  -0.0000 1849.00000000
  0.523499  -0.0000 1858.00000000
  0.523723  -0.0000 1867.00000000
  0.523943  -0.0000 1877.00000000
  0.524164  -0.0000 1886.00000000
  0.524386  -0.0000 1895.00000000
  0.524722  -0.0000 1909.00000000
  0.525227  -0.0000 1930.00000000
  0.525987  -0.0000 1961.00000000
  0.527128  -0.0000 2008.00000000
  0.528834  -0.0000 2078.00000000
  0.531378  -0.0000 2183.00000000
  0.535153  -0.0000 2342.00000000
  0.538883  -0.0000 2500.00000000
  0.539184  -0.0000 2512.00000000
  0.539485  -0.0000 2525.00000000
  0.539785  -0.0000 2538.00000000
  0.540234  -0.0000 2557.00000000
  0.540580  -0.0000 2572.00000000
  0.540762  -0.0000 2582.00000000
  0.540940  -0.0000 2592.00000000
  0.541117  -0.0000 2602.00000000
  0.541295  -0.0000 2612.00000000
  0.541564  -0.0000 2627.00000000
  0.541970  -0.0000 2649.00000000
  0.542581  -0.0000 2682.00000000
  0.543500  -0.0000 2733.00000000
  0.544875  -0.0000 2808.00000000
  0.546931  -0.0000 2921.00000000
  0.549990  -0.0000 3091.00000000
  0.553394  -0.0000 3281.00000000
  0.556761  -0.0000 3472.00000000
  0.556994  -0.0000 3485.00000000
  0.557227  -0.0000 3498.00000000
  0.557460  -0.0000 3511.00000000
  0.557775  -0.0000 3531.00000000
  0.558036  -0.0000 3550.00000000
  0.558297  -0.0000 3570.00000000
  0.558559  -0.0000 3589.00000000
  0.558823  -0.0000 3608.00000000
  0.559221  -0.0000 3637.00000000
  0.559819  -0.0000 3680.00000000
  0.560717  -0.0000 3745.00000000
  0.562062  -0.0000 3842.00000000
  0.564070  -0.0000 3988.00000000
  0.567060  -0.0000 4207.00000000
  0.570467  -0.0000 4458.00000000
  0.573836  -0.0000 4710.00000000
  0.574074  -0.0000 4728.00000000
  0.574311  -0.0000 4746.00000000
  0.574549  -0.0000 4763.00000000
  0.574875  -0.0000 4790.00000000
  0.575115  -0.0000 4813.00000000
  0.575353  -0.0000 4836.00000000
  0.575594  -0.0000 4859.00000000
  0.575835  -0.0000 4882.00000000
  0.576199  -0.0000 4917.00000000
  0.576747  -0.0000 4968.00000000
  0.577570  -0.0000 5046.00000000
  0.578803  -0.0000 5163.00000000
  0.580645  -0.0000 5338.00000000
  0.583390  -0.0000 5600.00000000
  0.587461  -0.0000 5993.00000000
  0.590690  -0.0000 6309.00000000
  0.590963  -0.0000 6335.00000000
  0.591236  -0.0000 6362.00000000
  0.591508  -0.0000 6389.00000000
  0.591915  -0.0000 6429.00000000
  0.592078  -0.0000 6449.00000000
  0.592317  -0.0000 6479.00000000
  0.592557  -0.0000 6509.00000000
  0.592798  -0.0000 6539.00000000
  0.593163  -0.0000 6584.00000000
  0.593712  -0.0000 6651.00000000
  0.594538  -0.0000 6753.00000000
  0.595774  -0.0000 6905.00000000
  0.597623  -0.0000 7132.00000000
  0.600378  -0.0000 7474.00000000
  0.604464  -0.0000 7987.00000000
  0.607682  -0.0000 8395.00000000
  0.607975  -0.0000 8432.00000000
  0.608268  -0.0000 8469.00000000
  0.608561  -0.0000 8506.00000000
  0.609000  -0.0000 8562.00000000
  0.609176  -0.0000 8589.00000000
  0.609341  -0.0000 8616.00000000
  0.609507  -0.0000 8642.00000000
  0.609757  -0.0000 8682.00000000
  0.610135  -0.0000 8743.00000000
  0.610704  -0.0000 8833.00000000
  0.611560  -0.0000 8968.00000000
  0.612843  -0.0000 9171.00000000
  0.614760  -0.0000 9475.00000000
  0.617615  -0.0000 9932.00000000
  0.618041  -0.0000 10000.00000000
  0.615175  -0.0000 10000.00000000
  0.615174  -0.0000 10000.00000000
  0.615174  -0.0000 10000.00000000
  0.615174  -0.0000 10000.00000000
  0.615174  -0.0000 10000.00000000
  0.615173  -0.0000 10000.00000000
  0.615172  -0.0000 10000.00000000
  0.615169  -0.0000 10000.00000000
  0.615163  -0.0000 10000.00000000
  0.615151  -0.0000 10000.00000000
  0.615128  -0.0000 10000.00000000
  0.615083  -0.0000 10000.00000000
