  0.000094  -0.0000   0.00100000
  0.000206  -0.0000   0.00200000
  0.000566  -0.0000   0.00300000
  0.004747  -0.0000   0.00414600
  0.006523  -0.0000   0.00443200
  0.006588  -0.0000   0.00471800
  0.006676  -0.0000   0.00514800
  0.006836  -0.0000   0.00579200
  0.007073  -0.0000   0.00657100
  0.007363  -0.0000   0.00735000
  0.007720  -0.0000   0.00812900
  0.008004  -0.0000   0.00866300
  0.008334  -0.0000   0.00919600
  0.008719  -0.0000   0.00973000
  0.009167  -0.0000   0.01026000
  0.009589  -0.0000   0.01071000
  0.010063  -0.0000   0.01116000
  0.010591  -0.0000   0.01160000
  0.011176  -0.0000   0.01205000
  0.011818  -0.0000   0.01250000
  0.012519  -0.0000   0.01294000
  0.013276  -0.0000   0.01339000
  0.014090  -0.0000   0.01384000
  0.014958  -0.0000   0.01429000
  0.015878  -0.0000   0.01473000
  0.016848  -0.0000   0.01518000
  0.017865  -0.0000   0.01563000
  0.018926  -0.0000   0.01607000
  0.019948  -0.0000   0.01652000
  0.019961  -0.0000   0.01656000
  0.019972  -0.0000   0.01659000
  0.019982  -0.0000   0.01663000
  0.019994  -0.0000   0.01668000
  0.020010  -0.0000   0.01676000
  0.020031  -0.0000   0.01688000
  0.020057  -0.0000   0.01706000
  0.020090  -0.0000   0.01733000
  0.020119  -0.0000   0.01760000
  0.020159  -0.0000   0.01801000
  0.020195  -0.0000   0.01841000
  0.020245  -0.0000   0.01902000
  0.020317  -0.0000   0.01993000
  0.020421  -0.0000   0.02130000
  0.020578  -0.0000   0.02335000
  0.020845  -0.0000   0.02643000
  0.021031  -0.0000   0.02832000
  0.021247  -0.0000   0.03021000
  0.021500  -0.0000   0.03210000
  0.021796  -0.0000   0.03397000
  0.022143  -0.0000   0.03584000
  0.022549  -0.0000   0.03771000
  0.022918  -0.0000   0.03921000
  0.023332  -0.0000   0.04072000
  0.023797  -0.0000   0.04222000
  0.024247  -0.0000   0.04354000
  0.024740  -0.0000   0.04486000
  0.025279  -0.0000   0.04618000
  0.025818  -0.0000   0.04741000
  0.026398  -0.0000   0.04863000
  0.027022  -0.0000   0.04985000
  0.027664  -0.0000   0.05103000
  0.028348  -0.0000   0.05220000
  0.029074  -0.0000   0.05338000
  0.029841  -0.0000   0.05455000
  0.030651  -0.0000   0.05573000
  0.031505  -0.0000   0.05690000
  0.032576  -0.0000   0.05828000
  0.033708  -0.0000   0.05967000
  0.034902  -0.0000   0.06105000
  0.036156  -0.0000   0.06244000
  0.036257  -0.0000   0.06255000
  0.036359  -0.0000   0.06266000
  0.036461  -0.0000   0.06277000
  0.036563  -0.0000   0.06294000
  0.036599  -0.0000   0.06310000
  0.036629  -0.0000   0.06327000
  0.036655  -0.0000   0.06343000
  0.036690  -0.0000   0.06368000
  0.036736  -0.0000   0.06404000
  0.036797  -0.0000   0.06460000
  0.036878  -0.0000   0.06543000
  0.036988  -0.0000   0.06667000
  0.037143  -0.0000   0.06853000
  0.037380  -0.0000   0.07133000
  0.037780  -0.0000   0.07552000
  0.038042  -0.0000   0.07802000
  0.038333  -0.0000   0.08053000
  0.038657  -0.0000   0.08303000
  0.039219  -0.0000   0.08678000
  0.039867  -0.0000   0.09053000
  0.040606  -0.0000   0.09428000
  0.041443  -0.0000   0.09803000
  0.042212  -0.0000   0.10100000
  0.043057  -0.0000   0.10400000
  0.043982  -0.0000   0.10700000
  0.044991  -0.0000   0.11100000
  0.046086  -0.0000   0.11400000
  0.047272  -0.0000   0.11700000
  0.048551  -0.0000   0.12000000
  0.049925  -0.0000   0.12300000
  0.051146  -0.0000   0.12600000
  0.052435  -0.0000   0.12800000
  0.053795  -0.0000   0.13100000
  0.053969  -0.0000   0.13100000
  0.054145  -0.0000   0.13200000
  0.054321  -0.0000   0.13200000
  0.054422  -0.0000   0.13200000
  0.054485  -0.0000   0.13300000
  0.054540  -0.0000   0.13300000
  0.054612  -0.0000   0.13400000
  0.054709  -0.0000   0.13400000
  0.054839  -0.0000   0.13600000
  0.055020  -0.0000   0.13800000
  0.055290  -0.0000   0.14100000
  0.055722  -0.0000   0.14500000
  0.056123  -0.0000   0.14900000
  0.056562  -0.0000   0.15200000
  0.057042  -0.0000   0.15600000
  0.057859  -0.0000   0.16200000
  0.058777  -0.0000   0.16700000
  0.059802  -0.0000   0.17300000
  0.060743  -0.0000   0.17800000
  0.061767  -0.0000   0.18200000
  0.062877  -0.0000   0.18700000
  0.064077  -0.0000   0.19200000
  0.065369  -0.0000   0.19600000
  0.066758  -0.0000   0.20100000
  0.068244  -0.0000   0.20600000
  0.069830  -0.0000   0.21000000
  0.071517  -0.0000   0.21500000
  0.071699  -0.0000   0.21600000
  0.071882  -0.0000   0.21600000
  0.072065  -0.0000   0.21700000
  0.072182  -0.0000   0.21700000
  0.072265  -0.0000   0.21800000
  0.072340  -0.0000   0.21800000
  0.072440  -0.0000   0.21900000
  0.072576  -0.0000   0.22100000
  0.072767  -0.0000   0.22300000
  0.073048  -0.0000   0.22600000
  0.073486  -0.0000   0.23000000
  0.073997  -0.0000   0.23500000
  0.074551  -0.0000   0.24000000
  0.075151  -0.0000   0.24500000
  0.076082  -0.0000   0.25200000
  0.077106  -0.0000   0.25900000
  0.078227  -0.0000   0.26600000
  0.079448  -0.0000   0.27200000
  0.080774  -0.0000   0.27900000
  0.082208  -0.0000   0.28600000
  0.083755  -0.0000   0.29300000
  0.085134  -0.0000   0.29900000
  0.086595  -0.0000   0.30500000
  0.088141  -0.0000   0.31000000
  0.089771  -0.0000   0.31600000
  0.089845  -0.0000   0.31700000
  0.089910  -0.0000   0.31700000
  0.089969  -0.0000   0.31800000
  0.090050  -0.0000   0.31800000
  0.090162  -0.0000   0.31900000
  0.090318  -0.0000   0.32100000
  0.090541  -0.0000   0.32400000
  0.090874  -0.0000   0.32700000
  0.091400  -0.0000   0.33300000
  0.091968  -0.0000   0.33800000
  0.092575  -0.0000   0.34400000
  0.093223  -0.0000   0.34900000
  0.094284  -0.0000   0.35800000
  0.095436  -0.0000   0.36600000
  0.096628  -0.0000   0.37400000
  0.097908  -0.0000   0.38200000
  0.099281  -0.0000   0.39000000
  0.100926  -0.0000   0.39900000
  0.102410  -0.0000   0.40700000
  0.103982  -0.0000   0.41400000
  0.105644  -0.0000   0.42200000
  0.107397  -0.0000   0.42900000
  0.107559  -0.0000   0.43000000
  0.107669  -0.0000   0.43100000
  0.107754  -0.0000   0.43100000
  0.107866  -0.0000   0.43200000
  0.108020  -0.0000   0.43400000
  0.108233  -0.0000   0.43600000
  0.108544  -0.0000   0.44000000
  0.109019  -0.0000   0.44500000
  0.109610  -0.0000   0.45100000
  0.110236  -0.0000   0.45800000
  0.110899  -0.0000   0.46400000
  0.111923  -0.0000   0.47300000
  0.113021  -0.0000   0.48200000
  0.114299  -0.0000   0.49100000
  0.115667  -0.0000   0.50100000
  0.117126  -0.0000   0.51000000
  0.118935  -0.0000   0.52200000
  0.120513  -0.0000   0.53100000
  0.122179  -0.0000   0.54000000
  0.123934  -0.0000   0.54900000
  0.124545  -0.0000   0.55200000
  0.125166  -0.0000   0.55500000
  0.125449  -0.0000   0.55700000
  0.125614  -0.0000   0.55800000
  0.125763  -0.0000   0.56000000
  0.125902  -0.0000   0.56100000
  0.126035  -0.0000   0.56300000
  0.126229  -0.0000   0.56500000
  0.126519  -0.0000   0.56900000
  0.126965  -0.0000   0.57400000
  0.127675  -0.0000   0.58100000
  0.128428  -0.0000   0.58900000
  0.129222  -0.0000   0.59700000
  0.130056  -0.0000   0.60400000
  0.131398  -0.0000   0.61600000
  0.132695  -0.0000   0.62600000
  0.134068  -0.0000   0.63700000
  0.135519  -0.0000   0.64700000
  0.137075  -0.0000   0.65800000
  0.138714  -0.0000   0.66800000
  0.140439  -0.0000   0.67900000
  0.142287  -0.0000   0.69000000
  0.142597  -0.0000   0.69100000
  0.142909  -0.0000   0.69300000
  0.143224  -0.0000   0.69500000
  0.143372  -0.0000   0.69600000
  0.143497  -0.0000   0.69800000
  0.143614  -0.0000   0.69900000
  0.143780  -0.0000   0.70100000
  0.144017  -0.0000   0.70400000
  0.144371  -0.0000   0.70800000
  0.144917  -0.0000   0.71400000
  0.145609  -0.0000   0.72200000
  0.146334  -0.0000   0.73000000
  0.147094  -0.0000   0.73800000
  0.148304  -0.0000   0.74900000
  0.150085  -0.0000   0.76500000
  0.151999  -0.0000   0.78100000
  0.153685  -0.0000   0.79400000
  0.155466  -0.0000   0.80700000
  0.157344  -0.0000   0.82000000
  0.159320  -0.0000   0.83300000
  0.160861  -0.0000   0.84300000
  0.161054  -0.0000   0.84500000
  0.161188  -0.0000   0.84600000
  0.161305  -0.0000   0.84700000
  0.161466  -0.0000   0.84900000
  0.161693  -0.0000   0.85200000
  0.162024  -0.0000   0.85600000
  0.162527  -0.0000   0.86200000
  0.163167  -0.0000   0.87000000
  0.163835  -0.0000   0.87700000
  0.164529  -0.0000   0.88500000
  0.165626  -0.0000   0.89600000
  0.166778  -0.0000   0.90800000
  0.168629  -0.0000   0.92500000
  0.170603  -0.0000   0.94200000
  0.172703  -0.0000   0.95900000
  0.174931  -0.0000   0.97600000
  0.176901  -0.0000   0.99100000
  0.178893  -0.0000   1.01000000
  0.179009  -0.0000   1.01000000
  0.179112  -0.0000   1.01000000
  0.179209  -0.0000   1.01000000
  0.179346  -0.0000   1.01000000
  0.179540  -0.0000   1.01000000
  0.179821  -0.0000   1.02000000
  0.180236  -0.0000   1.02000000
  0.180859  -0.0000   1.03000000
  0.181708  -0.0000   1.05000000
  0.182558  -0.0000   1.06000000
  0.183408  -0.0000   1.07000000
  0.184677  -0.0000   1.09000000
  0.186561  -0.0000   1.12000000
  0.189344  -0.0000   1.16000000
  0.192126  -0.0000   1.20000000
  0.194859  -0.0000   1.25000000
  0.195181  -0.0000   1.25000000
  0.195502  -0.0000   1.26000000
  0.195822  -0.0000   1.26000000
  0.196301  -0.0000   1.27000000
  0.196462  -0.0000   1.27000000
  0.196592  -0.0000   1.28000000
  0.196715  -0.0000   1.28000000
  0.196889  -0.0000   1.29000000
  0.197140  -0.0000   1.29000000
  0.197512  -0.0000   1.30000000
  0.198073  -0.0000   1.32000000
  0.198885  -0.0000   1.35000000
  0.199699  -0.0000   1.37000000
  0.200513  -0.0000   1.39000000
  0.201731  -0.0000   1.43000000
  0.203544  -0.0000   1.48000000
  0.206228  -0.0000   1.57000000
  0.209132  -0.0000   1.66000000
  0.211990  -0.0000   1.74000000
  0.212379  -0.0000   1.76000000
  0.212767  -0.0000   1.77000000
  0.213154  -0.0000   1.78000000
  0.213733  -0.0000   1.80000000
  0.213881  -0.0000   1.81000000
  0.214006  -0.0000   1.81000000
  0.214124  -0.0000   1.82000000
  0.214293  -0.0000   1.83000000
  0.214540  -0.0000   1.84000000
  0.214909  -0.0000   1.86000000
  0.215466  -0.0000   1.89000000
  0.216263  -0.0000   1.94000000
  0.217062  -0.0000   1.98000000
  0.217861  -0.0000   2.03000000
  0.219055  -0.0000   2.09000000
  0.220834  -0.0000   2.19000000
  0.223470  -0.0000   2.34000000
  0.226495  -0.0000   2.52000000
  0.229473  -0.0000   2.69000000
  0.229818  -0.0000   2.72000000
  0.230163  -0.0000   2.74000000
  0.230507  -0.0000   2.76000000
  0.231021  -0.0000   2.79000000
  0.231223  -0.0000   2.80000000
  0.231373  -0.0000   2.81000000
  0.231514  -0.0000   2.83000000
  0.231716  -0.0000   2.85000000
  0.231915  -0.0000   2.87000000
  0.232214  -0.0000   2.90000000
  0.232666  -0.0000   2.94000000
  0.233349  -0.0000   3.01000000
  0.234348  -0.0000   3.11000000
  0.235346  -0.0000   3.21000000
  0.236836  -0.0000   3.36000000
  0.239052  -0.0000   3.58000000
  0.242326  -0.0000   3.92000000
  0.245548  -0.0000   4.25000000
  0.247852  -0.0000   4.50000000
  0.248082  -0.0000   4.52000000
  0.248311  -0.0000   4.54000000
  0.248540  -0.0000   4.57000000
  0.248702  -0.0000   4.59000000
  0.248850  -0.0000   4.62000000
  0.248992  -0.0000   4.64000000
  0.249203  -0.0000   4.68000000
  0.249519  -0.0000   4.73000000
  0.249997  -0.0000   4.81000000
  0.250719  -0.0000   4.94000000
  0.251442  -0.0000   5.06000000
  0.252526  -0.0000   5.24000000
  0.254144  -0.0000   5.52000000
  0.256547  -0.0000   5.94000000
  0.260096  -0.0000   6.56000000
  0.263587  -0.0000   7.18000000
  0.264044  -0.0000   7.26000000
  0.264501  -0.0000   7.35000000
  0.264957  -0.0000   7.43000000
  0.265637  -0.0000   7.55000000
  0.265878  -0.0000   7.59000000
  0.266059  -0.0000   7.64000000
  0.266217  -0.0000   7.68000000
  0.266447  -0.0000   7.75000000
  0.266676  -0.0000   7.81000000
  0.267021  -0.0000   7.91000000
  0.267543  -0.0000   8.06000000
  0.268329  -0.0000   8.28000000
  0.269116  -0.0000   8.50000000
  0.270292  -0.0000   8.83000000
  0.272047  -0.0000   9.33000000
  0.274651  -0.0000  10.10000000
  0.277787  -0.0000  11.00000000
  0.280878  -0.0000  11.90000000
  0.281598  -0.0000  12.10000000
  0.282315  -0.0000  12.30000000
  0.283029  -0.0000  12.50000000
  0.283266  -0.0000  12.60000000
  0.283444  -0.0000  12.70000000
  0.283602  -0.0000  12.70000000
  0.283834  -0.0000  12.80000000
  0.284065  -0.0000  12.90000000
  0.284415  -0.0000  13.10000000
  0.284943  -0.0000  13.30000000
  0.285738  -0.0000  13.70000000
  0.286929  -0.0000  14.20000000
  0.288706  -0.0000  15.00000000
  0.291344  -0.0000  16.20000000
  0.294352  -0.0000  17.60000000
  0.297320  -0.0000  19.00000000
  0.300249  -0.0000  20.40000000
  0.300443  -0.0000  20.50000000
  0.300638  -0.0000  20.60000000
  0.300792  -0.0000  20.70000000
  0.300991  -0.0000  20.80000000
  0.301186  -0.0000  21.00000000
  0.301382  -0.0000  21.10000000
  0.301677  -0.0000  21.30000000
  0.302123  -0.0000  21.60000000
  0.302794  -0.0000  22.10000000
  0.303800  -0.0000  22.80000000
  0.305304  -0.0000  23.80000000
  0.307541  -0.0000  25.40000000
  0.310853  -0.0000  27.80000000
  0.314121  -0.0000  30.10000000
  0.317342  -0.0000  32.50000000
  0.317561  -0.0000  32.70000000
  0.317780  -0.0000  32.80000000
  0.317999  -0.0000  33.00000000
  0.318253  -0.0000  33.20000000
  0.318479  -0.0000  33.50000000
  0.318704  -0.0000  33.70000000
  0.318931  -0.0000  34.00000000
  0.319273  -0.0000  34.30000000
  0.319788  -0.0000  34.90000000
  0.320562  -0.0000  35.70000000
  0.321720  -0.0000  36.90000000
  0.323448  -0.0000  38.70000000
  0.326015  -0.0000  41.50000000
  0.329808  -0.0000  45.60000000
  0.332948  -0.0000  49.10000000
  0.333787  -0.0000  50.00000000
  0.334623  -0.0000  50.90000000
  0.335455  -0.0000  51.90000000
  0.335605  -0.0000  52.10000000
  0.335742  -0.0000  52.30000000
  0.335877  -0.0000  52.50000000
  0.336080  -0.0000  52.80000000
  0.336387  -0.0000  53.30000000
  0.336851  -0.0000  54.10000000
  0.337549  -0.0000  55.20000000
  0.338595  -0.0000  56.80000000
  0.340155  -0.0000  59.20000000
  0.342477  -0.0000  62.90000000
  0.345915  -0.0000  68.40000000
  0.349307  -0.0000  74.00000000
  0.352651  -0.0000  79.50000000
  0.352845  -0.0000  79.80000000
  0.353000  -0.0000  80.10000000
  0.353140  -0.0000  80.50000000
  0.353348  -0.0000  80.90000000
  0.353557  -0.0000  81.40000000
  0.353873  -0.0000  82.10000000
  0.354350  -0.0000  83.20000000
  0.355066  -0.0000  84.80000000
  0.356138  -0.0000  87.30000000
  0.357738  -0.0000  90.90000000
  0.360116  -0.0000  96.40000000
  0.363639  -0.0000 105.00000000
  0.367113  -0.0000 113.00000000
  0.368912  -0.0000 117.00000000
  0.369658  -0.0000 119.00000000
  0.370367  -0.0000 121.00000000
  0.370506  -0.0000 121.00000000
  0.370708  -0.0000 122.00000000
  0.370912  -0.0000 123.00000000
  0.371117  -0.0000 123.00000000
  0.371425  -0.0000 124.00000000
  0.371890  -0.0000 126.00000000
  0.372587  -0.0000 128.00000000
  0.373630  -0.0000 131.00000000
  0.375187  -0.0000 136.00000000
  0.377505  -0.0000 144.00000000
  0.380938  -0.0000 156.00000000
  0.384327  -0.0000 167.00000000
  0.387670  -0.0000 178.00000000
  0.387832  -0.0000 179.00000000
  0.387975  -0.0000 180.00000000
  0.388117  -0.0000 180.00000000
  0.388332  -0.0000 181.00000000
  0.388656  -0.0000 183.00000000
  0.389144  -0.0000 185.00000000
  0.389876  -0.0000 188.00000000
  0.390972  -0.0000 193.00000000
  0.392607  -0.0000 201.00000000
  0.395039  -0.0000 212.00000000
  0.398641  -0.0000 229.00000000
  0.402195  -0.0000 246.00000000
  0.403079  -0.0000 250.00000000
  0.403961  -0.0000 254.00000000
  0.404839  -0.0000 258.00000000
  0.405075  -0.0000 260.00000000
  0.405266  -0.0000 261.00000000
  0.405442  -0.0000 262.00000000
  0.405709  -0.0000 264.00000000
  0.405977  -0.0000 265.00000000
  0.406382  -0.0000 268.00000000
  0.406989  -0.0000 272.00000000
  0.407899  -0.0000 277.00000000
  0.409258  -0.0000 286.00000000
  0.411281  -0.0000 299.00000000
  0.414285  -0.0000 318.00000000
  0.417278  -0.0000 338.00000000
  0.420236  -0.0000 357.00000000
  0.421009  -0.0000 362.00000000
  0.421779  -0.0000 367.00000000
  0.422546  -0.0000 372.00000000
  0.422707  -0.0000 374.00000000
  0.422860  -0.0000 375.00000000
  0.423014  -0.0000 376.00000000
  0.423246  -0.0000 378.00000000
  0.423596  -0.0000 381.00000000
  0.424123  -0.0000 386.00000000
  0.424913  -0.0000 393.00000000
  0.426093  -0.0000 403.00000000
  0.427854  -0.0000 418.00000000
  0.430470  -0.0000 441.00000000
  0.433451  -0.0000 467.00000000
  0.436401  -0.0000 494.00000000
  0.439317  -0.0000 520.00000000
  0.439543  -0.0000 522.00000000
  0.439769  -0.0000 524.00000000
  0.439994  -0.0000 526.00000000
  0.440172  -0.0000 528.00000000
  0.440346  -0.0000 530.00000000
  0.440521  -0.0000 532.00000000
  0.440697  -0.0000 534.00000000
  0.440962  -0.0000 537.00000000
  0.441360  -0.0000 542.00000000
  0.441957  -0.0000 549.00000000
  0.442851  -0.0000 559.00000000
  0.444186  -0.0000 575.00000000
  0.446175  -0.0000 598.00000000
  0.449128  -0.0000 633.00000000
  0.452057  -0.0000 668.00000000
  0.454955  -0.0000 703.00000000
  0.456066  -0.0000 717.00000000
  0.457172  -0.0000 730.00000000
  0.457423  -0.0000 733.00000000
  0.457623  -0.0000 736.00000000
  0.457819  -0.0000 739.00000000
  0.458016  -0.0000 742.00000000
  0.458214  -0.0000 745.00000000
  0.458512  -0.0000 750.00000000
  0.458960  -0.0000 757.00000000
  0.459630  -0.0000 767.00000000
  0.460633  -0.0000 783.00000000
  0.462130  -0.0000 806.00000000
  0.464359  -0.0000 841.00000000
  0.467664  -0.0000 893.00000000
  0.470931  -0.0000 945.00000000
  0.474159  -0.0000 998.00000000
  0.474398  -0.0000 1001.00000000
  0.474637  -0.0000 1005.00000000
  0.474876  -0.0000 1009.00000000
  0.475061  -0.0000 1013.00000000
  0.475242  -0.0000 1017.00000000
  0.475424  -0.0000 1020.00000000
  0.475608  -0.0000 1024.00000000
  0.475883  -0.0000 1030.00000000
  0.476298  -0.0000 1038.00000000
  0.476919  -0.0000 1051.00000000
  0.477847  -0.0000 1070.00000000
  0.479234  -0.0000 1098.00000000
  0.481299  -0.0000 1140.00000000
  0.484365  -0.0000 1204.00000000
  0.487399  -0.0000 1268.00000000
  0.490400  -0.0000 1332.00000000
  0.490912  -0.0000 1343.00000000
  0.491422  -0.0000 1353.00000000
  0.491932  -0.0000 1364.00000000
  0.492339  -0.0000 1373.00000000
  0.492514  -0.0000 1378.00000000
  0.492688  -0.0000 1382.00000000
  0.492864  -0.0000 1387.00000000
  0.493040  -0.0000 1392.00000000
  0.493306  -0.0000 1399.00000000
  0.493704  -0.0000 1409.00000000
  0.494302  -0.0000 1425.00000000
  0.495195  -0.0000 1449.00000000
  0.496529  -0.0000 1484.00000000
  0.498517  -0.0000 1538.00000000
  0.501469  -0.0000 1618.00000000
  0.504366  -0.0000 1697.00000000
  0.507234  -0.0000 1776.00000000
  0.508661  -0.0000 1816.00000000
  0.509570  -0.0000 1841.00000000
  0.509821  -0.0000 1848.00000000
  0.510028  -0.0000 1856.00000000
  0.510236  -0.0000 1863.00000000
  0.510446  -0.0000 1870.00000000
  0.510656  -0.0000 1877.00000000
  0.510972  -0.0000 1888.00000000
  0.511447  -0.0000 1904.00000000
  0.512157  -0.0000 1929.00000000
  0.513218  -0.0000 1965.00000000
  0.514801  -0.0000 2020.00000000
  0.517158  -0.0000 2102.00000000
  0.520652  -0.0000 2225.00000000
  0.524105  -0.0000 2348.00000000
  0.525809  -0.0000 2409.00000000
  0.527012  -0.0000 2452.00000000
  0.527258  -0.0000 2461.00000000
  0.527458  -0.0000 2470.00000000
  0.527658  -0.0000 2479.00000000
  0.527860  -0.0000 2488.00000000
  0.528062  -0.0000 2497.00000000
  0.528366  -0.0000 2510.00000000
  0.528822  -0.0000 2530.00000000
  0.529504  -0.0000 2560.00000000
  0.530525  -0.0000 2605.00000000
  0.532047  -0.0000 2672.00000000
  0.534314  -0.0000 2773.00000000
  0.537676  -0.0000 2925.00000000
  0.541001  -0.0000 3076.00000000
  0.544287  -0.0000 3228.00000000
  0.544511  -0.0000 3238.00000000
  0.544732  -0.0000 3248.00000000
  0.544914  -0.0000 3259.00000000
  0.545098  -0.0000 3269.00000000
  0.545283  -0.0000 3279.00000000
  0.545469  -0.0000 3290.00000000
  0.545748  -0.0000 3305.00000000
  0.546167  -0.0000 3329.00000000
  0.546794  -0.0000 3364.00000000
  0.547732  -0.0000 3416.00000000
  0.549132  -0.0000 3495.00000000
  0.551217  -0.0000 3613.00000000
  0.554314  -0.0000 3790.00000000
  0.557380  -0.0000 3967.00000000
  0.560413  -0.0000 4143.00000000
  0.560855  -0.0000 4169.00000000
  0.561297  -0.0000 4195.00000000
  0.561738  -0.0000 4221.00000000
  0.562350  -0.0000 4260.00000000
  0.562576  -0.0000 4276.00000000
  0.562803  -0.0000 4292.00000000
  0.563031  -0.0000 4308.00000000
  0.563374  -0.0000 4332.00000000
  0.563888  -0.0000 4368.00000000
  0.564657  -0.0000 4422.00000000
  0.565807  -0.0000 4504.00000000
  0.567521  -0.0000 4625.00000000
  0.570072  -0.0000 4808.00000000
  0.572862  -0.0000 5010.00000000
  0.575626  -0.0000 5212.00000000
  0.578364  -0.0000 5414.00000000
  0.578655  -0.0000 5435.00000000
  0.578946  -0.0000 5457.00000000
  0.579237  -0.0000 5478.00000000
  0.579672  -0.0000 5510.00000000
  0.579851  -0.0000 5526.00000000
  0.580030  -0.0000 5542.00000000
  0.580210  -0.0000 5558.00000000
  0.580391  -0.0000 5574.00000000
  0.580663  -0.0000 5598.00000000
  0.581071  -0.0000 5634.00000000
  0.581682  -0.0000 5688.00000000
  0.582596  -0.0000 5768.00000000
  0.583959  -0.0000 5889.00000000
  0.585991  -0.0000 6071.00000000
  0.589009  -0.0000 6343.00000000
  0.591998  -0.0000 6615.00000000
  0.594957  -0.0000 6888.00000000
  0.595629  -0.0000 6949.00000000
  0.596299  -0.0000 7011.00000000
  0.596967  -0.0000 7073.00000000
  0.597186  -0.0000 7095.00000000
  0.597384  -0.0000 7117.00000000
  0.597583  -0.0000 7139.00000000
  0.597884  -0.0000 7172.00000000
  0.598186  -0.0000 7205.00000000
  0.598638  -0.0000 7255.00000000
  0.599314  -0.0000 7329.00000000
  0.600325  -0.0000 7440.00000000
  0.601834  -0.0000 7607.00000000
  0.604081  -0.0000 7857.00000000
  0.607415  -0.0000 8233.00000000
  0.610714  -0.0000 8608.00000000
  0.613975  -0.0000 8984.00000000
  0.614220  -0.0000 9012.00000000
  0.614464  -0.0000 9040.00000000
  0.614689  -0.0000 9068.00000000
  0.614948  -0.0000 9104.00000000
  0.615210  -0.0000 9139.00000000
  0.615473  -0.0000 9175.00000000
  0.615735  -0.0000 9210.00000000
  0.616129  -0.0000 9263.00000000
  0.616719  -0.0000 9343.00000000
  0.617601  -0.0000 9463.00000000
  0.618918  -0.0000 9643.00000000
  0.620880  -0.0000 9913.00000000
  0.621513  -0.0000 10000.00000000
  0.620521  -0.0000 10000.00000000
  0.620521  -0.0000 10000.00000000
  0.620521  -0.0000 10000.00000000
  0.620521  -0.0000 10000.00000000
  0.620521  -0.0000 10000.00000000
  0.620521  -0.0000 10000.00000000
  0.620521  -0.0000 10000.00000000
  0.620520  -0.0000 10000.00000000
  0.620519  -0.0000 10000.00000000
  0.620518  -0.0000 10000.00000000
  0.620515  -0.0000 10000.00000000
  0.620509  -0.0000 10000.00000000
