  0.000024  -0.0000   0.00000010
  0.000053  -0.0000   0.00000020
  0.000143  -0.0000   0.00000030
  0.001668  -0.0000   0.00000045
  0.006155  -0.0000   0.00000067
  0.006254  -0.0000   0.00000101
  0.006398  -0.0000   0.00000152
  0.006613  -0.0000   0.00000228
  0.006937  -0.0000   0.00000342
  0.007425  -0.0000   0.00000513
  0.008159  -0.0000   0.00000769
  0.009266  -0.0000   0.00001153
  0.010942  -0.0000   0.00001730
  0.013483  -0.0000   0.00002595
  0.017332  -0.0000   0.00003892
  0.021769  -0.0000   0.00005839
  0.023922  -0.0000   0.00008758
  0.024936  -0.0000   0.00013140
  0.025131  -0.0000   0.00019710
  0.025423  -0.0000   0.00029560
  0.025861  -0.0000   0.00044340
  0.026517  -0.0000   0.00066510
  0.027314  -0.0000   0.00093460
  0.028109  -0.0000   0.00120400
  0.028902  -0.0000   0.00147400
  0.029901  -0.0000   0.00181300
  0.030899  -0.0000   0.00215300
  0.031895  -0.0000   0.00249300
  0.032889  -0.0000   0.00283300
  0.034212  -0.0000   0.00328600
  0.035532  -0.0000   0.00373900
  0.036849  -0.0000   0.00419300
  0.038165  -0.0000   0.00464600
  0.040120  -0.0000   0.00532100
  0.042070  -0.0000   0.00599600
  0.044015  -0.0000   0.00667100
  0.045954  -0.0000   0.00734600
  0.048852  -0.0000   0.00835900
  0.049380  -0.0000   0.00854400
  0.049907  -0.0000   0.00872900
  0.050289  -0.0000   0.00891400
  0.050760  -0.0000   0.00919100
  0.051464  -0.0000   0.00960700
  0.052166  -0.0000   0.01002000
  0.052865  -0.0000   0.01044000
  0.053563  -0.0000   0.01085000
  0.054493  -0.0000   0.01141000
  0.055421  -0.0000   0.01197000
  0.056517  -0.0000   0.01263000
  0.057611  -0.0000   0.01329000
  0.058985  -0.0000   0.01412000
  0.060357  -0.0000   0.01495000
  0.062280  -0.0000   0.01611000
  0.064199  -0.0000   0.01728000
  0.067109  -0.0000   0.01906000
  0.070013  -0.0000   0.02083000
  0.074354  -0.0000   0.02350000
  0.075262  -0.0000   0.02405000
  0.076169  -0.0000   0.02461000
  0.077075  -0.0000   0.02517000
  0.078122  -0.0000   0.02601000
  0.079106  -0.0000   0.02684000
  0.080085  -0.0000   0.02768000
  0.081059  -0.0000   0.02851000
  0.082554  -0.0000   0.02981000
  0.084045  -0.0000   0.03110000
  0.086275  -0.0000   0.03304000
  0.088499  -0.0000   0.03499000
  0.091828  -0.0000   0.03790000
  0.096806  -0.0000   0.04227000
  0.104245  -0.0000   0.04882000
  0.104840  -0.0000   0.04935000
  0.105435  -0.0000   0.04987000
  0.105920  -0.0000   0.05040000
  0.106624  -0.0000   0.05118000
  0.107674  -0.0000   0.05236000
  0.109241  -0.0000   0.05413000
  0.110804  -0.0000   0.05590000
  0.112363  -0.0000   0.05767000
  0.114696  -0.0000   0.06033000
  0.118186  -0.0000   0.06431000
  0.123409  -0.0000   0.07029000
  0.131218  -0.0000   0.07925000
  0.132024  -0.0000   0.08018000
  0.132829  -0.0000   0.08110000
  0.133562  -0.0000   0.08203000
  0.134564  -0.0000   0.08342000
  0.136059  -0.0000   0.08550000
  0.137548  -0.0000   0.08758000
  0.139035  -0.0000   0.08966000
  0.141260  -0.0000   0.09279000
  0.144590  -0.0000   0.09747000
  0.149573  -0.0000   0.10500000
  0.156645  -0.0000   0.11500000
  0.158447  -0.0000   0.11700000
  0.160247  -0.0000   0.12000000
  0.161900  -0.0000   0.12200000
  0.163438  -0.0000   0.12500000
  0.164970  -0.0000   0.12700000
  0.166499  -0.0000   0.13000000
  0.168025  -0.0000   0.13200000
  0.170311  -0.0000   0.13600000
  0.173734  -0.0000   0.14200000
  0.178859  -0.0000   0.15100000
  0.184803  -0.0000   0.16100000
  0.187092  -0.0000   0.16400000
  0.189301  -0.0000   0.16800000
  0.190495  -0.0000   0.17100000
  0.191684  -0.0000   0.17300000
  0.192871  -0.0000   0.17500000
  0.194648  -0.0000   0.17900000
  0.197309  -0.0000   0.18400000
  0.201294  -0.0000   0.19100000
  0.206430  -0.0000   0.20100000
  0.211559  -0.0000   0.21100000
  0.216654  -0.0000   0.22100000
  0.217542  -0.0000   0.22300000
  0.218428  -0.0000   0.22500000
  0.219311  -0.0000   0.22700000
  0.220635  -0.0000   0.23000000
  0.222616  -0.0000   0.23500000
  0.225584  -0.0000   0.24100000
  0.230029  -0.0000   0.25100000
  0.234542  -0.0000   0.26100000
  0.239051  -0.0000   0.27100000
  0.243555  -0.0000   0.28100000
  0.244640  -0.0000   0.28300000
  0.245674  -0.0000   0.28600000
  0.246705  -0.0000   0.28900000
  0.248248  -0.0000   0.29200000
  0.250559  -0.0000   0.29800000
  0.254020  -0.0000   0.30700000
  0.258051  -0.0000   0.31700000
  0.262078  -0.0000   0.32700000
  0.266100  -0.0000   0.33700000
  0.270118  -0.0000   0.34700000
  0.271788  -0.0000   0.35100000
  0.273080  -0.0000   0.35400000
  0.274369  -0.0000   0.35800000
  0.275655  -0.0000   0.36100000
  0.276940  -0.0000   0.36500000
  0.278866  -0.0000   0.37000000
  0.281751  -0.0000   0.37800000
  0.285387  -0.0000   0.38800000
  0.289020  -0.0000   0.39800000
  0.292649  -0.0000   0.40800000
  0.296276  -0.0000   0.41800000
  0.299855  -0.0000   0.42800000
  0.301146  -0.0000   0.43200000
  0.302435  -0.0000   0.43600000
  0.303721  -0.0000   0.44000000
  0.305649  -0.0000   0.44600000
  0.308537  -0.0000   0.45400000
  0.311850  -0.0000   0.46400000
  0.315160  -0.0000   0.47400000
  0.318467  -0.0000   0.48400000
  0.321772  -0.0000   0.49400000
  0.325074  -0.0000   0.50400000
  0.327539  -0.0000   0.51200000
  0.329036  -0.0000   0.51700000
  0.330529  -0.0000   0.52200000
  0.332021  -0.0000   0.52700000
  0.334256  -0.0000   0.53400000
  0.337300  -0.0000   0.54400000
  0.340340  -0.0000   0.55400000
  0.343378  -0.0000   0.56400000
  0.346414  -0.0000   0.57400000
  0.349448  -0.0000   0.58400000
  0.352480  -0.0000   0.59400000
  0.355438  -0.0000   0.60400000
  0.356947  -0.0000   0.60900000
  0.358453  -0.0000   0.61500000
  0.359958  -0.0000   0.62000000
  0.362212  -0.0000   0.62800000
  0.365024  -0.0000   0.63800000
  0.367833  -0.0000   0.64800000
  0.370640  -0.0000   0.65800000
  0.373446  -0.0000   0.66800000
  0.376250  -0.0000   0.67800000
  0.379052  -0.0000   0.68800000
  0.381853  -0.0000   0.69800000
  0.383211  -0.0000   0.70300000
  0.384559  -0.0000   0.70800000
  0.385905  -0.0000   0.71300000
  0.387922  -0.0000   0.72100000
  0.390537  -0.0000   0.73100000
  0.393149  -0.0000   0.74100000
  0.395759  -0.0000   0.75100000
  0.398368  -0.0000   0.76100000
  0.400975  -0.0000   0.77100000
  0.403581  -0.0000   0.78100000
  0.406186  -0.0000   0.79100000
  0.408789  -0.0000   0.80100000
  0.410555  -0.0000   0.80800000
  0.412280  -0.0000   0.81500000
  0.414002  -0.0000   0.82200000
  0.416445  -0.0000   0.83200000
  0.418886  -0.0000   0.84200000
  0.421324  -0.0000   0.85200000
  0.423762  -0.0000   0.86200000
  0.426197  -0.0000   0.87200000
  0.428632  -0.0000   0.88200000
  0.431065  -0.0000   0.89200000
  0.433498  -0.0000   0.90200000
  0.435929  -0.0000   0.91200000
  0.438283  -0.0000   0.92200000
  0.440578  -0.0000   0.93200000
  0.442870  -0.0000   0.94200000
  0.445160  -0.0000   0.95200000
  0.447448  -0.0000   0.96200000
  0.449735  -0.0000   0.97200000
  0.452020  -0.0000   0.98200000
  0.454304  -0.0000   0.99200000
  0.456092  -0.0000   1.00000000
  0.455563  -0.0000   1.00000000
  0.455563  -0.0000   1.00000000
  0.455562  -0.0000   1.00000000
  0.455562  -0.0000   1.00000000
  0.455562  -0.0000   1.00000000
  0.455560  -0.0000   1.00000000
  0.455558  -0.0000   1.00000000
  0.455554  -0.0000   1.00000000
  0.455545  -0.0000   1.00000000
  0.455526  -0.0000   1.00000000
  0.455490  -0.0000   1.00000000
  0.455421  -0.0000   1.00000000
