  0.000176  -0.0000   0.00000010
  0.000411  -0.0000   0.00000020
  0.000570  -0.0000   0.00000023
  0.001708  -0.0000   0.00000025
  0.006637  -0.0000   0.00000028
  0.006887  -0.0000   0.00000032
  0.007151  -0.0000   0.00000036
  0.007475  -0.0000   0.00000040
  0.007697  -0.0000   0.00000042
  0.007961  -0.0000   0.00000044
  0.008284  -0.0000   0.00000047
  0.008569  -0.0000   0.00000049
  0.008903  -0.0000   0.00000050
  0.009293  -0.0000   0.00000052
  0.009744  -0.0000   0.00000054
  0.010171  -0.0000   0.00000055
  0.010647  -0.0000   0.00000057
  0.011171  -0.0000   0.00000058
  0.011744  -0.0000   0.00000060
  0.012363  -0.0000   0.00000061
  0.013026  -0.0000   0.00000063
  0.013730  -0.0000   0.00000064
  0.014471  -0.0000   0.00000066
  0.015393  -0.0000   0.00000068
  0.016353  -0.0000   0.00000069
  0.017345  -0.0000   0.00000071
  0.018363  -0.0000   0.00000073
  0.019736  -0.0000   0.00000075
  0.019744  -0.0000   0.00000075
  0.019751  -0.0000   0.00000075
  0.019757  -0.0000   0.00000076
  0.019764  -0.0000   0.00000076
  0.019772  -0.0000   0.00000076
  0.019783  -0.0000   0.00000076
  0.019796  -0.0000   0.00000077
  0.019812  -0.0000   0.00000078
  0.019832  -0.0000   0.00000079
  0.019858  -0.0000   0.00000081
  0.019892  -0.0000   0.00000084
  0.019939  -0.0000   0.00000088
  0.020006  -0.0000   0.00000095
  0.020105  -0.0000   0.00000105
  0.020260  -0.0000   0.00000120
  0.020527  -0.0000   0.00000142
  0.020640  -0.0000   0.00000151
  0.020769  -0.0000   0.00000159
  0.020918  -0.0000   0.00000168
  0.021210  -0.0000   0.00000181
  0.021436  -0.0000   0.00000189
  0.021708  -0.0000   0.00000197
  0.022036  -0.0000   0.00000206
  0.022428  -0.0000   0.00000214
  0.022792  -0.0000   0.00000221
  0.023208  -0.0000   0.00000227
  0.023683  -0.0000   0.00000234
  0.024219  -0.0000   0.00000241
  0.024717  -0.0000   0.00000246
  0.025264  -0.0000   0.00000252
  0.025860  -0.0000   0.00000258
  0.026507  -0.0000   0.00000263
  0.027206  -0.0000   0.00000269
  0.027955  -0.0000   0.00000275
  0.028755  -0.0000   0.00000280
  0.029605  -0.0000   0.00000286
  0.030504  -0.0000   0.00000292
  0.031450  -0.0000   0.00000297
  0.032443  -0.0000   0.00000303
  0.033480  -0.0000   0.00000309
  0.034561  -0.0000   0.00000314
  0.035580  -0.0000   0.00000320
  0.035594  -0.0000   0.00000320
  0.035606  -0.0000   0.00000320
  0.035615  -0.0000   0.00000321
  0.035628  -0.0000   0.00000321
  0.035645  -0.0000   0.00000322
  0.035665  -0.0000   0.00000323
  0.035692  -0.0000   0.00000325
  0.035727  -0.0000   0.00000327
  0.035772  -0.0000   0.00000331
  0.035831  -0.0000   0.00000337
  0.035912  -0.0000   0.00000346
  0.036026  -0.0000   0.00000359
  0.036199  -0.0000   0.00000378
  0.036495  -0.0000   0.00000407
  0.036674  -0.0000   0.00000423
  0.036881  -0.0000   0.00000439
  0.037123  -0.0000   0.00000455
  0.037424  -0.0000   0.00000471
  0.037782  -0.0000   0.00000488
  0.038204  -0.0000   0.00000504
  0.038647  -0.0000   0.00000519
  0.039154  -0.0000   0.00000534
  0.039731  -0.0000   0.00000549
  0.040383  -0.0000   0.00000564
  0.041116  -0.0000   0.00000579
  0.041934  -0.0000   0.00000594
  0.042651  -0.0000   0.00000606
  0.043430  -0.0000   0.00000619
  0.044270  -0.0000   0.00000631
  0.045291  -0.0000   0.00000644
  0.046394  -0.0000   0.00000658
  0.047375  -0.0000   0.00000669
  0.048415  -0.0000   0.00000680
  0.049515  -0.0000   0.00000692
  0.050803  -0.0000   0.00000704
  0.052162  -0.0000   0.00000717
  0.052330  -0.0000   0.00000718
  0.052500  -0.0000   0.00000720
  0.052671  -0.0000   0.00000721
  0.052854  -0.0000   0.00000724
  0.052895  -0.0000   0.00000725
  0.052928  -0.0000   0.00000726
  0.052956  -0.0000   0.00000728
  0.052993  -0.0000   0.00000730
  0.053041  -0.0000   0.00000733
  0.053103  -0.0000   0.00000738
  0.053185  -0.0000   0.00000745
  0.053296  -0.0000   0.00000756
  0.053452  -0.0000   0.00000772
  0.053689  -0.0000   0.00000797
  0.054098  -0.0000   0.00000833
  0.054305  -0.0000   0.00000850
  0.054533  -0.0000   0.00000867
  0.054787  -0.0000   0.00000884
  0.055231  -0.0000   0.00000909
  0.055632  -0.0000   0.00000929
  0.056081  -0.0000   0.00000949
  0.056582  -0.0000   0.00000970
  0.057139  -0.0000   0.00000990
  0.057753  -0.0000   0.00001010
  0.058429  -0.0000   0.00001030
  0.059121  -0.0000   0.00001049
  0.059871  -0.0000   0.00001068
  0.060684  -0.0000   0.00001087
  0.061533  -0.0000   0.00001106
  0.062444  -0.0000   0.00001124
  0.063419  -0.0000   0.00001143
  0.064456  -0.0000   0.00001161
  0.065560  -0.0000   0.00001179
  0.066732  -0.0000   0.00001198
  0.067973  -0.0000   0.00001216
  0.069282  -0.0000   0.00001235
  0.069524  -0.0000   0.00001238
  0.069768  -0.0000   0.00001241
  0.070014  -0.0000   0.00001245
  0.070110  -0.0000   0.00001247
  0.070158  -0.0000   0.00001249
  0.070199  -0.0000   0.00001251
  0.070250  -0.0000   0.00001254
  0.070316  -0.0000   0.00001258
  0.070402  -0.0000   0.00001265
  0.070514  -0.0000   0.00001275
  0.070668  -0.0000   0.00001290
  0.070890  -0.0000   0.00001313
  0.071242  -0.0000   0.00001346
  0.071607  -0.0000   0.00001378
  0.072021  -0.0000   0.00001410
  0.072493  -0.0000   0.00001442
  0.073050  -0.0000   0.00001475
  0.073679  -0.0000   0.00001508
  0.074385  -0.0000   0.00001540
  0.075174  -0.0000   0.00001573
  0.076048  -0.0000   0.00001606
  0.077015  -0.0000   0.00001639
  0.078077  -0.0000   0.00001672
  0.079019  -0.0000   0.00001699
  0.080031  -0.0000   0.00001726
  0.081116  -0.0000   0.00001753
  0.082275  -0.0000   0.00001780
  0.083512  -0.0000   0.00001807
  0.084825  -0.0000   0.00001834
  0.086217  -0.0000   0.00001861
  0.086535  -0.0000   0.00001867
  0.086858  -0.0000   0.00001874
  0.087176  -0.0000   0.00001880
  0.087228  -0.0000   0.00001882
  0.087272  -0.0000   0.00001884
  0.087312  -0.0000   0.00001886
  0.087364  -0.0000   0.00001890
  0.087434  -0.0000   0.00001895
  0.087526  -0.0000   0.00001903
  0.087649  -0.0000   0.00001914
  0.087821  -0.0000   0.00001931
  0.088071  -0.0000   0.00001957
  0.088467  -0.0000   0.00001995
  0.088866  -0.0000   0.00002031
  0.089310  -0.0000   0.00002066
  0.089802  -0.0000   0.00002102
  0.090463  -0.0000   0.00002144
  0.091201  -0.0000   0.00002186
  0.092020  -0.0000   0.00002229
  0.092925  -0.0000   0.00002271
  0.093920  -0.0000   0.00002313
  0.095008  -0.0000   0.00002356
  0.096196  -0.0000   0.00002398
  0.097266  -0.0000   0.00002433
  0.098410  -0.0000   0.00002469
  0.099632  -0.0000   0.00002504
  0.100931  -0.0000   0.00002540
  0.102311  -0.0000   0.00002576
  0.103770  -0.0000   0.00002611
  0.103957  -0.0000   0.00002616
  0.104145  -0.0000   0.00002620
  0.104334  -0.0000   0.00002625
  0.104458  -0.0000   0.00002629
  0.104537  -0.0000   0.00002634
  0.104605  -0.0000   0.00002638
  0.104695  -0.0000   0.00002645
  0.104813  -0.0000   0.00002656
  0.104974  -0.0000   0.00002671
  0.105203  -0.0000   0.00002695
  0.105547  -0.0000   0.00002730
  0.106114  -0.0000   0.00002782
  0.106751  -0.0000   0.00002835
  0.107466  -0.0000   0.00002888
  0.108261  -0.0000   0.00002940
  0.109141  -0.0000   0.00002993
  0.110108  -0.0000   0.00003045
  0.111166  -0.0000   0.00003098
  0.112319  -0.0000   0.00003151
  0.113572  -0.0000   0.00003203
  0.114928  -0.0000   0.00003256
  0.116124  -0.0000   0.00003299
  0.117396  -0.0000   0.00003343
  0.118744  -0.0000   0.00003386
  0.120320  -0.0000   0.00003434
  0.121137  -0.0000   0.00003459
  0.121482  -0.0000   0.00003469
  0.121742  -0.0000   0.00003479
  0.121850  -0.0000   0.00003486
  0.121943  -0.0000   0.00003493
  0.122028  -0.0000   0.00003500
  0.122106  -0.0000   0.00003507
  0.122217  -0.0000   0.00003518
  0.122374  -0.0000   0.00003534
  0.122604  -0.0000   0.00003558
  0.122955  -0.0000   0.00003595
  0.123529  -0.0000   0.00003649
  0.124162  -0.0000   0.00003704
  0.124857  -0.0000   0.00003758
  0.125615  -0.0000   0.00003813
  0.126438  -0.0000   0.00003867
  0.127603  -0.0000   0.00003937
  0.128636  -0.0000   0.00003994
  0.129748  -0.0000   0.00004052
  0.130942  -0.0000   0.00004109
  0.132222  -0.0000   0.00004166
  0.133589  -0.0000   0.00004224
  0.135045  -0.0000   0.00004281
  0.136593  -0.0000   0.00004338
  0.138233  -0.0000   0.00004396
  0.138439  -0.0000   0.00004403
  0.138648  -0.0000   0.00004410
  0.138857  -0.0000   0.00004417
  0.139036  -0.0000   0.00004426
  0.139151  -0.0000   0.00004434
  0.139251  -0.0000   0.00004442
  0.139386  -0.0000   0.00004455
  0.139510  -0.0000   0.00004467
  0.139687  -0.0000   0.00004486
  0.139945  -0.0000   0.00004514
  0.140343  -0.0000   0.00004556
  0.140992  -0.0000   0.00004619
  0.141703  -0.0000   0.00004682
  0.142478  -0.0000   0.00004745
  0.143318  -0.0000   0.00004808
  0.144223  -0.0000   0.00004871
  0.145511  -0.0000   0.00004953
  0.146636  -0.0000   0.00005019
  0.147842  -0.0000   0.00005086
  0.149129  -0.0000   0.00005152
  0.150666  -0.0000   0.00005226
  0.152310  -0.0000   0.00005300
  0.153746  -0.0000   0.00005362
  0.155258  -0.0000   0.00005423
  0.155613  -0.0000   0.00005437
  0.155972  -0.0000   0.00005451
  0.156302  -0.0000   0.00005466
  0.156397  -0.0000   0.00005473
  0.156482  -0.0000   0.00005479
  0.156560  -0.0000   0.00005486
  0.156666  -0.0000   0.00005496
  0.156814  -0.0000   0.00005512
  0.157024  -0.0000   0.00005535
  0.157334  -0.0000   0.00005570
  0.157816  -0.0000   0.00005621
  0.158315  -0.0000   0.00005672
  0.158845  -0.0000   0.00005722
  0.159408  -0.0000   0.00005773
  0.160324  -0.0000   0.00005848
  0.161313  -0.0000   0.00005924
  0.162425  -0.0000   0.00006003
  0.163620  -0.0000   0.00006082
  0.164900  -0.0000   0.00006161
  0.166423  -0.0000   0.00006249
  0.168057  -0.0000   0.00006336
  0.169482  -0.0000   0.00006408
  0.170985  -0.0000   0.00006480
  0.172567  -0.0000   0.00006553
  0.172852  -0.0000   0.00006566
  0.173140  -0.0000   0.00006579
  0.173431  -0.0000   0.00006591
  0.173636  -0.0000   0.00006602
  0.173767  -0.0000   0.00006613
  0.173882  -0.0000   0.00006623
  0.173989  -0.0000   0.00006634
  0.174090  -0.0000   0.00006645
  0.174234  -0.0000   0.00006661
  0.174443  -0.0000   0.00006685
  0.174756  -0.0000   0.00006720
  0.175244  -0.0000   0.00006774
  0.175785  -0.0000   0.00006831
  0.176360  -0.0000   0.00006887
  0.176966  -0.0000   0.00006943
  0.177948  -0.0000   0.00007027
  0.179000  -0.0000   0.00007112
  0.180168  -0.0000   0.00007199
  0.181415  -0.0000   0.00007286
  0.182743  -0.0000   0.00007374
  0.184400  -0.0000   0.00007475
  0.185836  -0.0000   0.00007559
  0.187352  -0.0000   0.00007642
  0.188947  -0.0000   0.00007725
  0.190825  -0.0000   0.00007818
  0.190939  -0.0000   0.00007825
  0.191021  -0.0000   0.00007831
  0.191097  -0.0000   0.00007838
  0.191200  -0.0000   0.00007848
  0.191341  -0.0000   0.00007863
  0.191539  -0.0000   0.00007886
  0.191825  -0.0000   0.00007920
  0.192260  -0.0000   0.00007971
  0.192785  -0.0000   0.00008030
  0.193340  -0.0000   0.00008089
  0.193924  -0.0000   0.00008147
  0.194778  -0.0000   0.00008228
  0.195685  -0.0000   0.00008308
  0.197163  -0.0000   0.00008429
  0.198463  -0.0000   0.00008529
  0.199847  -0.0000   0.00008628
  0.201316  -0.0000   0.00008728
  0.203046  -0.0000   0.00008838
  0.204884  -0.0000   0.00008948
  0.206524  -0.0000   0.00009041
  0.208231  -0.0000   0.00009134
  0.208317  -0.0000   0.00009141
  0.208397  -0.0000   0.00009149
  0.208471  -0.0000   0.00009156
  0.208574  -0.0000   0.00009167
  0.208718  -0.0000   0.00009183
  0.208922  -0.0000   0.00009208
  0.209221  -0.0000   0.00009245
  0.209678  -0.0000   0.00009300
  0.210189  -0.0000   0.00009360
  0.210726  -0.0000   0.00009419
  0.211288  -0.0000   0.00009478
  0.212184  -0.0000   0.00009566
  0.213133  -0.0000   0.00009655
  0.214411  -0.0000   0.00009766
  0.215773  -0.0000   0.00009878
  0.217223  -0.0000   0.00009989
  0.218720  -0.0000   0.00010110
  0.220177  -0.0000   0.00010230
  0.221604  -0.0000   0.00010350
  0.223685  -0.0000   0.00010540
  0.223930  -0.0000   0.00010560
  0.224174  -0.0000   0.00010580
  0.224418  -0.0000   0.00010600
  0.224781  -0.0000   0.00010630
  0.225321  -0.0000   0.00010680
  0.225437  -0.0000   0.00010700
  0.225529  -0.0000   0.00010710
  0.225613  -0.0000   0.00010720
  0.225728  -0.0000   0.00010740
  0.225887  -0.0000   0.00010770
  0.226109  -0.0000   0.00010820
  0.226429  -0.0000   0.00010890
  0.226905  -0.0000   0.00010990
  0.227624  -0.0000   0.00011150
  0.228345  -0.0000   0.00011310
  0.229066  -0.0000   0.00011460
  0.229785  -0.0000   0.00011620
  0.230853  -0.0000   0.00011850
  0.232434  -0.0000   0.00012200
  0.234749  -0.0000   0.00012730
  0.237010  -0.0000   0.00013260
  0.239216  -0.0000   0.00013790
  0.241368  -0.0000   0.00014310
  0.241553  -0.0000   0.00014360
  0.241737  -0.0000   0.00014400
  0.241921  -0.0000   0.00014450
  0.242166  -0.0000   0.00014520
  0.242294  -0.0000   0.00014570
  0.242409  -0.0000   0.00014620
  0.242516  -0.0000   0.00014680
  0.242666  -0.0000   0.00014760
  0.242881  -0.0000   0.00014870
  0.243196  -0.0000   0.00015050
  0.243670  -0.0000   0.00015320
  0.244386  -0.0000   0.00015720
  0.245105  -0.0000   0.00016120
  0.245824  -0.0000   0.00016520
  0.246540  -0.0000   0.00016920
  0.247605  -0.0000   0.00017520
  0.249183  -0.0000   0.00018420
  0.251498  -0.0000   0.00019770
  0.253762  -0.0000   0.00021130
  0.255975  -0.0000   0.00022480
  0.258138  -0.0000   0.00023830
  0.258305  -0.0000   0.00023930
  0.258473  -0.0000   0.00024040
  0.258640  -0.0000   0.00024140
  0.258886  -0.0000   0.00024300
  0.258991  -0.0000   0.00024400
  0.259085  -0.0000   0.00024510
  0.259173  -0.0000   0.00024610
  0.259295  -0.0000   0.00024760
  0.259469  -0.0000   0.00024990
  0.259722  -0.0000   0.00025330
  0.260102  -0.0000   0.00025850
  0.260676  -0.0000   0.00026620
  0.261254  -0.0000   0.00027400
  0.261833  -0.0000   0.00028170
  0.262412  -0.0000   0.00028940
  0.263276  -0.0000   0.00030100
  0.264560  -0.0000   0.00031840
  0.266455  -0.0000   0.00034450
  0.268680  -0.0000   0.00037580
  0.270860  -0.0000   0.00040700
  0.272994  -0.0000   0.00043830
  0.275573  -0.0000   0.00047750
  0.275670  -0.0000   0.00047970
  0.275757  -0.0000   0.00048190
  0.275839  -0.0000   0.00048410
  0.275954  -0.0000   0.00048750
  0.276118  -0.0000   0.00049240
  0.276360  -0.0000   0.00049990
  0.276722  -0.0000   0.00051110
  0.277271  -0.0000   0.00052800
  0.277824  -0.0000   0.00054480
  0.278379  -0.0000   0.00056160
  0.279210  -0.0000   0.00058680
  0.280448  -0.0000   0.00062470
  0.282282  -0.0000   0.00068140
  0.284975  -0.0000   0.00076660
  0.287606  -0.0000   0.00085170
  0.290175  -0.0000   0.00093690
  0.290729  -0.0000   0.00095540
  0.291280  -0.0000   0.00097380
  0.291827  -0.0000   0.00099230
  0.292075  -0.0000   0.00100100
  0.292278  -0.0000   0.00100900
  0.292426  -0.0000   0.00101700
  0.292625  -0.0000   0.00103000
  0.292816  -0.0000   0.00104300
  0.293005  -0.0000   0.00105500
  0.293291  -0.0000   0.00107400
  0.293723  -0.0000   0.00110200
  0.294375  -0.0000   0.00114500
  0.295028  -0.0000   0.00118700
  0.296004  -0.0000   0.00125100
  0.297455  -0.0000   0.00134700
  0.299595  -0.0000   0.00149000
  0.301567  -0.0000   0.00162400
  0.303507  -0.0000   0.00175800
  0.305415  -0.0000   0.00189300
  0.308205  -0.0000   0.00209400
  0.308362  -0.0000   0.00210500
  0.308520  -0.0000   0.00211700
  0.308677  -0.0000   0.00212800
  0.308846  -0.0000   0.00214500
  0.308985  -0.0000   0.00216300
  0.309115  -0.0000   0.00218000
  0.309241  -0.0000   0.00219700
  0.309428  -0.0000   0.00222200
  0.309710  -0.0000   0.00226100
  0.310137  -0.0000   0.00231900
  0.310782  -0.0000   0.00240500
  0.311428  -0.0000   0.00249200
  0.312393  -0.0000   0.00262200
  0.313827  -0.0000   0.00281700
  0.315944  -0.0000   0.00311000
  0.317923  -0.0000   0.00338700
  0.319872  -0.0000   0.00366500
  0.321788  -0.0000   0.00394300
  0.324593  -0.0000   0.00436000
  0.324772  -0.0000   0.00438700
  0.324950  -0.0000   0.00441300
  0.325128  -0.0000   0.00444000
  0.325394  -0.0000   0.00448000
  0.325509  -0.0000   0.00450500
  0.325611  -0.0000   0.00453000
  0.325706  -0.0000   0.00455400
  0.325845  -0.0000   0.00459200
  0.326049  -0.0000   0.00464800
  0.326359  -0.0000   0.00473200
  0.326828  -0.0000   0.00485700
  0.327488  -0.0000   0.00503400
  0.328149  -0.0000   0.00521000
  0.329135  -0.0000   0.00547400
  0.330600  -0.0000   0.00587000
  0.332763  -0.0000   0.00646400
  0.334890  -0.0000   0.00705900
  0.336982  -0.0000   0.00765300
  0.339039  -0.0000   0.00824800
  0.341783  -0.0000   0.00906000
  0.341932  -0.0000   0.00910400
  0.342061  -0.0000   0.00914800
  0.342159  -0.0000   0.00919200
  0.342292  -0.0000   0.00925800
  0.342482  -0.0000   0.00935700
  0.342671  -0.0000   0.00945600
  0.342957  -0.0000   0.00960500
  0.343391  -0.0000   0.00982800
  0.344045  -0.0000   0.01016000
  0.344699  -0.0000   0.01050000
  0.345676  -0.0000   0.01100000
  0.347127  -0.0000   0.01175000
  0.349270  -0.0000   0.01288000
  0.351380  -0.0000   0.01401000
  0.353455  -0.0000   0.01513000
  0.355497  -0.0000   0.01626000
  0.358295  -0.0000   0.01785000
  0.358448  -0.0000   0.01793000
  0.358602  -0.0000   0.01802000
  0.358718  -0.0000   0.01811000
  0.358862  -0.0000   0.01824000
  0.358998  -0.0000   0.01837000
  0.359133  -0.0000   0.01850000
  0.359335  -0.0000   0.01870000
  0.359643  -0.0000   0.01899000
  0.360107  -0.0000   0.01943000
  0.360806  -0.0000   0.02009000
  0.361504  -0.0000   0.02076000
  0.362544  -0.0000   0.02175000
  0.364088  -0.0000   0.02324000
  0.366368  -0.0000   0.02548000
  0.368610  -0.0000   0.02771000
  0.370814  -0.0000   0.02995000
  0.372980  -0.0000   0.03219000
  0.373574  -0.0000   0.03280000
  0.374166  -0.0000   0.03342000
  0.374754  -0.0000   0.03404000
  0.375066  -0.0000   0.03436000
  0.375333  -0.0000   0.03469000
  0.375500  -0.0000   0.03497000
  0.375659  -0.0000   0.03525000
  0.375818  -0.0000   0.03552000
  0.375977  -0.0000   0.03580000
  0.376218  -0.0000   0.03622000
  0.376583  -0.0000   0.03685000
  0.377132  -0.0000   0.03778000
  0.377954  -0.0000   0.03919000
  0.379178  -0.0000   0.04130000
  0.380993  -0.0000   0.04447000
  0.383041  -0.0000   0.04810000
  0.385059  -0.0000   0.05173000
  0.387047  -0.0000   0.05535000
  0.389742  -0.0000   0.06037000
  0.390356  -0.0000   0.06152000
  0.390967  -0.0000   0.06267000
  0.391574  -0.0000   0.06382000
  0.391787  -0.0000   0.06422000
  0.391964  -0.0000   0.06463000
  0.392102  -0.0000   0.06503000
  0.392298  -0.0000   0.06564000
  0.392495  -0.0000   0.06624000
  0.392693  -0.0000   0.06685000
  0.392994  -0.0000   0.06775000
  0.393446  -0.0000   0.06911000
  0.394125  -0.0000   0.07116000
  0.395139  -0.0000   0.07422000
  0.396646  -0.0000   0.07882000
  0.398873  -0.0000   0.08571000
  0.401065  -0.0000   0.09260000
  0.403223  -0.0000   0.09950000
  0.405348  -0.0000   0.10600000
  0.408134  -0.0000   0.11600000
  0.408294  -0.0000   0.11600000
  0.408454  -0.0000   0.11700000
  0.408586  -0.0000   0.11700000
  0.408742  -0.0000   0.11800000
  0.408968  -0.0000   0.11900000
  0.409196  -0.0000   0.12000000
  0.409426  -0.0000   0.12200000
  0.409774  -0.0000   0.12300000
  0.410296  -0.0000   0.12600000
  0.411079  -0.0000   0.13000000
  0.412245  -0.0000   0.13600000
  0.413974  -0.0000   0.14500000
  0.415851  -0.0000   0.15500000
  0.417704  -0.0000   0.16500000
  0.419533  -0.0000   0.17500000
  0.421337  -0.0000   0.18500000
  0.423118  -0.0000   0.19500000
  0.424873  -0.0000   0.20500000
  0.425041  -0.0000   0.20600000
  0.425193  -0.0000   0.20700000
  0.425308  -0.0000   0.20800000
  0.425470  -0.0000   0.21000000
  0.425631  -0.0000   0.21100000
  0.425794  -0.0000   0.21300000
  0.426041  -0.0000   0.21500000
  0.426413  -0.0000   0.21800000
  0.426973  -0.0000   0.22300000
  0.427809  -0.0000   0.23000000
  0.428953  -0.0000   0.24000000
  0.430089  -0.0000   0.25000000
  0.431216  -0.0000   0.26000000
  0.432334  -0.0000   0.27000000
  0.433444  -0.0000   0.28000000
  0.434546  -0.0000   0.29000000
  0.435639  -0.0000   0.30000000
  0.436724  -0.0000   0.31000000
  0.437800  -0.0000   0.32000000
  0.438867  -0.0000   0.33000000
  0.439926  -0.0000   0.34000000
  0.440977  -0.0000   0.35000000
  0.441605  -0.0000   0.35600000
  0.441813  -0.0000   0.35800000
  0.441959  -0.0000   0.36000000
  0.442098  -0.0000   0.36200000
  0.442237  -0.0000   0.36400000
  0.442378  -0.0000   0.36600000
  0.442590  -0.0000   0.36900000
  0.442910  -0.0000   0.37400000
  0.443392  -0.0000   0.38100000
  0.444093  -0.0000   0.39100000
  0.444792  -0.0000   0.40100000
  0.445487  -0.0000   0.41100000
  0.446179  -0.0000   0.42100000
  0.446868  -0.0000   0.43100000
  0.447555  -0.0000   0.44100000
  0.448237  -0.0000   0.45100000
  0.448917  -0.0000   0.46100000
  0.449594  -0.0000   0.47100000
  0.450267  -0.0000   0.48100000
  0.450938  -0.0000   0.49100000
  0.451605  -0.0000   0.50100000
  0.452270  -0.0000   0.51100000
  0.452931  -0.0000   0.52100000
  0.453589  -0.0000   0.53100000
  0.454244  -0.0000   0.54100000
  0.454896  -0.0000   0.55100000
  0.455545  -0.0000   0.56100000
  0.456191  -0.0000   0.57100000
  0.456833  -0.0000   0.58100000
  0.457473  -0.0000   0.59100000
  0.458109  -0.0000   0.60100000
  0.458417  -0.0000   0.60600000
  0.458556  -0.0000   0.60800000
  0.458680  -0.0000   0.61100000
  0.458802  -0.0000   0.61400000
  0.458987  -0.0000   0.61900000
  0.459267  -0.0000   0.62500000
  0.459690  -0.0000   0.63500000
  0.460125  -0.0000   0.64500000
  0.460560  -0.0000   0.65500000
  0.460994  -0.0000   0.66500000
  0.461426  -0.0000   0.67500000
  0.461858  -0.0000   0.68500000
  0.462288  -0.0000   0.69500000
  0.462717  -0.0000   0.70500000
  0.463144  -0.0000   0.71500000
  0.463571  -0.0000   0.72500000
  0.463996  -0.0000   0.73500000
  0.464420  -0.0000   0.74500000
  0.464843  -0.0000   0.75500000
  0.465265  -0.0000   0.76500000
  0.465685  -0.0000   0.77500000
  0.466105  -0.0000   0.78500000
  0.466523  -0.0000   0.79500000
  0.466940  -0.0000   0.80500000
  0.467356  -0.0000   0.81500000
  0.467770  -0.0000   0.82500000
  0.468184  -0.0000   0.83500000
  0.468596  -0.0000   0.84500000
  0.469007  -0.0000   0.85500000
  0.469417  -0.0000   0.86500000
  0.469826  -0.0000   0.87500000
  0.470234  -0.0000   0.88500000
  0.470640  -0.0000   0.89500000
  0.471045  -0.0000   0.90500000
  0.471450  -0.0000   0.91500000
  0.471853  -0.0000   0.92500000
  0.472254  -0.0000   0.93500000
  0.472655  -0.0000   0.94500000
  0.473054  -0.0000   0.95500000
  0.473452  -0.0000   0.96500000
  0.473849  -0.0000   0.97500000
  0.474245  -0.0000   0.98500000
  0.474639  -0.0000   0.99500000
  0.474845  -0.0000   1.00000000
  0.472368  -0.0000   1.00000000
  0.472367  -0.0000   1.00000000
  0.472367  -0.0000   1.00000000
  0.472367  -0.0000   1.00000000
  0.472367  -0.0000   1.00000000
  0.472366  -0.0000   1.00000000
  0.472365  -0.0000   1.00000000
  0.472362  -0.0000   1.00000000
  0.472356  -0.0000   1.00000000
  0.472344  -0.0000   1.00000000
  0.472320  -0.0000   1.00000000
  0.472284  -0.0000   1.00000000
  0.472274  -0.0000   1.00000000
