  0.000012  -0.0000   0.00000010
  0.000026  -0.0000   0.00000020
  0.000072  -0.0000   0.00000030
  0.000834  -0.0000   0.00000045
  0.006060  -0.0000   0.00000067
  0.006118  -0.0000   0.00000101
  0.006216  -0.0000   0.00000152
  0.006426  -0.0000   0.00000228
  0.006593  -0.0000   0.00000275
  0.006803  -0.0000   0.00000322
  0.007068  -0.0000   0.00000369
  0.007289  -0.0000   0.00000402
  0.007548  -0.0000   0.00000436
  0.007848  -0.0000   0.00000469
  0.008145  -0.0000   0.00000499
  0.008481  -0.0000   0.00000528
  0.008857  -0.0000   0.00000558
  0.009244  -0.0000   0.00000585
  0.009670  -0.0000   0.00000612
  0.010136  -0.0000   0.00000640
  0.010630  -0.0000   0.00000666
  0.011165  -0.0000   0.00000693
  0.011741  -0.0000   0.00000719
  0.012371  -0.0000   0.00000747
  0.013046  -0.0000   0.00000774
  0.013765  -0.0000   0.00000801
  0.014574  -0.0000   0.00000829
  0.015432  -0.0000   0.00000858
  0.016339  -0.0000   0.00000887
  0.017436  -0.0000   0.00000919
  0.018595  -0.0000   0.00000952
  0.019817  -0.0000   0.00000984
  0.019943  -0.0000   0.00000988
  0.020069  -0.0000   0.00000991
  0.020181  -0.0000   0.00000995
  0.020210  -0.0000   0.00001000
  0.020235  -0.0000   0.00001004
  0.020257  -0.0000   0.00001010
  0.020276  -0.0000   0.00001015
  0.020301  -0.0000   0.00001022
  0.020335  -0.0000   0.00001033
  0.020379  -0.0000   0.00001050
  0.020435  -0.0000   0.00001075
  0.020487  -0.0000   0.00001100
  0.020559  -0.0000   0.00001136
  0.020666  -0.0000   0.00001192
  0.020833  -0.0000   0.00001275
  0.021126  -0.0000   0.00001400
  0.021394  -0.0000   0.00001498
  0.021702  -0.0000   0.00001597
  0.022056  -0.0000   0.00001695
  0.022462  -0.0000   0.00001795
  0.022923  -0.0000   0.00001894
  0.023442  -0.0000   0.00001994
  0.023959  -0.0000   0.00002083
  0.024528  -0.0000   0.00002173
  0.025152  -0.0000   0.00002262
  0.025785  -0.0000   0.00002346
  0.026469  -0.0000   0.00002429
  0.027207  -0.0000   0.00002513
  0.027967  -0.0000   0.00002593
  0.028779  -0.0000   0.00002673
  0.029645  -0.0000   0.00002753
  0.030553  -0.0000   0.00002833
  0.031516  -0.0000   0.00002912
  0.032532  -0.0000   0.00002992
  0.033725  -0.0000   0.00003079
  0.034986  -0.0000   0.00003167
  0.036315  -0.0000   0.00003255
  0.037608  -0.0000   0.00003343
  0.037637  -0.0000   0.00003349
  0.037663  -0.0000   0.00003354
  0.037688  -0.0000   0.00003360
  0.037721  -0.0000   0.00003369
  0.037767  -0.0000   0.00003381
  0.037828  -0.0000   0.00003401
  0.037912  -0.0000   0.00003430
  0.038029  -0.0000   0.00003473
  0.038200  -0.0000   0.00003539
  0.038463  -0.0000   0.00003637
  0.038893  -0.0000   0.00003783
  0.039436  -0.0000   0.00003950
  0.040036  -0.0000   0.00004116
  0.040696  -0.0000   0.00004282
  0.041702  -0.0000   0.00004507
  0.042633  -0.0000   0.00004696
  0.043653  -0.0000   0.00004885
  0.044765  -0.0000   0.00005073
  0.045975  -0.0000   0.00005262
  0.047284  -0.0000   0.00005451
  0.048697  -0.0000   0.00005639
  0.050217  -0.0000   0.00005828
  0.051845  -0.0000   0.00006017
  0.053583  -0.0000   0.00006206
  0.055432  -0.0000   0.00006394
  0.055629  -0.0000   0.00006414
  0.055826  -0.0000   0.00006434
  0.056025  -0.0000   0.00006454
  0.056160  -0.0000   0.00006479
  0.056252  -0.0000   0.00006504
  0.056336  -0.0000   0.00006529
  0.056413  -0.0000   0.00006554
  0.056524  -0.0000   0.00006592
  0.056685  -0.0000   0.00006648
  0.056927  -0.0000   0.00006732
  0.057305  -0.0000   0.00006859
  0.057915  -0.0000   0.00007049
  0.058928  -0.0000   0.00007334
  0.060041  -0.0000   0.00007619
  0.061257  -0.0000   0.00007904
  0.062578  -0.0000   0.00008189
  0.064009  -0.0000   0.00008473
  0.065553  -0.0000   0.00008758
  0.067215  -0.0000   0.00009043
  0.068997  -0.0000   0.00009328
  0.070902  -0.0000   0.00009613
  0.072933  -0.0000   0.00009898
  0.073526  -0.0000   0.00009980
  0.074110  -0.0000   0.00010060
  0.074497  -0.0000   0.00010120
  0.074611  -0.0000   0.00010160
  0.074712  -0.0000   0.00010190
  0.074807  -0.0000   0.00010230
  0.074940  -0.0000   0.00010280
  0.075131  -0.0000   0.00010350
  0.075412  -0.0000   0.00010470
  0.075834  -0.0000   0.00010640
  0.076466  -0.0000   0.00010900
  0.077411  -0.0000   0.00011290
  0.078815  -0.0000   0.00011870
  0.080889  -0.0000   0.00012750
  0.083929  -0.0000   0.00014060
  0.086905  -0.0000   0.00015380
  0.089818  -0.0000   0.00016690
  0.092670  -0.0000   0.00018010
  0.092804  -0.0000   0.00018080
  0.092891  -0.0000   0.00018160
  0.092972  -0.0000   0.00018230
  0.093085  -0.0000   0.00018350
  0.093248  -0.0000   0.00018520
  0.093489  -0.0000   0.00018780
  0.093852  -0.0000   0.00019160
  0.094397  -0.0000   0.00019740
  0.095214  -0.0000   0.00020610
  0.096431  -0.0000   0.00021910
  0.098233  -0.0000   0.00023860
  0.100887  -0.0000   0.00026780
  0.103649  -0.0000   0.00029880
  0.106364  -0.0000   0.00032980
  0.109034  -0.0000   0.00036080
  0.109404  -0.0000   0.00036510
  0.109773  -0.0000   0.00036940
  0.110142  -0.0000   0.00037370
  0.110693  -0.0000   0.00038020
  0.111084  -0.0000   0.00038480
  0.111259  -0.0000   0.00038780
  0.111397  -0.0000   0.00039090
  0.111529  -0.0000   0.00039390
  0.111726  -0.0000   0.00039850
  0.112020  -0.0000   0.00040540
  0.112464  -0.0000   0.00041570
  0.113130  -0.0000   0.00043110
  0.114122  -0.0000   0.00045420
  0.115596  -0.0000   0.00048900
  0.117774  -0.0000   0.00054110
  0.120980  -0.0000   0.00061920
  0.124128  -0.0000   0.00069740
  0.127222  -0.0000   0.00077550
  0.127895  -0.0000   0.00079260
  0.128566  -0.0000   0.00080970
  0.129234  -0.0000   0.00082680
  0.129509  -0.0000   0.00083390
  0.129694  -0.0000   0.00084090
  0.129852  -0.0000   0.00084800
  0.130007  -0.0000   0.00085500
  0.130162  -0.0000   0.00086210
  0.130395  -0.0000   0.00087260
  0.130746  -0.0000   0.00088850
  0.131272  -0.0000   0.00091230
  0.132057  -0.0000   0.00094800
  0.133225  -0.0000   0.00100200
  0.134956  -0.0000   0.00108200
  0.137514  -0.0000   0.00120200
  0.140649  -0.0000   0.00135300
  0.143734  -0.0000   0.00150300
  0.146769  -0.0000   0.00165300
  0.147049  -0.0000   0.00166700
  0.147328  -0.0000   0.00168100
  0.147607  -0.0000   0.00169500
  0.148021  -0.0000   0.00171500
  0.148158  -0.0000   0.00172600
  0.148289  -0.0000   0.00173700
  0.148420  -0.0000   0.00174700
  0.148617  -0.0000   0.00176300
  0.148914  -0.0000   0.00178800
  0.149359  -0.0000   0.00182400
  0.150024  -0.0000   0.00187800
  0.151015  -0.0000   0.00195900
  0.152487  -0.0000   0.00208100
  0.154665  -0.0000   0.00226400
  0.157879  -0.0000   0.00253800
  0.161042  -0.0000   0.00281200
  0.164157  -0.0000   0.00308600
  0.164875  -0.0000   0.00315000
  0.165592  -0.0000   0.00321300
  0.166305  -0.0000   0.00327700
  0.166533  -0.0000   0.00329900
  0.166698  -0.0000   0.00332100
  0.166860  -0.0000   0.00334400
  0.167105  -0.0000   0.00337700
  0.167351  -0.0000   0.00341100
  0.167719  -0.0000   0.00346100
  0.168270  -0.0000   0.00353600
  0.169091  -0.0000   0.00364900
  0.170312  -0.0000   0.00381800
  0.172124  -0.0000   0.00407100
  0.174802  -0.0000   0.00445200
  0.177598  -0.0000   0.00485500
  0.180358  -0.0000   0.00525800
  0.183083  -0.0000   0.00566100
  0.183481  -0.0000   0.00572000
  0.183878  -0.0000   0.00577900
  0.184275  -0.0000   0.00583800
  0.184868  -0.0000   0.00592600
  0.185069  -0.0000   0.00596300
  0.185239  -0.0000   0.00600000
  0.185410  -0.0000   0.00603700
  0.185666  -0.0000   0.00609300
  0.186051  -0.0000   0.00617600
  0.186627  -0.0000   0.00630100
  0.187485  -0.0000   0.00648900
  0.188760  -0.0000   0.00677100
  0.190651  -0.0000   0.00719300
  0.193448  -0.0000   0.00782600
  0.196266  -0.0000   0.00847400
  0.199049  -0.0000   0.00912100
  0.201799  -0.0000   0.00976800
  0.202177  -0.0000   0.00985700
  0.202554  -0.0000   0.00994600
  0.202931  -0.0000   0.01004000
  0.203489  -0.0000   0.01017000
  0.203663  -0.0000   0.01023000
  0.203836  -0.0000   0.01028000
  0.204009  -0.0000   0.01034000
  0.204270  -0.0000   0.01043000
  0.204661  -0.0000   0.01056000
  0.205246  -0.0000   0.01075000
  0.206117  -0.0000   0.01104000
  0.207413  -0.0000   0.01148000
  0.209335  -0.0000   0.01214000
  0.212179  -0.0000   0.01312000
  0.214987  -0.0000   0.01411000
  0.217761  -0.0000   0.01509000
  0.220503  -0.0000   0.01608000
  0.220862  -0.0000   0.01621000
  0.221221  -0.0000   0.01633000
  0.221579  -0.0000   0.01646000
  0.222079  -0.0000   0.01666000
  0.222310  -0.0000   0.01677000
  0.222543  -0.0000   0.01688000
  0.222776  -0.0000   0.01700000
  0.223009  -0.0000   0.01711000
  0.223358  -0.0000   0.01728000
  0.223880  -0.0000   0.01754000
  0.224658  -0.0000   0.01792000
  0.225815  -0.0000   0.01850000
  0.227535  -0.0000   0.01936000
  0.230083  -0.0000   0.02066000
  0.232781  -0.0000   0.02204000
  0.235448  -0.0000   0.02343000
  0.238087  -0.0000   0.02482000
  0.238695  -0.0000   0.02514000
  0.239301  -0.0000   0.02546000
  0.239905  -0.0000   0.02578000
  0.240547  -0.0000   0.02613000
  0.240757  -0.0000   0.02628000
  0.240968  -0.0000   0.02643000
  0.241179  -0.0000   0.02657000
  0.241390  -0.0000   0.02672000
  0.241707  -0.0000   0.02694000
  0.242180  -0.0000   0.02727000
  0.242886  -0.0000   0.02777000
  0.243938  -0.0000   0.02852000
  0.245501  -0.0000   0.02964000
  0.247820  -0.0000   0.03131000
  0.250590  -0.0000   0.03334000
  0.253329  -0.0000   0.03537000
  0.256039  -0.0000   0.03740000
  0.257385  -0.0000   0.03842000
  0.258724  -0.0000   0.03943000
  0.259032  -0.0000   0.03967000
  0.259272  -0.0000   0.03990000
  0.259513  -0.0000   0.04013000
  0.259753  -0.0000   0.04037000
  0.259994  -0.0000   0.04060000
  0.260354  -0.0000   0.04095000
  0.260892  -0.0000   0.04148000
  0.261694  -0.0000   0.04226000
  0.262888  -0.0000   0.04345000
  0.264662  -0.0000   0.04522000
  0.267290  -0.0000   0.04788000
  0.270662  -0.0000   0.05134000
  0.273990  -0.0000   0.05480000
  0.277276  -0.0000   0.05826000
  0.277546  -0.0000   0.05855000
  0.277761  -0.0000   0.05883000
  0.277977  -0.0000   0.05912000
  0.278192  -0.0000   0.05940000
  0.278408  -0.0000   0.05969000
  0.278731  -0.0000   0.06012000
  0.279213  -0.0000   0.06076000
  0.279933  -0.0000   0.06172000
  0.281004  -0.0000   0.06316000
  0.282598  -0.0000   0.06533000
  0.284961  -0.0000   0.06857000
  0.287688  -0.0000   0.07236000
  0.290387  -0.0000   0.07615000
  0.293057  -0.0000   0.07994000
  0.294296  -0.0000   0.08171000
  0.295528  -0.0000   0.08347000
  0.295965  -0.0000   0.08410000
  0.296275  -0.0000   0.08462000
  0.296568  -0.0000   0.08514000
  0.296861  -0.0000   0.08566000
  0.297154  -0.0000   0.08617000
  0.297592  -0.0000   0.08695000
  0.298245  -0.0000   0.08812000
  0.299219  -0.0000   0.08987000
  0.300668  -0.0000   0.09249000
  0.302819  -0.0000   0.09643000
  0.306003  -0.0000   0.10200000
  0.309149  -0.0000   0.10800000
  0.312258  -0.0000   0.11400000
  0.313141  -0.0000   0.11600000
  0.314021  -0.0000   0.11800000
  0.314841  -0.0000   0.11900000
  0.315130  -0.0000   0.12000000
  0.315420  -0.0000   0.12100000
  0.315710  -0.0000   0.12100000
  0.315999  -0.0000   0.12200000
  0.316431  -0.0000   0.12300000
  0.317076  -0.0000   0.12400000
  0.318037  -0.0000   0.12700000
  0.319469  -0.0000   0.13000000
  0.321596  -0.0000   0.13500000
  0.324746  -0.0000   0.14300000
  0.327859  -0.0000   0.15100000
  0.330937  -0.0000   0.15800000
  0.331775  -0.0000   0.16000000
  0.332611  -0.0000   0.16200000
  0.333396  -0.0000   0.16500000
  0.333689  -0.0000   0.16500000
  0.333984  -0.0000   0.16600000
  0.334278  -0.0000   0.16700000
  0.334571  -0.0000   0.16800000
  0.335009  -0.0000   0.16900000
  0.335664  -0.0000   0.17100000
  0.336640  -0.0000   0.17400000
  0.338094  -0.0000   0.17900000
  0.340253  -0.0000   0.18600000
  0.343426  -0.0000   0.19600000
  0.346563  -0.0000   0.20600000
  0.349665  -0.0000   0.21600000
  0.350399  -0.0000   0.21800000
  0.351131  -0.0000   0.22000000
  0.351841  -0.0000   0.22300000
  0.352105  -0.0000   0.22400000
  0.352370  -0.0000   0.22500000
  0.352635  -0.0000   0.22600000
  0.353031  -0.0000   0.22700000
  0.353622  -0.0000   0.23000000
  0.354504  -0.0000   0.23300000
  0.355818  -0.0000   0.23800000
  0.357770  -0.0000   0.24600000
  0.360274  -0.0000   0.25600000
  0.362755  -0.0000   0.26600000
  0.365213  -0.0000   0.27600000
  0.367650  -0.0000   0.28600000
  0.370066  -0.0000   0.29600000
  0.370365  -0.0000   0.29700000
  0.370631  -0.0000   0.29800000
  0.370898  -0.0000   0.30000000
  0.371165  -0.0000   0.30100000
  0.371564  -0.0000   0.30300000
  0.372159  -0.0000   0.30600000
  0.373048  -0.0000   0.31000000
  0.374371  -0.0000   0.31700000
  0.376337  -0.0000   0.32700000
  0.378329  -0.0000   0.33700000
  0.380305  -0.0000   0.34700000
  0.382267  -0.0000   0.35700000
  0.384216  -0.0000   0.36700000
  0.386151  -0.0000   0.37700000
  0.388073  -0.0000   0.38700000
  0.388521  -0.0000   0.38900000
  0.388945  -0.0000   0.39100000
  0.389332  -0.0000   0.39400000
  0.389719  -0.0000   0.39600000
  0.390104  -0.0000   0.39800000
  0.390489  -0.0000   0.40100000
  0.391064  -0.0000   0.40400000
  0.391923  -0.0000   0.40900000
  0.393201  -0.0000   0.41700000
  0.394812  -0.0000   0.42700000
  0.396413  -0.0000   0.43700000
  0.398004  -0.0000   0.44700000
  0.399585  -0.0000   0.45700000
  0.401157  -0.0000   0.46700000
  0.402721  -0.0000   0.47700000
  0.404276  -0.0000   0.48700000
  0.405823  -0.0000   0.49700000
  0.407362  -0.0000   0.50700000
  0.407615  -0.0000   0.50900000
  0.407866  -0.0000   0.51100000
  0.408117  -0.0000   0.51300000
  0.408493  -0.0000   0.51600000
  0.409055  -0.0000   0.52000000
  0.409892  -0.0000   0.52600000
  0.411140  -0.0000   0.53600000
  0.412452  -0.0000   0.54600000
  0.413755  -0.0000   0.55600000
  0.415052  -0.0000   0.56600000
  0.416343  -0.0000   0.57600000
  0.417627  -0.0000   0.58600000
  0.418905  -0.0000   0.59600000
  0.420178  -0.0000   0.60600000
  0.421445  -0.0000   0.61600000
  0.422706  -0.0000   0.62600000
  0.423963  -0.0000   0.63600000
  0.425213  -0.0000   0.64600000
  0.425861  -0.0000   0.65100000
  0.426167  -0.0000   0.65300000
  0.426468  -0.0000   0.65600000
  0.426769  -0.0000   0.65900000
  0.427219  -0.0000   0.66300000
  0.427891  -0.0000   0.66900000
  0.428893  -0.0000   0.67800000
  0.429971  -0.0000   0.68800000
  0.431043  -0.0000   0.69800000
  0.432110  -0.0000   0.70800000
  0.433172  -0.0000   0.71800000
  0.434230  -0.0000   0.72800000
  0.435284  -0.0000   0.73800000
  0.436334  -0.0000   0.74800000
  0.437380  -0.0000   0.75800000
  0.438422  -0.0000   0.76800000
  0.439461  -0.0000   0.77800000
  0.440495  -0.0000   0.78800000
  0.441526  -0.0000   0.79800000
  0.442554  -0.0000   0.80800000
  0.443578  -0.0000   0.81800000
  0.444582  -0.0000   0.82800000
  0.444864  -0.0000   0.83200000
  0.445147  -0.0000   0.83500000
  0.445429  -0.0000   0.83800000
  0.445711  -0.0000   0.84100000
  0.446133  -0.0000   0.84600000
  0.446762  -0.0000   0.85300000
  0.447654  -0.0000   0.86300000
  0.448542  -0.0000   0.87300000
  0.449427  -0.0000   0.88300000
  0.450308  -0.0000   0.89300000
  0.451186  -0.0000   0.90300000
  0.452060  -0.0000   0.91300000
  0.452932  -0.0000   0.92300000
  0.453802  -0.0000   0.93300000
  0.454668  -0.0000   0.94300000
  0.455532  -0.0000   0.95300000
  0.456393  -0.0000   0.96300000
  0.457251  -0.0000   0.97300000
  0.458107  -0.0000   0.98300000
  0.458961  -0.0000   0.99300000
  0.459588  -0.0000   1.00000000
  0.459403  -0.0000   1.00000000
  0.459403  -0.0000   1.00000000
  0.459403  -0.0000   1.00000000
  0.459403  -0.0000   1.00000000
  0.459403  -0.0000   1.00000000
  0.459403  -0.0000   1.00000000
  0.459403  -0.0000   1.00000000
  0.459403  -0.0000   1.00000000
  0.459403  -0.0000   1.00000000
  0.459403  -0.0000   1.00000000
  0.459402  -0.0000   1.00000000
  0.459402  -0.0000   1.00000000
  0.459401  -0.0000   1.00000000
