  0.000002  -0.0000   0.00000010
  0.000005  -0.0000   0.00000020
  0.000014  -0.0000   0.00000030
  0.000167  -0.0000   0.00000045
  0.003523  -0.0000   0.00000067
  0.005991  -0.0000   0.00000076
  0.005997  -0.0000   0.00000089
  0.006006  -0.0000   0.00000108
  0.006025  -0.0000   0.00000136
  0.006067  -0.0000   0.00000179
  0.006187  -0.0000   0.00000243
  0.006308  -0.0000   0.00000286
  0.006479  -0.0000   0.00000330
  0.006713  -0.0000   0.00000373
  0.006950  -0.0000   0.00000408
  0.007239  -0.0000   0.00000443
  0.007588  -0.0000   0.00000478
  0.008000  -0.0000   0.00000513
  0.008479  -0.0000   0.00000548
  0.009028  -0.0000   0.00000583
  0.009538  -0.0000   0.00000613
  0.010100  -0.0000   0.00000642
  0.010713  -0.0000   0.00000672
  0.011455  -0.0000   0.00000704
  0.012261  -0.0000   0.00000737
  0.013128  -0.0000   0.00000769
  0.014056  -0.0000   0.00000802
  0.015046  -0.0000   0.00000834
  0.016096  -0.0000   0.00000867
  0.017207  -0.0000   0.00000900
  0.018380  -0.0000   0.00000932
  0.019613  -0.0000   0.00000965
  0.019718  -0.0000   0.00000968
  0.019824  -0.0000   0.00000970
  0.019929  -0.0000   0.00000973
  0.020064  -0.0000   0.00000977
  0.020077  -0.0000   0.00000980
  0.020086  -0.0000   0.00000982
  0.020094  -0.0000   0.00000985
  0.020104  -0.0000   0.00000989
  0.020116  -0.0000   0.00000995
  0.020132  -0.0000   0.00001004
  0.020154  -0.0000   0.00001017
  0.020185  -0.0000   0.00001037
  0.020233  -0.0000   0.00001067
  0.020312  -0.0000   0.00001112
  0.020445  -0.0000   0.00001180
  0.020683  -0.0000   0.00001281
  0.021053  -0.0000   0.00001409
  0.021500  -0.0000   0.00001538
  0.022032  -0.0000   0.00001666
  0.022658  -0.0000   0.00001795
  0.023235  -0.0000   0.00001900
  0.023884  -0.0000   0.00002004
  0.024607  -0.0000   0.00002109
  0.025518  -0.0000   0.00002227
  0.026326  -0.0000   0.00002323
  0.027203  -0.0000   0.00002418
  0.028152  -0.0000   0.00002514
  0.029176  -0.0000   0.00002609
  0.030275  -0.0000   0.00002705
  0.031452  -0.0000   0.00002801
  0.032707  -0.0000   0.00002896
  0.034043  -0.0000   0.00002992
  0.035458  -0.0000   0.00003087
  0.036955  -0.0000   0.00003183
  0.037061  -0.0000   0.00003190
  0.037167  -0.0000   0.00003196
  0.037274  -0.0000   0.00003203
  0.037378  -0.0000   0.00003213
  0.037414  -0.0000   0.00003224
  0.037445  -0.0000   0.00003234
  0.037474  -0.0000   0.00003244
  0.037502  -0.0000   0.00003255
  0.037544  -0.0000   0.00003270
  0.037607  -0.0000   0.00003294
  0.037704  -0.0000   0.00003328
  0.037855  -0.0000   0.00003381
  0.038091  -0.0000   0.00003459
  0.038468  -0.0000   0.00003577
  0.039086  -0.0000   0.00003754
  0.039812  -0.0000   0.00003942
  0.040610  -0.0000   0.00004131
  0.041487  -0.0000   0.00004320
  0.042418  -0.0000   0.00004503
  0.043432  -0.0000   0.00004686
  0.044534  -0.0000   0.00004869
  0.045742  -0.0000   0.00005054
  0.047048  -0.0000   0.00005239
  0.048456  -0.0000   0.00005424
  0.050172  -0.0000   0.00005632
  0.052025  -0.0000   0.00005840
  0.053660  -0.0000   0.00006013
  0.055391  -0.0000   0.00006186
  0.055520  -0.0000   0.00006199
  0.055569  -0.0000   0.00006213
  0.055612  -0.0000   0.00006227
  0.055674  -0.0000   0.00006248
  0.055736  -0.0000   0.00006269
  0.055830  -0.0000   0.00006300
  0.055975  -0.0000   0.00006347
  0.056196  -0.0000   0.00006417
  0.056537  -0.0000   0.00006522
  0.057072  -0.0000   0.00006680
  0.057930  -0.0000   0.00006917
  0.058964  -0.0000   0.00007181
  0.060079  -0.0000   0.00007445
  0.061283  -0.0000   0.00007710
  0.062607  -0.0000   0.00007980
  0.064034  -0.0000   0.00008249
  0.065566  -0.0000   0.00008519
  0.067500  -0.0000   0.00008833
  0.069216  -0.0000   0.00009095
  0.071041  -0.0000   0.00009356
  0.072974  -0.0000   0.00009618
  0.073177  -0.0000   0.00009645
  0.073381  -0.0000   0.00009672
  0.073586  -0.0000   0.00009699
  0.073683  -0.0000   0.00009724
  0.073758  -0.0000   0.00009748
  0.073831  -0.0000   0.00009773
  0.073941  -0.0000   0.00009810
  0.074110  -0.0000   0.00009865
  0.074368  -0.0000   0.00009947
  0.074755  -0.0000   0.00010070
  0.075320  -0.0000   0.00010260
  0.076148  -0.0000   0.00010540
  0.077351  -0.0000   0.00010960
  0.079094  -0.0000   0.00011580
  0.080786  -0.0000   0.00012210
  0.082435  -0.0000   0.00012840
  0.084046  -0.0000   0.00013470
  0.086351  -0.0000   0.00014390
  0.088592  -0.0000   0.00015320
  0.090774  -0.0000   0.00016240
  0.091096  -0.0000   0.00016380
  0.091417  -0.0000   0.00016520
  0.091737  -0.0000   0.00016650
  0.091967  -0.0000   0.00016770
  0.092101  -0.0000   0.00016890
  0.092234  -0.0000   0.00017010
  0.092368  -0.0000   0.00017130
  0.092501  -0.0000   0.00017250
  0.092699  -0.0000   0.00017420
  0.092994  -0.0000   0.00017690
  0.093430  -0.0000   0.00018090
  0.094071  -0.0000   0.00018690
  0.095010  -0.0000   0.00019590
  0.096378  -0.0000   0.00020930
  0.098364  -0.0000   0.00022950
  0.100295  -0.0000   0.00024970
  0.102179  -0.0000   0.00026990
  0.104020  -0.0000   0.00029020
  0.105823  -0.0000   0.00031040
  0.108449  -0.0000   0.00034070
  0.108994  -0.0000   0.00034700
  0.109536  -0.0000   0.00035340
  0.110075  -0.0000   0.00035970
  0.110346  -0.0000   0.00036290
  0.110474  -0.0000   0.00036540
  0.110596  -0.0000   0.00036800
  0.110717  -0.0000   0.00037050
  0.110839  -0.0000   0.00037300
  0.111020  -0.0000   0.00037680
  0.111289  -0.0000   0.00038250
  0.111688  -0.0000   0.00039110
  0.112275  -0.0000   0.00040390
  0.113138  -0.0000   0.00042320
  0.114399  -0.0000   0.00045200
  0.116235  -0.0000   0.00049530
  0.118025  -0.0000   0.00053860
  0.119776  -0.0000   0.00058190
  0.121491  -0.0000   0.00062520
  0.123830  -0.0000   0.00068580
  0.126113  -0.0000   0.00074640
  0.128763  -0.0000   0.00081870
  0.128914  -0.0000   0.00082420
  0.129042  -0.0000   0.00082980
  0.129170  -0.0000   0.00083530
  0.129361  -0.0000   0.00084360
  0.129645  -0.0000   0.00085610
  0.130065  -0.0000   0.00087480
  0.130684  -0.0000   0.00090280
  0.131593  -0.0000   0.00094490
  0.132924  -0.0000   0.00100800
  0.134862  -0.0000   0.00110300
  0.136752  -0.0000   0.00119700
  0.138602  -0.0000   0.00129200
  0.140415  -0.0000   0.00138700
  0.142766  -0.0000   0.00151300
  0.145063  -0.0000   0.00163900
  0.145780  -0.0000   0.00167800
  0.146493  -0.0000   0.00171800
  0.147201  -0.0000   0.00175700
  0.147401  -0.0000   0.00177100
  0.147563  -0.0000   0.00178400
  0.147725  -0.0000   0.00179800
  0.147887  -0.0000   0.00181100
  0.148128  -0.0000   0.00183100
  0.148486  -0.0000   0.00186100
  0.149014  -0.0000   0.00190700
  0.149794  -0.0000   0.00197400
  0.150938  -0.0000   0.00207600
  0.152611  -0.0000   0.00222900
  0.154248  -0.0000   0.00238200
  0.155855  -0.0000   0.00253400
  0.157433  -0.0000   0.00268700
  0.159746  -0.0000   0.00291600
  0.162446  -0.0000   0.00319000
  0.165080  -0.0000   0.00346500
  0.165382  -0.0000   0.00349700
  0.165683  -0.0000   0.00352800
  0.165941  -0.0000   0.00356000
  0.166265  -0.0000   0.00360700
  0.166587  -0.0000   0.00365500
  0.166906  -0.0000   0.00370200
  0.167223  -0.0000   0.00374900
  0.167692  -0.0000   0.00382000
  0.168386  -0.0000   0.00392700
  0.169408  -0.0000   0.00408700
  0.170908  -0.0000   0.00432600
  0.173043  -0.0000   0.00467700
  0.175129  -0.0000   0.00502700
  0.177172  -0.0000   0.00537800
  0.179175  -0.0000   0.00572800
  0.181817  -0.0000   0.00620200
  0.184399  -0.0000   0.00667600
  0.184586  -0.0000   0.00672100
  0.184773  -0.0000   0.00676700
  0.184959  -0.0000   0.00681200
  0.185144  -0.0000   0.00685700
  0.185419  -0.0000   0.00692500
  0.185827  -0.0000   0.00702700
  0.186433  -0.0000   0.00718100
  0.187326  -0.0000   0.00741000
  0.188639  -0.0000   0.00775500
  0.190560  -0.0000   0.00827100
  0.192441  -0.0000   0.00878800
  0.194286  -0.0000   0.00930500
  0.196098  -0.0000   0.00982200
  0.198750  -0.0000   0.01060000
  0.201344  -0.0000   0.01137000
  0.201807  -0.0000   0.01151000
  0.202269  -0.0000   0.01165000
  0.202728  -0.0000   0.01179000
  0.203045  -0.0000   0.01190000
  0.203323  -0.0000   0.01200000
  0.203599  -0.0000   0.01211000
  0.203873  -0.0000   0.01222000
  0.204280  -0.0000   0.01238000
  0.204884  -0.0000   0.01262000
  0.205775  -0.0000   0.01299000
  0.207087  -0.0000   0.01353000
  0.209007  -0.0000   0.01435000
  0.210888  -0.0000   0.01517000
  0.212734  -0.0000   0.01598000
  0.214548  -0.0000   0.01680000
  0.217205  -0.0000   0.01803000
  0.219806  -0.0000   0.01925000
  0.220420  -0.0000   0.01954000
  0.221032  -0.0000   0.01984000
  0.221610  -0.0000   0.02013000
  0.221882  -0.0000   0.02029000
  0.222152  -0.0000   0.02045000
  0.222421  -0.0000   0.02061000
  0.222688  -0.0000   0.02077000
  0.223086  -0.0000   0.02102000
  0.223676  -0.0000   0.02138000
  0.224548  -0.0000   0.02192000
  0.225834  -0.0000   0.02274000
  0.227720  -0.0000   0.02397000
  0.229908  -0.0000   0.02542000
  0.232051  -0.0000   0.02688000
  0.234154  -0.0000   0.02833000
  0.236220  -0.0000   0.02979000
  0.239250  -0.0000   0.03197000
  0.239642  -0.0000   0.03226000
  0.240032  -0.0000   0.03254000
  0.240365  -0.0000   0.03282000
  0.240687  -0.0000   0.03311000
  0.241006  -0.0000   0.03339000
  0.241323  -0.0000   0.03367000
  0.241794  -0.0000   0.03410000
  0.242493  -0.0000   0.03474000
  0.243525  -0.0000   0.03569000
  0.245043  -0.0000   0.03713000
  0.247266  -0.0000   0.03928000
  0.249441  -0.0000   0.04143000
  0.251574  -0.0000   0.04359000
  0.253671  -0.0000   0.04574000
  0.256528  -0.0000   0.04873000
  0.257364  -0.0000   0.04962000
  0.258195  -0.0000   0.05050000
  0.258836  -0.0000   0.05122000
  0.258979  -0.0000   0.05141000
  0.259122  -0.0000   0.05159000
  0.259264  -0.0000   0.05177000
  0.259477  -0.0000   0.05204000
  0.259794  -0.0000   0.05245000
  0.260265  -0.0000   0.05306000
  0.260964  -0.0000   0.05397000
  0.261997  -0.0000   0.05535000
  0.263517  -0.0000   0.05741000
  0.265744  -0.0000   0.06050000
  0.267924  -0.0000   0.06359000
  0.270064  -0.0000   0.06668000
  0.272168  -0.0000   0.06978000
  0.275055  -0.0000   0.07411000
  0.275986  -0.0000   0.07551000
  0.276912  -0.0000   0.07692000
  0.277407  -0.0000   0.07771000
  0.277518  -0.0000   0.07791000
  0.277630  -0.0000   0.07811000
  0.277741  -0.0000   0.07831000
  0.277907  -0.0000   0.07860000
  0.278155  -0.0000   0.07905000
  0.278525  -0.0000   0.07972000
  0.279073  -0.0000   0.08072000
  0.279886  -0.0000   0.08222000
  0.281087  -0.0000   0.08447000
  0.282851  -0.0000   0.08785000
  0.285289  -0.0000   0.09264000
  0.287676  -0.0000   0.09742000
  0.290020  -0.0000   0.10200000
  0.292325  -0.0000   0.10700000
  0.295122  -0.0000   0.11300000
  0.295538  -0.0000   0.11400000
  0.295943  -0.0000   0.11500000
  0.296034  -0.0000   0.11500000
  0.296124  -0.0000   0.11500000
  0.296215  -0.0000   0.11500000
  0.296350  -0.0000   0.11600000
  0.296552  -0.0000   0.11600000
  0.296853  -0.0000   0.11700000
  0.297301  -0.0000   0.11800000
  0.297965  -0.0000   0.12000000
  0.298949  -0.0000   0.12200000
  0.300398  -0.0000   0.12600000
  0.302524  -0.0000   0.13200000
  0.304610  -0.0000   0.13700000
  0.306661  -0.0000   0.14300000
  0.308681  -0.0000   0.14900000
  0.311607  -0.0000   0.15700000
  0.314483  -0.0000   0.16500000
  0.314743  -0.0000   0.16600000
  0.315001  -0.0000   0.16700000
  0.315258  -0.0000   0.16800000
  0.315514  -0.0000   0.16900000
  0.315895  -0.0000   0.17000000
  0.316461  -0.0000   0.17200000
  0.317300  -0.0000   0.17500000
  0.318539  -0.0000   0.17900000
  0.320362  -0.0000   0.18600000
  0.322593  -0.0000   0.19400000
  0.324785  -0.0000   0.20200000
  0.326942  -0.0000   0.21000000
  0.329566  -0.0000   0.22000000
  0.332150  -0.0000   0.23000000
  0.332637  -0.0000   0.23200000
  0.333119  -0.0000   0.23400000
  0.333227  -0.0000   0.23400000
  0.333336  -0.0000   0.23400000
  0.333444  -0.0000   0.23500000
  0.333606  -0.0000   0.23600000
  0.333848  -0.0000   0.23700000
  0.334209  -0.0000   0.23800000
  0.334745  -0.0000   0.24100000
  0.335540  -0.0000   0.24400000
  0.336715  -0.0000   0.25000000
  0.338445  -0.0000   0.25800000
  0.340541  -0.0000   0.26800000
  0.342603  -0.0000   0.27800000
  0.344635  -0.0000   0.28800000
  0.346640  -0.0000   0.29800000
  0.348621  -0.0000   0.30800000
  0.350579  -0.0000   0.31800000
  0.351337  -0.0000   0.32200000
  0.351905  -0.0000   0.32500000
  0.352040  -0.0000   0.32600000
  0.352174  -0.0000   0.32600000
  0.352307  -0.0000   0.32700000
  0.352507  -0.0000   0.32800000
  0.352805  -0.0000   0.33000000
  0.353249  -0.0000   0.33300000
  0.353908  -0.0000   0.33600000
  0.354886  -0.0000   0.34200000
  0.356328  -0.0000   0.35100000
  0.357952  -0.0000   0.36100000
  0.359555  -0.0000   0.37100000
  0.361137  -0.0000   0.38100000
  0.362702  -0.0000   0.39100000
  0.364252  -0.0000   0.40100000
  0.365786  -0.0000   0.41100000
  0.367308  -0.0000   0.42100000
  0.368816  -0.0000   0.43100000
  0.370310  -0.0000   0.44100000
  0.370395  -0.0000   0.44200000
  0.370480  -0.0000   0.44200000
  0.370565  -0.0000   0.44300000
  0.370692  -0.0000   0.44400000
  0.370882  -0.0000   0.44500000
  0.371165  -0.0000   0.44700000
  0.371587  -0.0000   0.45000000
  0.372214  -0.0000   0.45500000
  0.373143  -0.0000   0.46200000
  0.374430  -0.0000   0.47200000
  0.375701  -0.0000   0.48200000
  0.376957  -0.0000   0.49200000
  0.378201  -0.0000   0.50200000
  0.379433  -0.0000   0.51200000
  0.380655  -0.0000   0.52200000
  0.381867  -0.0000   0.53200000
  0.383070  -0.0000   0.54200000
  0.384265  -0.0000   0.55200000
  0.385451  -0.0000   0.56200000
  0.386631  -0.0000   0.57200000
  0.387803  -0.0000   0.58200000
  0.388963  -0.0000   0.59200000
  0.389029  -0.0000   0.59300000
  0.389129  -0.0000   0.59400000
  0.389329  -0.0000   0.59600000
  0.389626  -0.0000   0.59900000
  0.390069  -0.0000   0.60300000
  0.390727  -0.0000   0.60900000
  0.391702  -0.0000   0.61900000
  0.392717  -0.0000   0.62900000
  0.393722  -0.0000   0.63900000
  0.394717  -0.0000   0.64900000
  0.395704  -0.0000   0.65900000
  0.396684  -0.0000   0.66900000
  0.397657  -0.0000   0.67900000
  0.398623  -0.0000   0.68900000
  0.399583  -0.0000   0.69900000
  0.400537  -0.0000   0.70900000
  0.401486  -0.0000   0.71900000
  0.402430  -0.0000   0.72900000
  0.403369  -0.0000   0.73900000
  0.404303  -0.0000   0.74900000
  0.405233  -0.0000   0.75900000
  0.406158  -0.0000   0.76900000
  0.407079  -0.0000   0.77900000
  0.407662  -0.0000   0.78500000
  0.407800  -0.0000   0.78700000
  0.407938  -0.0000   0.78800000
  0.408075  -0.0000   0.79000000
  0.408281  -0.0000   0.79200000
  0.408587  -0.0000   0.79600000
  0.409044  -0.0000   0.80200000
  0.409722  -0.0000   0.81000000
  0.410536  -0.0000   0.82000000
  0.411343  -0.0000   0.83000000
  0.412143  -0.0000   0.84000000
  0.412937  -0.0000   0.85000000
  0.413726  -0.0000   0.86000000
  0.414510  -0.0000   0.87000000
  0.415290  -0.0000   0.88000000
  0.416065  -0.0000   0.89000000
  0.416836  -0.0000   0.90000000
  0.417603  -0.0000   0.91000000
  0.418367  -0.0000   0.92000000
  0.419127  -0.0000   0.93000000
  0.419884  -0.0000   0.94000000
  0.420637  -0.0000   0.95000000
  0.421388  -0.0000   0.96000000
  0.422135  -0.0000   0.97000000
  0.422880  -0.0000   0.98000000
  0.423622  -0.0000   0.99000000
  0.424361  -0.0000   1.00000000
  0.424367  -0.0000   1.00000000
  0.424326  -0.0000   1.00000000
  0.424286  -0.0000   1.00000000
  0.424245  -0.0000   1.00000000
  0.424164  -0.0000   1.00000000
  0.424002  -0.0000   1.00000000
  0.423678  -0.0000   1.00000000
  0.423029  -0.0000   1.00000000
  0.421731  -0.0000   1.00000000
  0.419784  -0.0000   1.00000000
  0.416864  -0.0000   1.00000000
  0.412484  -0.0000   1.00000000
  0.405914  -0.0000   1.00000000
  0.396058  -0.0000   1.00000000
  0.383810  -0.0000   1.00000000
