  0.000117  -0.0000   0.00000010
  0.000254  -0.0000   0.00000020
  0.000688  -0.0000   0.00000030
  0.006504  -0.0000   0.00000045
  0.006888  -0.0000   0.00000067
  0.007354  -0.0000   0.00000101
  0.008066  -0.0000   0.00000152
  0.009185  -0.0000   0.00000228
  0.009761  -0.0000   0.00000266
  0.010358  -0.0000   0.00000304
  0.010979  -0.0000   0.00000341
  0.011971  -0.0000   0.00000398
  0.012831  -0.0000   0.00000445
  0.013743  -0.0000   0.00000492
  0.014711  -0.0000   0.00000538
  0.015738  -0.0000   0.00000585
  0.016828  -0.0000   0.00000631
  0.017985  -0.0000   0.00000678
  0.018980  -0.0000   0.00000717
  0.020025  -0.0000   0.00000755
  0.021119  -0.0000   0.00000793
  0.021333  -0.0000   0.00000822
  0.021517  -0.0000   0.00000851
  0.021699  -0.0000   0.00000880
  0.021963  -0.0000   0.00000924
  0.022225  -0.0000   0.00000967
  0.022484  -0.0000   0.00001010
  0.022741  -0.0000   0.00001053
  0.023108  -0.0000   0.00001114
  0.023475  -0.0000   0.00001176
  0.023932  -0.0000   0.00001251
  0.024395  -0.0000   0.00001327
  0.025012  -0.0000   0.00001426
  0.025645  -0.0000   0.00001524
  0.026644  -0.0000   0.00001672
  0.027700  -0.0000   0.00001819
  0.028697  -0.0000   0.00001951
  0.029755  -0.0000   0.00002083
  0.030880  -0.0000   0.00002215
  0.031921  -0.0000   0.00002330
  0.033021  -0.0000   0.00002446
  0.034184  -0.0000   0.00002561
  0.035214  -0.0000   0.00002658
  0.036292  -0.0000   0.00002756
  0.037422  -0.0000   0.00002853
  0.038496  -0.0000   0.00002942
  0.039615  -0.0000   0.00003031
  0.040779  -0.0000   0.00003120
  0.041238  -0.0000   0.00003155
  0.041549  -0.0000   0.00003189
  0.041739  -0.0000   0.00003224
  0.042017  -0.0000   0.00003276
  0.042290  -0.0000   0.00003328
  0.042558  -0.0000   0.00003380
  0.042824  -0.0000   0.00003431
  0.043215  -0.0000   0.00003509
  0.043603  -0.0000   0.00003587
  0.044110  -0.0000   0.00003688
  0.044618  -0.0000   0.00003790
  0.045307  -0.0000   0.00003927
  0.046006  -0.0000   0.00004063
  0.047090  -0.0000   0.00004268
  0.048218  -0.0000   0.00004473
  0.049702  -0.0000   0.00004727
  0.051282  -0.0000   0.00004981
  0.052970  -0.0000   0.00005235
  0.054775  -0.0000   0.00005490
  0.056706  -0.0000   0.00005744
  0.058359  -0.0000   0.00005950
  0.060101  -0.0000   0.00006156
  0.061912  -0.0000   0.00006363
  0.062116  -0.0000   0.00006405
  0.062317  -0.0000   0.00006447
  0.062515  -0.0000   0.00006490
  0.062808  -0.0000   0.00006553
  0.063240  -0.0000   0.00006648
  0.063877  -0.0000   0.00006791
  0.064509  -0.0000   0.00006934
  0.065141  -0.0000   0.00007076
  0.065775  -0.0000   0.00007219
  0.066740  -0.0000   0.00007433
  0.068240  -0.0000   0.00007754
  0.069579  -0.0000   0.00008030
  0.070976  -0.0000   0.00008306
  0.072440  -0.0000   0.00008582
  0.073917  -0.0000   0.00008848
  0.075466  -0.0000   0.00009114
  0.077089  -0.0000   0.00009380
  0.078966  -0.0000   0.00009673
  0.080938  -0.0000   0.00009966
  0.082180  -0.0000   0.00010190
  0.082428  -0.0000   0.00010270
  0.082668  -0.0000   0.00010350
  0.082901  -0.0000   0.00010430
  0.083235  -0.0000   0.00010550
  0.083710  -0.0000   0.00010730
  0.084311  -0.0000   0.00010960
  0.084886  -0.0000   0.00011200
  0.085440  -0.0000   0.00011440
  0.086237  -0.0000   0.00011800
  0.087276  -0.0000   0.00012290
  0.088494  -0.0000   0.00012880
  0.089685  -0.0000   0.00013470
  0.091434  -0.0000   0.00014360
  0.093157  -0.0000   0.00015250
  0.095359  -0.0000   0.00016400
  0.097535  -0.0000   0.00017540
  0.100419  -0.0000   0.00019090
  0.100596  -0.0000   0.00019240
  0.100769  -0.0000   0.00019390
  0.100937  -0.0000   0.00019530
  0.101182  -0.0000   0.00019760
  0.101535  -0.0000   0.00020090
  0.102039  -0.0000   0.00020590
  0.102758  -0.0000   0.00021340
  0.103452  -0.0000   0.00022090
  0.104388  -0.0000   0.00023130
  0.105305  -0.0000   0.00024180
  0.106658  -0.0000   0.00025740
  0.108462  -0.0000   0.00027850
  0.110254  -0.0000   0.00029970
  0.112038  -0.0000   0.00032080
  0.113813  -0.0000   0.00034190
  0.116457  -0.0000   0.00037350
  0.117028  -0.0000   0.00038040
  0.117598  -0.0000   0.00038720
  0.118167  -0.0000   0.00039410
  0.118942  -0.0000   0.00040440
  0.119231  -0.0000   0.00040970
  0.119509  -0.0000   0.00041500
  0.119779  -0.0000   0.00042030
  0.120169  -0.0000   0.00042830
  0.120733  -0.0000   0.00044030
  0.121549  -0.0000   0.00045820
  0.122605  -0.0000   0.00048200
  0.123648  -0.0000   0.00050570
  0.125084  -0.0000   0.00053870
  0.126516  -0.0000   0.00057160
  0.128259  -0.0000   0.00061180
  0.129997  -0.0000   0.00065200
  0.132592  -0.0000   0.00071230
  0.136450  -0.0000   0.00080270
  0.136720  -0.0000   0.00080900
  0.136989  -0.0000   0.00081530
  0.137246  -0.0000   0.00082170
  0.137615  -0.0000   0.00083430
  0.138136  -0.0000   0.00085320
  0.138637  -0.0000   0.00087220
  0.139125  -0.0000   0.00089120
  0.139605  -0.0000   0.00091010
  0.140314  -0.0000   0.00093850
  0.141368  -0.0000   0.00098120
  0.142942  -0.0000   0.00104500
  0.144515  -0.0000   0.00110900
  0.146087  -0.0000   0.00117300
  0.147656  -0.0000   0.00123700
  0.150003  -0.0000   0.00133300
  0.153500  -0.0000   0.00147700
  0.153903  -0.0000   0.00149400
  0.154306  -0.0000   0.00151000
  0.154709  -0.0000   0.00152700
  0.155313  -0.0000   0.00155200
  0.156088  -0.0000   0.00158900
  0.156495  -0.0000   0.00161400
  0.156888  -0.0000   0.00163800
  0.157271  -0.0000   0.00166300
  0.157833  -0.0000   0.00169900
  0.158665  -0.0000   0.00175400
  0.159905  -0.0000   0.00183700
  0.161144  -0.0000   0.00191900
  0.162383  -0.0000   0.00200200
  0.163622  -0.0000   0.00208400
  0.165478  -0.0000   0.00220800
  0.168254  -0.0000   0.00239400
  0.172390  -0.0000   0.00267200
  0.172733  -0.0000   0.00269500
  0.173076  -0.0000   0.00271800
  0.173418  -0.0000   0.00274200
  0.173932  -0.0000   0.00277600
  0.174620  -0.0000   0.00282800
  0.174963  -0.0000   0.00286100
  0.175295  -0.0000   0.00289300
  0.175620  -0.0000   0.00292500
  0.176098  -0.0000   0.00297300
  0.176807  -0.0000   0.00304600
  0.177864  -0.0000   0.00315500
  0.179202  -0.0000   0.00329300
  0.180542  -0.0000   0.00343100
  0.181882  -0.0000   0.00356800
  0.183890  -0.0000   0.00377500
  0.186892  -0.0000   0.00408500
  0.191364  -0.0000   0.00455100
  0.191686  -0.0000   0.00458400
  0.192008  -0.0000   0.00461800
  0.192330  -0.0000   0.00465100
  0.192812  -0.0000   0.00470200
  0.193423  -0.0000   0.00477700
  0.193944  -0.0000   0.00485300
  0.194450  -0.0000   0.00492800
  0.194950  -0.0000   0.00500400
  0.195447  -0.0000   0.00507900
  0.196191  -0.0000   0.00519200
  0.197307  -0.0000   0.00536200
  0.198952  -0.0000   0.00561200
  0.200597  -0.0000   0.00586200
  0.203061  -0.0000   0.00623700
  0.206742  -0.0000   0.00679900
  0.210207  -0.0000   0.00733200
  0.210697  -0.0000   0.00740700
  0.211185  -0.0000   0.00748200
  0.211673  -0.0000   0.00755700
  0.212141  -0.0000   0.00764300
  0.212553  -0.0000   0.00772800
  0.212955  -0.0000   0.00781400
  0.213550  -0.0000   0.00794200
  0.214142  -0.0000   0.00807000
  0.215029  -0.0000   0.00826200
  0.216314  -0.0000   0.00854000
  0.217600  -0.0000   0.00881800
  0.219529  -0.0000   0.00923600
  0.222415  -0.0000   0.00986100
  0.226723  -0.0000   0.01080000
  0.227327  -0.0000   0.01093000
  0.227932  -0.0000   0.01106000
  0.228535  -0.0000   0.01120000
  0.229439  -0.0000   0.01139000
  0.230759  -0.0000   0.01169000
  0.231021  -0.0000   0.01176000
  0.231277  -0.0000   0.01184000
  0.231528  -0.0000   0.01191000
  0.231901  -0.0000   0.01202000
  0.232455  -0.0000   0.01219000
  0.233285  -0.0000   0.01244000
  0.234532  -0.0000   0.01281000
  0.235781  -0.0000   0.01318000
  0.237031  -0.0000   0.01356000
  0.238905  -0.0000   0.01412000
  0.241708  -0.0000   0.01496000
  0.245893  -0.0000   0.01622000
  0.246467  -0.0000   0.01639000
  0.247040  -0.0000   0.01656000
  0.247613  -0.0000   0.01673000
  0.248471  -0.0000   0.01699000
  0.249693  -0.0000   0.01738000
  0.249994  -0.0000   0.01750000
  0.250289  -0.0000   0.01762000
  0.250580  -0.0000   0.01773000
  0.251013  -0.0000   0.01791000
  0.251662  -0.0000   0.01817000
  0.252637  -0.0000   0.01856000
  0.254014  -0.0000   0.01911000
  0.255391  -0.0000   0.01967000
  0.257456  -0.0000   0.02050000
  0.260545  -0.0000   0.02174000
  0.265154  -0.0000   0.02361000
  0.265620  -0.0000   0.02380000
  0.266085  -0.0000   0.02399000
  0.266550  -0.0000   0.02418000
  0.267247  -0.0000   0.02446000
  0.268290  -0.0000   0.02489000
  0.268576  -0.0000   0.02503000
  0.268845  -0.0000   0.02516000
  0.269111  -0.0000   0.02530000
  0.269506  -0.0000   0.02551000
  0.270096  -0.0000   0.02583000
  0.270983  -0.0000   0.02630000
  0.272239  -0.0000   0.02696000
  0.273496  -0.0000   0.02763000
  0.275380  -0.0000   0.02862000
  0.278201  -0.0000   0.03012000
  0.282412  -0.0000   0.03236000
  0.283467  -0.0000   0.03293000
  0.284520  -0.0000   0.03349000
  0.285572  -0.0000   0.03405000
  0.287146  -0.0000   0.03490000
  0.287422  -0.0000   0.03507000
  0.287680  -0.0000   0.03524000
  0.287934  -0.0000   0.03541000
  0.288312  -0.0000   0.03567000
  0.288878  -0.0000   0.03606000
  0.289727  -0.0000   0.03664000
  0.290988  -0.0000   0.03751000
  0.292248  -0.0000   0.03837000
  0.294139  -0.0000   0.03966000
  0.296967  -0.0000   0.04160000
  0.301191  -0.0000   0.04451000
  0.302356  -0.0000   0.04531000
  0.303519  -0.0000   0.04612000
  0.304680  -0.0000   0.04692000
  0.306351  -0.0000   0.04813000
  0.306672  -0.0000   0.04840000
  0.306987  -0.0000   0.04867000
  0.307301  -0.0000   0.04895000
  0.307771  -0.0000   0.04936000
  0.308477  -0.0000   0.04997000
  0.309538  -0.0000   0.05090000
  0.311130  -0.0000   0.05228000
  0.312722  -0.0000   0.05367000
  0.315106  -0.0000   0.05575000
  0.318670  -0.0000   0.05886000
  0.323984  -0.0000   0.06354000
  0.324311  -0.0000   0.06383000
  0.324637  -0.0000   0.06412000
  0.324963  -0.0000   0.06440000
  0.325380  -0.0000   0.06483000
  0.325777  -0.0000   0.06526000
  0.326171  -0.0000   0.06570000
  0.326565  -0.0000   0.06613000
  0.327157  -0.0000   0.06677000
  0.328046  -0.0000   0.06774000
  0.329381  -0.0000   0.06920000
  0.331383  -0.0000   0.07138000
  0.334377  -0.0000   0.07465000
  0.338848  -0.0000   0.07956000
  0.339953  -0.0000   0.08077000
  0.341057  -0.0000   0.08199000
  0.342158  -0.0000   0.08320000
  0.343807  -0.0000   0.08502000
  0.344114  -0.0000   0.08539000
  0.344393  -0.0000   0.08577000
  0.344669  -0.0000   0.08614000
  0.345082  -0.0000   0.08670000
  0.345703  -0.0000   0.08754000
  0.346635  -0.0000   0.08880000
  0.348011  -0.0000   0.09065000
  0.349387  -0.0000   0.09251000
  0.351448  -0.0000   0.09529000
  0.354531  -0.0000   0.09947000
  0.359133  -0.0000   0.10600000
  0.359740  -0.0000   0.10700000
  0.360347  -0.0000   0.10700000
  0.360953  -0.0000   0.10800000
  0.361861  -0.0000   0.10900000
  0.363163  -0.0000   0.11100000
  0.363535  -0.0000   0.11200000
  0.363903  -0.0000   0.11300000
  0.364271  -0.0000   0.11300000
  0.364824  -0.0000   0.11400000
  0.365655  -0.0000   0.11500000
  0.366902  -0.0000   0.11700000
  0.368772  -0.0000   0.12100000
  0.371572  -0.0000   0.12500000
  0.375755  -0.0000   0.13200000
  0.381737  -0.0000   0.14200000
  0.382030  -0.0000   0.14300000
  0.382299  -0.0000   0.14300000
  0.382566  -0.0000   0.14400000
  0.382967  -0.0000   0.14500000
  0.383568  -0.0000   0.14600000
  0.384472  -0.0000   0.14800000
  0.385828  -0.0000   0.15000000
  0.387860  -0.0000   0.15400000
  0.390901  -0.0000   0.16000000
  0.395443  -0.0000   0.17000000
  0.400385  -0.0000   0.18000000
  0.400727  -0.0000   0.18000000
  0.401032  -0.0000   0.18100000
  0.401321  -0.0000   0.18200000
  0.401752  -0.0000   0.18300000
  0.402400  -0.0000   0.18400000
  0.403304  -0.0000   0.18600000
  0.404209  -0.0000   0.18900000
  0.405566  -0.0000   0.19200000
  0.407598  -0.0000   0.19700000
  0.410638  -0.0000   0.20400000
  0.414777  -0.0000   0.21400000
  0.418897  -0.0000   0.22400000
  0.419293  -0.0000   0.22500000
  0.419690  -0.0000   0.22600000
  0.420046  -0.0000   0.22700000
  0.420550  -0.0000   0.22800000
  0.421055  -0.0000   0.23000000
  0.421560  -0.0000   0.23100000
  0.422320  -0.0000   0.23300000
  0.423459  -0.0000   0.23700000
  0.425167  -0.0000   0.24200000
  0.427723  -0.0000   0.24900000
  0.431209  -0.0000   0.25900000
  0.434683  -0.0000   0.26900000
  0.438145  -0.0000   0.27900000
  0.438536  -0.0000   0.28000000
  0.438908  -0.0000   0.28100000
  0.439243  -0.0000   0.28200000
  0.439744  -0.0000   0.28400000
  0.440246  -0.0000   0.28600000
  0.440749  -0.0000   0.28700000
  0.441504  -0.0000   0.29000000
  0.442636  -0.0000   0.29400000
  0.444332  -0.0000   0.29900000
  0.446871  -0.0000   0.30800000
  0.449824  -0.0000   0.31800000
  0.452769  -0.0000   0.32800000
  0.455705  -0.0000   0.33800000
  0.456777  -0.0000   0.34200000
  0.457839  -0.0000   0.34500000
  0.458177  -0.0000   0.34700000
  0.458512  -0.0000   0.34800000
  0.458848  -0.0000   0.34900000
  0.459352  -0.0000   0.35100000
  0.460110  -0.0000   0.35400000
  0.461247  -0.0000   0.35900000
  0.462951  -0.0000   0.36500000
  0.465476  -0.0000   0.37500000
  0.467996  -0.0000   0.38500000
  0.470510  -0.0000   0.39500000
  0.473019  -0.0000   0.40500000
  0.475521  -0.0000   0.41500000
  0.476171  -0.0000   0.41800000
  0.476820  -0.0000   0.42100000
  0.477181  -0.0000   0.42200000
  0.477540  -0.0000   0.42400000
  0.477899  -0.0000   0.42600000
  0.478260  -0.0000   0.42700000
  0.478801  -0.0000   0.43000000
  0.479613  -0.0000   0.43400000
  0.480830  -0.0000   0.43900000
  0.482655  -0.0000   0.44800000
  0.484822  -0.0000   0.45800000
  0.486985  -0.0000   0.46800000
  0.489145  -0.0000   0.47800000
  0.491299  -0.0000   0.48800000
  0.493450  -0.0000   0.49800000
  0.495596  -0.0000   0.50800000
  0.495956  -0.0000   0.50900000
  0.496291  -0.0000   0.51100000
  0.496625  -0.0000   0.51300000
  0.497128  -0.0000   0.51600000
  0.497883  -0.0000   0.52000000
  0.499016  -0.0000   0.52600000
  0.500713  -0.0000   0.53500000
  0.502587  -0.0000   0.54500000
  0.504458  -0.0000   0.55500000
  0.506325  -0.0000   0.56500000
  0.508190  -0.0000   0.57500000
  0.510051  -0.0000   0.58500000
  0.511909  -0.0000   0.59500000
  0.513763  -0.0000   0.60500000
  0.514534  -0.0000   0.60900000
  0.515103  -0.0000   0.61200000
  0.515638  -0.0000   0.61500000
  0.516174  -0.0000   0.61900000
  0.516711  -0.0000   0.62200000
  0.517248  -0.0000   0.62500000
  0.518054  -0.0000   0.63000000
  0.519262  -0.0000   0.63800000
  0.520889  -0.0000   0.64800000
  0.522515  -0.0000   0.65800000
  0.524138  -0.0000   0.66800000
  0.525759  -0.0000   0.67800000
  0.527377  -0.0000   0.68800000
  0.528993  -0.0000   0.69800000
  0.530607  -0.0000   0.70800000
  0.532218  -0.0000   0.71800000
  0.533827  -0.0000   0.72800000
  0.534165  -0.0000   0.73000000
  0.534497  -0.0000   0.73200000
  0.534830  -0.0000   0.73500000
  0.535330  -0.0000   0.73800000
  0.536081  -0.0000   0.74300000
  0.537208  -0.0000   0.75100000
  0.538630  -0.0000   0.76100000
  0.540051  -0.0000   0.77100000
  0.541470  -0.0000   0.78100000
  0.542887  -0.0000   0.79100000
  0.544302  -0.0000   0.80100000
  0.545715  -0.0000   0.81100000
  0.547127  -0.0000   0.82100000
  0.548537  -0.0000   0.83100000
  0.549945  -0.0000   0.84100000
  0.551351  -0.0000   0.85100000
  0.552755  -0.0000   0.86100000
  0.553131  -0.0000   0.86400000
  0.553491  -0.0000   0.86700000
  0.553852  -0.0000   0.87000000
  0.554395  -0.0000   0.87400000
  0.555210  -0.0000   0.88100000
  0.556432  -0.0000   0.89100000
  0.557680  -0.0000   0.90100000
  0.558925  -0.0000   0.91100000
  0.560170  -0.0000   0.92100000
  0.561413  -0.0000   0.93100000
  0.562655  -0.0000   0.94100000
  0.563895  -0.0000   0.95100000
  0.565134  -0.0000   0.96100000
  0.566371  -0.0000   0.97100000
  0.567608  -0.0000   0.98100000
  0.568843  -0.0000   0.99100000
  0.569980  -0.0000   1.00000000
  0.568536  -0.0000   1.00000000
  0.568536  -0.0000   1.00000000
  0.568536  -0.0000   1.00000000
  0.568536  -0.0000   1.00000000
  0.568536  -0.0000   1.00000000
  0.568535  -0.0000   1.00000000
  0.568533  -0.0000   1.00000000
  0.568530  -0.0000   1.00000000
  0.568523  -0.0000   1.00000000
  0.568510  -0.0000   1.00000000
  0.568484  -0.0000   1.00000000
  0.568434  -0.0000   1.00000000
