  0.000329  -0.0000   0.00000010
  0.000720  -0.0000   0.00000020
  0.001997  -0.0000   0.00000030
  0.004905  -0.0000   0.00000033
  0.007450  -0.0000   0.00000036
  0.007638  -0.0000   0.00000039
  0.007832  -0.0000   0.00000041
  0.008119  -0.0000   0.00000045
  0.008450  -0.0000   0.00000048
  0.008826  -0.0000   0.00000052
  0.009246  -0.0000   0.00000056
  0.009708  -0.0000   0.00000059
  0.010218  -0.0000   0.00000063
  0.010717  -0.0000   0.00000066
  0.011271  -0.0000   0.00000069
  0.011894  -0.0000   0.00000072
  0.012373  -0.0000   0.00000074
  0.012895  -0.0000   0.00000077
  0.013465  -0.0000   0.00000079
  0.014018  -0.0000   0.00000081
  0.014613  -0.0000   0.00000083
  0.015250  -0.0000   0.00000085
  0.015952  -0.0000   0.00000087
  0.016699  -0.0000   0.00000089
  0.017490  -0.0000   0.00000091
  0.018455  -0.0000   0.00000094
  0.019473  -0.0000   0.00000096
  0.019809  -0.0000   0.00000097
  0.020151  -0.0000   0.00000098
  0.020221  -0.0000   0.00000098
  0.020244  -0.0000   0.00000098
  0.020264  -0.0000   0.00000099
  0.020290  -0.0000   0.00000099
  0.020323  -0.0000   0.00000100
  0.020360  -0.0000   0.00000102
  0.020393  -0.0000   0.00000103
  0.020437  -0.0000   0.00000104
  0.020478  -0.0000   0.00000106
  0.020534  -0.0000   0.00000109
  0.020612  -0.0000   0.00000113
  0.020715  -0.0000   0.00000118
  0.020814  -0.0000   0.00000124
  0.020957  -0.0000   0.00000132
  0.021099  -0.0000   0.00000140
  0.021312  -0.0000   0.00000153
  0.021645  -0.0000   0.00000171
  0.022210  -0.0000   0.00000199
  0.022401  -0.0000   0.00000208
  0.022605  -0.0000   0.00000217
  0.022825  -0.0000   0.00000226
  0.023200  -0.0000   0.00000240
  0.023512  -0.0000   0.00000250
  0.023861  -0.0000   0.00000260
  0.024253  -0.0000   0.00000270
  0.024642  -0.0000   0.00000278
  0.025075  -0.0000   0.00000287
  0.025556  -0.0000   0.00000296
  0.025985  -0.0000   0.00000304
  0.026451  -0.0000   0.00000311
  0.026956  -0.0000   0.00000318
  0.027460  -0.0000   0.00000325
  0.028000  -0.0000   0.00000332
  0.028577  -0.0000   0.00000339
  0.029161  -0.0000   0.00000345
  0.029781  -0.0000   0.00000351
  0.030437  -0.0000   0.00000358
  0.031117  -0.0000   0.00000364
  0.031835  -0.0000   0.00000371
  0.032588  -0.0000   0.00000377
  0.033391  -0.0000   0.00000383
  0.034232  -0.0000   0.00000390
  0.035110  -0.0000   0.00000396
  0.036205  -0.0000   0.00000404
  0.037269  -0.0000   0.00000412
  0.037291  -0.0000   0.00000412
  0.037311  -0.0000   0.00000413
  0.037330  -0.0000   0.00000413
  0.037355  -0.0000   0.00000414
  0.037389  -0.0000   0.00000415
  0.037435  -0.0000   0.00000417
  0.037495  -0.0000   0.00000420
  0.037575  -0.0000   0.00000424
  0.037681  -0.0000   0.00000431
  0.037780  -0.0000   0.00000437
  0.037918  -0.0000   0.00000446
  0.038113  -0.0000   0.00000460
  0.038397  -0.0000   0.00000482
  0.038832  -0.0000   0.00000514
  0.039569  -0.0000   0.00000562
  0.039924  -0.0000   0.00000583
  0.040315  -0.0000   0.00000604
  0.040752  -0.0000   0.00000626
  0.041161  -0.0000   0.00000644
  0.041615  -0.0000   0.00000662
  0.042120  -0.0000   0.00000680
  0.042634  -0.0000   0.00000697
  0.043198  -0.0000   0.00000713
  0.043816  -0.0000   0.00000730
  0.044498  -0.0000   0.00000747
  0.045240  -0.0000   0.00000764
  0.046046  -0.0000   0.00000780
  0.046871  -0.0000   0.00000796
  0.047758  -0.0000   0.00000812
  0.048707  -0.0000   0.00000828
  0.049695  -0.0000   0.00000844
  0.050747  -0.0000   0.00000859
  0.051862  -0.0000   0.00000875
  0.053207  -0.0000   0.00000893
  0.054635  -0.0000   0.00000910
  0.054862  -0.0000   0.00000913
  0.055091  -0.0000   0.00000916
  0.055322  -0.0000   0.00000919
  0.055420  -0.0000   0.00000921
  0.055484  -0.0000   0.00000924
  0.055542  -0.0000   0.00000926
  0.055619  -0.0000   0.00000929
  0.055721  -0.0000   0.00000935
  0.055856  -0.0000   0.00000943
  0.056038  -0.0000   0.00000955
  0.056207  -0.0000   0.00000967
  0.056445  -0.0000   0.00000985
  0.056788  -0.0000   0.00001012
  0.057312  -0.0000   0.00001053
  0.057893  -0.0000   0.00001095
  0.058542  -0.0000   0.00001138
  0.059080  -0.0000   0.00001169
  0.059680  -0.0000   0.00001201
  0.060350  -0.0000   0.00001233
  0.061100  -0.0000   0.00001264
  0.061934  -0.0000   0.00001296
  0.062857  -0.0000   0.00001328
  0.063876  -0.0000   0.00001359
  0.064993  -0.0000   0.00001391
  0.066010  -0.0000   0.00001418
  0.067103  -0.0000   0.00001444
  0.068273  -0.0000   0.00001471
  0.069522  -0.0000   0.00001498
  0.070852  -0.0000   0.00001525
  0.072265  -0.0000   0.00001551
  0.072880  -0.0000   0.00001563
  0.073427  -0.0000   0.00001574
  0.073509  -0.0000   0.00001578
  0.073582  -0.0000   0.00001581
  0.073650  -0.0000   0.00001585
  0.073743  -0.0000   0.00001590
  0.073869  -0.0000   0.00001598
  0.074040  -0.0000   0.00001609
  0.074274  -0.0000   0.00001627
  0.074599  -0.0000   0.00001654
  0.075069  -0.0000   0.00001693
  0.075798  -0.0000   0.00001753
  0.076271  -0.0000   0.00001790
  0.076777  -0.0000   0.00001826
  0.077326  -0.0000   0.00001863
  0.077911  -0.0000   0.00001899
  0.078549  -0.0000   0.00001935
  0.079245  -0.0000   0.00001971
  0.080096  -0.0000   0.00002011
  0.081027  -0.0000   0.00002051
  0.082041  -0.0000   0.00002091
  0.083141  -0.0000   0.00002131
  0.084330  -0.0000   0.00002171
  0.085610  -0.0000   0.00002212
  0.086984  -0.0000   0.00002252
  0.088454  -0.0000   0.00002292
  0.090022  -0.0000   0.00002332
  0.090818  -0.0000   0.00002352
  0.091224  -0.0000   0.00002362
  0.091395  -0.0000   0.00002368
  0.091511  -0.0000   0.00002374
  0.091617  -0.0000   0.00002380
  0.091760  -0.0000   0.00002390
  0.091893  -0.0000   0.00002399
  0.092077  -0.0000   0.00002413
  0.092332  -0.0000   0.00002434
  0.092692  -0.0000   0.00002466
  0.093220  -0.0000   0.00002514
  0.094045  -0.0000   0.00002585
  0.094671  -0.0000   0.00002636
  0.095349  -0.0000   0.00002687
  0.096089  -0.0000   0.00002737
  0.096898  -0.0000   0.00002788
  0.097780  -0.0000   0.00002839
  0.098741  -0.0000   0.00002890
  0.099782  -0.0000   0.00002940
  0.101051  -0.0000   0.00002997
  0.102429  -0.0000   0.00003054
  0.103666  -0.0000   0.00003102
  0.104984  -0.0000   0.00003150
  0.106383  -0.0000   0.00003198
  0.107865  -0.0000   0.00003246
  0.109348  -0.0000   0.00003293
  0.109434  -0.0000   0.00003298
  0.109514  -0.0000   0.00003303
  0.109589  -0.0000   0.00003308
  0.109694  -0.0000   0.00003315
  0.109840  -0.0000   0.00003326
  0.110041  -0.0000   0.00003342
  0.110321  -0.0000   0.00003366
  0.110715  -0.0000   0.00003403
  0.111290  -0.0000   0.00003458
  0.112186  -0.0000   0.00003540
  0.112805  -0.0000   0.00003594
  0.113466  -0.0000   0.00003647
  0.114177  -0.0000   0.00003701
  0.115006  -0.0000   0.00003759
  0.115901  -0.0000   0.00003817
  0.116866  -0.0000   0.00003875
  0.118109  -0.0000   0.00003944
  0.119455  -0.0000   0.00004013
  0.120906  -0.0000   0.00004081
  0.122465  -0.0000   0.00004150
  0.124134  -0.0000   0.00004219
  0.125585  -0.0000   0.00004275
  0.127113  -0.0000   0.00004332
  0.127286  -0.0000   0.00004338
  0.127401  -0.0000   0.00004345
  0.127497  -0.0000   0.00004351
  0.127631  -0.0000   0.00004361
  0.127814  -0.0000   0.00004375
  0.128064  -0.0000   0.00004397
  0.128411  -0.0000   0.00004429
  0.128742  -0.0000   0.00004461
  0.129225  -0.0000   0.00004510
  0.129962  -0.0000   0.00004583
  0.130537  -0.0000   0.00004638
  0.131142  -0.0000   0.00004693
  0.131782  -0.0000   0.00004747
  0.132582  -0.0000   0.00004811
  0.133438  -0.0000   0.00004875
  0.134354  -0.0000   0.00004939
  0.135625  -0.0000   0.00005021
  0.136997  -0.0000   0.00005103
  0.138473  -0.0000   0.00005185
  0.140055  -0.0000   0.00005267
  0.141745  -0.0000   0.00005349
  0.143544  -0.0000   0.00005431
  0.145363  -0.0000   0.00005513
  0.145464  -0.0000   0.00005520
  0.145559  -0.0000   0.00005527
  0.145649  -0.0000   0.00005534
  0.145776  -0.0000   0.00005544
  0.145955  -0.0000   0.00005560
  0.146206  -0.0000   0.00005584
  0.146559  -0.0000   0.00005620
  0.147068  -0.0000   0.00005673
  0.147831  -0.0000   0.00005754
  0.148404  -0.0000   0.00005812
  0.149002  -0.0000   0.00005871
  0.149629  -0.0000   0.00005930
  0.150443  -0.0000   0.00006001
  0.151311  -0.0000   0.00006073
  0.152235  -0.0000   0.00006144
  0.153463  -0.0000   0.00006233
  0.154780  -0.0000   0.00006321
  0.156186  -0.0000   0.00006410
  0.157684  -0.0000   0.00006498
  0.159273  -0.0000   0.00006587
  0.160956  -0.0000   0.00006675
  0.162733  -0.0000   0.00006764
  0.162959  -0.0000   0.00006775
  0.163186  -0.0000   0.00006786
  0.163375  -0.0000   0.00006797
  0.163580  -0.0000   0.00006814
  0.163769  -0.0000   0.00006830
  0.163947  -0.0000   0.00006847
  0.164118  -0.0000   0.00006864
  0.164361  -0.0000   0.00006889
  0.164710  -0.0000   0.00006927
  0.165218  -0.0000   0.00006983
  0.165989  -0.0000   0.00007068
  0.166584  -0.0000   0.00007132
  0.167204  -0.0000   0.00007195
  0.167852  -0.0000   0.00007259
  0.168896  -0.0000   0.00007354
  0.170014  -0.0000   0.00007449
  0.171209  -0.0000   0.00007545
  0.172482  -0.0000   0.00007640
  0.173834  -0.0000   0.00007735
  0.175562  -0.0000   0.00007849
  0.177404  -0.0000   0.00007963
  0.179050  -0.0000   0.00008060
  0.180780  -0.0000   0.00008156
  0.180997  -0.0000   0.00008168
  0.181215  -0.0000   0.00008180
  0.181370  -0.0000   0.00008192
  0.181571  -0.0000   0.00008210
  0.181845  -0.0000   0.00008237
  0.182104  -0.0000   0.00008265
  0.182351  -0.0000   0.00008292
  0.182706  -0.0000   0.00008332
  0.183228  -0.0000   0.00008393
  0.184020  -0.0000   0.00008484
  0.184609  -0.0000   0.00008550
  0.185219  -0.0000   0.00008617
  0.185855  -0.0000   0.00008683
  0.186871  -0.0000   0.00008782
  0.187950  -0.0000   0.00008881
  0.189096  -0.0000   0.00008980
  0.190307  -0.0000   0.00009079
  0.191586  -0.0000   0.00009178
  0.193086  -0.0000   0.00009288
  0.194669  -0.0000   0.00009398
  0.196336  -0.0000   0.00009508
  0.198369  -0.0000   0.00009634
  0.198644  -0.0000   0.00009651
  0.198921  -0.0000   0.00009668
  0.199200  -0.0000   0.00009685
  0.199415  -0.0000   0.00009703
  0.199601  -0.0000   0.00009721
  0.199777  -0.0000   0.00009739
  0.200025  -0.0000   0.00009766
  0.200376  -0.0000   0.00009806
  0.200880  -0.0000   0.00009867
  0.201625  -0.0000   0.00009957
  0.202371  -0.0000   0.00010060
  0.203060  -0.0000   0.00010150
  0.203743  -0.0000   0.00010250
  0.204679  -0.0000   0.00010390
  0.205609  -0.0000   0.00010520
  0.206989  -0.0000   0.00010730
  0.208352  -0.0000   0.00010930
  0.210358  -0.0000   0.00011240
  0.213276  -0.0000   0.00011700
  0.216106  -0.0000   0.00012150
  0.216261  -0.0000   0.00012180
  0.216390  -0.0000   0.00012200
  0.216492  -0.0000   0.00012230
  0.216635  -0.0000   0.00012270
  0.216832  -0.0000   0.00012320
  0.217101  -0.0000   0.00012410
  0.217470  -0.0000   0.00012540
  0.217984  -0.0000   0.00012730
  0.218717  -0.0000   0.00013010
  0.219421  -0.0000   0.00013290
  0.220122  -0.0000   0.00013570
  0.220823  -0.0000   0.00013850
  0.221778  -0.0000   0.00014230
  0.222730  -0.0000   0.00014610
  0.224148  -0.0000   0.00015180
  0.226246  -0.0000   0.00016040
  0.229314  -0.0000   0.00017330
  0.232299  -0.0000   0.00018610
  0.232486  -0.0000   0.00018690
  0.232673  -0.0000   0.00018770
  0.232859  -0.0000   0.00018850
  0.233135  -0.0000   0.00018970
  0.233273  -0.0000   0.00019060
  0.233400  -0.0000   0.00019150
  0.233521  -0.0000   0.00019240
  0.233690  -0.0000   0.00019370
  0.233925  -0.0000   0.00019560
  0.234254  -0.0000   0.00019860
  0.234719  -0.0000   0.00020300
  0.235395  -0.0000   0.00020970
  0.236029  -0.0000   0.00021600
  0.236664  -0.0000   0.00022230
  0.237301  -0.0000   0.00022860
  0.238256  -0.0000   0.00023800
  0.239211  -0.0000   0.00024740
  0.240634  -0.0000   0.00026160
  0.242744  -0.0000   0.00028280
  0.245837  -0.0000   0.00031470
  0.248854  -0.0000   0.00034660
  0.249049  -0.0000   0.00034860
  0.249243  -0.0000   0.00035070
  0.249437  -0.0000   0.00035270
  0.249728  -0.0000   0.00035580
  0.249912  -0.0000   0.00035840
  0.250067  -0.0000   0.00036100
  0.250211  -0.0000   0.00036360
  0.250412  -0.0000   0.00036740
  0.250692  -0.0000   0.00037320
  0.251088  -0.0000   0.00038190
  0.251661  -0.0000   0.00039500
  0.252281  -0.0000   0.00040920
  0.252902  -0.0000   0.00042340
  0.253526  -0.0000   0.00043760
  0.254422  -0.0000   0.00045800
  0.255318  -0.0000   0.00047840
  0.256658  -0.0000   0.00050900
  0.258647  -0.0000   0.00055490
  0.261575  -0.0000   0.00062380
  0.264441  -0.0000   0.00069270
  0.264844  -0.0000   0.00070240
  0.265246  -0.0000   0.00071210
  0.265647  -0.0000   0.00072190
  0.266245  -0.0000   0.00073650
  0.266434  -0.0000   0.00074140
  0.266572  -0.0000   0.00074630
  0.266701  -0.0000   0.00075130
  0.266879  -0.0000   0.00075870
  0.267048  -0.0000   0.00076610
  0.267287  -0.0000   0.00077720
  0.267629  -0.0000   0.00079380
  0.268131  -0.0000   0.00081880
  0.268765  -0.0000   0.00085050
  0.269402  -0.0000   0.00088220
  0.270042  -0.0000   0.00091400
  0.270684  -0.0000   0.00094570
  0.271648  -0.0000   0.00099330
  0.273087  -0.0000   0.00106500
  0.275225  -0.0000   0.00117200
  0.278370  -0.0000   0.00133200
  0.281448  -0.0000   0.00149300
  0.281708  -0.0000   0.00150700
  0.281968  -0.0000   0.00152000
  0.282227  -0.0000   0.00153400
  0.282615  -0.0000   0.00155400
  0.283046  -0.0000   0.00157900
  0.283208  -0.0000   0.00159200
  0.283358  -0.0000   0.00160400
  0.283500  -0.0000   0.00161700
  0.283701  -0.0000   0.00163600
  0.283987  -0.0000   0.00166500
  0.284404  -0.0000   0.00170800
  0.285025  -0.0000   0.00177200
  0.285650  -0.0000   0.00183600
  0.286278  -0.0000   0.00190100
  0.286908  -0.0000   0.00196500
  0.287855  -0.0000   0.00206100
  0.289271  -0.0000   0.00220600
  0.291377  -0.0000   0.00242300
  0.294481  -0.0000   0.00274900
  0.297523  -0.0000   0.00307500
  0.297907  -0.0000   0.00311600
  0.298290  -0.0000   0.00315700
  0.298672  -0.0000   0.00319800
  0.299241  -0.0000   0.00326000
  0.299493  -0.0000   0.00328700
  0.299685  -0.0000   0.00331500
  0.299849  -0.0000   0.00334200
  0.300073  -0.0000   0.00338300
  0.300286  -0.0000   0.00342400
  0.300592  -0.0000   0.00348500
  0.301043  -0.0000   0.00357700
  0.301721  -0.0000   0.00371600
  0.302404  -0.0000   0.00385400
  0.303090  -0.0000   0.00399200
  0.303778  -0.0000   0.00413100
  0.304809  -0.0000   0.00433800
  0.306350  -0.0000   0.00464900
  0.308636  -0.0000   0.00511600
  0.311290  -0.0000   0.00566600
  0.313901  -0.0000   0.00621600
  0.314751  -0.0000   0.00639600
  0.315596  -0.0000   0.00657600
  0.316000  -0.0000   0.00666300
  0.316225  -0.0000   0.00672100
  0.316404  -0.0000   0.00677900
  0.316571  -0.0000   0.00683700
  0.316806  -0.0000   0.00692400
  0.317034  -0.0000   0.00701100
  0.317370  -0.0000   0.00714100
  0.317874  -0.0000   0.00733700
  0.318636  -0.0000   0.00763000
  0.319403  -0.0000   0.00792400
  0.320173  -0.0000   0.00821700
  0.320943  -0.0000   0.00851100
  0.322094  -0.0000   0.00895100
  0.323811  -0.0000   0.00961200
  0.326353  -0.0000   0.01060000
  0.328945  -0.0000   0.01163000
  0.331495  -0.0000   0.01265000
  0.331754  -0.0000   0.01276000
  0.332013  -0.0000   0.01286000
  0.332271  -0.0000   0.01297000
  0.332658  -0.0000   0.01312000
  0.332816  -0.0000   0.01320000
  0.332950  -0.0000   0.01328000
  0.333077  -0.0000   0.01336000
  0.333257  -0.0000   0.01348000
  0.333516  -0.0000   0.01367000
  0.333896  -0.0000   0.01394000
  0.334468  -0.0000   0.01434000
  0.335046  -0.0000   0.01475000
  0.335626  -0.0000   0.01516000
  0.336209  -0.0000   0.01557000
  0.337083  -0.0000   0.01618000
  0.338392  -0.0000   0.01709000
  0.340342  -0.0000   0.01847000
  0.343225  -0.0000   0.02053000
  0.346063  -0.0000   0.02259000
  0.348853  -0.0000   0.02465000
  0.349026  -0.0000   0.02478000
  0.349199  -0.0000   0.02491000
  0.349353  -0.0000   0.02504000
  0.349532  -0.0000   0.02523000
  0.349775  -0.0000   0.02552000
  0.350008  -0.0000   0.02581000
  0.350236  -0.0000   0.02610000
  0.350577  -0.0000   0.02653000
  0.351093  -0.0000   0.02718000
  0.351803  -0.0000   0.02807000
  0.352517  -0.0000   0.02895000
  0.353233  -0.0000   0.02984000
  0.354305  -0.0000   0.03117000
  0.355905  -0.0000   0.03317000
  0.358281  -0.0000   0.03616000
  0.360892  -0.0000   0.03949000
  0.363464  -0.0000   0.04283000
  0.365965  -0.0000   0.04616000
  0.366089  -0.0000   0.04638000
  0.366206  -0.0000   0.04661000
  0.366316  -0.0000   0.04683000
  0.366475  -0.0000   0.04717000
  0.366707  -0.0000   0.04768000
  0.367051  -0.0000   0.04843000
  0.367571  -0.0000   0.04957000
  0.368096  -0.0000   0.05071000
  0.368623  -0.0000   0.05185000
  0.369153  -0.0000   0.05298000
  0.369949  -0.0000   0.05469000
  0.371142  -0.0000   0.05725000
  0.372922  -0.0000   0.06109000
  0.375563  -0.0000   0.06685000
  0.378497  -0.0000   0.07334000
  0.381383  -0.0000   0.07982000
  0.381622  -0.0000   0.08036000
  0.381860  -0.0000   0.08090000
  0.382098  -0.0000   0.08143000
  0.382453  -0.0000   0.08224000
  0.382658  -0.0000   0.08277000
  0.382821  -0.0000   0.08330000
  0.382973  -0.0000   0.08382000
  0.383192  -0.0000   0.08462000
  0.383407  -0.0000   0.08541000
  0.383729  -0.0000   0.08660000
  0.384217  -0.0000   0.08838000
  0.384906  -0.0000   0.09087000
  0.385598  -0.0000   0.09337000
  0.386292  -0.0000   0.09586000
  0.387331  -0.0000   0.10000000
  0.388883  -0.0000   0.10500000
  0.391191  -0.0000   0.11400000
  0.393897  -0.0000   0.12400000
  0.396565  -0.0000   0.13400000
  0.399166  -0.0000   0.14400000
  0.399293  -0.0000   0.14400000
  0.399411  -0.0000   0.14500000
  0.399524  -0.0000   0.14600000
  0.399687  -0.0000   0.14700000
  0.399928  -0.0000   0.14800000
  0.400289  -0.0000   0.15000000
  0.400838  -0.0000   0.15400000
  0.401390  -0.0000   0.15700000
  0.401946  -0.0000   0.16000000
  0.402781  -0.0000   0.16500000
  0.404033  -0.0000   0.17300000
  0.405711  -0.0000   0.18300000
  0.407380  -0.0000   0.19300000
  0.409037  -0.0000   0.20300000
  0.410682  -0.0000   0.21300000
  0.412313  -0.0000   0.22300000
  0.413930  -0.0000   0.23300000
  0.415532  -0.0000   0.24300000
  0.415732  -0.0000   0.24400000
  0.415926  -0.0000   0.24500000
  0.416073  -0.0000   0.24600000
  0.416274  -0.0000   0.24800000
  0.416468  -0.0000   0.25000000
  0.416661  -0.0000   0.25200000
  0.416950  -0.0000   0.25500000
  0.417388  -0.0000   0.25900000
  0.418050  -0.0000   0.26500000
  0.418716  -0.0000   0.27200000
  0.419382  -0.0000   0.27800000
  0.420382  -0.0000   0.28700000
  0.421429  -0.0000   0.29700000
  0.422474  -0.0000   0.30700000
  0.423514  -0.0000   0.31700000
  0.424550  -0.0000   0.32700000
  0.425581  -0.0000   0.33700000
  0.426607  -0.0000   0.34700000
  0.427628  -0.0000   0.35700000
  0.428644  -0.0000   0.36700000
  0.429654  -0.0000   0.37700000
  0.430659  -0.0000   0.38700000
  0.431659  -0.0000   0.39700000
  0.432417  -0.0000   0.40500000
  0.432564  -0.0000   0.40700000
  0.432693  -0.0000   0.40900000
  0.432816  -0.0000   0.41100000
  0.432995  -0.0000   0.41300000
  0.433262  -0.0000   0.41700000
  0.433665  -0.0000   0.42400000
  0.434276  -0.0000   0.43300000
  0.434890  -0.0000   0.44200000
  0.435506  -0.0000   0.45100000
  0.436172  -0.0000   0.46100000
  0.436838  -0.0000   0.47100000
  0.437502  -0.0000   0.48100000
  0.438165  -0.0000   0.49100000
  0.438827  -0.0000   0.50100000
  0.439487  -0.0000   0.51100000
  0.440145  -0.0000   0.52100000
  0.440801  -0.0000   0.53100000
  0.441456  -0.0000   0.54100000
  0.442109  -0.0000   0.55100000
  0.442760  -0.0000   0.56100000
  0.443408  -0.0000   0.57100000
  0.444055  -0.0000   0.58100000
  0.444700  -0.0000   0.59100000
  0.445343  -0.0000   0.60100000
  0.445983  -0.0000   0.61100000
  0.446622  -0.0000   0.62100000
  0.447258  -0.0000   0.63100000
  0.447892  -0.0000   0.64100000
  0.448524  -0.0000   0.65100000
  0.449154  -0.0000   0.66100000
  0.449323  -0.0000   0.66500000
  0.449465  -0.0000   0.66800000
  0.449601  -0.0000   0.67100000
  0.449800  -0.0000   0.67600000
  0.450098  -0.0000   0.68300000
  0.450520  -0.0000   0.69300000
  0.450946  -0.0000   0.70300000
  0.451374  -0.0000   0.71300000
  0.451803  -0.0000   0.72300000
  0.452232  -0.0000   0.73300000
  0.452662  -0.0000   0.74300000
  0.453091  -0.0000   0.75300000
  0.453520  -0.0000   0.76300000
  0.453949  -0.0000   0.77300000
  0.454377  -0.0000   0.78300000
  0.454805  -0.0000   0.79300000
  0.455232  -0.0000   0.80300000
  0.455658  -0.0000   0.81300000
  0.456084  -0.0000   0.82300000
  0.456509  -0.0000   0.83300000
  0.456933  -0.0000   0.84300000
  0.457356  -0.0000   0.85300000
  0.457779  -0.0000   0.86300000
  0.458201  -0.0000   0.87300000
  0.458622  -0.0000   0.88300000
  0.459043  -0.0000   0.89300000
  0.459462  -0.0000   0.90300000
  0.459881  -0.0000   0.91300000
  0.460299  -0.0000   0.92300000
  0.460716  -0.0000   0.93300000
  0.461133  -0.0000   0.94300000
  0.461548  -0.0000   0.95300000
  0.461963  -0.0000   0.96300000
  0.462376  -0.0000   0.97300000
  0.462789  -0.0000   0.98300000
  0.463201  -0.0000   0.99300000
  0.463500  -0.0000   1.00000000
  0.458686  -0.0000   1.00000000
  0.458686  -0.0000   1.00000000
  0.458685  -0.0000   1.00000000
  0.458685  -0.0000   1.00000000
  0.458683  -0.0000   1.00000000
  0.458679  -0.0000   1.00000000
  0.458672  -0.0000   1.00000000
  0.458658  -0.0000   1.00000000
  0.458630  -0.0000   1.00000000
  0.458574  -0.0000   1.00000000
  0.458461  -0.0000   1.00000000
  0.458246  -0.0000   1.00000000
