  0.000172  -0.0000   0.00000010
  0.000384  -0.0000   0.00000020
  0.001079  -0.0000   0.00000030
  0.003735  -0.0000   0.00000035
  0.006770  -0.0000   0.00000036
  0.006861  -0.0000   0.00000037
  0.006925  -0.0000   0.00000039
  0.007032  -0.0000   0.00000041
  0.007219  -0.0000   0.00000045
  0.007501  -0.0000   0.00000050
  0.007836  -0.0000   0.00000055
  0.008233  -0.0000   0.00000060
  0.008570  -0.0000   0.00000064
  0.008958  -0.0000   0.00000068
  0.009406  -0.0000   0.00000072
  0.009831  -0.0000   0.00000075
  0.010310  -0.0000   0.00000078
  0.010846  -0.0000   0.00000081
  0.011443  -0.0000   0.00000084
  0.012103  -0.0000   0.00000087
  0.012827  -0.0000   0.00000090
  0.013614  -0.0000   0.00000094
  0.014464  -0.0000   0.00000097
  0.015374  -0.0000   0.00000100
  0.016342  -0.0000   0.00000103
  0.017365  -0.0000   0.00000106
  0.018439  -0.0000   0.00000109
  0.019560  -0.0000   0.00000112
  0.019696  -0.0000   0.00000113
  0.019832  -0.0000   0.00000113
  0.019969  -0.0000   0.00000113
  0.020029  -0.0000   0.00000114
  0.020052  -0.0000   0.00000115
  0.020071  -0.0000   0.00000115
  0.020088  -0.0000   0.00000116
  0.020110  -0.0000   0.00000117
  0.020137  -0.0000   0.00000118
  0.020173  -0.0000   0.00000120
  0.020212  -0.0000   0.00000122
  0.020248  -0.0000   0.00000125
  0.020298  -0.0000   0.00000128
  0.020367  -0.0000   0.00000134
  0.020464  -0.0000   0.00000142
  0.020560  -0.0000   0.00000150
  0.020704  -0.0000   0.00000162
  0.020935  -0.0000   0.00000181
  0.021358  -0.0000   0.00000209
  0.021578  -0.0000   0.00000221
  0.021833  -0.0000   0.00000234
  0.022129  -0.0000   0.00000247
  0.022438  -0.0000   0.00000259
  0.022794  -0.0000   0.00000270
  0.023201  -0.0000   0.00000282
  0.023567  -0.0000   0.00000292
  0.023973  -0.0000   0.00000301
  0.024421  -0.0000   0.00000310
  0.024860  -0.0000   0.00000319
  0.025337  -0.0000   0.00000327
  0.025854  -0.0000   0.00000336
  0.026370  -0.0000   0.00000344
  0.026922  -0.0000   0.00000352
  0.027513  -0.0000   0.00000359
  0.028121  -0.0000   0.00000367
  0.028766  -0.0000   0.00000375
  0.029449  -0.0000   0.00000382
  0.030170  -0.0000   0.00000390
  0.030930  -0.0000   0.00000398
  0.031728  -0.0000   0.00000405
  0.032589  -0.0000   0.00000413
  0.033491  -0.0000   0.00000421
  0.034434  -0.0000   0.00000429
  0.035578  -0.0000   0.00000438
  0.036684  -0.0000   0.00000447
  0.036706  -0.0000   0.00000448
  0.036725  -0.0000   0.00000448
  0.036742  -0.0000   0.00000449
  0.036766  -0.0000   0.00000450
  0.036797  -0.0000   0.00000451
  0.036838  -0.0000   0.00000453
  0.036892  -0.0000   0.00000456
  0.036963  -0.0000   0.00000461
  0.037058  -0.0000   0.00000468
  0.037188  -0.0000   0.00000478
  0.037370  -0.0000   0.00000493
  0.037551  -0.0000   0.00000509
  0.037836  -0.0000   0.00000532
  0.038329  -0.0000   0.00000567
  0.038693  -0.0000   0.00000590
  0.039107  -0.0000   0.00000612
  0.039577  -0.0000   0.00000635
  0.040095  -0.0000   0.00000657
  0.040676  -0.0000   0.00000680
  0.041325  -0.0000   0.00000702
  0.042018  -0.0000   0.00000723
  0.042783  -0.0000   0.00000744
  0.043622  -0.0000   0.00000766
  0.044540  -0.0000   0.00000787
  0.045540  -0.0000   0.00000808
  0.046625  -0.0000   0.00000829
  0.047798  -0.0000   0.00000851
  0.049062  -0.0000   0.00000872
  0.050202  -0.0000   0.00000890
  0.051410  -0.0000   0.00000908
  0.052687  -0.0000   0.00000926
  0.054032  -0.0000   0.00000945
  0.054202  -0.0000   0.00000947
  0.054372  -0.0000   0.00000949
  0.054520  -0.0000   0.00000951
  0.054592  -0.0000   0.00000954
  0.054653  -0.0000   0.00000957
  0.054708  -0.0000   0.00000960
  0.054759  -0.0000   0.00000963
  0.054828  -0.0000   0.00000967
  0.054922  -0.0000   0.00000973
  0.055050  -0.0000   0.00000982
  0.055229  -0.0000   0.00000996
  0.055490  -0.0000   0.00001018
  0.055895  -0.0000   0.00001049
  0.056335  -0.0000   0.00001081
  0.056825  -0.0000   0.00001113
  0.057371  -0.0000   0.00001144
  0.058146  -0.0000   0.00001184
  0.059022  -0.0000   0.00001223
  0.060006  -0.0000   0.00001263
  0.060888  -0.0000   0.00001295
  0.061848  -0.0000   0.00001328
  0.062891  -0.0000   0.00001360
  0.064019  -0.0000   0.00001392
  0.065236  -0.0000   0.00001425
  0.066544  -0.0000   0.00001457
  0.067946  -0.0000   0.00001489
  0.069444  -0.0000   0.00001522
  0.071039  -0.0000   0.00001554
  0.071523  -0.0000   0.00001563
  0.072015  -0.0000   0.00001573
  0.072262  -0.0000   0.00001579
  0.072359  -0.0000   0.00001583
  0.072443  -0.0000   0.00001588
  0.072520  -0.0000   0.00001592
  0.072591  -0.0000   0.00001597
  0.072689  -0.0000   0.00001604
  0.072825  -0.0000   0.00001614
  0.073018  -0.0000   0.00001629
  0.073297  -0.0000   0.00001652
  0.073727  -0.0000   0.00001687
  0.074256  -0.0000   0.00001726
  0.074836  -0.0000   0.00001766
  0.075471  -0.0000   0.00001805
  0.076300  -0.0000   0.00001852
  0.077214  -0.0000   0.00001898
  0.078215  -0.0000   0.00001945
  0.079306  -0.0000   0.00001991
  0.080492  -0.0000   0.00002038
  0.081774  -0.0000   0.00002084
  0.083158  -0.0000   0.00002131
  0.084645  -0.0000   0.00002177
  0.086239  -0.0000   0.00002224
  0.087659  -0.0000   0.00002263
  0.089157  -0.0000   0.00002302
  0.089423  -0.0000   0.00002309
  0.089692  -0.0000   0.00002316
  0.089945  -0.0000   0.00002323
  0.090046  -0.0000   0.00002328
  0.090136  -0.0000   0.00002333
  0.090218  -0.0000   0.00002339
  0.090331  -0.0000   0.00002347
  0.090487  -0.0000   0.00002359
  0.090706  -0.0000   0.00002376
  0.091022  -0.0000   0.00002403
  0.091507  -0.0000   0.00002443
  0.092044  -0.0000   0.00002485
  0.092621  -0.0000   0.00002527
  0.093240  -0.0000   0.00002569
  0.094155  -0.0000   0.00002626
  0.095151  -0.0000   0.00002682
  0.096231  -0.0000   0.00002739
  0.097396  -0.0000   0.00002795
  0.098853  -0.0000   0.00002860
  0.100148  -0.0000   0.00002914
  0.101530  -0.0000   0.00002968
  0.102999  -0.0000   0.00003022
  0.104558  -0.0000   0.00003076
  0.106207  -0.0000   0.00003130
  0.107824  -0.0000   0.00003184
  0.107911  -0.0000   0.00003189
  0.107991  -0.0000   0.00003194
  0.108066  -0.0000   0.00003199
  0.108170  -0.0000   0.00003207
  0.108315  -0.0000   0.00003218
  0.108518  -0.0000   0.00003235
  0.108812  -0.0000   0.00003261
  0.109253  -0.0000   0.00003299
  0.109954  -0.0000   0.00003356
  0.110710  -0.0000   0.00003413
  0.111525  -0.0000   0.00003470
  0.112400  -0.0000   0.00003528
  0.113335  -0.0000   0.00003585
  0.114705  -0.0000   0.00003662
  0.116187  -0.0000   0.00003739
  0.117785  -0.0000   0.00003816
  0.119501  -0.0000   0.00003893
  0.121013  -0.0000   0.00003957
  0.122610  -0.0000   0.00004022
  0.124293  -0.0000   0.00004086
  0.124740  -0.0000   0.00004103
  0.125193  -0.0000   0.00004119
  0.125609  -0.0000   0.00004136
  0.125730  -0.0000   0.00004144
  0.125841  -0.0000   0.00004152
  0.125945  -0.0000   0.00004160
  0.126090  -0.0000   0.00004172
  0.126296  -0.0000   0.00004190
  0.126592  -0.0000   0.00004216
  0.127036  -0.0000   0.00004256
  0.127735  -0.0000   0.00004316
  0.128480  -0.0000   0.00004376
  0.129273  -0.0000   0.00004436
  0.130115  -0.0000   0.00004496
  0.131005  -0.0000   0.00004556
  0.132449  -0.0000   0.00004646
  0.134002  -0.0000   0.00004736
  0.135668  -0.0000   0.00004826
  0.137449  -0.0000   0.00004916
  0.139346  -0.0000   0.00005005
  0.141363  -0.0000   0.00005095
  0.143413  -0.0000   0.00005185
  0.143514  -0.0000   0.00005192
  0.143608  -0.0000   0.00005199
  0.143696  -0.0000   0.00005206
  0.143822  -0.0000   0.00005217
  0.143998  -0.0000   0.00005232
  0.144251  -0.0000   0.00005255
  0.144623  -0.0000   0.00005291
  0.145193  -0.0000   0.00005343
  0.145774  -0.0000   0.00005395
  0.146383  -0.0000   0.00005446
  0.147020  -0.0000   0.00005498
  0.148038  -0.0000   0.00005575
  0.149118  -0.0000   0.00005652
  0.150778  -0.0000   0.00005762
  0.152563  -0.0000   0.00005872
  0.154154  -0.0000   0.00005964
  0.155837  -0.0000   0.00006056
  0.157613  -0.0000   0.00006149
  0.159481  -0.0000   0.00006241
  0.161315  -0.0000   0.00006333
  0.161431  -0.0000   0.00006342
  0.161540  -0.0000   0.00006351
  0.161643  -0.0000   0.00006360
  0.161790  -0.0000   0.00006373
  0.161999  -0.0000   0.00006392
  0.162303  -0.0000   0.00006422
  0.162759  -0.0000   0.00006466
  0.163468  -0.0000   0.00006532
  0.164214  -0.0000   0.00006599
  0.164997  -0.0000   0.00006665
  0.165817  -0.0000   0.00006731
  0.166673  -0.0000   0.00006797
  0.168037  -0.0000   0.00006897
  0.169420  -0.0000   0.00006992
  0.170877  -0.0000   0.00007088
  0.172409  -0.0000   0.00007183
  0.174076  -0.0000   0.00007282
  0.175825  -0.0000   0.00007381
  0.177656  -0.0000   0.00007479
  0.178028  -0.0000   0.00007499
  0.178402  -0.0000   0.00007519
  0.178780  -0.0000   0.00007539
  0.179052  -0.0000   0.00007555
  0.179248  -0.0000   0.00007572
  0.179429  -0.0000   0.00007588
  0.179684  -0.0000   0.00007613
  0.179931  -0.0000   0.00007638
  0.180296  -0.0000   0.00007675
  0.180855  -0.0000   0.00007730
  0.181513  -0.0000   0.00007793
  0.182198  -0.0000   0.00007856
  0.182911  -0.0000   0.00007919
  0.184026  -0.0000   0.00008012
  0.185197  -0.0000   0.00008106
  0.187080  -0.0000   0.00008246
  0.189088  -0.0000   0.00008386
  0.191225  -0.0000   0.00008526
  0.193114  -0.0000   0.00008644
  0.195095  -0.0000   0.00008761
  0.196184  -0.0000   0.00008825
  0.196568  -0.0000   0.00008847
  0.196891  -0.0000   0.00008869
  0.197132  -0.0000   0.00008891
  0.197358  -0.0000   0.00008913
  0.197574  -0.0000   0.00008935
  0.197786  -0.0000   0.00008957
  0.198101  -0.0000   0.00008990
  0.198581  -0.0000   0.00009040
  0.199329  -0.0000   0.00009115
  0.200108  -0.0000   0.00009189
  0.200920  -0.0000   0.00009264
  0.201762  -0.0000   0.00009338
  0.203092  -0.0000   0.00009450
  0.204785  -0.0000   0.00009585
  0.206574  -0.0000   0.00009719
  0.208458  -0.0000   0.00009854
  0.210711  -0.0000   0.00010010
  0.212838  -0.0000   0.00010160
  0.213533  -0.0000   0.00010210
  0.214223  -0.0000   0.00010260
  0.214544  -0.0000   0.00010280
  0.214730  -0.0000   0.00010310
  0.214902  -0.0000   0.00010330
  0.215064  -0.0000   0.00010350
  0.215221  -0.0000   0.00010370
  0.215446  -0.0000   0.00010400
  0.215776  -0.0000   0.00010440
  0.216266  -0.0000   0.00010510
  0.217002  -0.0000   0.00010620
  0.217742  -0.0000   0.00010720
  0.218483  -0.0000   0.00010820
  0.219225  -0.0000   0.00010930
  0.220335  -0.0000   0.00011080
  0.221991  -0.0000   0.00011320
  0.224446  -0.0000   0.00011670
  0.228057  -0.0000   0.00012190
  0.231590  -0.0000   0.00012720
  0.231759  -0.0000   0.00012740
  0.231892  -0.0000   0.00012770
  0.232005  -0.0000   0.00012790
  0.232164  -0.0000   0.00012830
  0.232387  -0.0000   0.00012890
  0.232705  -0.0000   0.00012970
  0.233172  -0.0000   0.00013100
  0.233873  -0.0000   0.00013290
  0.234579  -0.0000   0.00013480
  0.235288  -0.0000   0.00013670
  0.235998  -0.0000   0.00013870
  0.237064  -0.0000   0.00014150
  0.238655  -0.0000   0.00014580
  0.241020  -0.0000   0.00015230
  0.244508  -0.0000   0.00016190
  0.247931  -0.0000   0.00017160
  0.248153  -0.0000   0.00017220
  0.248375  -0.0000   0.00017290
  0.248597  -0.0000   0.00017350
  0.248928  -0.0000   0.00017440
  0.249149  -0.0000   0.00017520
  0.249326  -0.0000   0.00017600
  0.249493  -0.0000   0.00017670
  0.249730  -0.0000   0.00017790
  0.249962  -0.0000   0.00017900
  0.250307  -0.0000   0.00018080
  0.250825  -0.0000   0.00018330
  0.251609  -0.0000   0.00018720
  0.252396  -0.0000   0.00019110
  0.253185  -0.0000   0.00019490
  0.254368  -0.0000   0.00020070
  0.256133  -0.0000   0.00020950
  0.258755  -0.0000   0.00022250
  0.261792  -0.0000   0.00023790
  0.264784  -0.0000   0.00025320
  0.265077  -0.0000   0.00025470
  0.265370  -0.0000   0.00025620
  0.265662  -0.0000   0.00025770
  0.266099  -0.0000   0.00026000
  0.266323  -0.0000   0.00026130
  0.266495  -0.0000   0.00026260
  0.266656  -0.0000   0.00026390
  0.266886  -0.0000   0.00026590
  0.267112  -0.0000   0.00026780
  0.267448  -0.0000   0.00027080
  0.267954  -0.0000   0.00027520
  0.268720  -0.0000   0.00028180
  0.269489  -0.0000   0.00028840
  0.270260  -0.0000   0.00029500
  0.271414  -0.0000   0.00030490
  0.273139  -0.0000   0.00031980
  0.275702  -0.0000   0.00034210
  0.278837  -0.0000   0.00036980
  0.281926  -0.0000   0.00039740
  0.282221  -0.0000   0.00040010
  0.282514  -0.0000   0.00040270
  0.282808  -0.0000   0.00040530
  0.283247  -0.0000   0.00040930
  0.283489  -0.0000   0.00041170
  0.283673  -0.0000   0.00041410
  0.283845  -0.0000   0.00041650
  0.284092  -0.0000   0.00042010
  0.284336  -0.0000   0.00042370
  0.284701  -0.0000   0.00042910
  0.285254  -0.0000   0.00043720
  0.286043  -0.0000   0.00044860
  0.286835  -0.0000   0.00046010
  0.287627  -0.0000   0.00047150
  0.288814  -0.0000   0.00048870
  0.290585  -0.0000   0.00051450
  0.293216  -0.0000   0.00055320
  0.296417  -0.0000   0.00060090
  0.299570  -0.0000   0.00064860
  0.299803  -0.0000   0.00065210
  0.300036  -0.0000   0.00065560
  0.300268  -0.0000   0.00065910
  0.300613  -0.0000   0.00066440
  0.300759  -0.0000   0.00066750
  0.300895  -0.0000   0.00067050
  0.301026  -0.0000   0.00067360
  0.301218  -0.0000   0.00067820
  0.301502  -0.0000   0.00068500
  0.301930  -0.0000   0.00069530
  0.302579  -0.0000   0.00071080
  0.303231  -0.0000   0.00072620
  0.303884  -0.0000   0.00074170
  0.304865  -0.0000   0.00076490
  0.306332  -0.0000   0.00079960
  0.308518  -0.0000   0.00085180
  0.311758  -0.0000   0.00093000
  0.314953  -0.0000   0.00100800
  0.316254  -0.0000   0.00104000
  0.317547  -0.0000   0.00107200
  0.317760  -0.0000   0.00107800
  0.317919  -0.0000   0.00108300
  0.318065  -0.0000   0.00108800
  0.318275  -0.0000   0.00109600
  0.318482  -0.0000   0.00110400
  0.318792  -0.0000   0.00111600
  0.319260  -0.0000   0.00113400
  0.319969  -0.0000   0.00116000
  0.320680  -0.0000   0.00118700
  0.321748  -0.0000   0.00122700
  0.323345  -0.0000   0.00128700
  0.325723  -0.0000   0.00137800
  0.329244  -0.0000   0.00151300
  0.332715  -0.0000   0.00164800
  0.333138  -0.0000   0.00166500
  0.333560  -0.0000   0.00168100
  0.333981  -0.0000   0.00169800
  0.334611  -0.0000   0.00172200
  0.334878  -0.0000   0.00173300
  0.335087  -0.0000   0.00174300
  0.335271  -0.0000   0.00175400
  0.335450  -0.0000   0.00176500
  0.335627  -0.0000   0.00177500
  0.335893  -0.0000   0.00179100
  0.336296  -0.0000   0.00181500
  0.336904  -0.0000   0.00185000
  0.337820  -0.0000   0.00190300
  0.338736  -0.0000   0.00195700
  0.340108  -0.0000   0.00203700
  0.342153  -0.0000   0.00215700
  0.345189  -0.0000   0.00233700
  0.348440  -0.0000   0.00253200
  0.351647  -0.0000   0.00272700
  0.351844  -0.0000   0.00273900
  0.352041  -0.0000   0.00275100
  0.352208  -0.0000   0.00276300
  0.352416  -0.0000   0.00278100
  0.352716  -0.0000   0.00280800
  0.353017  -0.0000   0.00283500
  0.353319  -0.0000   0.00286200
  0.353776  -0.0000   0.00290300
  0.354464  -0.0000   0.00296400
  0.355498  -0.0000   0.00305500
  0.357046  -0.0000   0.00319200
  0.359353  -0.0000   0.00339700
  0.362774  -0.0000   0.00370500
  0.366151  -0.0000   0.00401200
  0.368481  -0.0000   0.00422700
  0.368736  -0.0000   0.00425000
  0.368990  -0.0000   0.00427400
  0.369244  -0.0000   0.00429700
  0.369444  -0.0000   0.00432000
  0.369621  -0.0000   0.00434300
  0.369794  -0.0000   0.00436700
  0.370053  -0.0000   0.00440100
  0.370445  -0.0000   0.00445300
  0.371037  -0.0000   0.00453100
  0.371631  -0.0000   0.00460900
  0.372524  -0.0000   0.00472600
  0.373861  -0.0000   0.00490100
  0.375856  -0.0000   0.00516500
  0.378821  -0.0000   0.00555900
  0.382119  -0.0000   0.00600400
  0.385374  -0.0000   0.00644800
  0.385623  -0.0000   0.00648200
  0.385873  -0.0000   0.00651600
  0.386122  -0.0000   0.00655000
  0.386494  -0.0000   0.00660100
  0.386642  -0.0000   0.00662800
  0.386783  -0.0000   0.00665500
  0.386922  -0.0000   0.00668200
  0.387129  -0.0000   0.00672200
  0.387441  -0.0000   0.00678300
  0.387914  -0.0000   0.00687400
  0.388626  -0.0000   0.00701000
  0.389340  -0.0000   0.00714700
  0.390410  -0.0000   0.00735100
  0.392009  -0.0000   0.00765800
  0.394390  -0.0000   0.00811800
  0.397921  -0.0000   0.00880800
  0.401405  -0.0000   0.00949800
  0.401872  -0.0000   0.00959100
  0.402338  -0.0000   0.00968300
  0.402803  -0.0000   0.00977600
  0.403498  -0.0000   0.00991500
  0.403713  -0.0000   0.00996000
  0.403879  -0.0000   0.01000000
  0.404040  -0.0000   0.01005000
  0.404278  -0.0000   0.01012000
  0.404518  -0.0000   0.01018000
  0.404880  -0.0000   0.01028000
  0.405426  -0.0000   0.01043000
  0.406249  -0.0000   0.01066000
  0.407482  -0.0000   0.01100000
  0.409324  -0.0000   0.01150000
  0.412064  -0.0000   0.01226000
  0.415351  -0.0000   0.01319000
  0.418599  -0.0000   0.01411000
  0.419160  -0.0000   0.01427000
  0.419721  -0.0000   0.01443000
  0.420280  -0.0000   0.01459000
  0.420941  -0.0000   0.01478000
  0.421103  -0.0000   0.01484000
  0.421259  -0.0000   0.01491000
  0.421414  -0.0000   0.01497000
  0.421648  -0.0000   0.01506000
  0.422001  -0.0000   0.01520000
  0.422535  -0.0000   0.01541000
  0.423338  -0.0000   0.01572000
  0.424542  -0.0000   0.01618000
  0.426341  -0.0000   0.01688000
  0.429020  -0.0000   0.01793000
  0.432987  -0.0000   0.01951000
  0.436151  -0.0000   0.02078000
  0.436590  -0.0000   0.02095000
  0.437028  -0.0000   0.02113000
  0.437466  -0.0000   0.02131000
  0.438120  -0.0000   0.02157000
  0.438271  -0.0000   0.02165000
  0.438414  -0.0000   0.02173000
  0.438557  -0.0000   0.02181000
  0.438771  -0.0000   0.02193000
  0.439096  -0.0000   0.02210000
  0.439586  -0.0000   0.02237000
  0.440323  -0.0000   0.02277000
  0.441429  -0.0000   0.02336000
  0.443082  -0.0000   0.02426000
  0.445545  -0.0000   0.02560000
  0.449197  -0.0000   0.02761000
  0.452803  -0.0000   0.02962000
  0.453347  -0.0000   0.02993000
  0.453891  -0.0000   0.03023000
  0.454433  -0.0000   0.03053000
  0.455243  -0.0000   0.03099000
  0.455413  -0.0000   0.03110000
  0.455564  -0.0000   0.03122000
  0.455712  -0.0000   0.03133000
  0.455935  -0.0000   0.03150000
  0.456273  -0.0000   0.03175000
  0.456783  -0.0000   0.03213000
  0.457550  -0.0000   0.03270000
  0.458701  -0.0000   0.03355000
  0.460420  -0.0000   0.03483000
  0.462981  -0.0000   0.03675000
  0.466776  -0.0000   0.03963000
  0.470522  -0.0000   0.04251000
  0.470890  -0.0000   0.04279000
  0.471257  -0.0000   0.04307000
  0.471624  -0.0000   0.04336000
  0.472172  -0.0000   0.04378000
  0.472516  -0.0000   0.04405000
  0.472715  -0.0000   0.04424000
  0.472901  -0.0000   0.04443000
  0.473086  -0.0000   0.04462000
  0.473273  -0.0000   0.04481000
  0.473554  -0.0000   0.04509000
  0.473979  -0.0000   0.04552000
  0.474617  -0.0000   0.04617000
  0.475575  -0.0000   0.04713000
  0.477006  -0.0000   0.04858000
  0.479142  -0.0000   0.05074000
  0.482314  -0.0000   0.05400000
  0.485455  -0.0000   0.05725000
  0.488561  -0.0000   0.06050000
  0.488843  -0.0000   0.06080000
  0.489125  -0.0000   0.06110000
  0.489407  -0.0000   0.06139000
  0.489820  -0.0000   0.06184000
  0.489944  -0.0000   0.06200000
  0.490125  -0.0000   0.06225000
  0.490397  -0.0000   0.06263000
  0.490671  -0.0000   0.06300000
  0.491085  -0.0000   0.06356000
  0.491708  -0.0000   0.06441000
  0.492642  -0.0000   0.06567000
  0.494040  -0.0000   0.06757000
  0.496126  -0.0000   0.07041000
  0.499227  -0.0000   0.07468000
  0.502411  -0.0000   0.07911000
  0.505560  -0.0000   0.08354000
  0.505882  -0.0000   0.08399000
  0.506204  -0.0000   0.08444000
  0.506526  -0.0000   0.08490000
  0.507008  -0.0000   0.08558000
  0.507181  -0.0000   0.08588000
  0.507342  -0.0000   0.08617000
  0.507503  -0.0000   0.08647000
  0.507747  -0.0000   0.08691000
  0.508115  -0.0000   0.08758000
  0.508670  -0.0000   0.08858000
  0.509503  -0.0000   0.09007000
  0.510749  -0.0000   0.09232000
  0.512611  -0.0000   0.09569000
  0.515381  -0.0000   0.10100000
  0.518581  -0.0000   0.10700000
  0.521746  -0.0000   0.11300000
  0.522530  -0.0000   0.11400000
  0.523312  -0.0000   0.11500000
  0.524092  -0.0000   0.11700000
  0.524305  -0.0000   0.11700000
  0.524478  -0.0000   0.11800000
  0.524650  -0.0000   0.11800000
  0.524909  -0.0000   0.11900000
  0.525170  -0.0000   0.11900000
  0.525564  -0.0000   0.12000000
  0.526155  -0.0000   0.12200000
  0.527043  -0.0000   0.12400000
  0.528370  -0.0000   0.12700000
  0.530351  -0.0000   0.13200000
  0.533297  -0.0000   0.13900000
  0.536449  -0.0000   0.14700000
  0.539568  -0.0000   0.15400000
  0.540040  -0.0000   0.15500000
  0.540511  -0.0000   0.15600000
  0.540981  -0.0000   0.15800000
  0.541647  -0.0000   0.15900000
  0.541855  -0.0000   0.16000000
  0.542062  -0.0000   0.16100000
  0.542272  -0.0000   0.16100000
  0.542482  -0.0000   0.16200000
  0.542798  -0.0000   0.16300000
  0.543273  -0.0000   0.16400000
  0.543987  -0.0000   0.16700000
  0.545055  -0.0000   0.17000000
  0.546651  -0.0000   0.17500000
  0.549029  -0.0000   0.18200000
  0.552193  -0.0000   0.19200000
  0.555327  -0.0000   0.20200000
  0.558426  -0.0000   0.21200000
  0.558636  -0.0000   0.21300000
  0.558841  -0.0000   0.21400000
  0.559008  -0.0000   0.21400000
  0.559257  -0.0000   0.21500000
  0.559509  -0.0000   0.21600000
  0.559762  -0.0000   0.21700000
  0.560142  -0.0000   0.21900000
  0.560714  -0.0000   0.22100000
  0.561572  -0.0000   0.22500000
  0.562854  -0.0000   0.23000000
  0.564769  -0.0000   0.23800000
  0.567230  -0.0000   0.24800000
  0.569674  -0.0000   0.25800000
  0.572098  -0.0000   0.26800000
  0.574504  -0.0000   0.27800000
  0.574994  -0.0000   0.28000000
  0.575484  -0.0000   0.28200000
  0.575973  -0.0000   0.28400000
  0.576163  -0.0000   0.28500000
  0.576338  -0.0000   0.28600000
  0.576514  -0.0000   0.28600000
  0.576779  -0.0000   0.28800000
  0.577180  -0.0000   0.29000000
  0.577782  -0.0000   0.29300000
  0.578685  -0.0000   0.29800000
  0.580035  -0.0000   0.30500000
  0.581965  -0.0000   0.31500000
  0.583885  -0.0000   0.32500000
  0.585793  -0.0000   0.33500000
  0.587691  -0.0000   0.34500000
  0.589578  -0.0000   0.35500000
  0.591453  -0.0000   0.36500000
  0.593315  -0.0000   0.37500000
  0.593475  -0.0000   0.37600000
  0.593632  -0.0000   0.37700000
  0.593791  -0.0000   0.37800000
  0.594030  -0.0000   0.37900000
  0.594391  -0.0000   0.38200000
  0.594934  -0.0000   0.38500000
  0.595747  -0.0000   0.39100000
  0.596965  -0.0000   0.39900000
  0.598482  -0.0000   0.40900000
  0.599992  -0.0000   0.41900000
  0.601496  -0.0000   0.42900000
  0.602994  -0.0000   0.43900000
  0.604484  -0.0000   0.44900000
  0.605968  -0.0000   0.45900000
  0.607445  -0.0000   0.46900000
  0.608915  -0.0000   0.47900000
  0.610376  -0.0000   0.48900000
  0.610595  -0.0000   0.49000000
  0.610774  -0.0000   0.49200000
  0.610952  -0.0000   0.49300000
  0.611132  -0.0000   0.49500000
  0.611313  -0.0000   0.49600000
  0.611585  -0.0000   0.49800000
  0.611994  -0.0000   0.50200000
  0.612609  -0.0000   0.50700000
  0.613528  -0.0000   0.51500000
  0.614730  -0.0000   0.52500000
  0.615927  -0.0000   0.53500000
  0.617121  -0.0000   0.54500000
  0.618310  -0.0000   0.55500000
  0.619495  -0.0000   0.56500000
  0.620677  -0.0000   0.57500000
  0.621854  -0.0000   0.58500000
  0.623027  -0.0000   0.59500000
  0.624195  -0.0000   0.60500000
  0.625359  -0.0000   0.61500000
  0.626518  -0.0000   0.62500000
  0.627673  -0.0000   0.63500000
  0.627895  -0.0000   0.63600000
  0.628081  -0.0000   0.63800000
  0.628268  -0.0000   0.64000000
  0.628551  -0.0000   0.64300000
  0.628835  -0.0000   0.64600000
  0.629262  -0.0000   0.65100000
  0.629903  -0.0000   0.65800000
  0.630861  -0.0000   0.66800000
  0.631817  -0.0000   0.67800000
  0.632770  -0.0000   0.68800000
  0.633721  -0.0000   0.69800000
  0.634669  -0.0000   0.70800000
  0.635615  -0.0000   0.71800000
  0.636558  -0.0000   0.72800000
  0.637498  -0.0000   0.73800000
  0.638436  -0.0000   0.74800000
  0.639372  -0.0000   0.75800000
  0.640305  -0.0000   0.76800000
  0.641234  -0.0000   0.77800000
  0.642162  -0.0000   0.78800000
  0.643086  -0.0000   0.79800000
  0.644007  -0.0000   0.80800000
  0.644926  -0.0000   0.81800000
  0.645166  -0.0000   0.82000000
  0.645369  -0.0000   0.82300000
  0.645572  -0.0000   0.82600000
  0.645777  -0.0000   0.82800000
  0.645983  -0.0000   0.83100000
  0.646293  -0.0000   0.83500000
  0.646758  -0.0000   0.84100000
  0.647456  -0.0000   0.85000000
  0.648222  -0.0000   0.86000000
  0.648987  -0.0000   0.87000000
  0.649751  -0.0000   0.88000000
  0.650512  -0.0000   0.89000000
  0.651273  -0.0000   0.90000000
  0.652031  -0.0000   0.91000000
  0.652788  -0.0000   0.92000000
  0.653543  -0.0000   0.93000000
  0.654297  -0.0000   0.94000000
  0.655049  -0.0000   0.95000000
  0.655799  -0.0000   0.96000000
  0.656548  -0.0000   0.97000000
  0.657295  -0.0000   0.98000000
  0.658040  -0.0000   0.99000000
  0.658771  -0.0000   1.00000000
  0.657049  -0.0000   1.00000000
  0.657049  -0.0000   1.00000000
  0.657049  -0.0000   1.00000000
  0.657049  -0.0000   1.00000000
  0.657049  -0.0000   1.00000000
  0.657048  -0.0000   1.00000000
  0.657047  -0.0000   1.00000000
  0.657045  -0.0000   1.00000000
  0.657041  -0.0000   1.00000000
  0.657032  -0.0000   1.00000000
  0.657015  -0.0000   1.00000000
  0.656982  -0.0000   1.00000000
