  0.000263  -0.0000   0.00000010
  0.000585  -0.0000   0.00000020
  0.001019  -0.0000   0.00000025
  0.004620  -0.0000   0.00000030
  0.006987  -0.0000   0.00000031
  0.007117  -0.0000   0.00000033
  0.007276  -0.0000   0.00000035
  0.007570  -0.0000   0.00000039
  0.007923  -0.0000   0.00000044
  0.008333  -0.0000   0.00000048
  0.008726  -0.0000   0.00000051
  0.009175  -0.0000   0.00000055
  0.009559  -0.0000   0.00000057
  0.009997  -0.0000   0.00000060
  0.010499  -0.0000   0.00000062
  0.010920  -0.0000   0.00000064
  0.011388  -0.0000   0.00000066
  0.011905  -0.0000   0.00000068
  0.012473  -0.0000   0.00000070
  0.013093  -0.0000   0.00000072
  0.013765  -0.0000   0.00000074
  0.014489  -0.0000   0.00000076
  0.015263  -0.0000   0.00000078
  0.016084  -0.0000   0.00000080
  0.016950  -0.0000   0.00000082
  0.017858  -0.0000   0.00000084
  0.018804  -0.0000   0.00000086
  0.019964  -0.0000   0.00000088
  0.020020  -0.0000   0.00000089
  0.020032  -0.0000   0.00000089
  0.020042  -0.0000   0.00000089
  0.020056  -0.0000   0.00000089
  0.020073  -0.0000   0.00000090
  0.020094  -0.0000   0.00000090
  0.020120  -0.0000   0.00000091
  0.020149  -0.0000   0.00000092
  0.020176  -0.0000   0.00000093
  0.020210  -0.0000   0.00000095
  0.020257  -0.0000   0.00000098
  0.020319  -0.0000   0.00000101
  0.020378  -0.0000   0.00000105
  0.020462  -0.0000   0.00000111
  0.020584  -0.0000   0.00000119
  0.020768  -0.0000   0.00000133
  0.020958  -0.0000   0.00000145
  0.021272  -0.0000   0.00000165
  0.021558  -0.0000   0.00000181
  0.021896  -0.0000   0.00000196
  0.022310  -0.0000   0.00000212
  0.022601  -0.0000   0.00000222
  0.022938  -0.0000   0.00000231
  0.023328  -0.0000   0.00000241
  0.023669  -0.0000   0.00000248
  0.024050  -0.0000   0.00000256
  0.024474  -0.0000   0.00000264
  0.024863  -0.0000   0.00000270
  0.025287  -0.0000   0.00000276
  0.025747  -0.0000   0.00000283
  0.026227  -0.0000   0.00000289
  0.026743  -0.0000   0.00000295
  0.027298  -0.0000   0.00000301
  0.027862  -0.0000   0.00000307
  0.028463  -0.0000   0.00000312
  0.029100  -0.0000   0.00000318
  0.029771  -0.0000   0.00000324
  0.030478  -0.0000   0.00000330
  0.031222  -0.0000   0.00000336
  0.032029  -0.0000   0.00000341
  0.032875  -0.0000   0.00000347
  0.033759  -0.0000   0.00000353
  0.034805  -0.0000   0.00000360
  0.035898  -0.0000   0.00000367
  0.036079  -0.0000   0.00000368
  0.036261  -0.0000   0.00000369
  0.036444  -0.0000   0.00000370
  0.036595  -0.0000   0.00000371
  0.036626  -0.0000   0.00000372
  0.036652  -0.0000   0.00000373
  0.036676  -0.0000   0.00000374
  0.036706  -0.0000   0.00000375
  0.036746  -0.0000   0.00000377
  0.036798  -0.0000   0.00000380
  0.036866  -0.0000   0.00000384
  0.036956  -0.0000   0.00000390
  0.037079  -0.0000   0.00000399
  0.037194  -0.0000   0.00000409
  0.037361  -0.0000   0.00000423
  0.037612  -0.0000   0.00000444
  0.038020  -0.0000   0.00000476
  0.038313  -0.0000   0.00000496
  0.038643  -0.0000   0.00000517
  0.039020  -0.0000   0.00000538
  0.039340  -0.0000   0.00000553
  0.039699  -0.0000   0.00000569
  0.040102  -0.0000   0.00000585
  0.040580  -0.0000   0.00000601
  0.041117  -0.0000   0.00000618
  0.041715  -0.0000   0.00000635
  0.042364  -0.0000   0.00000651
  0.043081  -0.0000   0.00000667
  0.043867  -0.0000   0.00000683
  0.044664  -0.0000   0.00000699
  0.045528  -0.0000   0.00000714
  0.046461  -0.0000   0.00000729
  0.047464  -0.0000   0.00000744
  0.048540  -0.0000   0.00000759
  0.049690  -0.0000   0.00000774
  0.050916  -0.0000   0.00000790
  0.052218  -0.0000   0.00000805
  0.053597  -0.0000   0.00000820
  0.053822  -0.0000   0.00000823
  0.054050  -0.0000   0.00000825
  0.054280  -0.0000   0.00000827
  0.054396  -0.0000   0.00000829
  0.054454  -0.0000   0.00000831
  0.054504  -0.0000   0.00000833
  0.054568  -0.0000   0.00000837
  0.054626  -0.0000   0.00000840
  0.054704  -0.0000   0.00000844
  0.054808  -0.0000   0.00000851
  0.054949  -0.0000   0.00000861
  0.055141  -0.0000   0.00000876
  0.055417  -0.0000   0.00000899
  0.055838  -0.0000   0.00000934
  0.056294  -0.0000   0.00000968
  0.056809  -0.0000   0.00001003
  0.057405  -0.0000   0.00001037
  0.057912  -0.0000   0.00001063
  0.058480  -0.0000   0.00001089
  0.059113  -0.0000   0.00001115
  0.059984  -0.0000   0.00001147
  0.060757  -0.0000   0.00001172
  0.061604  -0.0000   0.00001198
  0.062529  -0.0000   0.00001223
  0.063535  -0.0000   0.00001249
  0.064624  -0.0000   0.00001274
  0.065801  -0.0000   0.00001300
  0.067067  -0.0000   0.00001325
  0.068424  -0.0000   0.00001351
  0.069630  -0.0000   0.00001372
  0.070901  -0.0000   0.00001393
  0.072121  -0.0000   0.00001415
  0.072175  -0.0000   0.00001417
  0.072223  -0.0000   0.00001419
  0.072267  -0.0000   0.00001421
  0.072327  -0.0000   0.00001424
  0.072407  -0.0000   0.00001429
  0.072515  -0.0000   0.00001436
  0.072660  -0.0000   0.00001446
  0.072858  -0.0000   0.00001462
  0.073136  -0.0000   0.00001485
  0.073545  -0.0000   0.00001520
  0.074207  -0.0000   0.00001573
  0.074688  -0.0000   0.00001608
  0.075219  -0.0000   0.00001644
  0.075808  -0.0000   0.00001679
  0.076480  -0.0000   0.00001715
  0.077224  -0.0000   0.00001751
  0.078044  -0.0000   0.00001787
  0.079080  -0.0000   0.00001828
  0.080018  -0.0000   0.00001862
  0.081033  -0.0000   0.00001896
  0.082128  -0.0000   0.00001930
  0.083307  -0.0000   0.00001964
  0.084570  -0.0000   0.00001999
  0.085921  -0.0000   0.00002033
  0.087360  -0.0000   0.00002067
  0.088889  -0.0000   0.00002101
  0.089122  -0.0000   0.00002106
  0.089357  -0.0000   0.00002111
  0.089594  -0.0000   0.00002117
  0.089721  -0.0000   0.00002121
  0.089810  -0.0000   0.00002126
  0.089890  -0.0000   0.00002130
  0.089997  -0.0000   0.00002137
  0.090140  -0.0000   0.00002147
  0.090333  -0.0000   0.00002162
  0.090599  -0.0000   0.00002185
  0.090982  -0.0000   0.00002220
  0.091572  -0.0000   0.00002272
  0.092007  -0.0000   0.00002308
  0.092474  -0.0000   0.00002344
  0.092977  -0.0000   0.00002380
  0.093653  -0.0000   0.00002424
  0.094394  -0.0000   0.00002468
  0.095204  -0.0000   0.00002512
  0.096282  -0.0000   0.00002565
  0.097469  -0.0000   0.00002618
  0.098538  -0.0000   0.00002663
  0.099687  -0.0000   0.00002707
  0.100919  -0.0000   0.00002751
  0.102236  -0.0000   0.00002795
  0.103641  -0.0000   0.00002840
  0.105134  -0.0000   0.00002884
  0.106716  -0.0000   0.00002928
  0.106918  -0.0000   0.00002934
  0.107121  -0.0000   0.00002940
  0.107324  -0.0000   0.00002945
  0.107421  -0.0000   0.00002950
  0.107507  -0.0000   0.00002955
  0.107587  -0.0000   0.00002960
  0.107696  -0.0000   0.00002968
  0.107844  -0.0000   0.00002979
  0.108048  -0.0000   0.00002997
  0.108331  -0.0000   0.00003022
  0.108742  -0.0000   0.00003061
  0.109377  -0.0000   0.00003119
  0.109827  -0.0000   0.00003158
  0.110304  -0.0000   0.00003197
  0.110813  -0.0000   0.00003236
  0.111654  -0.0000   0.00003294
  0.112577  -0.0000   0.00003353
  0.113584  -0.0000   0.00003412
  0.114678  -0.0000   0.00003470
  0.115861  -0.0000   0.00003529
  0.117137  -0.0000   0.00003587
  0.118508  -0.0000   0.00003646
  0.119976  -0.0000   0.00003704
  0.121544  -0.0000   0.00003763
  0.123212  -0.0000   0.00003822
  0.124983  -0.0000   0.00003880
  0.125098  -0.0000   0.00003885
  0.125177  -0.0000   0.00003890
  0.125250  -0.0000   0.00003894
  0.125350  -0.0000   0.00003901
  0.125486  -0.0000   0.00003912
  0.125673  -0.0000   0.00003927
  0.125932  -0.0000   0.00003951
  0.126298  -0.0000   0.00003987
  0.126846  -0.0000   0.00004040
  0.127426  -0.0000   0.00004094
  0.128045  -0.0000   0.00004148
  0.128709  -0.0000   0.00004202
  0.129591  -0.0000   0.00004268
  0.130548  -0.0000   0.00004334
  0.131582  -0.0000   0.00004400
  0.132695  -0.0000   0.00004466
  0.134094  -0.0000   0.00004542
  0.135604  -0.0000   0.00004618
  0.136958  -0.0000   0.00004683
  0.138396  -0.0000   0.00004747
  0.139918  -0.0000   0.00004812
  0.141524  -0.0000   0.00004876
  0.142147  -0.0000   0.00004901
  0.142781  -0.0000   0.00004925
  0.142884  -0.0000   0.00004932
  0.142980  -0.0000   0.00004939
  0.143068  -0.0000   0.00004945
  0.143192  -0.0000   0.00004955
  0.143363  -0.0000   0.00004970
  0.143601  -0.0000   0.00004993
  0.143939  -0.0000   0.00005027
  0.144437  -0.0000   0.00005077
  0.145216  -0.0000   0.00005154
  0.145833  -0.0000   0.00005210
  0.146489  -0.0000   0.00005267
  0.147186  -0.0000   0.00005324
  0.148156  -0.0000   0.00005398
  0.149197  -0.0000   0.00005471
  0.150512  -0.0000   0.00005557
  0.151928  -0.0000   0.00005642
  0.153448  -0.0000   0.00005728
  0.155074  -0.0000   0.00005814
  0.156807  -0.0000   0.00005899
  0.158650  -0.0000   0.00005985
  0.160544  -0.0000   0.00006071
  0.160638  -0.0000   0.00006077
  0.160725  -0.0000   0.00006084
  0.160807  -0.0000   0.00006090
  0.160922  -0.0000   0.00006100
  0.161083  -0.0000   0.00006115
  0.161309  -0.0000   0.00006137
  0.161630  -0.0000   0.00006170
  0.162099  -0.0000   0.00006220
  0.162821  -0.0000   0.00006295
  0.163587  -0.0000   0.00006370
  0.164407  -0.0000   0.00006445
  0.165284  -0.0000   0.00006519
  0.166220  -0.0000   0.00006594
  0.167215  -0.0000   0.00006669
  0.168268  -0.0000   0.00006744
  0.169544  -0.0000   0.00006829
  0.170898  -0.0000   0.00006914
  0.172331  -0.0000   0.00006999
  0.174168  -0.0000   0.00007101
  0.175752  -0.0000   0.00007185
  0.177416  -0.0000   0.00007268
  0.177688  -0.0000   0.00007282
  0.177962  -0.0000   0.00007296
  0.178229  -0.0000   0.00007309
  0.178360  -0.0000   0.00007319
  0.178481  -0.0000   0.00007330
  0.178595  -0.0000   0.00007340
  0.178754  -0.0000   0.00007355
  0.178979  -0.0000   0.00007378
  0.179297  -0.0000   0.00007412
  0.179763  -0.0000   0.00007463
  0.180475  -0.0000   0.00007541
  0.181224  -0.0000   0.00007618
  0.182019  -0.0000   0.00007695
  0.182863  -0.0000   0.00007772
  0.183756  -0.0000   0.00007849
  0.184699  -0.0000   0.00007926
  0.186189  -0.0000   0.00008040
  0.187786  -0.0000   0.00008153
  0.189492  -0.0000   0.00008266
  0.191307  -0.0000   0.00008379
  0.193234  -0.0000   0.00008493
  0.195274  -0.0000   0.00008606
  0.195480  -0.0000   0.00008618
  0.195686  -0.0000   0.00008629
  0.195892  -0.0000   0.00008640
  0.196038  -0.0000   0.00008652
  0.196172  -0.0000   0.00008665
  0.196299  -0.0000   0.00008677
  0.196478  -0.0000   0.00008695
  0.196730  -0.0000   0.00008722
  0.197091  -0.0000   0.00008763
  0.197625  -0.0000   0.00008825
  0.198270  -0.0000   0.00008898
  0.198944  -0.0000   0.00008970
  0.199652  -0.0000   0.00009043
  0.200501  -0.0000   0.00009125
  0.201396  -0.0000   0.00009208
  0.202336  -0.0000   0.00009290
  0.203848  -0.0000   0.00009414
  0.205461  -0.0000   0.00009537
  0.207178  -0.0000   0.00009661
  0.208999  -0.0000   0.00009785
  0.210926  -0.0000   0.00009908
  0.212890  -0.0000   0.00010030
  0.213104  -0.0000   0.00010050
  0.213316  -0.0000   0.00010060
  0.213528  -0.0000   0.00010070
  0.213749  -0.0000   0.00010100
  0.213934  -0.0000   0.00010120
  0.214103  -0.0000   0.00010140
  0.214262  -0.0000   0.00010160
  0.214485  -0.0000   0.00010190
  0.214800  -0.0000   0.00010240
  0.215249  -0.0000   0.00010310
  0.215906  -0.0000   0.00010410
  0.216583  -0.0000   0.00010530
  0.217261  -0.0000   0.00010640
  0.217939  -0.0000   0.00010750
  0.218953  -0.0000   0.00010910
  0.219963  -0.0000   0.00011080
  0.221462  -0.0000   0.00011330
  0.223670  -0.0000   0.00011700
  0.226230  -0.0000   0.00012140
  0.228730  -0.0000   0.00012580
  0.229158  -0.0000   0.00012660
  0.229584  -0.0000   0.00012730
  0.230008  -0.0000   0.00012810
  0.230583  -0.0000   0.00012920
  0.230726  -0.0000   0.00012960
  0.230858  -0.0000   0.00013000
  0.230983  -0.0000   0.00013050
  0.231157  -0.0000   0.00013110
  0.231402  -0.0000   0.00013200
  0.231750  -0.0000   0.00013330
  0.232255  -0.0000   0.00013540
  0.233008  -0.0000   0.00013840
  0.233763  -0.0000   0.00014150
  0.234521  -0.0000   0.00014460
  0.235280  -0.0000   0.00014760
  0.236038  -0.0000   0.00015070
  0.237169  -0.0000   0.00015530
  0.238850  -0.0000   0.00016220
  0.241326  -0.0000   0.00017250
  0.243776  -0.0000   0.00018290
  0.246176  -0.0000   0.00019340
  0.246427  -0.0000   0.00019450
  0.246677  -0.0000   0.00019560
  0.246927  -0.0000   0.00019670
  0.247301  -0.0000   0.00019830
  0.247443  -0.0000   0.00019910
  0.247566  -0.0000   0.00020000
  0.247680  -0.0000   0.00020080
  0.247840  -0.0000   0.00020210
  0.248064  -0.0000   0.00020400
  0.248382  -0.0000   0.00020690
  0.248843  -0.0000   0.00021120
  0.249531  -0.0000   0.00021770
  0.250223  -0.0000   0.00022410
  0.250919  -0.0000   0.00023060
  0.251615  -0.0000   0.00023700
  0.252659  -0.0000   0.00024670
  0.254215  -0.0000   0.00026120
  0.256516  -0.0000   0.00028300
  0.258987  -0.0000   0.00030670
  0.261412  -0.0000   0.00033050
  0.263790  -0.0000   0.00035430
  0.263943  -0.0000   0.00035580
  0.264081  -0.0000   0.00035740
  0.264186  -0.0000   0.00035890
  0.264328  -0.0000   0.00036120
  0.264522  -0.0000   0.00036460
  0.264706  -0.0000   0.00036800
  0.264968  -0.0000   0.00037320
  0.265350  -0.0000   0.00038090
  0.265920  -0.0000   0.00039250
  0.266602  -0.0000   0.00040630
  0.267289  -0.0000   0.00042010
  0.267977  -0.0000   0.00043390
  0.268665  -0.0000   0.00044760
  0.269695  -0.0000   0.00046830
  0.271230  -0.0000   0.00049930
  0.273501  -0.0000   0.00054580
  0.276061  -0.0000   0.00059910
  0.278574  -0.0000   0.00065250
  0.279537  -0.0000   0.00067310
  0.280492  -0.0000   0.00069370
  0.280706  -0.0000   0.00069830
  0.280870  -0.0000   0.00070290
  0.281007  -0.0000   0.00070750
  0.281195  -0.0000   0.00071440
  0.281372  -0.0000   0.00072140
  0.281627  -0.0000   0.00073180
  0.282000  -0.0000   0.00074730
  0.282559  -0.0000   0.00077070
  0.283122  -0.0000   0.00079410
  0.283688  -0.0000   0.00081750
  0.284256  -0.0000   0.00084090
  0.285109  -0.0000   0.00087590
  0.286384  -0.0000   0.00092850
  0.288281  -0.0000   0.00100700
  0.291079  -0.0000   0.00112600
  0.293826  -0.0000   0.00124400
  0.296520  -0.0000   0.00136300
  0.296722  -0.0000   0.00137100
  0.296924  -0.0000   0.00138000
  0.297126  -0.0000   0.00138900
  0.297426  -0.0000   0.00140300
  0.297549  -0.0000   0.00141000
  0.297663  -0.0000   0.00141800
  0.297770  -0.0000   0.00142600
  0.297922  -0.0000   0.00143700
  0.298140  -0.0000   0.00145500
  0.298458  -0.0000   0.00148100
  0.298934  -0.0000   0.00152000
  0.299656  -0.0000   0.00157900
  0.300382  -0.0000   0.00163800
  0.301111  -0.0000   0.00169700
  0.301839  -0.0000   0.00175600
  0.302930  -0.0000   0.00184500
  0.304554  -0.0000   0.00197700
  0.306960  -0.0000   0.00217600
  0.309492  -0.0000   0.00238900
  0.311983  -0.0000   0.00260200
  0.312802  -0.0000   0.00267300
  0.313617  -0.0000   0.00274300
  0.313973  -0.0000   0.00277400
  0.314196  -0.0000   0.00279800
  0.314372  -0.0000   0.00282200
  0.314537  -0.0000   0.00284500
  0.314771  -0.0000   0.00288100
  0.315000  -0.0000   0.00291700
  0.315342  -0.0000   0.00297000
  0.315860  -0.0000   0.00305100
  0.316583  -0.0000   0.00316200
  0.317309  -0.0000   0.00327300
  0.318036  -0.0000   0.00338400
  0.319125  -0.0000   0.00355100
  0.320747  -0.0000   0.00380100
  0.323151  -0.0000   0.00417600
  0.325618  -0.0000   0.00456700
  0.328047  -0.0000   0.00495700
  0.330437  -0.0000   0.00534800
  0.330595  -0.0000   0.00537400
  0.330750  -0.0000   0.00540000
  0.330863  -0.0000   0.00542600
  0.331017  -0.0000   0.00546500
  0.331162  -0.0000   0.00550400
  0.331302  -0.0000   0.00554300
  0.331507  -0.0000   0.00560100
  0.331813  -0.0000   0.00568800
  0.332275  -0.0000   0.00582000
  0.332975  -0.0000   0.00601700
  0.333678  -0.0000   0.00621400
  0.334383  -0.0000   0.00641100
  0.335439  -0.0000   0.00670600
  0.337014  -0.0000   0.00714900
  0.339349  -0.0000   0.00781400
  0.341843  -0.0000   0.00853300
  0.344300  -0.0000   0.00925200
  0.346718  -0.0000   0.00997200
  0.346896  -0.0000   0.01002000
  0.347074  -0.0000   0.01008000
  0.347251  -0.0000   0.01013000
  0.347484  -0.0000   0.01021000
  0.347671  -0.0000   0.01029000
  0.347845  -0.0000   0.01038000
  0.348014  -0.0000   0.01046000
  0.348180  -0.0000   0.01055000
  0.348429  -0.0000   0.01067000
  0.348806  -0.0000   0.01086000
  0.349376  -0.0000   0.01115000
  0.350156  -0.0000   0.01153000
  0.350938  -0.0000   0.01192000
  0.352108  -0.0000   0.01250000
  0.353853  -0.0000   0.01337000
  0.356438  -0.0000   0.01468000
  0.358987  -0.0000   0.01598000
  0.361498  -0.0000   0.01729000
  0.363969  -0.0000   0.01860000
  0.364114  -0.0000   0.01868000
  0.364225  -0.0000   0.01876000
  0.364329  -0.0000   0.01884000
  0.364475  -0.0000   0.01896000
  0.364688  -0.0000   0.01915000
  0.365004  -0.0000   0.01943000
  0.365482  -0.0000   0.01984000
  0.366099  -0.0000   0.02037000
  0.366718  -0.0000   0.02090000
  0.367339  -0.0000   0.02143000
  0.368269  -0.0000   0.02222000
  0.369658  -0.0000   0.02341000
  0.371724  -0.0000   0.02520000
  0.374775  -0.0000   0.02788000
  0.377774  -0.0000   0.03055000
  0.380719  -0.0000   0.03323000
  0.380847  -0.0000   0.03337000
  0.380955  -0.0000   0.03352000
  0.381058  -0.0000   0.03366000
  0.381206  -0.0000   0.03387000
  0.381422  -0.0000   0.03419000
  0.381748  -0.0000   0.03466000
  0.382241  -0.0000   0.03538000
  0.382861  -0.0000   0.03627000
  0.383482  -0.0000   0.03716000
  0.384105  -0.0000   0.03805000
  0.385037  -0.0000   0.03939000
  0.386429  -0.0000   0.04139000
  0.388497  -0.0000   0.04440000
  0.391554  -0.0000   0.04891000
  0.394560  -0.0000   0.05342000
  0.397495  -0.0000   0.05793000
  0.397613  -0.0000   0.05818000
  0.397724  -0.0000   0.05842000
  0.397830  -0.0000   0.05867000
  0.397984  -0.0000   0.05904000
  0.398214  -0.0000   0.05960000
  0.398561  -0.0000   0.06044000
  0.399087  -0.0000   0.06169000
  0.399617  -0.0000   0.06294000
  0.400149  -0.0000   0.06420000
  0.400948  -0.0000   0.06608000
  0.402143  -0.0000   0.06890000
  0.403927  -0.0000   0.07313000
  0.406571  -0.0000   0.07948000
  0.409549  -0.0000   0.08673000
  0.412478  -0.0000   0.09398000
  0.412819  -0.0000   0.09483000
  0.413161  -0.0000   0.09568000
  0.413501  -0.0000   0.09652000
  0.414010  -0.0000   0.09780000
  0.414234  -0.0000   0.09836000
  0.414396  -0.0000   0.09892000
  0.414547  -0.0000   0.09948000
  0.414693  -0.0000   0.10000000
  0.414838  -0.0000   0.10100000
  0.415057  -0.0000   0.10100000
  0.415388  -0.0000   0.10300000
  0.415888  -0.0000   0.10500000
  0.416643  -0.0000   0.10700000
  0.417399  -0.0000   0.11000000
  0.418530  -0.0000   0.11500000
  0.420217  -0.0000   0.12100000
  0.422719  -0.0000   0.13100000
  0.425192  -0.0000   0.14000000
  0.427633  -0.0000   0.15000000
  0.430042  -0.0000   0.15900000
  0.430250  -0.0000   0.16000000
  0.430457  -0.0000   0.16100000
  0.430664  -0.0000   0.16200000
  0.430925  -0.0000   0.16300000
  0.431136  -0.0000   0.16400000
  0.431341  -0.0000   0.16600000
  0.431545  -0.0000   0.16700000
  0.431854  -0.0000   0.16900000
  0.432322  -0.0000   0.17200000
  0.433005  -0.0000   0.17600000
  0.433690  -0.0000   0.18000000
  0.434715  -0.0000   0.18600000
  0.436245  -0.0000   0.19500000
  0.437905  -0.0000   0.20500000
  0.439553  -0.0000   0.21500000
  0.441189  -0.0000   0.22500000
  0.442811  -0.0000   0.23500000
  0.444419  -0.0000   0.24500000
  0.446013  -0.0000   0.25500000
  0.447592  -0.0000   0.26500000
  0.447729  -0.0000   0.26600000
  0.447847  -0.0000   0.26700000
  0.447961  -0.0000   0.26800000
  0.448128  -0.0000   0.27000000
  0.448379  -0.0000   0.27200000
  0.448761  -0.0000   0.27600000
  0.449337  -0.0000   0.28100000
  0.449917  -0.0000   0.28600000
  0.450496  -0.0000   0.29200000
  0.451365  -0.0000   0.30000000
  0.452446  -0.0000   0.31000000
  0.453523  -0.0000   0.32000000
  0.454595  -0.0000   0.33000000
  0.455662  -0.0000   0.34000000
  0.456724  -0.0000   0.35000000
  0.457780  -0.0000   0.36000000
  0.458831  -0.0000   0.37000000
  0.459877  -0.0000   0.38000000
  0.460917  -0.0000   0.39000000
  0.461951  -0.0000   0.40000000
  0.462979  -0.0000   0.41000000
  0.464001  -0.0000   0.42000000
  0.464243  -0.0000   0.42200000
  0.464454  -0.0000   0.42400000
  0.464625  -0.0000   0.42700000
  0.464872  -0.0000   0.43000000
  0.465119  -0.0000   0.43400000
  0.465369  -0.0000   0.43700000
  0.465746  -0.0000   0.44300000
  0.466315  -0.0000   0.45100000
  0.467029  -0.0000   0.46100000
  0.467741  -0.0000   0.47100000
  0.468453  -0.0000   0.48100000
  0.469163  -0.0000   0.49100000
  0.469871  -0.0000   0.50100000
  0.470577  -0.0000   0.51100000
  0.471281  -0.0000   0.52100000
  0.471982  -0.0000   0.53100000
  0.472682  -0.0000   0.54100000
  0.473379  -0.0000   0.55100000
  0.474074  -0.0000   0.56100000
  0.474767  -0.0000   0.57100000
  0.475458  -0.0000   0.58100000
  0.476146  -0.0000   0.59100000
  0.476831  -0.0000   0.60100000
  0.477515  -0.0000   0.61100000
  0.478196  -0.0000   0.62100000
  0.478874  -0.0000   0.63100000
  0.479550  -0.0000   0.64100000
  0.480223  -0.0000   0.65100000
  0.480894  -0.0000   0.66100000
  0.481146  -0.0000   0.66500000
  0.481291  -0.0000   0.66700000
  0.481427  -0.0000   0.67000000
  0.481562  -0.0000   0.67300000
  0.481697  -0.0000   0.67600000
  0.481901  -0.0000   0.68100000
  0.482209  -0.0000   0.68700000
  0.482675  -0.0000   0.69700000
  0.483150  -0.0000   0.70700000
  0.483625  -0.0000   0.71700000
  0.484101  -0.0000   0.72700000
  0.484576  -0.0000   0.73700000
  0.485050  -0.0000   0.74700000
  0.485524  -0.0000   0.75700000
  0.485997  -0.0000   0.76700000
  0.486469  -0.0000   0.77700000
  0.486941  -0.0000   0.78700000
  0.487411  -0.0000   0.79700000
  0.487881  -0.0000   0.80700000
  0.488349  -0.0000   0.81700000
  0.488817  -0.0000   0.82700000
  0.489283  -0.0000   0.83700000
  0.489749  -0.0000   0.84700000
  0.490214  -0.0000   0.85700000
  0.490677  -0.0000   0.86700000
  0.491140  -0.0000   0.87700000
  0.491602  -0.0000   0.88700000
  0.492062  -0.0000   0.89700000
  0.492522  -0.0000   0.90700000
  0.492981  -0.0000   0.91700000
  0.493438  -0.0000   0.92700000
  0.493895  -0.0000   0.93700000
  0.494350  -0.0000   0.94700000
  0.494804  -0.0000   0.95700000
  0.495258  -0.0000   0.96700000
  0.495710  -0.0000   0.97700000
  0.496161  -0.0000   0.98700000
  0.496611  -0.0000   0.99700000
  0.496747  -0.0000   1.00000000
  0.493182  -0.0000   1.00000000
  0.493182  -0.0000   1.00000000
  0.493181  -0.0000   1.00000000
  0.493181  -0.0000   1.00000000
  0.493180  -0.0000   1.00000000
  0.493179  -0.0000   1.00000000
  0.493175  -0.0000   1.00000000
  0.493169  -0.0000   1.00000000
  0.493155  -0.0000   1.00000000
  0.493129  -0.0000   1.00000000
  0.493076  -0.0000   1.00000000
  0.492976  -0.0000   1.00000000
