  0.000098  -0.0000   0.00000010
  0.000213  -0.0000   0.00000020
  0.000578  -0.0000   0.00000030
  0.006427  -0.0000   0.00000045
  0.006765  -0.0000   0.00000062
  0.007090  -0.0000   0.00000080
  0.007344  -0.0000   0.00000091
  0.007640  -0.0000   0.00000103
  0.007986  -0.0000   0.00000115
  0.008317  -0.0000   0.00000124
  0.008691  -0.0000   0.00000134
  0.009114  -0.0000   0.00000144
  0.009517  -0.0000   0.00000153
  0.009963  -0.0000   0.00000161
  0.010456  -0.0000   0.00000169
  0.010938  -0.0000   0.00000177
  0.011463  -0.0000   0.00000185
  0.012032  -0.0000   0.00000192
  0.012619  -0.0000   0.00000199
  0.013250  -0.0000   0.00000207
  0.013925  -0.0000   0.00000214
  0.014656  -0.0000   0.00000221
  0.015433  -0.0000   0.00000229
  0.016256  -0.0000   0.00000236
  0.017283  -0.0000   0.00000245
  0.018374  -0.0000   0.00000253
  0.019528  -0.0000   0.00000262
  0.019923  -0.0000   0.00000265
  0.020325  -0.0000   0.00000268
  0.020365  -0.0000   0.00000269
  0.020395  -0.0000   0.00000270
  0.020423  -0.0000   0.00000272
  0.020459  -0.0000   0.00000274
  0.020508  -0.0000   0.00000277
  0.020562  -0.0000   0.00000281
  0.020612  -0.0000   0.00000286
  0.020658  -0.0000   0.00000290
  0.020722  -0.0000   0.00000296
  0.020811  -0.0000   0.00000305
  0.020921  -0.0000   0.00000317
  0.021027  -0.0000   0.00000329
  0.021178  -0.0000   0.00000347
  0.021329  -0.0000   0.00000364
  0.021563  -0.0000   0.00000391
  0.021952  -0.0000   0.00000431
  0.022269  -0.0000   0.00000460
  0.022625  -0.0000   0.00000489
  0.023025  -0.0000   0.00000518
  0.023443  -0.0000   0.00000545
  0.023910  -0.0000   0.00000572
  0.024431  -0.0000   0.00000599
  0.024926  -0.0000   0.00000623
  0.025466  -0.0000   0.00000646
  0.026055  -0.0000   0.00000670
  0.026626  -0.0000   0.00000691
  0.027239  -0.0000   0.00000712
  0.027896  -0.0000   0.00000733
  0.028557  -0.0000   0.00000753
  0.029259  -0.0000   0.00000773
  0.030004  -0.0000   0.00000793
  0.030771  -0.0000   0.00000813
  0.031579  -0.0000   0.00000832
  0.032430  -0.0000   0.00000852
  0.033323  -0.0000   0.00000871
  0.034259  -0.0000   0.00000891
  0.035239  -0.0000   0.00000910
  0.036283  -0.0000   0.00000930
  0.037373  -0.0000   0.00000949
  0.037534  -0.0000   0.00000952
  0.037695  -0.0000   0.00000955
  0.037831  -0.0000   0.00000958
  0.037892  -0.0000   0.00000962
  0.037947  -0.0000   0.00000965
  0.037997  -0.0000   0.00000969
  0.038044  -0.0000   0.00000972
  0.038108  -0.0000   0.00000978
  0.038198  -0.0000   0.00000985
  0.038321  -0.0000   0.00000997
  0.038491  -0.0000   0.00001015
  0.038708  -0.0000   0.00001039
  0.038923  -0.0000   0.00001063
  0.039249  -0.0000   0.00001099
  0.039779  -0.0000   0.00001153
  0.040223  -0.0000   0.00001195
  0.040707  -0.0000   0.00001237
  0.041233  -0.0000   0.00001279
  0.041950  -0.0000   0.00001330
  0.042740  -0.0000   0.00001382
  0.043608  -0.0000   0.00001433
  0.044736  -0.0000   0.00001493
  0.045745  -0.0000   0.00001543
  0.046836  -0.0000   0.00001593
  0.048012  -0.0000   0.00001642
  0.049275  -0.0000   0.00001692
  0.050629  -0.0000   0.00001741
  0.052075  -0.0000   0.00001791
  0.053615  -0.0000   0.00001841
  0.055250  -0.0000   0.00001890
  0.055651  -0.0000   0.00001902
  0.056058  -0.0000   0.00001914
  0.056373  -0.0000   0.00001926
  0.056476  -0.0000   0.00001934
  0.056571  -0.0000   0.00001942
  0.056659  -0.0000   0.00001949
  0.056781  -0.0000   0.00001960
  0.056952  -0.0000   0.00001977
  0.057192  -0.0000   0.00002003
  0.057542  -0.0000   0.00002041
  0.058079  -0.0000   0.00002098
  0.058696  -0.0000   0.00002160
  0.059361  -0.0000   0.00002222
  0.060079  -0.0000   0.00002284
  0.061057  -0.0000   0.00002361
  0.062125  -0.0000   0.00002437
  0.063285  -0.0000   0.00002514
  0.064542  -0.0000   0.00002591
  0.065896  -0.0000   0.00002668
  0.067352  -0.0000   0.00002745
  0.068911  -0.0000   0.00002822
  0.070577  -0.0000   0.00002899
  0.072350  -0.0000   0.00002975
  0.074233  -0.0000   0.00003052
  0.074440  -0.0000   0.00003061
  0.074647  -0.0000   0.00003069
  0.074771  -0.0000   0.00003077
  0.074918  -0.0000   0.00003090
  0.075115  -0.0000   0.00003109
  0.075299  -0.0000   0.00003128
  0.075475  -0.0000   0.00003147
  0.075729  -0.0000   0.00003175
  0.076106  -0.0000   0.00003217
  0.076687  -0.0000   0.00003281
  0.077385  -0.0000   0.00003353
  0.078128  -0.0000   0.00003426
  0.078918  -0.0000   0.00003498
  0.080040  -0.0000   0.00003594
  0.081248  -0.0000   0.00003689
  0.082772  -0.0000   0.00003800
  0.084417  -0.0000   0.00003910
  0.086186  -0.0000   0.00004021
  0.088082  -0.0000   0.00004132
  0.089742  -0.0000   0.00004224
  0.091493  -0.0000   0.00004316
  0.093182  -0.0000   0.00004408
  0.093299  -0.0000   0.00004418
  0.093408  -0.0000   0.00004429
  0.093513  -0.0000   0.00004439
  0.093662  -0.0000   0.00004455
  0.093874  -0.0000   0.00004478
  0.094181  -0.0000   0.00004514
  0.094636  -0.0000   0.00004567
  0.095338  -0.0000   0.00004646
  0.096037  -0.0000   0.00004722
  0.096772  -0.0000   0.00004798
  0.097543  -0.0000   0.00004873
  0.098781  -0.0000   0.00004987
  0.100103  -0.0000   0.00005101
  0.101863  -0.0000   0.00005241
  0.103753  -0.0000   0.00005381
  0.105775  -0.0000   0.00005521
  0.107561  -0.0000   0.00005638
  0.109442  -0.0000   0.00005756
  0.111418  -0.0000   0.00005873
  0.111598  -0.0000   0.00005885
  0.111722  -0.0000   0.00005897
  0.111839  -0.0000   0.00005909
  0.112004  -0.0000   0.00005927
  0.112239  -0.0000   0.00005953
  0.112577  -0.0000   0.00005994
  0.113076  -0.0000   0.00006054
  0.113844  -0.0000   0.00006145
  0.114644  -0.0000   0.00006235
  0.115483  -0.0000   0.00006326
  0.116359  -0.0000   0.00006417
  0.117665  -0.0000   0.00006544
  0.119047  -0.0000   0.00006671
  0.121113  -0.0000   0.00006848
  0.122909  -0.0000   0.00006994
  0.124804  -0.0000   0.00007139
  0.126800  -0.0000   0.00007284
  0.129146  -0.0000   0.00007446
  0.129435  -0.0000   0.00007465
  0.129726  -0.0000   0.00007485
  0.130003  -0.0000   0.00007505
  0.130227  -0.0000   0.00007529
  0.130436  -0.0000   0.00007553
  0.130637  -0.0000   0.00007577
  0.130832  -0.0000   0.00007601
  0.131118  -0.0000   0.00007637
  0.131545  -0.0000   0.00007690
  0.132197  -0.0000   0.00007771
  0.133044  -0.0000   0.00007872
  0.133927  -0.0000   0.00007973
  0.134846  -0.0000   0.00008074
  0.136187  -0.0000   0.00008214
  0.137596  -0.0000   0.00008354
  0.139475  -0.0000   0.00008530
  0.141463  -0.0000   0.00008705
  0.143559  -0.0000   0.00008881
  0.145764  -0.0000   0.00009057
  0.148081  -0.0000   0.00009233
  0.148324  -0.0000   0.00009251
  0.148534  -0.0000   0.00009270
  0.148697  -0.0000   0.00009288
  0.148927  -0.0000   0.00009316
  0.149253  -0.0000   0.00009357
  0.149572  -0.0000   0.00009398
  0.150047  -0.0000   0.00009460
  0.150772  -0.0000   0.00009554
  0.151604  -0.0000   0.00009657
  0.152466  -0.0000   0.00009760
  0.153359  -0.0000   0.00009864
  0.154747  -0.0000   0.00010020
  0.156068  -0.0000   0.00010170
  0.158029  -0.0000   0.00010410
  0.160929  -0.0000   0.00010760
  0.165191  -0.0000   0.00011280
  0.165453  -0.0000   0.00011310
  0.165715  -0.0000   0.00011340
  0.165976  -0.0000   0.00011380
  0.166366  -0.0000   0.00011420
  0.166754  -0.0000   0.00011480
  0.167049  -0.0000   0.00011540
  0.167327  -0.0000   0.00011600
  0.167595  -0.0000   0.00011650
  0.167857  -0.0000   0.00011710
  0.168246  -0.0000   0.00011800
  0.168827  -0.0000   0.00011930
  0.169699  -0.0000   0.00012120
  0.170836  -0.0000   0.00012370
  0.171975  -0.0000   0.00012620
  0.173113  -0.0000   0.00012870
  0.174813  -0.0000   0.00013250
  0.177346  -0.0000   0.00013820
  0.181096  -0.0000   0.00014670
  0.181528  -0.0000   0.00014760
  0.181959  -0.0000   0.00014860
  0.182390  -0.0000   0.00014960
  0.183035  -0.0000   0.00015110
  0.183997  -0.0000   0.00015330
  0.184337  -0.0000   0.00015400
  0.184646  -0.0000   0.00015480
  0.184876  -0.0000   0.00015560
  0.185196  -0.0000   0.00015680
  0.185505  -0.0000   0.00015790
  0.185809  -0.0000   0.00015910
  0.186261  -0.0000   0.00016090
  0.186941  -0.0000   0.00016350
  0.187965  -0.0000   0.00016750
  0.188992  -0.0000   0.00017140
  0.190019  -0.0000   0.00017540
  0.191557  -0.0000   0.00018130
  0.193852  -0.0000   0.00019020
  0.197260  -0.0000   0.00020350
  0.200884  -0.0000   0.00021790
  0.201211  -0.0000   0.00021910
  0.201536  -0.0000   0.00022040
  0.201862  -0.0000   0.00022170
  0.202349  -0.0000   0.00022370
  0.202615  -0.0000   0.00022490
  0.202830  -0.0000   0.00022620
  0.203036  -0.0000   0.00022740
  0.203334  -0.0000   0.00022930
  0.203628  -0.0000   0.00023120
  0.204067  -0.0000   0.00023400
  0.204728  -0.0000   0.00023820
  0.205724  -0.0000   0.00024460
  0.206722  -0.0000   0.00025090
  0.208218  -0.0000   0.00026040
  0.210455  -0.0000   0.00027470
  0.213782  -0.0000   0.00029610
  0.217552  -0.0000   0.00032060
  0.218297  -0.0000   0.00032540
  0.219040  -0.0000   0.00033030
  0.219781  -0.0000   0.00033520
  0.220281  -0.0000   0.00033840
  0.220592  -0.0000   0.00034100
  0.220854  -0.0000   0.00034350
  0.221105  -0.0000   0.00034600
  0.221477  -0.0000   0.00034970
  0.221847  -0.0000   0.00035350
  0.222404  -0.0000   0.00035910
  0.223243  -0.0000   0.00036760
  0.224466  -0.0000   0.00037980
  0.225690  -0.0000   0.00039210
  0.227520  -0.0000   0.00041060
  0.230248  -0.0000   0.00043820
  0.234296  -0.0000   0.00047970
  0.238294  -0.0000   0.00052110
  0.238466  -0.0000   0.00052330
  0.238618  -0.0000   0.00052550
  0.238764  -0.0000   0.00052770
  0.238978  -0.0000   0.00053090
  0.239295  -0.0000   0.00053580
  0.239771  -0.0000   0.00054320
  0.240487  -0.0000   0.00055420
  0.241437  -0.0000   0.00056880
  0.242388  -0.0000   0.00058340
  0.243813  -0.0000   0.00060520
  0.245943  -0.0000   0.00063800
  0.249114  -0.0000   0.00068710
  0.253812  -0.0000   0.00076080
  0.254210  -0.0000   0.00076710
  0.254607  -0.0000   0.00077330
  0.255003  -0.0000   0.00077960
  0.255596  -0.0000   0.00078890
  0.256424  -0.0000   0.00080300
  0.256635  -0.0000   0.00080760
  0.256839  -0.0000   0.00081210
  0.257040  -0.0000   0.00081670
  0.257339  -0.0000   0.00082360
  0.257789  -0.0000   0.00083390
  0.258468  -0.0000   0.00084930
  0.259489  -0.0000   0.00087250
  0.260512  -0.0000   0.00089570
  0.262044  -0.0000   0.00093040
  0.264332  -0.0000   0.00098250
  0.267738  -0.0000   0.00106100
  0.271581  -0.0000   0.00115000
  0.272217  -0.0000   0.00116500
  0.272853  -0.0000   0.00117900
  0.273487  -0.0000   0.00119400
  0.274385  -0.0000   0.00121600
  0.274592  -0.0000   0.00122300
  0.274791  -0.0000   0.00122900
  0.274988  -0.0000   0.00123600
  0.275283  -0.0000   0.00124600
  0.275726  -0.0000   0.00126000
  0.276394  -0.0000   0.00128200
  0.277399  -0.0000   0.00131500
  0.278405  -0.0000   0.00134800
  0.279912  -0.0000   0.00139700
  0.282163  -0.0000   0.00147100
  0.285515  -0.0000   0.00158200
  0.289459  -0.0000   0.00171300
  0.290114  -0.0000   0.00173500
  0.290768  -0.0000   0.00175700
  0.291420  -0.0000   0.00177900
  0.292347  -0.0000   0.00181200
  0.292557  -0.0000   0.00182100
  0.292761  -0.0000   0.00183100
  0.292963  -0.0000   0.00184000
  0.293266  -0.0000   0.00185400
  0.293722  -0.0000   0.00187500
  0.294409  -0.0000   0.00190700
  0.295442  -0.0000   0.00195400
  0.296991  -0.0000   0.00202500
  0.299307  -0.0000   0.00213200
  0.302755  -0.0000   0.00229200
  0.306635  -0.0000   0.00247400
  0.309075  -0.0000   0.00258900
  0.309461  -0.0000   0.00260700
  0.309847  -0.0000   0.00262600
  0.310228  -0.0000   0.00264400
  0.310432  -0.0000   0.00265600
  0.310629  -0.0000   0.00266900
  0.310824  -0.0000   0.00268100
  0.311117  -0.0000   0.00270000
  0.311559  -0.0000   0.00272800
  0.312224  -0.0000   0.00277000
  0.313224  -0.0000   0.00283400
  0.314723  -0.0000   0.00292900
  0.316964  -0.0000   0.00307100
  0.320302  -0.0000   0.00328500
  0.324286  -0.0000   0.00354200
  0.328217  -0.0000   0.00379900
  0.328390  -0.0000   0.00381300
  0.328558  -0.0000   0.00382800
  0.328724  -0.0000   0.00384200
  0.328972  -0.0000   0.00386400
  0.329345  -0.0000   0.00389600
  0.329908  -0.0000   0.00394500
  0.330755  -0.0000   0.00401800
  0.332027  -0.0000   0.00412700
  0.333932  -0.0000   0.00429100
  0.336777  -0.0000   0.00453700
  0.341010  -0.0000   0.00490600
  0.342073  -0.0000   0.00499800
  0.343133  -0.0000   0.00509100
  0.344190  -0.0000   0.00518400
  0.345769  -0.0000   0.00532300
  0.346046  -0.0000   0.00534800
  0.346305  -0.0000   0.00537200
  0.346521  -0.0000   0.00539700
  0.346838  -0.0000   0.00543300
  0.347156  -0.0000   0.00547000
  0.347475  -0.0000   0.00550600
  0.347956  -0.0000   0.00556100
  0.348678  -0.0000   0.00564400
  0.349761  -0.0000   0.00576700
  0.351383  -0.0000   0.00595200
  0.353805  -0.0000   0.00623000
  0.357412  -0.0000   0.00664700
  0.361116  -0.0000   0.00707900
  0.362167  -0.0000   0.00720200
  0.363215  -0.0000   0.00732400
  0.364225  -0.0000   0.00744700
  0.364439  -0.0000   0.00747900
  0.364650  -0.0000   0.00751100
  0.364861  -0.0000   0.00754300
  0.365178  -0.0000   0.00759100
  0.365656  -0.0000   0.00766300
  0.366375  -0.0000   0.00777000
  0.367453  -0.0000   0.00793200
  0.369068  -0.0000   0.00817400
  0.371480  -0.0000   0.00853800
  0.375072  -0.0000   0.00908300
  0.378754  -0.0000   0.00964700
  0.382362  -0.0000   0.01021000
  0.382554  -0.0000   0.01025000
  0.382743  -0.0000   0.01028000
  0.382931  -0.0000   0.01032000
  0.383213  -0.0000   0.01038000
  0.383639  -0.0000   0.01046000
  0.384280  -0.0000   0.01058000
  0.385243  -0.0000   0.01077000
  0.386687  -0.0000   0.01105000
  0.388847  -0.0000   0.01148000
  0.392068  -0.0000   0.01211000
  0.396854  -0.0000   0.01306000
  0.397608  -0.0000   0.01321000
  0.398360  -0.0000   0.01336000
  0.399111  -0.0000   0.01351000
  0.400235  -0.0000   0.01373000
  0.400450  -0.0000   0.01378000
  0.400651  -0.0000   0.01383000
  0.400852  -0.0000   0.01388000
  0.401154  -0.0000   0.01396000
  0.401610  -0.0000   0.01407000
  0.402294  -0.0000   0.01424000
  0.403322  -0.0000   0.01450000
  0.404859  -0.0000   0.01488000
  0.407157  -0.0000   0.01545000
  0.410580  -0.0000   0.01631000
  0.414408  -0.0000   0.01728000
  0.418204  -0.0000   0.01825000
  0.418403  -0.0000   0.01831000
  0.418595  -0.0000   0.01838000
  0.418788  -0.0000   0.01844000
  0.419078  -0.0000   0.01853000
  0.419515  -0.0000   0.01867000
  0.420171  -0.0000   0.01887000
  0.421156  -0.0000   0.01918000
  0.422630  -0.0000   0.01965000
  0.424833  -0.0000   0.02034000
  0.428116  -0.0000   0.02139000
  0.431998  -0.0000   0.02264000
  0.435849  -0.0000   0.02388000
  0.436115  -0.0000   0.02397000
  0.436373  -0.0000   0.02406000
  0.436590  -0.0000   0.02414000
  0.436915  -0.0000   0.02427000
  0.437242  -0.0000   0.02440000
  0.437569  -0.0000   0.02453000
  0.438061  -0.0000   0.02472000
  0.438800  -0.0000   0.02502000
  0.439906  -0.0000   0.02545000
  0.441561  -0.0000   0.02611000
  0.444032  -0.0000   0.02709000
  0.447714  -0.0000   0.02857000
  0.451197  -0.0000   0.02997000
  0.453400  -0.0000   0.03087000
  0.453807  -0.0000   0.03103000
  0.454213  -0.0000   0.03120000
  0.454573  -0.0000   0.03136000
  0.454905  -0.0000   0.03153000
  0.455240  -0.0000   0.03169000
  0.455576  -0.0000   0.03186000
  0.456080  -0.0000   0.03211000
  0.456837  -0.0000   0.03248000
  0.457971  -0.0000   0.03303000
  0.459667  -0.0000   0.03387000
  0.462199  -0.0000   0.03512000
  0.465971  -0.0000   0.03700000
  0.469376  -0.0000   0.03871000
  0.471293  -0.0000   0.03968000
  0.471859  -0.0000   0.03996000
  0.472425  -0.0000   0.04025000
  0.472660  -0.0000   0.04039000
  0.472892  -0.0000   0.04053000
  0.473125  -0.0000   0.04067000
  0.473476  -0.0000   0.04088000
  0.474004  -0.0000   0.04120000
  0.474796  -0.0000   0.04168000
  0.475982  -0.0000   0.04240000
  0.477756  -0.0000   0.04348000
  0.480403  -0.0000   0.04509000
  0.484345  -0.0000   0.04751000
  0.487864  -0.0000   0.04969000
  0.488716  -0.0000   0.05022000
  0.489567  -0.0000   0.05075000
  0.490416  -0.0000   0.05128000
  0.490653  -0.0000   0.05144000
  0.490877  -0.0000   0.05161000
  0.491103  -0.0000   0.05178000
  0.491442  -0.0000   0.05203000
  0.491953  -0.0000   0.05241000
  0.492719  -0.0000   0.05297000
  0.493866  -0.0000   0.05382000
  0.495583  -0.0000   0.05510000
  0.498145  -0.0000   0.05701000
  0.501962  -0.0000   0.05987000
  0.505423  -0.0000   0.06249000
  0.507517  -0.0000   0.06408000
  0.507980  -0.0000   0.06443000
  0.508442  -0.0000   0.06478000
  0.508770  -0.0000   0.06506000
  0.509081  -0.0000   0.06535000
  0.509393  -0.0000   0.06563000
  0.509707  -0.0000   0.06591000
  0.510177  -0.0000   0.06633000
  0.510883  -0.0000   0.06696000
  0.511941  -0.0000   0.06791000
  0.513523  -0.0000   0.06934000
  0.515885  -0.0000   0.07148000
  0.519406  -0.0000   0.07468000
  0.522947  -0.0000   0.07793000
  0.526463  -0.0000   0.08117000
  0.526712  -0.0000   0.08142000
  0.526933  -0.0000   0.08166000
  0.527156  -0.0000   0.08190000
  0.527490  -0.0000   0.08226000
  0.527826  -0.0000   0.08263000
  0.528330  -0.0000   0.08317000
  0.529086  -0.0000   0.08399000
  0.530218  -0.0000   0.08522000
  0.531910  -0.0000   0.08705000
  0.534437  -0.0000   0.08981000
  0.538201  -0.0000   0.09395000
  0.541618  -0.0000   0.09773000
  0.543708  -0.0000   0.10000000
  0.544162  -0.0000   0.10100000
  0.544614  -0.0000   0.10100000
  0.544930  -0.0000   0.10100000
  0.545233  -0.0000   0.10200000
  0.545538  -0.0000   0.10200000
  0.545844  -0.0000   0.10300000
  0.546303  -0.0000   0.10300000
  0.546991  -0.0000   0.10400000
  0.548021  -0.0000   0.10500000
  0.549563  -0.0000   0.10700000
  0.551866  -0.0000   0.11000000
  0.555299  -0.0000   0.11500000
  0.558869  -0.0000   0.12000000
  0.562416  -0.0000   0.12400000
  0.562694  -0.0000   0.12500000
  0.562946  -0.0000   0.12500000
  0.563184  -0.0000   0.12600000
  0.563544  -0.0000   0.12600000
  0.564018  -0.0000   0.12700000
  0.564493  -0.0000   0.12800000
  0.565204  -0.0000   0.12900000
  0.566270  -0.0000   0.13000000
  0.567863  -0.0000   0.13300000
  0.570243  -0.0000   0.13700000
  0.573790  -0.0000   0.14200000
  0.577260  -0.0000   0.14800000
  0.580707  -0.0000   0.15300000
  0.580963  -0.0000   0.15300000
  0.581194  -0.0000   0.15400000
  0.581427  -0.0000   0.15400000
  0.581776  -0.0000   0.15500000
  0.582127  -0.0000   0.15600000
  0.582653  -0.0000   0.15700000
  0.583442  -0.0000   0.15800000
  0.584622  -0.0000   0.16000000
  0.586387  -0.0000   0.16300000
  0.589022  -0.0000   0.16800000
  0.592947  -0.0000   0.17600000
  0.596844  -0.0000   0.18300000
  0.597365  -0.0000   0.18400000
  0.597885  -0.0000   0.18500000
  0.598405  -0.0000   0.18600000
  0.599149  -0.0000   0.18700000
  0.599412  -0.0000   0.18800000
  0.599677  -0.0000   0.18800000
  0.599943  -0.0000   0.18900000
  0.600342  -0.0000   0.19000000
  0.600941  -0.0000   0.19100000
  0.601839  -0.0000   0.19300000
  0.603182  -0.0000   0.19600000
  0.605189  -0.0000   0.20000000
  0.608185  -0.0000   0.20700000
  0.612643  -0.0000   0.21700000
  0.617065  -0.0000   0.22600000
  0.617289  -0.0000   0.22700000
  0.617509  -0.0000   0.22800000
  0.617730  -0.0000   0.22800000
  0.618063  -0.0000   0.22900000
  0.618563  -0.0000   0.23000000
  0.619312  -0.0000   0.23200000
  0.620434  -0.0000   0.23500000
  0.622112  -0.0000   0.23900000
  0.624617  -0.0000   0.24600000
  0.628350  -0.0000   0.25500000
  0.632220  -0.0000   0.26500000
  0.633150  -0.0000   0.26800000
  0.634078  -0.0000   0.27000000
  0.635005  -0.0000   0.27200000
  0.635280  -0.0000   0.27300000
  0.635537  -0.0000   0.27400000
  0.635796  -0.0000   0.27500000
  0.636185  -0.0000   0.27600000
  0.636575  -0.0000   0.27700000
  0.637159  -0.0000   0.27900000
  0.638034  -0.0000   0.28100000
  0.639344  -0.0000   0.28500000
  0.641301  -0.0000   0.29100000
  0.644222  -0.0000   0.30000000
  0.647553  -0.0000   0.31000000
  0.650864  -0.0000   0.32000000
  0.651748  -0.0000   0.32200000
  0.652631  -0.0000   0.32500000
  0.653476  -0.0000   0.32800000
  0.653755  -0.0000   0.32900000
  0.654035  -0.0000   0.33000000
  0.654316  -0.0000   0.33100000
  0.654738  -0.0000   0.33200000
  0.655371  -0.0000   0.33400000
  0.656319  -0.0000   0.33800000
  0.657737  -0.0000   0.34200000
  0.659857  -0.0000   0.35000000
  0.662737  -0.0000   0.36000000
  0.665604  -0.0000   0.37000000
  0.668455  -0.0000   0.38000000
  0.671292  -0.0000   0.39000000
  0.671543  -0.0000   0.39100000
  0.671783  -0.0000   0.39200000
  0.672024  -0.0000   0.39300000
  0.672387  -0.0000   0.39400000
  0.672931  -0.0000   0.39600000
  0.673746  -0.0000   0.39900000
  0.674966  -0.0000   0.40400000
  0.676791  -0.0000   0.41200000
  0.679287  -0.0000   0.42200000
  0.681772  -0.0000   0.43200000
  0.684247  -0.0000   0.44200000
  0.686710  -0.0000   0.45200000
  0.689163  -0.0000   0.46200000
  0.689465  -0.0000   0.46300000
  0.689733  -0.0000   0.46400000
  0.690001  -0.0000   0.46500000
  0.690270  -0.0000   0.46600000
  0.690539  -0.0000   0.46800000
  0.690943  -0.0000   0.47000000
  0.691548  -0.0000   0.47200000
  0.692454  -0.0000   0.47600000
  0.693811  -0.0000   0.48300000
  0.695838  -0.0000   0.49200000
  0.698000  -0.0000   0.50200000
  0.700155  -0.0000   0.51200000
  0.702301  -0.0000   0.52200000
  0.704439  -0.0000   0.53200000
  0.706570  -0.0000   0.54200000
  0.707049  -0.0000   0.54400000
  0.707528  -0.0000   0.54700000
  0.707833  -0.0000   0.54800000
  0.708133  -0.0000   0.55000000
  0.708434  -0.0000   0.55100000
  0.708736  -0.0000   0.55300000
  0.709188  -0.0000   0.55500000
  0.709867  -0.0000   0.55900000
  0.710882  -0.0000   0.56400000
  0.712400  -0.0000   0.57200000
  0.714289  -0.0000   0.58200000
  0.716171  -0.0000   0.59200000
  0.718047  -0.0000   0.60200000
  0.719917  -0.0000   0.61200000
  0.721781  -0.0000   0.62200000
  0.723639  -0.0000   0.63200000
  0.725491  -0.0000   0.64200000
  0.725789  -0.0000   0.64400000
  0.726063  -0.0000   0.64500000
  0.726338  -0.0000   0.64700000
  0.726752  -0.0000   0.65000000
  0.727166  -0.0000   0.65200000
  0.727786  -0.0000   0.65600000
  0.728716  -0.0000   0.66100000
  0.730107  -0.0000   0.67000000
  0.731758  -0.0000   0.68000000
  0.733405  -0.0000   0.69000000
  0.735047  -0.0000   0.70000000
  0.736685  -0.0000   0.71000000
  0.738318  -0.0000   0.72000000
  0.739946  -0.0000   0.73000000
  0.741570  -0.0000   0.74000000
  0.743189  -0.0000   0.75000000
  0.743624  -0.0000   0.75300000
  0.744034  -0.0000   0.75500000
  0.744424  -0.0000   0.75800000
  0.744815  -0.0000   0.76100000
  0.745207  -0.0000   0.76300000
  0.745599  -0.0000   0.76600000
  0.746186  -0.0000   0.77000000
  0.747065  -0.0000   0.77600000
  0.748381  -0.0000   0.78500000
  0.749829  -0.0000   0.79500000
  0.751273  -0.0000   0.80500000
  0.752714  -0.0000   0.81500000
  0.754151  -0.0000   0.82500000
  0.755585  -0.0000   0.83500000
  0.757015  -0.0000   0.84500000
  0.758442  -0.0000   0.85500000
  0.759865  -0.0000   0.86500000
  0.761285  -0.0000   0.87500000
  0.761793  -0.0000   0.87900000
  0.762266  -0.0000   0.88200000
  0.762724  -0.0000   0.88600000
  0.763184  -0.0000   0.88900000
  0.763643  -0.0000   0.89300000
  0.764103  -0.0000   0.89700000
  0.764791  -0.0000   0.90200000
  0.765822  -0.0000   0.91000000
  0.767097  -0.0000   0.92000000
  0.768370  -0.0000   0.93000000
  0.769639  -0.0000   0.94000000
  0.770906  -0.0000   0.95000000
  0.772171  -0.0000   0.96000000
  0.773432  -0.0000   0.97000000
  0.774691  -0.0000   0.98000000
  0.775947  -0.0000   0.99000000
  0.777196  -0.0000   1.00000000
  0.776357  -0.0000   1.00000000
  0.776357  -0.0000   1.00000000
  0.776357  -0.0000   1.00000000
  0.776357  -0.0000   1.00000000
  0.776357  -0.0000   1.00000000
  0.776357  -0.0000   1.00000000
  0.776357  -0.0000   1.00000000
  0.776356  -0.0000   1.00000000
  0.776356  -0.0000   1.00000000
  0.776355  -0.0000   1.00000000
  0.776353  -0.0000   1.00000000
  0.776348  -0.0000   1.00000000
