  0.000205  -0.0000   0.00000010
  0.000476  -0.0000   0.00000020
  0.000641  -0.0000   0.00000022
  0.001836  -0.0000   0.00000025
  0.006702  -0.0000   0.00000027
  0.006947  -0.0000   0.00000031
  0.007203  -0.0000   0.00000035
  0.007508  -0.0000   0.00000038
  0.007877  -0.0000   0.00000042
  0.008114  -0.0000   0.00000044
  0.008391  -0.0000   0.00000046
  0.008719  -0.0000   0.00000048
  0.009110  -0.0000   0.00000050
  0.009447  -0.0000   0.00000052
  0.009830  -0.0000   0.00000053
  0.010263  -0.0000   0.00000055
  0.010748  -0.0000   0.00000056
  0.011286  -0.0000   0.00000058
  0.011877  -0.0000   0.00000059
  0.012520  -0.0000   0.00000061
  0.013214  -0.0000   0.00000062
  0.013954  -0.0000   0.00000064
  0.014737  -0.0000   0.00000066
  0.015558  -0.0000   0.00000067
  0.016413  -0.0000   0.00000069
  0.017507  -0.0000   0.00000071
  0.018636  -0.0000   0.00000073
  0.019790  -0.0000   0.00000074
  0.019799  -0.0000   0.00000075
  0.019806  -0.0000   0.00000075
  0.019813  -0.0000   0.00000075
  0.019821  -0.0000   0.00000075
  0.019831  -0.0000   0.00000075
  0.019843  -0.0000   0.00000076
  0.019858  -0.0000   0.00000076
  0.019876  -0.0000   0.00000077
  0.019899  -0.0000   0.00000078
  0.019929  -0.0000   0.00000080
  0.019956  -0.0000   0.00000082
  0.019993  -0.0000   0.00000085
  0.020045  -0.0000   0.00000090
  0.020120  -0.0000   0.00000096
  0.020232  -0.0000   0.00000106
  0.020407  -0.0000   0.00000121
  0.020710  -0.0000   0.00000143
  0.020830  -0.0000   0.00000151
  0.020963  -0.0000   0.00000159
  0.021116  -0.0000   0.00000168
  0.021404  -0.0000   0.00000180
  0.021678  -0.0000   0.00000189
  0.022015  -0.0000   0.00000199
  0.022341  -0.0000   0.00000206
  0.022724  -0.0000   0.00000214
  0.023173  -0.0000   0.00000222
  0.023582  -0.0000   0.00000228
  0.024042  -0.0000   0.00000234
  0.024557  -0.0000   0.00000240
  0.025129  -0.0000   0.00000247
  0.025762  -0.0000   0.00000253
  0.026337  -0.0000   0.00000258
  0.026956  -0.0000   0.00000263
  0.027621  -0.0000   0.00000269
  0.028330  -0.0000   0.00000274
  0.029085  -0.0000   0.00000279
  0.029884  -0.0000   0.00000284
  0.030726  -0.0000   0.00000290
  0.031612  -0.0000   0.00000295
  0.032538  -0.0000   0.00000300
  0.033505  -0.0000   0.00000305
  0.034511  -0.0000   0.00000311
  0.035555  -0.0000   0.00000316
  0.035627  -0.0000   0.00000316
  0.035700  -0.0000   0.00000317
  0.035760  -0.0000   0.00000317
  0.035782  -0.0000   0.00000318
  0.035799  -0.0000   0.00000318
  0.035814  -0.0000   0.00000319
  0.035827  -0.0000   0.00000319
  0.035844  -0.0000   0.00000320
  0.035867  -0.0000   0.00000321
  0.035896  -0.0000   0.00000323
  0.035935  -0.0000   0.00000326
  0.035986  -0.0000   0.00000330
  0.036054  -0.0000   0.00000336
  0.036147  -0.0000   0.00000345
  0.036280  -0.0000   0.00000359
  0.036483  -0.0000   0.00000380
  0.036836  -0.0000   0.00000412
  0.036994  -0.0000   0.00000425
  0.037171  -0.0000   0.00000438
  0.037371  -0.0000   0.00000451
  0.037734  -0.0000   0.00000470
  0.038176  -0.0000   0.00000489
  0.038593  -0.0000   0.00000505
  0.039076  -0.0000   0.00000520
  0.039630  -0.0000   0.00000536
  0.040262  -0.0000   0.00000551
  0.040976  -0.0000   0.00000567
  0.041779  -0.0000   0.00000583
  0.042477  -0.0000   0.00000595
  0.043237  -0.0000   0.00000607
  0.044061  -0.0000   0.00000620
  0.045071  -0.0000   0.00000634
  0.045963  -0.0000   0.00000645
  0.046915  -0.0000   0.00000657
  0.047929  -0.0000   0.00000668
  0.049125  -0.0000   0.00000681
  0.050398  -0.0000   0.00000694
  0.051747  -0.0000   0.00000706
  0.053131  -0.0000   0.00000719
  0.053160  -0.0000   0.00000720
  0.053186  -0.0000   0.00000721
  0.053208  -0.0000   0.00000722
  0.053236  -0.0000   0.00000723
  0.053274  -0.0000   0.00000725
  0.053322  -0.0000   0.00000728
  0.053385  -0.0000   0.00000732
  0.053467  -0.0000   0.00000738
  0.053576  -0.0000   0.00000748
  0.053727  -0.0000   0.00000762
  0.053947  -0.0000   0.00000784
  0.054299  -0.0000   0.00000816
  0.054591  -0.0000   0.00000840
  0.054924  -0.0000   0.00000864
  0.055308  -0.0000   0.00000888
  0.055668  -0.0000   0.00000908
  0.056075  -0.0000   0.00000928
  0.056530  -0.0000   0.00000948
  0.057070  -0.0000   0.00000969
  0.057674  -0.0000   0.00000990
  0.058343  -0.0000   0.00001011
  0.059024  -0.0000   0.00001031
  0.059767  -0.0000   0.00001051
  0.060576  -0.0000   0.00001070
  0.061416  -0.0000   0.00001089
  0.062321  -0.0000   0.00001108
  0.063294  -0.0000   0.00001127
  0.064474  -0.0000   0.00001148
  0.065535  -0.0000   0.00001165
  0.066662  -0.0000   0.00001183
  0.067854  -0.0000   0.00001201
  0.069227  -0.0000   0.00001220
  0.070529  -0.0000   0.00001240
  0.070571  -0.0000   0.00001241
  0.070608  -0.0000   0.00001243
  0.070640  -0.0000   0.00001244
  0.070683  -0.0000   0.00001247
  0.070740  -0.0000   0.00001250
  0.070814  -0.0000   0.00001255
  0.070913  -0.0000   0.00001263
  0.071046  -0.0000   0.00001275
  0.071231  -0.0000   0.00001292
  0.071503  -0.0000   0.00001318
  0.071943  -0.0000   0.00001357
  0.072263  -0.0000   0.00001383
  0.072616  -0.0000   0.00001409
  0.073009  -0.0000   0.00001436
  0.073574  -0.0000   0.00001468
  0.074213  -0.0000   0.00001501
  0.074932  -0.0000   0.00001534
  0.075736  -0.0000   0.00001567
  0.076630  -0.0000   0.00001600
  0.077618  -0.0000   0.00001633
  0.078517  -0.0000   0.00001660
  0.079488  -0.0000   0.00001688
  0.080535  -0.0000   0.00001715
  0.081660  -0.0000   0.00001743
  0.082864  -0.0000   0.00001770
  0.084149  -0.0000   0.00001798
  0.085517  -0.0000   0.00001825
  0.086968  -0.0000   0.00001853
  0.087152  -0.0000   0.00001856
  0.087336  -0.0000   0.00001860
  0.087522  -0.0000   0.00001863
  0.087663  -0.0000   0.00001867
  0.087742  -0.0000   0.00001871
  0.087810  -0.0000   0.00001875
  0.087897  -0.0000   0.00001881
  0.087975  -0.0000   0.00001887
  0.088081  -0.0000   0.00001896
  0.088227  -0.0000   0.00001909
  0.088433  -0.0000   0.00001929
  0.088740  -0.0000   0.00001960
  0.089238  -0.0000   0.00002005
  0.089590  -0.0000   0.00002034
  0.089973  -0.0000   0.00002064
  0.090391  -0.0000   0.00002093
  0.091101  -0.0000   0.00002138
  0.091898  -0.0000   0.00002182
  0.092787  -0.0000   0.00002226
  0.093773  -0.0000   0.00002271
  0.094861  -0.0000   0.00002315
  0.095830  -0.0000   0.00002351
  0.096875  -0.0000   0.00002388
  0.097998  -0.0000   0.00002424
  0.099201  -0.0000   0.00002461
  0.100486  -0.0000   0.00002497
  0.101856  -0.0000   0.00002534
  0.103311  -0.0000   0.00002570
  0.104852  -0.0000   0.00002607
  0.104949  -0.0000   0.00002610
  0.105006  -0.0000   0.00002613
  0.105056  -0.0000   0.00002615
  0.105123  -0.0000   0.00002620
  0.105211  -0.0000   0.00002626
  0.105328  -0.0000   0.00002635
  0.105485  -0.0000   0.00002650
  0.105704  -0.0000   0.00002671
  0.106024  -0.0000   0.00002703
  0.106531  -0.0000   0.00002751
  0.106929  -0.0000   0.00002786
  0.107359  -0.0000   0.00002821
  0.107825  -0.0000   0.00002856
  0.108605  -0.0000   0.00002909
  0.109470  -0.0000   0.00002962
  0.110424  -0.0000   0.00003015
  0.111471  -0.0000   0.00003067
  0.112614  -0.0000   0.00003120
  0.113858  -0.0000   0.00003173
  0.115207  -0.0000   0.00003226
  0.116388  -0.0000   0.00003269
  0.117644  -0.0000   0.00003312
  0.118976  -0.0000   0.00003356
  0.120545  -0.0000   0.00003404
  0.122210  -0.0000   0.00003452
  0.122324  -0.0000   0.00003455
  0.122390  -0.0000   0.00003459
  0.122448  -0.0000   0.00003463
  0.122526  -0.0000   0.00003468
  0.122630  -0.0000   0.00003476
  0.122769  -0.0000   0.00003488
  0.122959  -0.0000   0.00003506
  0.123227  -0.0000   0.00003534
  0.123632  -0.0000   0.00003575
  0.124179  -0.0000   0.00003627
  0.124778  -0.0000   0.00003679
  0.125434  -0.0000   0.00003730
  0.126148  -0.0000   0.00003782
  0.126923  -0.0000   0.00003834
  0.128026  -0.0000   0.00003901
  0.129237  -0.0000   0.00003968
  0.130340  -0.0000   0.00004025
  0.131524  -0.0000   0.00004082
  0.132793  -0.0000   0.00004139
  0.134148  -0.0000   0.00004195
  0.135592  -0.0000   0.00004252
  0.137127  -0.0000   0.00004309
  0.138753  -0.0000   0.00004366
  0.139025  -0.0000   0.00004375
  0.139300  -0.0000   0.00004384
  0.139578  -0.0000   0.00004394
  0.139740  -0.0000   0.00004401
  0.139845  -0.0000   0.00004408
  0.139938  -0.0000   0.00004415
  0.140062  -0.0000   0.00004425
  0.140176  -0.0000   0.00004436
  0.140336  -0.0000   0.00004452
  0.140563  -0.0000   0.00004475
  0.140900  -0.0000   0.00004511
  0.141429  -0.0000   0.00004564
  0.141902  -0.0000   0.00004609
  0.142406  -0.0000   0.00004654
  0.142943  -0.0000   0.00004698
  0.143823  -0.0000   0.00004766
  0.144958  -0.0000   0.00004844
  0.146200  -0.0000   0.00004923
  0.147553  -0.0000   0.00005002
  0.148756  -0.0000   0.00005067
  0.150040  -0.0000   0.00005132
  0.151407  -0.0000   0.00005198
  0.152859  -0.0000   0.00005263
  0.154398  -0.0000   0.00005329
  0.156024  -0.0000   0.00005394
  0.156357  -0.0000   0.00005407
  0.156694  -0.0000   0.00005420
  0.157035  -0.0000   0.00005434
  0.157144  -0.0000   0.00005440
  0.157232  -0.0000   0.00005446
  0.157312  -0.0000   0.00005453
  0.157421  -0.0000   0.00005462
  0.157570  -0.0000   0.00005477
  0.157777  -0.0000   0.00005499
  0.158075  -0.0000   0.00005531
  0.158528  -0.0000   0.00005580
  0.159061  -0.0000   0.00005634
  0.159631  -0.0000   0.00005688
  0.160239  -0.0000   0.00005743
  0.161078  -0.0000   0.00005812
  0.161979  -0.0000   0.00005882
  0.163227  -0.0000   0.00005970
  0.164580  -0.0000   0.00006058
  0.166040  -0.0000   0.00006146
  0.167612  -0.0000   0.00006235
  0.168989  -0.0000   0.00006308
  0.170445  -0.0000   0.00006381
  0.171982  -0.0000   0.00006454
  0.173778  -0.0000   0.00006534
  0.173977  -0.0000   0.00006543
  0.174177  -0.0000   0.00006552
  0.174378  -0.0000   0.00006561
  0.174558  -0.0000   0.00006572
  0.174690  -0.0000   0.00006582
  0.174810  -0.0000   0.00006593
  0.174973  -0.0000   0.00006610
  0.175127  -0.0000   0.00006626
  0.175348  -0.0000   0.00006651
  0.175675  -0.0000   0.00006687
  0.176180  -0.0000   0.00006743
  0.176704  -0.0000   0.00006797
  0.177259  -0.0000   0.00006851
  0.177844  -0.0000   0.00006906
  0.178791  -0.0000   0.00006987
  0.179807  -0.0000   0.00007069
  0.181215  -0.0000   0.00007173
  0.182739  -0.0000   0.00007277
  0.184073  -0.0000   0.00007362
  0.185489  -0.0000   0.00007448
  0.186989  -0.0000   0.00007533
  0.188749  -0.0000   0.00007628
  0.190614  -0.0000   0.00007722
  0.190986  -0.0000   0.00007741
  0.191363  -0.0000   0.00007760
  0.191743  -0.0000   0.00007778
  0.191908  -0.0000   0.00007788
  0.192023  -0.0000   0.00007797
  0.192128  -0.0000   0.00007807
  0.192271  -0.0000   0.00007821
  0.192405  -0.0000   0.00007835
  0.192595  -0.0000   0.00007857
  0.192871  -0.0000   0.00007889
  0.193288  -0.0000   0.00007937
  0.193945  -0.0000   0.00008009
  0.194647  -0.0000   0.00008081
  0.195394  -0.0000   0.00008154
  0.196185  -0.0000   0.00008226
  0.197021  -0.0000   0.00008298
  0.198372  -0.0000   0.00008407
  0.199824  -0.0000   0.00008515
  0.201378  -0.0000   0.00008623
  0.203036  -0.0000   0.00008732
  0.204801  -0.0000   0.00008840
  0.206674  -0.0000   0.00008949
  0.208657  -0.0000   0.00009057
  0.208840  -0.0000   0.00009067
  0.209025  -0.0000   0.00009077
  0.209210  -0.0000   0.00009087
  0.209363  -0.0000   0.00009099
  0.209492  -0.0000   0.00009111
  0.209611  -0.0000   0.00009123
  0.209723  -0.0000   0.00009135
  0.209881  -0.0000   0.00009153
  0.210110  -0.0000   0.00009180
  0.210447  -0.0000   0.00009221
  0.210965  -0.0000   0.00009282
  0.211492  -0.0000   0.00009341
  0.212045  -0.0000   0.00009401
  0.212623  -0.0000   0.00009460
  0.213546  -0.0000   0.00009549
  0.214525  -0.0000   0.00009638
  0.216091  -0.0000   0.00009770
  0.217476  -0.0000   0.00009880
  0.218946  -0.0000   0.00009989
  0.220333  -0.0000   0.00010100
  0.222201  -0.0000   0.00010250
  0.224020  -0.0000   0.00010400
  0.225015  -0.0000   0.00010490
  0.225995  -0.0000   0.00010570
  0.226241  -0.0000   0.00010590
  0.226471  -0.0000   0.00010620
  0.226619  -0.0000   0.00010640
  0.226752  -0.0000   0.00010660
  0.226875  -0.0000   0.00010680
  0.226990  -0.0000   0.00010700
  0.227153  -0.0000   0.00010730
  0.227385  -0.0000   0.00010780
  0.227724  -0.0000   0.00010850
  0.228228  -0.0000   0.00010960
  0.228987  -0.0000   0.00011120
  0.229749  -0.0000   0.00011280
  0.230510  -0.0000   0.00011440
  0.231269  -0.0000   0.00011610
  0.232397  -0.0000   0.00011850
  0.234065  -0.0000   0.00012210
  0.236506  -0.0000   0.00012760
  0.238888  -0.0000   0.00013300
  0.241209  -0.0000   0.00013850
  0.242140  -0.0000   0.00014070
  0.243061  -0.0000   0.00014290
  0.243236  -0.0000   0.00014330
  0.243353  -0.0000   0.00014370
  0.243456  -0.0000   0.00014410
  0.243596  -0.0000   0.00014480
  0.243725  -0.0000   0.00014540
  0.243907  -0.0000   0.00014640
  0.244169  -0.0000   0.00014780
  0.244553  -0.0000   0.00014990
  0.245131  -0.0000   0.00015310
  0.245713  -0.0000   0.00015630
  0.246297  -0.0000   0.00015950
  0.246881  -0.0000   0.00016270
  0.247755  -0.0000   0.00016740
  0.249054  -0.0000   0.00017460
  0.250972  -0.0000   0.00018540
  0.253228  -0.0000   0.00019830
  0.255436  -0.0000   0.00021120
  0.257596  -0.0000   0.00022420
  0.258671  -0.0000   0.00023070
  0.259733  -0.0000   0.00023720
  0.259905  -0.0000   0.00023820
  0.260032  -0.0000   0.00023930
  0.260137  -0.0000   0.00024030
  0.260277  -0.0000   0.00024190
  0.260408  -0.0000   0.00024350
  0.260593  -0.0000   0.00024580
  0.260861  -0.0000   0.00024940
  0.261260  -0.0000   0.00025470
  0.261862  -0.0000   0.00026270
  0.262469  -0.0000   0.00027070
  0.263077  -0.0000   0.00027870
  0.263685  -0.0000   0.00028670
  0.264593  -0.0000   0.00029870
  0.265943  -0.0000   0.00031660
  0.267936  -0.0000   0.00034360
  0.270149  -0.0000   0.00037410
  0.272318  -0.0000   0.00040460
  0.274444  -0.0000   0.00043510
  0.274969  -0.0000   0.00044270
  0.275491  -0.0000   0.00045030
  0.276010  -0.0000   0.00045790
  0.276567  -0.0000   0.00046600
  0.276691  -0.0000   0.00046850
  0.276793  -0.0000   0.00047090
  0.276888  -0.0000   0.00047340
  0.277020  -0.0000   0.00047710
  0.277208  -0.0000   0.00048260
  0.277481  -0.0000   0.00049080
  0.277889  -0.0000   0.00050320
  0.278508  -0.0000   0.00052180
  0.279130  -0.0000   0.00054040
  0.279754  -0.0000   0.00055900
  0.280377  -0.0000   0.00057760
  0.281308  -0.0000   0.00060550
  0.282691  -0.0000   0.00064740
  0.284733  -0.0000   0.00071010
  0.286927  -0.0000   0.00077880
  0.289080  -0.0000   0.00084750
  0.291191  -0.0000   0.00091620
  0.291598  -0.0000   0.00092940
  0.292003  -0.0000   0.00094270
  0.292406  -0.0000   0.00095600
  0.293007  -0.0000   0.00097590
  0.293189  -0.0000   0.00098190
  0.293320  -0.0000   0.00098800
  0.293431  -0.0000   0.00099410
  0.293583  -0.0000   0.00100300
  0.293726  -0.0000   0.00101200
  0.293935  -0.0000   0.00102600
  0.294245  -0.0000   0.00104600
  0.294716  -0.0000   0.00107700
  0.295407  -0.0000   0.00112200
  0.296101  -0.0000   0.00116600
  0.296795  -0.0000   0.00121100
  0.297829  -0.0000   0.00127800
  0.299367  -0.0000   0.00137800
  0.301633  -0.0000   0.00152900
  0.303859  -0.0000   0.00168000
  0.306045  -0.0000   0.00183100
  0.308189  -0.0000   0.00198100
  0.308468  -0.0000   0.00200100
  0.308746  -0.0000   0.00202100
  0.309023  -0.0000   0.00204000
  0.309437  -0.0000   0.00207000
  0.309789  -0.0000   0.00209500
  0.309916  -0.0000   0.00210800
  0.310026  -0.0000   0.00212100
  0.310129  -0.0000   0.00213300
  0.310275  -0.0000   0.00215300
  0.310488  -0.0000   0.00218100
  0.310806  -0.0000   0.00222500
  0.311289  -0.0000   0.00228900
  0.311942  -0.0000   0.00237700
  0.312596  -0.0000   0.00246400
  0.313250  -0.0000   0.00255100
  0.314227  -0.0000   0.00268100
  0.315679  -0.0000   0.00287700
  0.317823  -0.0000   0.00317100
  0.319938  -0.0000   0.00346500
  0.322017  -0.0000   0.00376000
  0.324061  -0.0000   0.00405400
  0.324608  -0.0000   0.00413300
  0.325151  -0.0000   0.00421200
  0.325692  -0.0000   0.00429100
  0.326453  -0.0000   0.00441000
  0.326582  -0.0000   0.00443900
  0.326700  -0.0000   0.00446800
  0.326811  -0.0000   0.00449700
  0.326920  -0.0000   0.00452600
  0.327081  -0.0000   0.00457000
  0.327322  -0.0000   0.00463500
  0.327688  -0.0000   0.00473300
  0.328242  -0.0000   0.00488000
  0.329019  -0.0000   0.00508600
  0.329796  -0.0000   0.00529100
  0.330956  -0.0000   0.00560000
  0.332676  -0.0000   0.00606200
  0.335212  -0.0000   0.00675600
  0.337701  -0.0000   0.00745000
  0.340142  -0.0000   0.00814400
  0.342534  -0.0000   0.00883800
  0.342698  -0.0000   0.00888600
  0.342862  -0.0000   0.00893400
  0.343017  -0.0000   0.00898100
  0.343176  -0.0000   0.00905300
  0.343321  -0.0000   0.00912500
  0.343461  -0.0000   0.00919600
  0.343599  -0.0000   0.00926800
  0.343806  -0.0000   0.00937500
  0.344120  -0.0000   0.00953600
  0.344595  -0.0000   0.00977800
  0.345311  -0.0000   0.01014000
  0.346026  -0.0000   0.01050000
  0.347095  -0.0000   0.01105000
  0.348683  -0.0000   0.01186000
  0.351027  -0.0000   0.01308000
  0.353332  -0.0000   0.01431000
  0.355598  -0.0000   0.01553000
  0.357824  -0.0000   0.01675000
  0.358364  -0.0000   0.01705000
  0.358900  -0.0000   0.01735000
  0.359434  -0.0000   0.01765000
  0.359586  -0.0000   0.01774000
  0.359699  -0.0000   0.01784000
  0.359803  -0.0000   0.01793000
  0.359952  -0.0000   0.01807000
  0.360099  -0.0000   0.01821000
  0.360320  -0.0000   0.01843000
  0.360655  -0.0000   0.01875000
  0.361162  -0.0000   0.01923000
  0.361907  -0.0000   0.01993000
  0.362652  -0.0000   0.02063000
  0.363763  -0.0000   0.02168000
  0.365414  -0.0000   0.02326000
  0.367849  -0.0000   0.02562000
  0.370244  -0.0000   0.02799000
  0.372597  -0.0000   0.03036000
  0.374907  -0.0000   0.03272000
  0.375182  -0.0000   0.03301000
  0.375456  -0.0000   0.03329000
  0.375729  -0.0000   0.03357000
  0.376137  -0.0000   0.03399000
  0.376252  -0.0000   0.03416000
  0.376355  -0.0000   0.03432000
  0.376452  -0.0000   0.03449000
  0.376595  -0.0000   0.03473000
  0.376807  -0.0000   0.03511000
  0.377130  -0.0000   0.03566000
  0.377619  -0.0000   0.03650000
  0.378285  -0.0000   0.03763000
  0.378951  -0.0000   0.03876000
  0.379945  -0.0000   0.04045000
  0.381423  -0.0000   0.04300000
  0.383610  -0.0000   0.04682000
  0.385765  -0.0000   0.05063000
  0.387887  -0.0000   0.05445000
  0.389977  -0.0000   0.05827000
  0.391687  -0.0000   0.06143000
  0.392026  -0.0000   0.06206000
  0.392364  -0.0000   0.06269000
  0.392702  -0.0000   0.06332000
  0.392835  -0.0000   0.06364000
  0.392947  -0.0000   0.06396000
  0.393054  -0.0000   0.06428000
  0.393211  -0.0000   0.06476000
  0.393447  -0.0000   0.06549000
  0.393805  -0.0000   0.06657000
  0.394347  -0.0000   0.06819000
  0.394891  -0.0000   0.06982000
  0.395705  -0.0000   0.07225000
  0.396918  -0.0000   0.07590000
  0.398719  -0.0000   0.08138000
  0.400860  -0.0000   0.08799000
  0.402971  -0.0000   0.09459000
  0.405051  -0.0000   0.10100000
  0.407771  -0.0000   0.11000000
  0.408077  -0.0000   0.11100000
  0.408383  -0.0000   0.11200000
  0.408688  -0.0000   0.11300000
  0.409144  -0.0000   0.11400000
  0.409356  -0.0000   0.11500000
  0.409504  -0.0000   0.11600000
  0.409639  -0.0000   0.11700000
  0.409772  -0.0000   0.11700000
  0.409904  -0.0000   0.11800000
  0.410104  -0.0000   0.11900000
  0.410407  -0.0000   0.12100000
  0.410865  -0.0000   0.12300000
  0.411552  -0.0000   0.12600000
  0.412580  -0.0000   0.13200000
  0.414109  -0.0000   0.14000000
  0.416014  -0.0000   0.15000000
  0.417896  -0.0000   0.16000000
  0.419754  -0.0000   0.17000000
  0.421589  -0.0000   0.18000000
  0.423401  -0.0000   0.19000000
  0.425188  -0.0000   0.20000000
  0.425426  -0.0000   0.20100000
  0.425664  -0.0000   0.20200000
  0.425902  -0.0000   0.20400000
  0.426064  -0.0000   0.20500000
  0.426198  -0.0000   0.20600000
  0.426327  -0.0000   0.20700000
  0.426520  -0.0000   0.20900000
  0.426813  -0.0000   0.21100000
  0.427257  -0.0000   0.21500000
  0.427885  -0.0000   0.22100000
  0.428512  -0.0000   0.22600000
  0.429450  -0.0000   0.23400000
  0.430597  -0.0000   0.24400000
  0.431737  -0.0000   0.25400000
  0.432869  -0.0000   0.26400000
  0.433992  -0.0000   0.27400000
  0.435107  -0.0000   0.28400000
  0.436215  -0.0000   0.29400000
  0.437314  -0.0000   0.30400000
  0.438404  -0.0000   0.31400000
  0.439487  -0.0000   0.32400000
  0.440561  -0.0000   0.33400000
  0.441626  -0.0000   0.34400000
  0.442650  -0.0000   0.35400000
  0.442777  -0.0000   0.35600000
  0.442897  -0.0000   0.35800000
  0.443015  -0.0000   0.35900000
  0.443134  -0.0000   0.36100000
  0.443313  -0.0000   0.36400000
  0.443584  -0.0000   0.36800000
  0.443993  -0.0000   0.37300000
  0.444608  -0.0000   0.38200000
  0.445311  -0.0000   0.39200000
  0.446012  -0.0000   0.40200000
  0.446710  -0.0000   0.41200000
  0.447406  -0.0000   0.42200000
  0.448099  -0.0000   0.43200000
  0.448789  -0.0000   0.44200000
  0.449477  -0.0000   0.45200000
  0.450161  -0.0000   0.46200000
  0.450842  -0.0000   0.47200000
  0.451521  -0.0000   0.48200000
  0.452196  -0.0000   0.49200000
  0.452869  -0.0000   0.50200000
  0.453538  -0.0000   0.51200000
  0.454205  -0.0000   0.52200000
  0.454868  -0.0000   0.53200000
  0.455529  -0.0000   0.54200000
  0.456186  -0.0000   0.55200000
  0.456840  -0.0000   0.56200000
  0.457492  -0.0000   0.57200000
  0.458140  -0.0000   0.58200000
  0.458784  -0.0000   0.59200000
  0.459305  -0.0000   0.60100000
  0.459432  -0.0000   0.60300000
  0.459552  -0.0000   0.60600000
  0.459671  -0.0000   0.60900000
  0.459852  -0.0000   0.61300000
  0.460125  -0.0000   0.62000000
  0.460538  -0.0000   0.62900000
  0.460974  -0.0000   0.63900000
  0.461411  -0.0000   0.64900000
  0.461846  -0.0000   0.65900000
  0.462281  -0.0000   0.66900000
  0.462716  -0.0000   0.67900000
  0.463149  -0.0000   0.68900000
  0.463581  -0.0000   0.69900000
  0.464012  -0.0000   0.70900000
  0.464442  -0.0000   0.71900000
  0.464871  -0.0000   0.72900000
  0.465298  -0.0000   0.73900000
  0.465725  -0.0000   0.74900000
  0.466150  -0.0000   0.75900000
  0.466575  -0.0000   0.76900000
  0.466998  -0.0000   0.77900000
  0.467420  -0.0000   0.78900000
  0.467841  -0.0000   0.79900000
  0.468261  -0.0000   0.80900000
  0.468680  -0.0000   0.81900000
  0.469097  -0.0000   0.82900000
  0.469514  -0.0000   0.83900000
  0.469929  -0.0000   0.84900000
  0.470343  -0.0000   0.85900000
  0.470756  -0.0000   0.86900000
  0.471168  -0.0000   0.87900000
  0.471579  -0.0000   0.88900000
  0.471989  -0.0000   0.89900000
  0.472397  -0.0000   0.90900000
  0.472804  -0.0000   0.91900000
  0.473211  -0.0000   0.92900000
  0.473616  -0.0000   0.93900000
  0.474019  -0.0000   0.94900000
  0.474422  -0.0000   0.95900000
  0.474823  -0.0000   0.96900000
  0.475224  -0.0000   0.97900000
  0.475623  -0.0000   0.98900000
  0.475963  -0.0000   0.99900000
  0.475989  -0.0000   1.00000000
  0.473120  -0.0000   1.00000000
  0.473120  -0.0000   1.00000000
  0.473120  -0.0000   1.00000000
  0.473120  -0.0000   1.00000000
  0.473119  -0.0000   1.00000000
  0.473118  -0.0000   1.00000000
  0.473116  -0.0000   1.00000000
  0.473112  -0.0000   1.00000000
  0.473105  -0.0000   1.00000000
  0.473089  -0.0000   1.00000000
  0.473058  -0.0000   1.00000000
  0.473011  -0.0000   1.00000000
  0.472999  -0.0000   1.00000000
