  0.000005  -0.0000   0.00000010
  0.000010  -0.0000   0.00000020
  0.000027  -0.0000   0.00000030
  0.000316  -0.0000   0.00000045
  0.005999  -0.0000   0.00000067
  0.006022  -0.0000   0.00000101
  0.006051  -0.0000   0.00000152
  0.006097  -0.0000   0.00000228
  0.006173  -0.0000   0.00000342
  0.006312  -0.0000   0.00000513
  0.006595  -0.0000   0.00000769
  0.006853  -0.0000   0.00000957
  0.007170  -0.0000   0.00001146
  0.007552  -0.0000   0.00001334
  0.008008  -0.0000   0.00001522
  0.008543  -0.0000   0.00001711
  0.009036  -0.0000   0.00001864
  0.009588  -0.0000   0.00002017
  0.010203  -0.0000   0.00002171
  0.010884  -0.0000   0.00002324
  0.011632  -0.0000   0.00002477
  0.012450  -0.0000   0.00002631
  0.013339  -0.0000   0.00002784
  0.014301  -0.0000   0.00002937
  0.015338  -0.0000   0.00003090
  0.016451  -0.0000   0.00003244
  0.017641  -0.0000   0.00003397
  0.018911  -0.0000   0.00003550
  0.020259  -0.0000   0.00003704
  0.020489  -0.0000   0.00003730
  0.020720  -0.0000   0.00003755
  0.020820  -0.0000   0.00003781
  0.020887  -0.0000   0.00003820
  0.020946  -0.0000   0.00003859
  0.021002  -0.0000   0.00003898
  0.021054  -0.0000   0.00003937
  0.021127  -0.0000   0.00003995
  0.021228  -0.0000   0.00004082
  0.021349  -0.0000   0.00004191
  0.021467  -0.0000   0.00004299
  0.021584  -0.0000   0.00004408
  0.021762  -0.0000   0.00004571
  0.022043  -0.0000   0.00004815
  0.022510  -0.0000   0.00005182
  0.023079  -0.0000   0.00005580
  0.023714  -0.0000   0.00005979
  0.024420  -0.0000   0.00006377
  0.025154  -0.0000   0.00006753
  0.025956  -0.0000   0.00007129
  0.026830  -0.0000   0.00007505
  0.027716  -0.0000   0.00007859
  0.028668  -0.0000   0.00008212
  0.029688  -0.0000   0.00008565
  0.030739  -0.0000   0.00008907
  0.031857  -0.0000   0.00009248
  0.033041  -0.0000   0.00009590
  0.034294  -0.0000   0.00009932
  0.035511  -0.0000   0.00010270
  0.036705  -0.0000   0.00010610
  0.037887  -0.0000   0.00010960
  0.039634  -0.0000   0.00011470
  0.039739  -0.0000   0.00011500
  0.039831  -0.0000   0.00011530
  0.039874  -0.0000   0.00011560
  0.039933  -0.0000   0.00011610
  0.040015  -0.0000   0.00011680
  0.040127  -0.0000   0.00011780
  0.040262  -0.0000   0.00011920
  0.040391  -0.0000   0.00012050
  0.040577  -0.0000   0.00012260
  0.040849  -0.0000   0.00012560
  0.041250  -0.0000   0.00013020
  0.042047  -0.0000   0.00013930
  0.043231  -0.0000   0.00015300
  0.044986  -0.0000   0.00017360
  0.046720  -0.0000   0.00019420
  0.049280  -0.0000   0.00022500
  0.052571  -0.0000   0.00026550
  0.055803  -0.0000   0.00030590
  0.058976  -0.0000   0.00034630
  0.059174  -0.0000   0.00034890
  0.059372  -0.0000   0.00035140
  0.059569  -0.0000   0.00035390
  0.059764  -0.0000   0.00035770
  0.059966  -0.0000   0.00036340
  0.060158  -0.0000   0.00036910
  0.060347  -0.0000   0.00037480
  0.060534  -0.0000   0.00038050
  0.060814  -0.0000   0.00038900
  0.061233  -0.0000   0.00040180
  0.061859  -0.0000   0.00042100
  0.062792  -0.0000   0.00044980
  0.064179  -0.0000   0.00049300
  0.066231  -0.0000   0.00055770
  0.069262  -0.0000   0.00065490
  0.072939  -0.0000   0.00077490
  0.076557  -0.0000   0.00089480
  0.077683  -0.0000   0.00093240
  0.078803  -0.0000   0.00097000
  0.079487  -0.0000   0.00099290
  0.079694  -0.0000   0.00100200
  0.079849  -0.0000   0.00101200
  0.080001  -0.0000   0.00102100
  0.080226  -0.0000   0.00103500
  0.080562  -0.0000   0.00105600
  0.081065  -0.0000   0.00108800
  0.081815  -0.0000   0.00113600
  0.082932  -0.0000   0.00120700
  0.084588  -0.0000   0.00131400
  0.087041  -0.0000   0.00147500
  0.090663  -0.0000   0.00171600
  0.094234  -0.0000   0.00195700
  0.097757  -0.0000   0.00219800
  0.098223  -0.0000   0.00223000
  0.098687  -0.0000   0.00226200
  0.099151  -0.0000   0.00229400
  0.099780  -0.0000   0.00234200
  0.099989  -0.0000   0.00236500
  0.100195  -0.0000   0.00238800
  0.100400  -0.0000   0.00241100
  0.100707  -0.0000   0.00244600
  0.101166  -0.0000   0.00249700
  0.101851  -0.0000   0.00257500
  0.102872  -0.0000   0.00269200
  0.104389  -0.0000   0.00286600
  0.106640  -0.0000   0.00312800
  0.109971  -0.0000   0.00352100
  0.113518  -0.0000   0.00394500
  0.117023  -0.0000   0.00436900
  0.118175  -0.0000   0.00450900
  0.119322  -0.0000   0.00464900
  0.119799  -0.0000   0.00470700
  0.120054  -0.0000   0.00474900
  0.120289  -0.0000   0.00479200
  0.120524  -0.0000   0.00483400
  0.120758  -0.0000   0.00487600
  0.121109  -0.0000   0.00494000
  0.121632  -0.0000   0.00503600
  0.122413  -0.0000   0.00517900
  0.123577  -0.0000   0.00539300
  0.125305  -0.0000   0.00571600
  0.127869  -0.0000   0.00619900
  0.131664  -0.0000   0.00692400
  0.135412  -0.0000   0.00764900
  0.139118  -0.0000   0.00837300
  0.139472  -0.0000   0.00844300
  0.139825  -0.0000   0.00851200
  0.140138  -0.0000   0.00858100
  0.140520  -0.0000   0.00868500
  0.140901  -0.0000   0.00878900
  0.141281  -0.0000   0.00889300
  0.141660  -0.0000   0.00899700
  0.142226  -0.0000   0.00915300
  0.143071  -0.0000   0.00938700
  0.144329  -0.0000   0.00973800
  0.146200  -0.0000   0.01026000
  0.148975  -0.0000   0.01105000
  0.153085  -0.0000   0.01224000
  0.157145  -0.0000   0.01342000
  0.158194  -0.0000   0.01373000
  0.159239  -0.0000   0.01404000
  0.160278  -0.0000   0.01434000
  0.160521  -0.0000   0.01444000
  0.160764  -0.0000   0.01453000
  0.161006  -0.0000   0.01463000
  0.161369  -0.0000   0.01477000
  0.161912  -0.0000   0.01498000
  0.162721  -0.0000   0.01530000
  0.163926  -0.0000   0.01578000
  0.165719  -0.0000   0.01650000
  0.168382  -0.0000   0.01758000
  0.172326  -0.0000   0.01919000
  0.176228  -0.0000   0.02081000
  0.180089  -0.0000   0.02243000
  0.180444  -0.0000   0.02258000
  0.180737  -0.0000   0.02273000
  0.181016  -0.0000   0.02288000
  0.181433  -0.0000   0.02310000
  0.181850  -0.0000   0.02332000
  0.182472  -0.0000   0.02366000
  0.183399  -0.0000   0.02416000
  0.184780  -0.0000   0.02492000
  0.186833  -0.0000   0.02605000
  0.189880  -0.0000   0.02775000
  0.193417  -0.0000   0.02974000
  0.196920  -0.0000   0.03173000
  0.200393  -0.0000   0.03372000
  0.200752  -0.0000   0.03393000
  0.201046  -0.0000   0.03414000
  0.201339  -0.0000   0.03435000
  0.201778  -0.0000   0.03466000
  0.202215  -0.0000   0.03497000
  0.202869  -0.0000   0.03544000
  0.203843  -0.0000   0.03614000
  0.205295  -0.0000   0.03720000
  0.207454  -0.0000   0.03878000
  0.210660  -0.0000   0.04116000
  0.214295  -0.0000   0.04388000
  0.217896  -0.0000   0.04660000
  0.219753  -0.0000   0.04801000
  0.220748  -0.0000   0.04877000
  0.221183  -0.0000   0.04913000
  0.221579  -0.0000   0.04950000
  0.221974  -0.0000   0.04986000
  0.222564  -0.0000   0.05041000
  0.223152  -0.0000   0.05096000
  0.224030  -0.0000   0.05178000
  0.225338  -0.0000   0.05301000
  0.227286  -0.0000   0.05486000
  0.230181  -0.0000   0.05763000
  0.234473  -0.0000   0.06178000
  0.238722  -0.0000   0.06593000
  0.239548  -0.0000   0.06674000
  0.240371  -0.0000   0.06755000
  0.241194  -0.0000   0.06836000
  0.241554  -0.0000   0.06877000
  0.241905  -0.0000   0.06918000
  0.242254  -0.0000   0.06959000
  0.242777  -0.0000   0.07020000
  0.243558  -0.0000   0.07112000
  0.244721  -0.0000   0.07250000
  0.246454  -0.0000   0.07457000
  0.249031  -0.0000   0.07768000
  0.252854  -0.0000   0.08234000
  0.256643  -0.0000   0.08700000
  0.260399  -0.0000   0.09166000
  0.260931  -0.0000   0.09232000
  0.261462  -0.0000   0.09298000
  0.261926  -0.0000   0.09364000
  0.262381  -0.0000   0.09431000
  0.262834  -0.0000   0.09497000
  0.263286  -0.0000   0.09563000
  0.263961  -0.0000   0.09662000
  0.264969  -0.0000   0.09811000
  0.266471  -0.0000   0.10000000
  0.268707  -0.0000   0.10400000
  0.272030  -0.0000   0.10900000
  0.276519  -0.0000   0.11600000
  0.280964  -0.0000   0.12200000
  0.281429  -0.0000   0.12300000
  0.281884  -0.0000   0.12400000
  0.282287  -0.0000   0.12500000
  0.282690  -0.0000   0.12500000
  0.283091  -0.0000   0.12600000
  0.283492  -0.0000   0.12700000
  0.284091  -0.0000   0.12800000
  0.284985  -0.0000   0.12900000
  0.286319  -0.0000   0.13200000
  0.288306  -0.0000   0.13500000
  0.291262  -0.0000   0.14100000
  0.295649  -0.0000   0.14900000
  0.299994  -0.0000   0.15700000
  0.300765  -0.0000   0.15900000
  0.301535  -0.0000   0.16000000
  0.302278  -0.0000   0.16200000
  0.302686  -0.0000   0.16200000
  0.303093  -0.0000   0.16300000
  0.303499  -0.0000   0.16400000
  0.303904  -0.0000   0.16500000
  0.304510  -0.0000   0.16600000
  0.305414  -0.0000   0.16800000
  0.306764  -0.0000   0.17100000
  0.308775  -0.0000   0.17600000
  0.311767  -0.0000   0.18200000
  0.316209  -0.0000   0.19200000
  0.320611  -0.0000   0.20200000
  0.321283  -0.0000   0.20400000
  0.321954  -0.0000   0.20500000
  0.322599  -0.0000   0.20700000
  0.323046  -0.0000   0.20800000
  0.323491  -0.0000   0.20900000
  0.323936  -0.0000   0.21000000
  0.324379  -0.0000   0.21200000
  0.325042  -0.0000   0.21300000
  0.326032  -0.0000   0.21600000
  0.327509  -0.0000   0.22000000
  0.329709  -0.0000   0.22600000
  0.332982  -0.0000   0.23400000
  0.336711  -0.0000   0.24400000
  0.340412  -0.0000   0.25400000
  0.341459  -0.0000   0.25700000
  0.342504  -0.0000   0.26000000
  0.342996  -0.0000   0.26100000
  0.343468  -0.0000   0.26300000
  0.343940  -0.0000   0.26400000
  0.344645  -0.0000   0.26600000
  0.345347  -0.0000   0.26900000
  0.346395  -0.0000   0.27200000
  0.347959  -0.0000   0.27700000
  0.350289  -0.0000   0.28400000
  0.353474  -0.0000   0.29400000
  0.356638  -0.0000   0.30400000
  0.359781  -0.0000   0.31400000
  0.362905  -0.0000   0.32400000
  0.363273  -0.0000   0.32500000
  0.363631  -0.0000   0.32600000
  0.363989  -0.0000   0.32800000
  0.364524  -0.0000   0.33000000
  0.365323  -0.0000   0.33200000
  0.366515  -0.0000   0.33700000
  0.368293  -0.0000   0.34300000
  0.370940  -0.0000   0.35300000
  0.373665  -0.0000   0.36300000
  0.376374  -0.0000   0.37300000
  0.379069  -0.0000   0.38300000
  0.381749  -0.0000   0.39300000
  0.382760  -0.0000   0.39700000
  0.383722  -0.0000   0.40000000
  0.384318  -0.0000   0.40300000
  0.384912  -0.0000   0.40500000
  0.385504  -0.0000   0.40800000
  0.386095  -0.0000   0.41000000
  0.386978  -0.0000   0.41400000
  0.388297  -0.0000   0.41900000
  0.390264  -0.0000   0.42800000
  0.392621  -0.0000   0.43800000
  0.394966  -0.0000   0.44800000
  0.397299  -0.0000   0.45800000
  0.399622  -0.0000   0.46800000
  0.401935  -0.0000   0.47800000
  0.403525  -0.0000   0.48500000
  0.403936  -0.0000   0.48600000
  0.404338  -0.0000   0.48800000
  0.404739  -0.0000   0.49000000
  0.405339  -0.0000   0.49300000
  0.406235  -0.0000   0.49700000
  0.407573  -0.0000   0.50400000
  0.409567  -0.0000   0.51400000
  0.411622  -0.0000   0.52400000
  0.413667  -0.0000   0.53400000
  0.415702  -0.0000   0.54400000
  0.417730  -0.0000   0.55400000
  0.419749  -0.0000   0.56400000
  0.421761  -0.0000   0.57400000
  0.423767  -0.0000   0.58400000
  0.424189  -0.0000   0.58600000
  0.424599  -0.0000   0.58800000
  0.425009  -0.0000   0.59000000
  0.425621  -0.0000   0.59400000
  0.426536  -0.0000   0.59900000
  0.427901  -0.0000   0.60600000
  0.429709  -0.0000   0.61600000
  0.431508  -0.0000   0.62600000
  0.433300  -0.0000   0.63600000
  0.435084  -0.0000   0.64600000
  0.436862  -0.0000   0.65600000
  0.438633  -0.0000   0.66600000
  0.440399  -0.0000   0.67600000
  0.442160  -0.0000   0.68600000
  0.443915  -0.0000   0.69600000
  0.444425  -0.0000   0.69900000
  0.444911  -0.0000   0.70200000
  0.445396  -0.0000   0.70500000
  0.446120  -0.0000   0.71000000
  0.446843  -0.0000   0.71400000
  0.447922  -0.0000   0.72100000
  0.449515  -0.0000   0.73100000
  0.451101  -0.0000   0.74100000
  0.452681  -0.0000   0.75100000
  0.454255  -0.0000   0.76100000
  0.455825  -0.0000   0.77100000
  0.457389  -0.0000   0.78100000
  0.458948  -0.0000   0.79100000
  0.460503  -0.0000   0.80100000
  0.462054  -0.0000   0.81100000
  0.463601  -0.0000   0.82100000
  0.464828  -0.0000   0.82900000
  0.465316  -0.0000   0.83200000
  0.465803  -0.0000   0.83600000
  0.466289  -0.0000   0.83900000
  0.466774  -0.0000   0.84200000
  0.467499  -0.0000   0.84800000
  0.468583  -0.0000   0.85500000
  0.469991  -0.0000   0.86500000
  0.471395  -0.0000   0.87500000
  0.472794  -0.0000   0.88500000
  0.474188  -0.0000   0.89500000
  0.475578  -0.0000   0.90500000
  0.476964  -0.0000   0.91500000
  0.478347  -0.0000   0.92500000
  0.479726  -0.0000   0.93500000
  0.481103  -0.0000   0.94500000
  0.482475  -0.0000   0.95500000
  0.483845  -0.0000   0.96500000
  0.485190  -0.0000   0.97500000
  0.485682  -0.0000   0.97900000
  0.486172  -0.0000   0.98300000
  0.486661  -0.0000   0.98700000
  0.487149  -0.0000   0.99100000
  0.487879  -0.0000   0.99600000
  0.488327  -0.0000   1.00000000
  0.488258  -0.0000   1.00000000
  0.488258  -0.0000   1.00000000
  0.488258  -0.0000   1.00000000
  0.488258  -0.0000   1.00000000
  0.488258  -0.0000   1.00000000
  0.488258  -0.0000   1.00000000
  0.488258  -0.0000   1.00000000
  0.488258  -0.0000   1.00000000
  0.488258  -0.0000   1.00000000
  0.488258  -0.0000   1.00000000
  0.488258  -0.0000   1.00000000
  0.488257  -0.0000   1.00000000
  0.488257  -0.0000   1.00000000
  0.488256  -0.0000   1.00000000
