  0.000008  -0.0000   0.00000010
  0.000017  -0.0000   0.00000020
  0.000045  -0.0000   0.00000030
  0.000525  -0.0000   0.00000045
  0.006023  -0.0000   0.00000067
  0.006058  -0.0000   0.00000101
  0.006104  -0.0000   0.00000152
  0.006174  -0.0000   0.00000228
  0.006281  -0.0000   0.00000342
  0.006448  -0.0000   0.00000513
  0.006715  -0.0000   0.00000769
  0.007159  -0.0000   0.00001153
  0.007718  -0.0000   0.00001584
  0.008345  -0.0000   0.00002015
  0.009045  -0.0000   0.00002446
  0.009765  -0.0000   0.00002848
  0.010555  -0.0000   0.00003251
  0.011417  -0.0000   0.00003653
  0.012499  -0.0000   0.00004112
  0.013480  -0.0000   0.00004498
  0.014532  -0.0000   0.00004884
  0.015659  -0.0000   0.00005270
  0.016984  -0.0000   0.00005693
  0.018401  -0.0000   0.00006116
  0.019913  -0.0000   0.00006539
  0.021396  -0.0000   0.00006962
  0.021533  -0.0000   0.00007108
  0.021668  -0.0000   0.00007253
  0.021803  -0.0000   0.00007399
  0.022003  -0.0000   0.00007617
  0.022303  -0.0000   0.00007944
  0.022604  -0.0000   0.00008271
  0.022908  -0.0000   0.00008599
  0.023215  -0.0000   0.00008926
  0.023639  -0.0000   0.00009368
  0.024075  -0.0000   0.00009809
  0.024600  -0.0000   0.00010440
  0.025073  -0.0000   0.00011070
  0.025539  -0.0000   0.00011700
  0.025999  -0.0000   0.00012330
  0.026681  -0.0000   0.00013280
  0.027692  -0.0000   0.00014690
  0.028995  -0.0000   0.00016540
  0.030290  -0.0000   0.00018380
  0.032046  -0.0000   0.00020890
  0.033792  -0.0000   0.00023410
  0.036393  -0.0000   0.00027180
  0.040250  -0.0000   0.00032840
  0.040490  -0.0000   0.00033190
  0.040730  -0.0000   0.00033540
  0.040969  -0.0000   0.00033890
  0.041328  -0.0000   0.00034420
  0.041865  -0.0000   0.00035220
  0.042668  -0.0000   0.00036410
  0.042984  -0.0000   0.00036880
  0.043194  -0.0000   0.00037350
  0.043342  -0.0000   0.00037810
  0.043556  -0.0000   0.00038520
  0.043809  -0.0000   0.00039380
  0.044055  -0.0000   0.00040250
  0.044297  -0.0000   0.00041110
  0.044653  -0.0000   0.00042410
  0.045180  -0.0000   0.00044360
  0.045900  -0.0000   0.00047050
  0.046617  -0.0000   0.00049740
  0.047688  -0.0000   0.00053780
  0.049285  -0.0000   0.00059830
  0.051668  -0.0000   0.00068920
  0.055211  -0.0000   0.00082540
  0.060466  -0.0000   0.00103000
  0.062175  -0.0000   0.00109700
  0.063877  -0.0000   0.00116300
  0.064860  -0.0000   0.00120200
  0.065239  -0.0000   0.00122000
  0.065507  -0.0000   0.00123700
  0.065766  -0.0000   0.00125500
  0.066147  -0.0000   0.00128200
  0.066524  -0.0000   0.00130800
  0.067086  -0.0000   0.00134800
  0.067924  -0.0000   0.00140800
  0.069177  -0.0000   0.00149700
  0.071046  -0.0000   0.00163100
  0.073831  -0.0000   0.00183300
  0.077976  -0.0000   0.00213500
  0.083682  -0.0000   0.00255500
  0.084500  -0.0000   0.00261500
  0.085316  -0.0000   0.00267500
  0.086131  -0.0000   0.00273600
  0.087351  -0.0000   0.00282600
  0.087664  -0.0000   0.00285400
  0.087913  -0.0000   0.00288100
  0.088158  -0.0000   0.00290800
  0.088521  -0.0000   0.00294900
  0.089062  -0.0000   0.00301100
  0.089870  -0.0000   0.00310300
  0.091078  -0.0000   0.00324100
  0.092881  -0.0000   0.00344800
  0.095568  -0.0000   0.00375900
  0.099572  -0.0000   0.00422600
  0.105523  -0.0000   0.00492500
  0.106740  -0.0000   0.00506900
  0.107955  -0.0000   0.00521200
  0.109168  -0.0000   0.00535600
  0.109807  -0.0000   0.00543200
  0.110323  -0.0000   0.00550700
  0.110785  -0.0000   0.00558300
  0.111245  -0.0000   0.00565900
  0.111703  -0.0000   0.00573400
  0.112388  -0.0000   0.00584800
  0.113412  -0.0000   0.00601800
  0.114943  -0.0000   0.00627400
  0.117228  -0.0000   0.00665800
  0.120636  -0.0000   0.00723300
  0.125711  -0.0000   0.00809500
  0.128761  -0.0000   0.00861600
  0.131799  -0.0000   0.00913700
  0.132291  -0.0000   0.00922100
  0.132720  -0.0000   0.00930500
  0.133098  -0.0000   0.00939000
  0.133661  -0.0000   0.00951700
  0.134481  -0.0000   0.00970200
  0.135299  -0.0000   0.00988700
  0.136522  -0.0000   0.01016000
  0.138348  -0.0000   0.01058000
  0.141075  -0.0000   0.01120000
  0.145141  -0.0000   0.01214000
  0.151197  -0.0000   0.01355000
  0.152208  -0.0000   0.01378000
  0.153217  -0.0000   0.01402000
  0.154226  -0.0000   0.01425000
  0.155113  -0.0000   0.01446000
  0.155567  -0.0000   0.01460000
  0.156018  -0.0000   0.01473000
  0.156469  -0.0000   0.01486000
  0.156918  -0.0000   0.01499000
  0.157592  -0.0000   0.01519000
  0.158599  -0.0000   0.01549000
  0.160105  -0.0000   0.01593000
  0.162355  -0.0000   0.01660000
  0.165714  -0.0000   0.01761000
  0.170723  -0.0000   0.01911000
  0.174914  -0.0000   0.02038000
  0.176041  -0.0000   0.02072000
  0.177167  -0.0000   0.02106000
  0.177876  -0.0000   0.02130000
  0.178511  -0.0000   0.02153000
  0.179144  -0.0000   0.02176000
  0.180092  -0.0000   0.02212000
  0.181037  -0.0000   0.02247000
  0.182451  -0.0000   0.02299000
  0.184563  -0.0000   0.02378000
  0.187717  -0.0000   0.02497000
  0.192423  -0.0000   0.02675000
  0.199434  -0.0000   0.02941000
  0.199959  -0.0000   0.02961000
  0.200432  -0.0000   0.02981000
  0.200874  -0.0000   0.03001000
  0.201536  -0.0000   0.03031000
  0.202526  -0.0000   0.03076000
  0.203513  -0.0000   0.03121000
  0.204989  -0.0000   0.03188000
  0.207195  -0.0000   0.03290000
  0.210489  -0.0000   0.03441000
  0.215404  -0.0000   0.03669000
  0.222728  -0.0000   0.04010000
  0.223177  -0.0000   0.04034000
  0.223624  -0.0000   0.04059000
  0.224070  -0.0000   0.04083000
  0.224739  -0.0000   0.04119000
  0.225739  -0.0000   0.04174000
  0.227234  -0.0000   0.04256000
  0.229468  -0.0000   0.04379000
  0.232805  -0.0000   0.04563000
  0.237783  -0.0000   0.04840000
  0.245203  -0.0000   0.05255000
  0.245694  -0.0000   0.05285000
  0.246171  -0.0000   0.05316000
  0.246647  -0.0000   0.05347000
  0.247359  -0.0000   0.05392000
  0.248425  -0.0000   0.05461000
  0.250018  -0.0000   0.05564000
  0.252400  -0.0000   0.05719000
  0.255956  -0.0000   0.05951000
  0.261262  -0.0000   0.06299000
  0.263999  -0.0000   0.06479000
  0.266730  -0.0000   0.06659000
  0.267677  -0.0000   0.06722000
  0.268538  -0.0000   0.06784000
  0.269372  -0.0000   0.06847000
  0.270206  -0.0000   0.06909000
  0.271037  -0.0000   0.06972000
  0.272281  -0.0000   0.07066000
  0.274142  -0.0000   0.07206000
  0.276923  -0.0000   0.07417000
  0.281076  -0.0000   0.07733000
  0.287273  -0.0000   0.08208000
  0.288127  -0.0000   0.08273000
  0.288981  -0.0000   0.08339000
  0.289833  -0.0000   0.08404000
  0.291043  -0.0000   0.08502000
  0.291824  -0.0000   0.08569000
  0.292604  -0.0000   0.08637000
  0.293382  -0.0000   0.08704000
  0.294158  -0.0000   0.08771000
  0.295321  -0.0000   0.08872000
  0.297060  -0.0000   0.09023000
  0.299661  -0.0000   0.09250000
  0.303547  -0.0000   0.09590000
  0.309349  -0.0000   0.10100000
  0.310343  -0.0000   0.10200000
  0.311337  -0.0000   0.10300000
  0.312329  -0.0000   0.10400000
  0.313745  -0.0000   0.10500000
  0.314534  -0.0000   0.10600000
  0.315321  -0.0000   0.10600000
  0.316107  -0.0000   0.10700000
  0.316892  -0.0000   0.10800000
  0.318066  -0.0000   0.10900000
  0.319824  -0.0000   0.11100000
  0.322452  -0.0000   0.11400000
  0.326380  -0.0000   0.11700000
  0.332245  -0.0000   0.12300000
  0.333225  -0.0000   0.12400000
  0.334203  -0.0000   0.12500000
  0.335181  -0.0000   0.12600000
  0.336194  -0.0000   0.12700000
  0.337155  -0.0000   0.12800000
  0.338115  -0.0000   0.12900000
  0.339072  -0.0000   0.13100000
  0.340028  -0.0000   0.13200000
  0.341458  -0.0000   0.13300000
  0.343598  -0.0000   0.13600000
  0.346797  -0.0000   0.13900000
  0.351577  -0.0000   0.14500000
  0.358678  -0.0000   0.15300000
  0.359270  -0.0000   0.15300000
  0.359862  -0.0000   0.15400000
  0.360453  -0.0000   0.15500000
  0.361338  -0.0000   0.15600000
  0.362663  -0.0000   0.15800000
  0.364645  -0.0000   0.16000000
  0.367610  -0.0000   0.16400000
  0.372041  -0.0000   0.16900000
  0.378658  -0.0000   0.17800000
  0.379514  -0.0000   0.17900000
  0.380369  -0.0000   0.18000000
  0.381211  -0.0000   0.18100000
  0.381856  -0.0000   0.18200000
  0.382499  -0.0000   0.18300000
  0.383141  -0.0000   0.18400000
  0.383783  -0.0000   0.18500000
  0.384743  -0.0000   0.18600000
  0.386181  -0.0000   0.18800000
  0.388331  -0.0000   0.19100000
  0.391547  -0.0000   0.19500000
  0.396351  -0.0000   0.20200000
  0.403446  -0.0000   0.21200000
  0.403991  -0.0000   0.21300000
  0.404524  -0.0000   0.21400000
  0.405056  -0.0000   0.21500000
  0.405853  -0.0000   0.21600000
  0.407045  -0.0000   0.21800000
  0.408829  -0.0000   0.22000000
  0.411496  -0.0000   0.22500000
  0.415482  -0.0000   0.23100000
  0.421435  -0.0000   0.24000000
  0.423829  -0.0000   0.24400000
  0.426220  -0.0000   0.24700000
  0.426799  -0.0000   0.24800000
  0.427375  -0.0000   0.24900000
  0.427951  -0.0000   0.25000000
  0.428813  -0.0000   0.25200000
  0.430103  -0.0000   0.25400000
  0.432032  -0.0000   0.25700000
  0.434917  -0.0000   0.26200000
  0.439229  -0.0000   0.26900000
  0.445077  -0.0000   0.27900000
  0.447069  -0.0000   0.28300000
  0.449048  -0.0000   0.28600000
  0.449665  -0.0000   0.28700000
  0.450282  -0.0000   0.28900000
  0.450898  -0.0000   0.29000000
  0.451820  -0.0000   0.29100000
  0.453200  -0.0000   0.29400000
  0.455266  -0.0000   0.29800000
  0.458354  -0.0000   0.30300000
  0.462971  -0.0000   0.31200000
  0.468311  -0.0000   0.32200000
  0.470082  -0.0000   0.32500000
  0.471832  -0.0000   0.32900000
  0.472500  -0.0000   0.33000000
  0.473167  -0.0000   0.33100000
  0.473834  -0.0000   0.33300000
  0.474499  -0.0000   0.33400000
  0.475496  -0.0000   0.33600000
  0.476988  -0.0000   0.33900000
  0.479221  -0.0000   0.34400000
  0.482560  -0.0000   0.35000000
  0.487472  -0.0000   0.36000000
  0.492370  -0.0000   0.37000000
  0.493405  -0.0000   0.37200000
  0.494427  -0.0000   0.37500000
  0.495169  -0.0000   0.37600000
  0.495909  -0.0000   0.37800000
  0.496649  -0.0000   0.37900000
  0.497387  -0.0000   0.38100000
  0.498493  -0.0000   0.38300000
  0.500148  -0.0000   0.38700000
  0.502625  -0.0000   0.39300000
  0.506329  -0.0000   0.40100000
  0.510852  -0.0000   0.41100000
  0.515364  -0.0000   0.42100000
  0.516337  -0.0000   0.42300000
  0.517285  -0.0000   0.42500000
  0.518202  -0.0000   0.42700000
  0.519117  -0.0000   0.42900000
  0.520031  -0.0000   0.43200000
  0.520944  -0.0000   0.43400000
  0.522310  -0.0000   0.43700000
  0.524355  -0.0000   0.44200000
  0.527415  -0.0000   0.44900000
  0.531602  -0.0000   0.45900000
  0.535779  -0.0000   0.46900000
  0.539923  -0.0000   0.47900000
  0.540562  -0.0000   0.48100000
  0.541200  -0.0000   0.48200000
  0.541838  -0.0000   0.48400000
  0.542793  -0.0000   0.48600000
  0.544222  -0.0000   0.49000000
  0.546362  -0.0000   0.49500000
  0.549563  -0.0000   0.50400000
  0.553449  -0.0000   0.51400000
  0.557326  -0.0000   0.52400000
  0.561194  -0.0000   0.53400000
  0.562114  -0.0000   0.53600000
  0.562995  -0.0000   0.53800000
  0.563866  -0.0000   0.54100000
  0.564736  -0.0000   0.54300000
  0.565604  -0.0000   0.54600000
  0.566904  -0.0000   0.54900000
  0.568850  -0.0000   0.55400000
  0.571762  -0.0000   0.56300000
  0.575381  -0.0000   0.57300000
  0.578991  -0.0000   0.58300000
  0.582594  -0.0000   0.59300000
  0.584577  -0.0000   0.59800000
  0.585386  -0.0000   0.60000000
  0.586179  -0.0000   0.60300000
  0.586971  -0.0000   0.60500000
  0.588156  -0.0000   0.60800000
  0.589339  -0.0000   0.61200000
  0.591110  -0.0000   0.61700000
  0.593760  -0.0000   0.62500000
  0.597138  -0.0000   0.63500000
  0.600508  -0.0000   0.64500000
  0.603873  -0.0000   0.65500000
  0.607231  -0.0000   0.66500000
  0.607966  -0.0000   0.66700000
  0.608684  -0.0000   0.66900000
  0.609400  -0.0000   0.67200000
  0.610472  -0.0000   0.67500000
  0.611543  -0.0000   0.67800000
  0.613147  -0.0000   0.68300000
  0.615546  -0.0000   0.69100000
  0.618708  -0.0000   0.70100000
  0.621864  -0.0000   0.71100000
  0.625013  -0.0000   0.72100000
  0.628158  -0.0000   0.73100000
  0.630462  -0.0000   0.73800000
  0.631151  -0.0000   0.74100000
  0.631840  -0.0000   0.74300000
  0.632528  -0.0000   0.74500000
  0.633215  -0.0000   0.74800000
  0.634244  -0.0000   0.75100000
  0.635785  -0.0000   0.75600000
  0.638091  -0.0000   0.76400000
  0.641056  -0.0000   0.77400000
  0.644016  -0.0000   0.78400000
  0.646970  -0.0000   0.79400000
  0.649920  -0.0000   0.80400000
  0.652865  -0.0000   0.81400000
  0.653572  -0.0000   0.81600000
  0.654271  -0.0000   0.81900000
  0.654969  -0.0000   0.82100000
  0.656015  -0.0000   0.82500000
  0.657580  -0.0000   0.83100000
  0.659921  -0.0000   0.83900000
  0.662711  -0.0000   0.84900000
  0.665495  -0.0000   0.85900000
  0.668274  -0.0000   0.86900000
  0.671049  -0.0000   0.87900000
  0.673820  -0.0000   0.88900000
  0.676547  -0.0000   0.89900000
  0.677446  -0.0000   0.90300000
  0.678343  -0.0000   0.90600000
  0.679239  -0.0000   0.90900000
  0.680134  -0.0000   0.91300000
  0.681474  -0.0000   0.91800000
  0.683481  -0.0000   0.92500000
  0.686106  -0.0000   0.93500000
  0.688726  -0.0000   0.94500000
  0.691342  -0.0000   0.95500000
  0.693955  -0.0000   0.96500000
  0.696564  -0.0000   0.97500000
  0.699140  -0.0000   0.98500000
  0.700005  -0.0000   0.98900000
  0.700869  -0.0000   0.99200000
  0.701732  -0.0000   0.99600000
  0.702594  -0.0000   0.99900000
  0.702783  -0.0000   1.00000000
  0.702697  -0.0000   1.00000000
  0.702697  -0.0000   1.00000000
  0.702697  -0.0000   1.00000000
  0.702697  -0.0000   1.00000000
  0.702697  -0.0000   1.00000000
  0.702697  -0.0000   1.00000000
  0.702697  -0.0000   1.00000000
  0.702697  -0.0000   1.00000000
  0.702697  -0.0000   1.00000000
  0.702697  -0.0000   1.00000000
  0.702697  -0.0000   1.00000000
  0.702696  -0.0000   1.00000000
  0.702696  -0.0000   1.00000000
  0.702695  -0.0000   1.00000000
