  0.000059  -0.0000   0.00000010
  0.000129  -0.0000   0.00000020
  0.000354  -0.0000   0.00000030
  0.004072  -0.0000   0.00000045
  0.006378  -0.0000   0.00000049
  0.006472  -0.0000   0.00000054
  0.006629  -0.0000   0.00000063
  0.006793  -0.0000   0.00000070
  0.006995  -0.0000   0.00000077
  0.007248  -0.0000   0.00000084
  0.007428  -0.0000   0.00000089
  0.007635  -0.0000   0.00000093
  0.007873  -0.0000   0.00000098
  0.008165  -0.0000   0.00000102
  0.008501  -0.0000   0.00000107
  0.008886  -0.0000   0.00000112
  0.009267  -0.0000   0.00000116
  0.009692  -0.0000   0.00000120
  0.010160  -0.0000   0.00000124
  0.010663  -0.0000   0.00000128
  0.011210  -0.0000   0.00000132
  0.011801  -0.0000   0.00000136
  0.012554  -0.0000   0.00000141
  0.013364  -0.0000   0.00000146
  0.014227  -0.0000   0.00000151
  0.015141  -0.0000   0.00000155
  0.016102  -0.0000   0.00000160
  0.017108  -0.0000   0.00000165
  0.018154  -0.0000   0.00000170
  0.019236  -0.0000   0.00000175
  0.019351  -0.0000   0.00000175
  0.019466  -0.0000   0.00000176
  0.019581  -0.0000   0.00000176
  0.019755  -0.0000   0.00000177
  0.019794  -0.0000   0.00000177
  0.019806  -0.0000   0.00000178
  0.019816  -0.0000   0.00000178
  0.019828  -0.0000   0.00000179
  0.019843  -0.0000   0.00000180
  0.019862  -0.0000   0.00000182
  0.019884  -0.0000   0.00000185
  0.019911  -0.0000   0.00000188
  0.019936  -0.0000   0.00000192
  0.019969  -0.0000   0.00000198
  0.020014  -0.0000   0.00000206
  0.020078  -0.0000   0.00000219
  0.020175  -0.0000   0.00000238
  0.020337  -0.0000   0.00000266
  0.020536  -0.0000   0.00000294
  0.020793  -0.0000   0.00000323
  0.021129  -0.0000   0.00000351
  0.021400  -0.0000   0.00000370
  0.021721  -0.0000   0.00000389
  0.022098  -0.0000   0.00000408
  0.022450  -0.0000   0.00000424
  0.022847  -0.0000   0.00000440
  0.023292  -0.0000   0.00000456
  0.023730  -0.0000   0.00000470
  0.024212  -0.0000   0.00000484
  0.024739  -0.0000   0.00000498
  0.025277  -0.0000   0.00000511
  0.025858  -0.0000   0.00000524
  0.026482  -0.0000   0.00000538
  0.027140  -0.0000   0.00000551
  0.027842  -0.0000   0.00000564
  0.028588  -0.0000   0.00000577
  0.029540  -0.0000   0.00000592
  0.030389  -0.0000   0.00000605
  0.031284  -0.0000   0.00000618
  0.032225  -0.0000   0.00000631
  0.033321  -0.0000   0.00000646
  0.034473  -0.0000   0.00000660
  0.035681  -0.0000   0.00000675
  0.035782  -0.0000   0.00000676
  0.035883  -0.0000   0.00000677
  0.035985  -0.0000   0.00000678
  0.036117  -0.0000   0.00000680
  0.036142  -0.0000   0.00000681
  0.036162  -0.0000   0.00000683
  0.036180  -0.0000   0.00000684
  0.036203  -0.0000   0.00000686
  0.036233  -0.0000   0.00000689
  0.036271  -0.0000   0.00000693
  0.036322  -0.0000   0.00000699
  0.036389  -0.0000   0.00000708
  0.036482  -0.0000   0.00000722
  0.036619  -0.0000   0.00000743
  0.036838  -0.0000   0.00000775
  0.037235  -0.0000   0.00000823
  0.037599  -0.0000   0.00000860
  0.038024  -0.0000   0.00000897
  0.038513  -0.0000   0.00000934
  0.039194  -0.0000   0.00000978
  0.039806  -0.0000   0.00001014
  0.040492  -0.0000   0.00001049
  0.041256  -0.0000   0.00001084
  0.042104  -0.0000   0.00001120
  0.043038  -0.0000   0.00001155
  0.044065  -0.0000   0.00001190
  0.045187  -0.0000   0.00001225
  0.046201  -0.0000   0.00001255
  0.047287  -0.0000   0.00001285
  0.048447  -0.0000   0.00001314
  0.049682  -0.0000   0.00001344
  0.050995  -0.0000   0.00001374
  0.052384  -0.0000   0.00001403
  0.053744  -0.0000   0.00001433
  0.053791  -0.0000   0.00001436
  0.053831  -0.0000   0.00001439
  0.053866  -0.0000   0.00001442
  0.053912  -0.0000   0.00001446
  0.053974  -0.0000   0.00001453
  0.054057  -0.0000   0.00001463
  0.054172  -0.0000   0.00001478
  0.054340  -0.0000   0.00001500
  0.054604  -0.0000   0.00001533
  0.055049  -0.0000   0.00001584
  0.055554  -0.0000   0.00001634
  0.056120  -0.0000   0.00001684
  0.056752  -0.0000   0.00001734
  0.057626  -0.0000   0.00001796
  0.058439  -0.0000   0.00001847
  0.059333  -0.0000   0.00001899
  0.060313  -0.0000   0.00001951
  0.061382  -0.0000   0.00002003
  0.062544  -0.0000   0.00002054
  0.063804  -0.0000   0.00002106
  0.065164  -0.0000   0.00002158
  0.066627  -0.0000   0.00002209
  0.068196  -0.0000   0.00002261
  0.069579  -0.0000   0.00002304
  0.071037  -0.0000   0.00002347
  0.071168  -0.0000   0.00002351
  0.071258  -0.0000   0.00002355
  0.071309  -0.0000   0.00002359
  0.071374  -0.0000   0.00002365
  0.071457  -0.0000   0.00002373
  0.071533  -0.0000   0.00002382
  0.071639  -0.0000   0.00002395
  0.071791  -0.0000   0.00002415
  0.072021  -0.0000   0.00002444
  0.072388  -0.0000   0.00002488
  0.073003  -0.0000   0.00002554
  0.073685  -0.0000   0.00002620
  0.074435  -0.0000   0.00002686
  0.075255  -0.0000   0.00002752
  0.076217  -0.0000   0.00002823
  0.077266  -0.0000   0.00002894
  0.078405  -0.0000   0.00002965
  0.079640  -0.0000   0.00003035
  0.080973  -0.0000   0.00003106
  0.082408  -0.0000   0.00003177
  0.083949  -0.0000   0.00003248
  0.085598  -0.0000   0.00003318
  0.087357  -0.0000   0.00003389
  0.087805  -0.0000   0.00003407
  0.088259  -0.0000   0.00003425
  0.088681  -0.0000   0.00003442
  0.088754  -0.0000   0.00003449
  0.088818  -0.0000   0.00003455
  0.088877  -0.0000   0.00003461
  0.088957  -0.0000   0.00003470
  0.089069  -0.0000   0.00003484
  0.089229  -0.0000   0.00003505
  0.089470  -0.0000   0.00003536
  0.089850  -0.0000   0.00003583
  0.090473  -0.0000   0.00003654
  0.091148  -0.0000   0.00003724
  0.091876  -0.0000   0.00003795
  0.092656  -0.0000   0.00003865
  0.093948  -0.0000   0.00003971
  0.095096  -0.0000   0.00004058
  0.096332  -0.0000   0.00004145
  0.097660  -0.0000   0.00004232
  0.099083  -0.0000   0.00004319
  0.100604  -0.0000   0.00004406
  0.102224  -0.0000   0.00004493
  0.103947  -0.0000   0.00004580
  0.105773  -0.0000   0.00004667
  0.105952  -0.0000   0.00004676
  0.106132  -0.0000   0.00004684
  0.106305  -0.0000   0.00004693
  0.106407  -0.0000   0.00004702
  0.106496  -0.0000   0.00004712
  0.106578  -0.0000   0.00004721
  0.106655  -0.0000   0.00004731
  0.106766  -0.0000   0.00004745
  0.106929  -0.0000   0.00004767
  0.107174  -0.0000   0.00004799
  0.107559  -0.0000   0.00004847
  0.108179  -0.0000   0.00004920
  0.109066  -0.0000   0.00005016
  0.110023  -0.0000   0.00005112
  0.111048  -0.0000   0.00005207
  0.112516  -0.0000   0.00005333
  0.114109  -0.0000   0.00005459
  0.115499  -0.0000   0.00005561
  0.116979  -0.0000   0.00005664
  0.118551  -0.0000   0.00005767
  0.120408  -0.0000   0.00005880
  0.122382  -0.0000   0.00005994
  0.122974  -0.0000   0.00006028
  0.123576  -0.0000   0.00006061
  0.123925  -0.0000   0.00006081
  0.124029  -0.0000   0.00006091
  0.124121  -0.0000   0.00006102
  0.124207  -0.0000   0.00006112
  0.124327  -0.0000   0.00006128
  0.124501  -0.0000   0.00006152
  0.124762  -0.0000   0.00006187
  0.125168  -0.0000   0.00006240
  0.125817  -0.0000   0.00006320
  0.126650  -0.0000   0.00006415
  0.127535  -0.0000   0.00006511
  0.128471  -0.0000   0.00006607
  0.129992  -0.0000   0.00006750
  0.131632  -0.0000   0.00006894
  0.133396  -0.0000   0.00007037
  0.135286  -0.0000   0.00007181
  0.136925  -0.0000   0.00007299
  0.138653  -0.0000   0.00007416
  0.140472  -0.0000   0.00007534
  0.140768  -0.0000   0.00007553
  0.141066  -0.0000   0.00007572
  0.141366  -0.0000   0.00007591
  0.141627  -0.0000   0.00007611
  0.141791  -0.0000   0.00007630
  0.141939  -0.0000   0.00007650
  0.142081  -0.0000   0.00007669
  0.142221  -0.0000   0.00007689
  0.142430  -0.0000   0.00007718
  0.142752  -0.0000   0.00007762
  0.143257  -0.0000   0.00007828
  0.144061  -0.0000   0.00007926
  0.145060  -0.0000   0.00008042
  0.146116  -0.0000   0.00008157
  0.147784  -0.0000   0.00008326
  0.149577  -0.0000   0.00008495
  0.151498  -0.0000   0.00008664
  0.153188  -0.0000   0.00008804
  0.154970  -0.0000   0.00008944
  0.156847  -0.0000   0.00009085
  0.158819  -0.0000   0.00009225
  0.159004  -0.0000   0.00009238
  0.159189  -0.0000   0.00009251
  0.159316  -0.0000   0.00009264
  0.159469  -0.0000   0.00009284
  0.159611  -0.0000   0.00009304
  0.159748  -0.0000   0.00009323
  0.159951  -0.0000   0.00009353
  0.160261  -0.0000   0.00009397
  0.160743  -0.0000   0.00009463
  0.161505  -0.0000   0.00009563
  0.162303  -0.0000   0.00009662
  0.163135  -0.0000   0.00009761
  0.164459  -0.0000   0.00009911
  0.166455  -0.0000   0.00010130
  0.168391  -0.0000   0.00010360
  0.170294  -0.0000   0.00010580
  0.173081  -0.0000   0.00010920
  0.176355  -0.0000   0.00011320
  0.176518  -0.0000   0.00011340
  0.176681  -0.0000   0.00011360
  0.176805  -0.0000   0.00011380
  0.176945  -0.0000   0.00011410
  0.177135  -0.0000   0.00011460
  0.177316  -0.0000   0.00011500
  0.177496  -0.0000   0.00011550
  0.177766  -0.0000   0.00011620
  0.178173  -0.0000   0.00011720
  0.178789  -0.0000   0.00011870
  0.179712  -0.0000   0.00012100
  0.180632  -0.0000   0.00012330
  0.182002  -0.0000   0.00012680
  0.184029  -0.0000   0.00013190
  0.187007  -0.0000   0.00013970
  0.189924  -0.0000   0.00014750
  0.192779  -0.0000   0.00015520
  0.193041  -0.0000   0.00015590
  0.193302  -0.0000   0.00015660
  0.193562  -0.0000   0.00015730
  0.193951  -0.0000   0.00015840
  0.194166  -0.0000   0.00015910
  0.194310  -0.0000   0.00015970
  0.194443  -0.0000   0.00016040
  0.194633  -0.0000   0.00016140
  0.194822  -0.0000   0.00016230
  0.195105  -0.0000   0.00016380
  0.195535  -0.0000   0.00016600
  0.196183  -0.0000   0.00016940
  0.197155  -0.0000   0.00017440
  0.198122  -0.0000   0.00017930
  0.199562  -0.0000   0.00018680
  0.201692  -0.0000   0.00019800
  0.204823  -0.0000   0.00021490
  0.207891  -0.0000   0.00023170
  0.210895  -0.0000   0.00024850
  0.211079  -0.0000   0.00024960
  0.211264  -0.0000   0.00025060
  0.211448  -0.0000   0.00025160
  0.211608  -0.0000   0.00025300
  0.211746  -0.0000   0.00025430
  0.211877  -0.0000   0.00025560
  0.212007  -0.0000   0.00025690
  0.212202  -0.0000   0.00025890
  0.212497  -0.0000   0.00026180
  0.212942  -0.0000   0.00026620
  0.213611  -0.0000   0.00027290
  0.214613  -0.0000   0.00028280
  0.216105  -0.0000   0.00029780
  0.218313  -0.0000   0.00032020
  0.220935  -0.0000   0.00034720
  0.223514  -0.0000   0.00037430
  0.226051  -0.0000   0.00040130
  0.227195  -0.0000   0.00041360
  0.228330  -0.0000   0.00042590
  0.228601  -0.0000   0.00042890
  0.228853  -0.0000   0.00043180
  0.229023  -0.0000   0.00043480
  0.229183  -0.0000   0.00043770
  0.229341  -0.0000   0.00044060
  0.229500  -0.0000   0.00044360
  0.229739  -0.0000   0.00044800
  0.230101  -0.0000   0.00045460
  0.230646  -0.0000   0.00046460
  0.231463  -0.0000   0.00047950
  0.232681  -0.0000   0.00050180
  0.234490  -0.0000   0.00053540
  0.237160  -0.0000   0.00058560
  0.239789  -0.0000   0.00063590
  0.242377  -0.0000   0.00068620
  0.244923  -0.0000   0.00073650
  0.245161  -0.0000   0.00074130
  0.245399  -0.0000   0.00074600
  0.245637  -0.0000   0.00075070
  0.245992  -0.0000   0.00075780
  0.246221  -0.0000   0.00076290
  0.246385  -0.0000   0.00076800
  0.246542  -0.0000   0.00077310
  0.246699  -0.0000   0.00077830
  0.246857  -0.0000   0.00078340
  0.247095  -0.0000   0.00079110
  0.247454  -0.0000   0.00080260
  0.247994  -0.0000   0.00081990
  0.248802  -0.0000   0.00084590
  0.250008  -0.0000   0.00088480
  0.251798  -0.0000   0.00094310
  0.254443  -0.0000   0.00103100
  0.257310  -0.0000   0.00112700
  0.260130  -0.0000   0.00122400
  0.262902  -0.0000   0.00132000
  0.263103  -0.0000   0.00132700
  0.263303  -0.0000   0.00133400
  0.263504  -0.0000   0.00134100
  0.263641  -0.0000   0.00134800
  0.263770  -0.0000   0.00135500
  0.263898  -0.0000   0.00136200
  0.264026  -0.0000   0.00136900
  0.264220  -0.0000   0.00138000
  0.264513  -0.0000   0.00139600
  0.264953  -0.0000   0.00142000
  0.265614  -0.0000   0.00145600
  0.266601  -0.0000   0.00150900
  0.268069  -0.0000   0.00159000
  0.270244  -0.0000   0.00171100
  0.273450  -0.0000   0.00189200
  0.276600  -0.0000   0.00207300
  0.279693  -0.0000   0.00225500
  0.279939  -0.0000   0.00226900
  0.280186  -0.0000   0.00228400
  0.280432  -0.0000   0.00229800
  0.280800  -0.0000   0.00232000
  0.280949  -0.0000   0.00233200
  0.281080  -0.0000   0.00234300
  0.281209  -0.0000   0.00235500
  0.281404  -0.0000   0.00237200
  0.281699  -0.0000   0.00239900
  0.282143  -0.0000   0.00243800
  0.282810  -0.0000   0.00249700
  0.283807  -0.0000   0.00258600
  0.285289  -0.0000   0.00271900
  0.287486  -0.0000   0.00291900
  0.290724  -0.0000   0.00321900
  0.293907  -0.0000   0.00351800
  0.297033  -0.0000   0.00381800
  0.297284  -0.0000   0.00384200
  0.297535  -0.0000   0.00386600
  0.297785  -0.0000   0.00389000
  0.298159  -0.0000   0.00392600
  0.298309  -0.0000   0.00394500
  0.298442  -0.0000   0.00396500
  0.298575  -0.0000   0.00398400
  0.298776  -0.0000   0.00401200
  0.299080  -0.0000   0.00405500
  0.299537  -0.0000   0.00412000
  0.300223  -0.0000   0.00421600
  0.301246  -0.0000   0.00436100
  0.302768  -0.0000   0.00457900
  0.305023  -0.0000   0.00490500
  0.307818  -0.0000   0.00531600
  0.310573  -0.0000   0.00572600
  0.313286  -0.0000   0.00613700
  0.313885  -0.0000   0.00622800
  0.314482  -0.0000   0.00631900
  0.315077  -0.0000   0.00641000
  0.315427  -0.0000   0.00646300
  0.315659  -0.0000   0.00650700
  0.315855  -0.0000   0.00655000
  0.316052  -0.0000   0.00659400
  0.316350  -0.0000   0.00665900
  0.316649  -0.0000   0.00672500
  0.317098  -0.0000   0.00682300
  0.317770  -0.0000   0.00697000
  0.318772  -0.0000   0.00719000
  0.320264  -0.0000   0.00752100
  0.322476  -0.0000   0.00801700
  0.325256  -0.0000   0.00864900
  0.327996  -0.0000   0.00928100
  0.330697  -0.0000   0.00991400
  0.331278  -0.0000   0.01005000
  0.331857  -0.0000   0.01019000
  0.332435  -0.0000   0.01032000
  0.332808  -0.0000   0.01041000
  0.333020  -0.0000   0.01047000
  0.333204  -0.0000   0.01054000
  0.333388  -0.0000   0.01060000
  0.333667  -0.0000   0.01069000
  0.334088  -0.0000   0.01083000
  0.334718  -0.0000   0.01104000
  0.335659  -0.0000   0.01135000
  0.337059  -0.0000   0.01182000
  0.339137  -0.0000   0.01252000
  0.342206  -0.0000   0.01357000
  0.345228  -0.0000   0.01463000
  0.348203  -0.0000   0.01568000
  0.348738  -0.0000   0.01587000
  0.349271  -0.0000   0.01606000
  0.349802  -0.0000   0.01625000
  0.350222  -0.0000   0.01640000
  0.350395  -0.0000   0.01648000
  0.350553  -0.0000   0.01656000
  0.350712  -0.0000   0.01664000
  0.350953  -0.0000   0.01676000
  0.351315  -0.0000   0.01693000
  0.351859  -0.0000   0.01720000
  0.352671  -0.0000   0.01760000
  0.353882  -0.0000   0.01820000
  0.355680  -0.0000   0.01909000
  0.358341  -0.0000   0.02044000
  0.360968  -0.0000   0.02179000
  0.363561  -0.0000   0.02313000
  0.366118  -0.0000   0.02448000
  0.366432  -0.0000   0.02464000
  0.366745  -0.0000   0.02481000
  0.367058  -0.0000   0.02497000
  0.367526  -0.0000   0.02522000
  0.367715  -0.0000   0.02534000
  0.367875  -0.0000   0.02545000
  0.368036  -0.0000   0.02557000
  0.368279  -0.0000   0.02574000
  0.368645  -0.0000   0.02600000
  0.369194  -0.0000   0.02639000
  0.370015  -0.0000   0.02698000
  0.371239  -0.0000   0.02786000
  0.373056  -0.0000   0.02918000
  0.375745  -0.0000   0.03115000
  0.378400  -0.0000   0.03313000
  0.381020  -0.0000   0.03511000
  0.383605  -0.0000   0.03709000
  0.383907  -0.0000   0.03732000
  0.384208  -0.0000   0.03755000
  0.384508  -0.0000   0.03778000
  0.384958  -0.0000   0.03813000
  0.385126  -0.0000   0.03829000
  0.385279  -0.0000   0.03845000
  0.385434  -0.0000   0.03861000
  0.385668  -0.0000   0.03884000
  0.386020  -0.0000   0.03920000
  0.386548  -0.0000   0.03974000
  0.387336  -0.0000   0.04054000
  0.388511  -0.0000   0.04175000
  0.390258  -0.0000   0.04356000
  0.392843  -0.0000   0.04627000
  0.395397  -0.0000   0.04899000
  0.397920  -0.0000   0.05170000
  0.400411  -0.0000   0.05441000
  0.400848  -0.0000   0.05489000
  0.401284  -0.0000   0.05537000
  0.401719  -0.0000   0.05585000
  0.402369  -0.0000   0.05656000
  0.402521  -0.0000   0.05678000
  0.402668  -0.0000   0.05699000
  0.402816  -0.0000   0.05720000
  0.403040  -0.0000   0.05752000
  0.403377  -0.0000   0.05800000
  0.403881  -0.0000   0.05873000
  0.404635  -0.0000   0.05981000
  0.405759  -0.0000   0.06143000
  0.407430  -0.0000   0.06386000
  0.409905  -0.0000   0.06751000
  0.412421  -0.0000   0.07127000
  0.414908  -0.0000   0.07502000
  0.417364  -0.0000   0.07878000
  0.418001  -0.0000   0.07976000
  0.418637  -0.0000   0.08074000
  0.419271  -0.0000   0.08172000
  0.419634  -0.0000   0.08228000
  0.419888  -0.0000   0.08274000
  0.420118  -0.0000   0.08320000
  0.420350  -0.0000   0.08366000
  0.420687  -0.0000   0.08433000
  0.421025  -0.0000   0.08500000
  0.421529  -0.0000   0.08600000
  0.422283  -0.0000   0.08750000
  0.423407  -0.0000   0.08976000
  0.425077  -0.0000   0.09314000
  0.427554  -0.0000   0.09821000
  0.430061  -0.0000   0.10300000
  0.432540  -0.0000   0.10900000
  0.434988  -0.0000   0.11400000
  0.435505  -0.0000   0.11500000
  0.436021  -0.0000   0.11600000
  0.436536  -0.0000   0.11700000
  0.437261  -0.0000   0.11900000
  0.437486  -0.0000   0.11900000
  0.437713  -0.0000   0.12000000
  0.437941  -0.0000   0.12100000
  0.438169  -0.0000   0.12100000
  0.438511  -0.0000   0.12200000
  0.439023  -0.0000   0.12400000
  0.439788  -0.0000   0.12600000
  0.440928  -0.0000   0.12900000
  0.442624  -0.0000   0.13300000
  0.445138  -0.0000   0.14100000
  0.447622  -0.0000   0.14800000
  0.450078  -0.0000   0.15500000
  0.452505  -0.0000   0.16200000
  0.452965  -0.0000   0.16300000
  0.453423  -0.0000   0.16400000
  0.453880  -0.0000   0.16600000
  0.454563  -0.0000   0.16800000
  0.454720  -0.0000   0.16800000
  0.454877  -0.0000   0.16900000
  0.455035  -0.0000   0.16900000
  0.455273  -0.0000   0.17000000
  0.455630  -0.0000   0.17200000
  0.456164  -0.0000   0.17400000
  0.456962  -0.0000   0.17700000
  0.458150  -0.0000   0.18100000
  0.459917  -0.0000   0.18800000
  0.462535  -0.0000   0.19700000
  0.465121  -0.0000   0.20700000
  0.467677  -0.0000   0.21700000
  0.470202  -0.0000   0.22700000
  0.470734  -0.0000   0.22900000
  0.471264  -0.0000   0.23100000
  0.471793  -0.0000   0.23400000
  0.471996  -0.0000   0.23400000
  0.472176  -0.0000   0.23500000
  0.472358  -0.0000   0.23600000
  0.472632  -0.0000   0.23800000
  0.472906  -0.0000   0.23900000
  0.473317  -0.0000   0.24100000
  0.473931  -0.0000   0.24400000
  0.474848  -0.0000   0.24900000
  0.476212  -0.0000   0.25500000
  0.478200  -0.0000   0.26500000
  0.480169  -0.0000   0.27500000
  0.482121  -0.0000   0.28500000
  0.484055  -0.0000   0.29500000
  0.485972  -0.0000   0.30500000
  0.487871  -0.0000   0.31500000
  0.488607  -0.0000   0.31900000
  0.489335  -0.0000   0.32300000
  0.489483  -0.0000   0.32400000
  0.489706  -0.0000   0.32600000
  0.489930  -0.0000   0.32700000
  0.490155  -0.0000   0.32800000
  0.490492  -0.0000   0.33100000
  0.490997  -0.0000   0.33400000
  0.491750  -0.0000   0.33900000
  0.492874  -0.0000   0.34600000
  0.494384  -0.0000   0.35600000
  0.495883  -0.0000   0.36600000
  0.497372  -0.0000   0.37600000
  0.498851  -0.0000   0.38600000
  0.500320  -0.0000   0.39600000
  0.501779  -0.0000   0.40600000
  0.503228  -0.0000   0.41600000
  0.504667  -0.0000   0.42600000
  0.506096  -0.0000   0.43600000
  0.506417  -0.0000   0.43800000
  0.506736  -0.0000   0.44100000
  0.506802  -0.0000   0.44100000
  0.506900  -0.0000   0.44200000
  0.507048  -0.0000   0.44300000
  0.507271  -0.0000   0.44500000
  0.507607  -0.0000   0.44800000
  0.508110  -0.0000   0.45200000
  0.508861  -0.0000   0.45900000
  0.509980  -0.0000   0.46800000
  0.511137  -0.0000   0.47800000
  0.512287  -0.0000   0.48800000
  0.513431  -0.0000   0.49800000
  0.514568  -0.0000   0.50800000
  0.515700  -0.0000   0.51800000
  0.516826  -0.0000   0.52800000
  0.517947  -0.0000   0.53800000
  0.519061  -0.0000   0.54800000
  0.520170  -0.0000   0.55800000
  0.521273  -0.0000   0.56800000
  0.522371  -0.0000   0.57800000
  0.523462  -0.0000   0.58800000
  0.523877  -0.0000   0.59200000
  0.524247  -0.0000   0.59600000
  0.524517  -0.0000   0.59900000
  0.524788  -0.0000   0.60200000
  0.525060  -0.0000   0.60500000
  0.525331  -0.0000   0.60800000
  0.525738  -0.0000   0.61300000
  0.526345  -0.0000   0.61900000
  0.527242  -0.0000   0.62900000
  0.528135  -0.0000   0.63900000
  0.529023  -0.0000   0.64900000
  0.529908  -0.0000   0.65900000
  0.530789  -0.0000   0.66900000
  0.531666  -0.0000   0.67900000
  0.532540  -0.0000   0.68900000
  0.533410  -0.0000   0.69900000
  0.534277  -0.0000   0.70900000
  0.535141  -0.0000   0.71900000
  0.536001  -0.0000   0.72900000
  0.536858  -0.0000   0.73900000
  0.537712  -0.0000   0.74900000
  0.538562  -0.0000   0.75900000
  0.539408  -0.0000   0.76900000
  0.540251  -0.0000   0.77900000
  0.541091  -0.0000   0.78900000
  0.541436  -0.0000   0.79300000
  0.541640  -0.0000   0.79600000
  0.541840  -0.0000   0.79900000
  0.542041  -0.0000   0.80200000
  0.542243  -0.0000   0.80500000
  0.542545  -0.0000   0.80900000
  0.542997  -0.0000   0.81600000
  0.543672  -0.0000   0.82500000
  0.544369  -0.0000   0.83500000
  0.545064  -0.0000   0.84500000
  0.545756  -0.0000   0.85500000
  0.546446  -0.0000   0.86500000
  0.547134  -0.0000   0.87500000
  0.547819  -0.0000   0.88500000
  0.548502  -0.0000   0.89500000
  0.549183  -0.0000   0.90500000
  0.549862  -0.0000   0.91500000
  0.550539  -0.0000   0.92500000
  0.551214  -0.0000   0.93500000
  0.551886  -0.0000   0.94500000
  0.552557  -0.0000   0.95500000
  0.553226  -0.0000   0.96500000
  0.553892  -0.0000   0.97500000
  0.554557  -0.0000   0.98500000
  0.555219  -0.0000   0.99500000
  0.555539  -0.0000   1.00000000
  0.554837  -0.0000   1.00000000
  0.554837  -0.0000   1.00000000
  0.554837  -0.0000   1.00000000
  0.554837  -0.0000   1.00000000
  0.554837  -0.0000   1.00000000
  0.554837  -0.0000   1.00000000
  0.554836  -0.0000   1.00000000
  0.554836  -0.0000   1.00000000
  0.554836  -0.0000   1.00000000
  0.554834  -0.0000   1.00000000
  0.554832  -0.0000   1.00000000
  0.554829  -0.0000   1.00000000
  0.554828  -0.0000   1.00000000
