  0.000005  -0.0000   0.00000010
  0.000010  -0.0000   0.00000020
  0.000027  -0.0000   0.00000030
  0.000309  -0.0000   0.00000045
  0.005998  -0.0000   0.00000067
  0.006021  -0.0000   0.00000101
  0.006048  -0.0000   0.00000152
  0.006088  -0.0000   0.00000228
  0.006150  -0.0000   0.00000342
  0.006245  -0.0000   0.00000513
  0.006393  -0.0000   0.00000769
  0.006629  -0.0000   0.00001153
  0.007019  -0.0000   0.00001730
  0.007695  -0.0000   0.00002595
  0.008468  -0.0000   0.00003460
  0.009346  -0.0000   0.00004325
  0.010145  -0.0000   0.00005040
  0.011022  -0.0000   0.00005754
  0.011978  -0.0000   0.00006469
  0.013135  -0.0000   0.00007260
  0.014394  -0.0000   0.00008052
  0.015756  -0.0000   0.00008844
  0.017223  -0.0000   0.00009635
  0.018507  -0.0000   0.00010430
  0.019591  -0.0000   0.00011220
  0.020668  -0.0000   0.00012010
  0.021300  -0.0000   0.00012480
  0.021585  -0.0000   0.00012940
  0.021739  -0.0000   0.00013410
  0.021896  -0.0000   0.00013910
  0.022048  -0.0000   0.00014400
  0.022196  -0.0000   0.00014900
  0.022406  -0.0000   0.00015630
  0.022610  -0.0000   0.00016370
  0.022809  -0.0000   0.00017100
  0.023003  -0.0000   0.00017840
  0.023288  -0.0000   0.00018940
  0.023628  -0.0000   0.00020280
  0.023964  -0.0000   0.00021630
  0.024295  -0.0000   0.00022980
  0.024786  -0.0000   0.00025000
  0.025498  -0.0000   0.00027970
  0.026405  -0.0000   0.00031770
  0.027308  -0.0000   0.00035570
  0.028655  -0.0000   0.00041280
  0.030665  -0.0000   0.00049840
  0.033530  -0.0000   0.00062120
  0.036373  -0.0000   0.00074410
  0.040588  -0.0000   0.00092840
  0.041549  -0.0000   0.00097060
  0.042506  -0.0000   0.00101300
  0.043460  -0.0000   0.00105500
  0.043834  -0.0000   0.00107200
  0.044208  -0.0000   0.00108800
  0.044408  -0.0000   0.00110500
  0.044590  -0.0000   0.00112100
  0.044767  -0.0000   0.00113800
  0.044941  -0.0000   0.00115400
  0.045198  -0.0000   0.00117900
  0.045577  -0.0000   0.00121700
  0.046205  -0.0000   0.00127900
  0.046829  -0.0000   0.00134100
  0.047761  -0.0000   0.00143500
  0.049150  -0.0000   0.00157500
  0.051220  -0.0000   0.00178600
  0.054298  -0.0000   0.00210100
  0.058865  -0.0000   0.00257400
  0.063387  -0.0000   0.00304800
  0.064743  -0.0000   0.00319000
  0.066095  -0.0000   0.00333300
  0.067347  -0.0000   0.00347600
  0.067573  -0.0000   0.00351300
  0.067795  -0.0000   0.00355100
  0.068013  -0.0000   0.00358900
  0.068338  -0.0000   0.00364600
  0.068823  -0.0000   0.00373200
  0.069548  -0.0000   0.00386000
  0.070629  -0.0000   0.00405200
  0.072242  -0.0000   0.00434000
  0.074645  -0.0000   0.00477300
  0.078221  -0.0000   0.00542200
  0.083283  -0.0000   0.00634800
  0.088301  -0.0000   0.00727500
  0.088842  -0.0000   0.00737500
  0.089381  -0.0000   0.00747500
  0.089920  -0.0000   0.00757500
  0.090665  -0.0000   0.00772400
  0.091017  -0.0000   0.00781700
  0.091366  -0.0000   0.00791000
  0.091713  -0.0000   0.00800300
  0.092231  -0.0000   0.00814300
  0.093263  -0.0000   0.00842100
  0.094802  -0.0000   0.00883900
  0.097097  -0.0000   0.00946600
  0.100515  -0.0000   0.01041000
  0.105599  -0.0000   0.01182000
  0.110771  -0.0000   0.01326000
  0.111631  -0.0000   0.01350000
  0.112489  -0.0000   0.01375000
  0.113346  -0.0000   0.01399000
  0.113992  -0.0000   0.01418000
  0.114512  -0.0000   0.01437000
  0.115028  -0.0000   0.01457000
  0.115542  -0.0000   0.01476000
  0.116056  -0.0000   0.01495000
  0.116823  -0.0000   0.01524000
  0.117971  -0.0000   0.01568000
  0.119684  -0.0000   0.01633000
  0.122242  -0.0000   0.01731000
  0.126054  -0.0000   0.01877000
  0.131729  -0.0000   0.02097000
  0.132929  -0.0000   0.02144000
  0.134127  -0.0000   0.02191000
  0.135324  -0.0000   0.02237000
  0.137114  -0.0000   0.02307000
  0.137527  -0.0000   0.02326000
  0.137909  -0.0000   0.02345000
  0.138290  -0.0000   0.02363000
  0.138859  -0.0000   0.02392000
  0.139710  -0.0000   0.02434000
  0.140982  -0.0000   0.02497000
  0.142881  -0.0000   0.02592000
  0.145714  -0.0000   0.02735000
  0.149937  -0.0000   0.02949000
  0.156225  -0.0000   0.03269000
  0.157671  -0.0000   0.03343000
  0.159115  -0.0000   0.03417000
  0.160556  -0.0000   0.03491000
  0.161020  -0.0000   0.03519000
  0.161463  -0.0000   0.03546000
  0.161905  -0.0000   0.03574000
  0.162565  -0.0000   0.03615000
  0.163552  -0.0000   0.03677000
  0.165028  -0.0000   0.03771000
  0.167231  -0.0000   0.03910000
  0.170518  -0.0000   0.04120000
  0.175418  -0.0000   0.04434000
  0.182713  -0.0000   0.04906000
  0.183323  -0.0000   0.04945000
  0.183932  -0.0000   0.04984000
  0.184475  -0.0000   0.05024000
  0.185247  -0.0000   0.05083000
  0.186016  -0.0000   0.05142000
  0.186784  -0.0000   0.05202000
  0.187932  -0.0000   0.05290000
  0.189647  -0.0000   0.05423000
  0.192209  -0.0000   0.05623000
  0.196032  -0.0000   0.05923000
  0.201730  -0.0000   0.06372000
  0.203261  -0.0000   0.06493000
  0.204789  -0.0000   0.06614000
  0.206314  -0.0000   0.06735000
  0.207449  -0.0000   0.06825000
  0.208047  -0.0000   0.06879000
  0.208632  -0.0000   0.06933000
  0.209216  -0.0000   0.06987000
  0.209799  -0.0000   0.07041000
  0.210671  -0.0000   0.07121000
  0.211976  -0.0000   0.07243000
  0.213926  -0.0000   0.07424000
  0.216838  -0.0000   0.07697000
  0.221183  -0.0000   0.08106000
  0.227661  -0.0000   0.08719000
  0.228768  -0.0000   0.08824000
  0.229874  -0.0000   0.08929000
  0.230979  -0.0000   0.09034000
  0.231542  -0.0000   0.09095000
  0.232103  -0.0000   0.09156000
  0.232663  -0.0000   0.09216000
  0.233500  -0.0000   0.09307000
  0.234753  -0.0000   0.09444000
  0.236625  -0.0000   0.09649000
  0.239421  -0.0000   0.10000000
  0.243594  -0.0000   0.10400000
  0.249818  -0.0000   0.11100000
  0.251073  -0.0000   0.11300000
  0.252327  -0.0000   0.11400000
  0.253579  -0.0000   0.11500000
  0.254671  -0.0000   0.11700000
  0.255342  -0.0000   0.11700000
  0.256011  -0.0000   0.11800000
  0.256678  -0.0000   0.11900000
  0.257345  -0.0000   0.12000000
  0.258342  -0.0000   0.12100000
  0.259834  -0.0000   0.12300000
  0.262065  -0.0000   0.12600000
  0.265397  -0.0000   0.13000000
  0.270371  -0.0000   0.13700000
  0.277789  -0.0000   0.14600000
  0.278322  -0.0000   0.14700000
  0.278842  -0.0000   0.14800000
  0.279362  -0.0000   0.14800000
  0.280139  -0.0000   0.15000000
  0.281302  -0.0000   0.15100000
  0.283040  -0.0000   0.15400000
  0.285637  -0.0000   0.15800000
  0.289516  -0.0000   0.16300000
  0.295303  -0.0000   0.17200000
  0.299786  -0.0000   0.17800000
  0.300786  -0.0000   0.18000000
  0.301743  -0.0000   0.18100000
  0.302650  -0.0000   0.18300000
  0.303554  -0.0000   0.18400000
  0.304455  -0.0000   0.18600000
  0.305356  -0.0000   0.18700000
  0.306703  -0.0000   0.18900000
  0.308718  -0.0000   0.19300000
  0.311729  -0.0000   0.19800000
  0.316227  -0.0000   0.20500000
  0.322211  -0.0000   0.21500000
  0.323390  -0.0000   0.21700000
  0.324568  -0.0000   0.21900000
  0.325417  -0.0000   0.22100000
  0.326244  -0.0000   0.22200000
  0.327069  -0.0000   0.22400000
  0.328303  -0.0000   0.22600000
  0.330148  -0.0000   0.22900000
  0.332905  -0.0000   0.23500000
  0.337023  -0.0000   0.24200000
  0.342370  -0.0000   0.25200000
  0.347696  -0.0000   0.26200000
  0.348379  -0.0000   0.26300000
  0.349015  -0.0000   0.26500000
  0.349649  -0.0000   0.26600000
  0.350283  -0.0000   0.26700000
  0.350915  -0.0000   0.26900000
  0.351862  -0.0000   0.27100000
  0.353278  -0.0000   0.27400000
  0.355397  -0.0000   0.27800000
  0.358564  -0.0000   0.28400000
  0.363294  -0.0000   0.29400000
  0.368088  -0.0000   0.30400000
  0.370930  -0.0000   0.31000000
  0.371864  -0.0000   0.31200000
  0.372567  -0.0000   0.31400000
  0.373269  -0.0000   0.31500000
  0.373969  -0.0000   0.31700000
  0.374669  -0.0000   0.31900000
  0.375716  -0.0000   0.32100000
  0.377283  -0.0000   0.32400000
  0.379626  -0.0000   0.33000000
  0.383129  -0.0000   0.33800000
  0.387476  -0.0000   0.34800000
  0.391811  -0.0000   0.35800000
  0.395061  -0.0000   0.36500000
  0.395708  -0.0000   0.36700000
  0.396341  -0.0000   0.36900000
  0.396974  -0.0000   0.37000000
  0.397921  -0.0000   0.37200000
  0.399338  -0.0000   0.37600000
  0.401457  -0.0000   0.38100000
  0.404624  -0.0000   0.38900000
  0.408587  -0.0000   0.39900000
  0.412538  -0.0000   0.40900000
  0.416479  -0.0000   0.41900000
  0.418099  -0.0000   0.42300000
  0.419235  -0.0000   0.42600000
  0.420331  -0.0000   0.42900000
  0.421425  -0.0000   0.43200000
  0.422516  -0.0000   0.43500000
  0.423606  -0.0000   0.43800000
  0.425236  -0.0000   0.44300000
  0.427676  -0.0000   0.44900000
  0.431301  -0.0000   0.45900000
  0.434917  -0.0000   0.46900000
  0.438524  -0.0000   0.47900000
  0.442123  -0.0000   0.48900000
  0.442763  -0.0000   0.49100000
  0.443398  -0.0000   0.49300000
  0.444031  -0.0000   0.49500000
  0.444979  -0.0000   0.49800000
  0.446398  -0.0000   0.50200000
  0.448520  -0.0000   0.50800000
  0.451692  -0.0000   0.51800000
  0.455023  -0.0000   0.52800000
  0.458345  -0.0000   0.53800000
  0.461661  -0.0000   0.54800000
  0.464969  -0.0000   0.55800000
  0.465837  -0.0000   0.56100000
  0.466664  -0.0000   0.56300000
  0.467490  -0.0000   0.56600000
  0.468314  -0.0000   0.56900000
  0.469137  -0.0000   0.57100000
  0.470369  -0.0000   0.57500000
  0.472213  -0.0000   0.58100000
  0.474970  -0.0000   0.59000000
  0.478045  -0.0000   0.60000000
  0.481112  -0.0000   0.61000000
  0.484173  -0.0000   0.62000000
  0.487228  -0.0000   0.63000000
  0.489251  -0.0000   0.63700000
  0.489947  -0.0000   0.63900000
  0.490641  -0.0000   0.64200000
  0.491334  -0.0000   0.64400000
  0.492027  -0.0000   0.64600000
  0.493064  -0.0000   0.65000000
  0.494616  -0.0000   0.65500000
  0.496939  -0.0000   0.66400000
  0.499790  -0.0000   0.67400000
  0.502635  -0.0000   0.68400000
  0.505474  -0.0000   0.69400000
  0.508309  -0.0000   0.70400000
  0.511138  -0.0000   0.71400000
  0.512751  -0.0000   0.71900000
  0.513478  -0.0000   0.72200000
  0.514204  -0.0000   0.72500000
  0.514929  -0.0000   0.72700000
  0.515653  -0.0000   0.73000000
  0.516737  -0.0000   0.73400000
  0.518360  -0.0000   0.74000000
  0.520789  -0.0000   0.74900000
  0.523439  -0.0000   0.75900000
  0.526083  -0.0000   0.76900000
  0.528723  -0.0000   0.77900000
  0.531359  -0.0000   0.78900000
  0.533990  -0.0000   0.79900000
  0.536594  -0.0000   0.80900000
  0.537403  -0.0000   0.81300000
  0.538211  -0.0000   0.81600000
  0.539018  -0.0000   0.81900000
  0.539824  -0.0000   0.82200000
  0.541030  -0.0000   0.82700000
  0.542837  -0.0000   0.83400000
  0.545311  -0.0000   0.84400000
  0.547780  -0.0000   0.85400000
  0.550245  -0.0000   0.86400000
  0.552705  -0.0000   0.87400000
  0.555163  -0.0000   0.88400000
  0.557616  -0.0000   0.89400000
  0.560047  -0.0000   0.90400000
  0.560867  -0.0000   0.90800000
  0.561686  -0.0000   0.91100000
  0.562503  -0.0000   0.91500000
  0.563320  -0.0000   0.91800000
  0.564542  -0.0000   0.92400000
  0.566373  -0.0000   0.93200000
  0.568686  -0.0000   0.94200000
  0.570996  -0.0000   0.95200000
  0.573302  -0.0000   0.96200000
  0.575604  -0.0000   0.97200000
  0.577903  -0.0000   0.98200000
  0.580199  -0.0000   0.99200000
  0.582119  -0.0000   1.00000000
  0.582054  -0.0000   1.00000000
  0.582054  -0.0000   1.00000000
  0.582054  -0.0000   1.00000000
  0.582054  -0.0000   1.00000000
  0.582054  -0.0000   1.00000000
  0.582054  -0.0000   1.00000000
  0.582054  -0.0000   1.00000000
  0.582054  -0.0000   1.00000000
  0.582054  -0.0000   1.00000000
  0.582054  -0.0000   1.00000000
  0.582054  -0.0000   1.00000000
  0.582053  -0.0000   1.00000000
  0.582053  -0.0000   1.00000000
  0.582053  -0.0000   1.00000000
