  0.000013  -0.0000   0.00000010
  0.000028  -0.0000   0.00000020
  0.000075  -0.0000   0.00000030
  0.000876  -0.0000   0.00000045
  0.006064  -0.0000   0.00000067
  0.006122  -0.0000   0.00000101
  0.006209  -0.0000   0.00000152
  0.006369  -0.0000   0.00000228
  0.006548  -0.0000   0.00000296
  0.006771  -0.0000   0.00000365
  0.007048  -0.0000   0.00000434
  0.007284  -0.0000   0.00000484
  0.007559  -0.0000   0.00000534
  0.007876  -0.0000   0.00000585
  0.008192  -0.0000   0.00000629
  0.008547  -0.0000   0.00000673
  0.008945  -0.0000   0.00000718
  0.009346  -0.0000   0.00000758
  0.009786  -0.0000   0.00000799
  0.010268  -0.0000   0.00000839
  0.010771  -0.0000   0.00000878
  0.011315  -0.0000   0.00000916
  0.011902  -0.0000   0.00000955
  0.012533  -0.0000   0.00000994
  0.013209  -0.0000   0.00001033
  0.013930  -0.0000   0.00001072
  0.014725  -0.0000   0.00001113
  0.015569  -0.0000   0.00001153
  0.016463  -0.0000   0.00001193
  0.017599  -0.0000   0.00001241
  0.018806  -0.0000   0.00001289
  0.020084  -0.0000   0.00001337
  0.020228  -0.0000   0.00001343
  0.020373  -0.0000   0.00001348
  0.020420  -0.0000   0.00001354
  0.020455  -0.0000   0.00001362
  0.020501  -0.0000   0.00001374
  0.020542  -0.0000   0.00001386
  0.020579  -0.0000   0.00001398
  0.020628  -0.0000   0.00001417
  0.020694  -0.0000   0.00001443
  0.020768  -0.0000   0.00001477
  0.020837  -0.0000   0.00001510
  0.020935  -0.0000   0.00001559
  0.021031  -0.0000   0.00001609
  0.021176  -0.0000   0.00001683
  0.021405  -0.0000   0.00001794
  0.021800  -0.0000   0.00001961
  0.022128  -0.0000   0.00002086
  0.022496  -0.0000   0.00002210
  0.022907  -0.0000   0.00002334
  0.023443  -0.0000   0.00002478
  0.024044  -0.0000   0.00002621
  0.024716  -0.0000   0.00002765
  0.025462  -0.0000   0.00002908
  0.026286  -0.0000   0.00003052
  0.027192  -0.0000   0.00003195
  0.028007  -0.0000   0.00003315
  0.028883  -0.0000   0.00003435
  0.029821  -0.0000   0.00003554
  0.030823  -0.0000   0.00003674
  0.031890  -0.0000   0.00003794
  0.033022  -0.0000   0.00003914
  0.034221  -0.0000   0.00004034
  0.035487  -0.0000   0.00004153
  0.036821  -0.0000   0.00004273
  0.038223  -0.0000   0.00004393
  0.038288  -0.0000   0.00004401
  0.038322  -0.0000   0.00004410
  0.038354  -0.0000   0.00004418
  0.038399  -0.0000   0.00004431
  0.038459  -0.0000   0.00004450
  0.038542  -0.0000   0.00004478
  0.038656  -0.0000   0.00004520
  0.038813  -0.0000   0.00004583
  0.038965  -0.0000   0.00004646
  0.039191  -0.0000   0.00004740
  0.039543  -0.0000   0.00004881
  0.040116  -0.0000   0.00005092
  0.040737  -0.0000   0.00005302
  0.041414  -0.0000   0.00005512
  0.042147  -0.0000   0.00005721
  0.043166  -0.0000   0.00005986
  0.044283  -0.0000   0.00006251
  0.045502  -0.0000   0.00006515
  0.046826  -0.0000   0.00006780
  0.048258  -0.0000   0.00007045
  0.049803  -0.0000   0.00007310
  0.051463  -0.0000   0.00007574
  0.053240  -0.0000   0.00007839
  0.054828  -0.0000   0.00008063
  0.056503  -0.0000   0.00008287
  0.056753  -0.0000   0.00008320
  0.057005  -0.0000   0.00008353
  0.057211  -0.0000   0.00008387
  0.057340  -0.0000   0.00008426
  0.057458  -0.0000   0.00008465
  0.057568  -0.0000   0.00008504
  0.057673  -0.0000   0.00008543
  0.057825  -0.0000   0.00008602
  0.058050  -0.0000   0.00008690
  0.058389  -0.0000   0.00008822
  0.058921  -0.0000   0.00009020
  0.059782  -0.0000   0.00009317
  0.060707  -0.0000   0.00009615
  0.061698  -0.0000   0.00009912
  0.062671  -0.0000   0.00010210
  0.064091  -0.0000   0.00010650
  0.066184  -0.0000   0.00011320
  0.069254  -0.0000   0.00012330
  0.072260  -0.0000   0.00013330
  0.075204  -0.0000   0.00014330
  0.075396  -0.0000   0.00014400
  0.075587  -0.0000   0.00014460
  0.075779  -0.0000   0.00014530
  0.075934  -0.0000   0.00014630
  0.076067  -0.0000   0.00014730
  0.076191  -0.0000   0.00014820
  0.076310  -0.0000   0.00014920
  0.076483  -0.0000   0.00015070
  0.076737  -0.0000   0.00015290
  0.077117  -0.0000   0.00015620
  0.077686  -0.0000   0.00016120
  0.078540  -0.0000   0.00016870
  0.079815  -0.0000   0.00017990
  0.081707  -0.0000   0.00019670
  0.084500  -0.0000   0.00022190
  0.087443  -0.0000   0.00024890
  0.090340  -0.0000   0.00027590
  0.093189  -0.0000   0.00030290
  0.093434  -0.0000   0.00030520
  0.093678  -0.0000   0.00030750
  0.093922  -0.0000   0.00030980
  0.094287  -0.0000   0.00031330
  0.094520  -0.0000   0.00031620
  0.094679  -0.0000   0.00031900
  0.094829  -0.0000   0.00032190
  0.095046  -0.0000   0.00032620
  0.095261  -0.0000   0.00033050
  0.095583  -0.0000   0.00033690
  0.096067  -0.0000   0.00034660
  0.096794  -0.0000   0.00036100
  0.097879  -0.0000   0.00038270
  0.099494  -0.0000   0.00041530
  0.101886  -0.0000   0.00046410
  0.105413  -0.0000   0.00053740
  0.108881  -0.0000   0.00061070
  0.112293  -0.0000   0.00068390
  0.112537  -0.0000   0.00068920
  0.112781  -0.0000   0.00069450
  0.113025  -0.0000   0.00069970
  0.113314  -0.0000   0.00070760
  0.113541  -0.0000   0.00071620
  0.113761  -0.0000   0.00072490
  0.113980  -0.0000   0.00073350
  0.114199  -0.0000   0.00074210
  0.114528  -0.0000   0.00075510
  0.115022  -0.0000   0.00077450
  0.115761  -0.0000   0.00080370
  0.116864  -0.0000   0.00084740
  0.118505  -0.0000   0.00091300
  0.120936  -0.0000   0.00101100
  0.124526  -0.0000   0.00115900
  0.128062  -0.0000   0.00130700
  0.131544  -0.0000   0.00145400
  0.131770  -0.0000   0.00146400
  0.131993  -0.0000   0.00147300
  0.132139  -0.0000   0.00148300
  0.132344  -0.0000   0.00149700
  0.132548  -0.0000   0.00151200
  0.132751  -0.0000   0.00152600
  0.133058  -0.0000   0.00154800
  0.133518  -0.0000   0.00158000
  0.134206  -0.0000   0.00162900
  0.135234  -0.0000   0.00170100
  0.136764  -0.0000   0.00181100
  0.139033  -0.0000   0.00197500
  0.142389  -0.0000   0.00222000
  0.145621  -0.0000   0.00246000
  0.148811  -0.0000   0.00270000
  0.149332  -0.0000   0.00273900
  0.149852  -0.0000   0.00277900
  0.150371  -0.0000   0.00281800
  0.150849  -0.0000   0.00285600
  0.151040  -0.0000   0.00287800
  0.151227  -0.0000   0.00290000
  0.151414  -0.0000   0.00292200
  0.151601  -0.0000   0.00294400
  0.151882  -0.0000   0.00297600
  0.152303  -0.0000   0.00302600
  0.152934  -0.0000   0.00310000
  0.153875  -0.0000   0.00321100
  0.155278  -0.0000   0.00337700
  0.157361  -0.0000   0.00362700
  0.160446  -0.0000   0.00400100
  0.163704  -0.0000   0.00440200
  0.166923  -0.0000   0.00480200
  0.168226  -0.0000   0.00496500
  0.169522  -0.0000   0.00512800
  0.169747  -0.0000   0.00516100
  0.169927  -0.0000   0.00519300
  0.170105  -0.0000   0.00522600
  0.170373  -0.0000   0.00527600
  0.170776  -0.0000   0.00535000
  0.171380  -0.0000   0.00546000
  0.172281  -0.0000   0.00562700
  0.173624  -0.0000   0.00587600
  0.175618  -0.0000   0.00625000
  0.178574  -0.0000   0.00681200
  0.181804  -0.0000   0.00743300
  0.184997  -0.0000   0.00805300
  0.188155  -0.0000   0.00867400
  0.188409  -0.0000   0.00872400
  0.188625  -0.0000   0.00877400
  0.188807  -0.0000   0.00882400
  0.189079  -0.0000   0.00889900
  0.189489  -0.0000   0.00901200
  0.189898  -0.0000   0.00912500
  0.190511  -0.0000   0.00929400
  0.191425  -0.0000   0.00954700
  0.192786  -0.0000   0.00992700
  0.194810  -0.0000   0.01050000
  0.197810  -0.0000   0.01135000
  0.200949  -0.0000   0.01226000
  0.204054  -0.0000   0.01316000
  0.207127  -0.0000   0.01407000
  0.207387  -0.0000   0.01414000
  0.207588  -0.0000   0.01422000
  0.207780  -0.0000   0.01430000
  0.208070  -0.0000   0.01441000
  0.208360  -0.0000   0.01453000
  0.208794  -0.0000   0.01470000
  0.209443  -0.0000   0.01496000
  0.210411  -0.0000   0.01535000
  0.211853  -0.0000   0.01593000
  0.213996  -0.0000   0.01680000
  0.217173  -0.0000   0.01812000
  0.220333  -0.0000   0.01943000
  0.223461  -0.0000   0.02075000
  0.225630  -0.0000   0.02167000
  0.225980  -0.0000   0.02182000
  0.226325  -0.0000   0.02197000
  0.226592  -0.0000   0.02212000
  0.226858  -0.0000   0.02227000
  0.227126  -0.0000   0.02242000
  0.227393  -0.0000   0.02256000
  0.227794  -0.0000   0.02279000
  0.228393  -0.0000   0.02312000
  0.229287  -0.0000   0.02363000
  0.230619  -0.0000   0.02438000
  0.232600  -0.0000   0.02551000
  0.235541  -0.0000   0.02721000
  0.238629  -0.0000   0.02900000
  0.241686  -0.0000   0.03080000
  0.244715  -0.0000   0.03260000
  0.245006  -0.0000   0.03277000
  0.245278  -0.0000   0.03295000
  0.245505  -0.0000   0.03312000
  0.245846  -0.0000   0.03338000
  0.246188  -0.0000   0.03364000
  0.246529  -0.0000   0.03390000
  0.247039  -0.0000   0.03429000
  0.247802  -0.0000   0.03487000
  0.248939  -0.0000   0.03575000
  0.250632  -0.0000   0.03706000
  0.253148  -0.0000   0.03903000
  0.256876  -0.0000   0.04199000
  0.260562  -0.0000   0.04494000
  0.264186  -0.0000   0.04790000
  0.264419  -0.0000   0.04813000
  0.264652  -0.0000   0.04837000
  0.264885  -0.0000   0.04861000
  0.265119  -0.0000   0.04885000
  0.265469  -0.0000   0.04920000
  0.265993  -0.0000   0.04974000
  0.266775  -0.0000   0.05054000
  0.267944  -0.0000   0.05175000
  0.269685  -0.0000   0.05355000
  0.272274  -0.0000   0.05626000
  0.276113  -0.0000   0.06033000
  0.279910  -0.0000   0.06439000
  0.281285  -0.0000   0.06587000
  0.282655  -0.0000   0.06735000
  0.283060  -0.0000   0.06779000
  0.283397  -0.0000   0.06823000
  0.283727  -0.0000   0.06866000
  0.284057  -0.0000   0.06910000
  0.284386  -0.0000   0.06954000
  0.284880  -0.0000   0.07019000
  0.285616  -0.0000   0.07118000
  0.286715  -0.0000   0.07265000
  0.288352  -0.0000   0.07487000
  0.290786  -0.0000   0.07819000
  0.294396  -0.0000   0.08317000
  0.297968  -0.0000   0.08815000
  0.301504  -0.0000   0.09313000
  0.301820  -0.0000   0.09357000
  0.302094  -0.0000   0.09402000
  0.302355  -0.0000   0.09446000
  0.302747  -0.0000   0.09513000
  0.303139  -0.0000   0.09580000
  0.303724  -0.0000   0.09680000
  0.304598  -0.0000   0.09831000
  0.305901  -0.0000   0.10100000
  0.307840  -0.0000   0.10400000
  0.310721  -0.0000   0.10900000
  0.313949  -0.0000   0.11500000
  0.317147  -0.0000   0.12100000
  0.320317  -0.0000   0.12600000
  0.320648  -0.0000   0.12700000
  0.320957  -0.0000   0.12700000
  0.321234  -0.0000   0.12800000
  0.321651  -0.0000   0.12900000
  0.322067  -0.0000   0.13000000
  0.322482  -0.0000   0.13100000
  0.323103  -0.0000   0.13200000
  0.324030  -0.0000   0.13400000
  0.325412  -0.0000   0.13700000
  0.327470  -0.0000   0.14200000
  0.330527  -0.0000   0.14900000
  0.334396  -0.0000   0.15700000
  0.338224  -0.0000   0.16600000
  0.338696  -0.0000   0.16700000
  0.339168  -0.0000   0.16800000
  0.339639  -0.0000   0.16900000
  0.339992  -0.0000   0.17000000
  0.340324  -0.0000   0.17100000
  0.340657  -0.0000   0.17200000
  0.341155  -0.0000   0.17300000
  0.341652  -0.0000   0.17500000
  0.342394  -0.0000   0.17700000
  0.343502  -0.0000   0.18000000
  0.345153  -0.0000   0.18400000
  0.347608  -0.0000   0.19100000
  0.351163  -0.0000   0.20100000
  0.354684  -0.0000   0.21100000
  0.358171  -0.0000   0.22100000
  0.358530  -0.0000   0.22200000
  0.358865  -0.0000   0.22300000
  0.359172  -0.0000   0.22400000
  0.359634  -0.0000   0.22600000
  0.360095  -0.0000   0.22700000
  0.360555  -0.0000   0.22900000
  0.361243  -0.0000   0.23100000
  0.362269  -0.0000   0.23500000
  0.363799  -0.0000   0.24000000
  0.366076  -0.0000   0.24800000
  0.368962  -0.0000   0.25800000
  0.371825  -0.0000   0.26800000
  0.374666  -0.0000   0.27800000
  0.377487  -0.0000   0.28800000
  0.377789  -0.0000   0.28900000
  0.378069  -0.0000   0.29000000
  0.378350  -0.0000   0.29100000
  0.378770  -0.0000   0.29300000
  0.379189  -0.0000   0.29500000
  0.379815  -0.0000   0.29700000
  0.380751  -0.0000   0.30100000
  0.382146  -0.0000   0.30700000
  0.384223  -0.0000   0.31600000
  0.386593  -0.0000   0.32600000
  0.388946  -0.0000   0.33600000
  0.391285  -0.0000   0.34600000
  0.393609  -0.0000   0.35600000
  0.395920  -0.0000   0.36600000
  0.396359  -0.0000   0.36700000
  0.396769  -0.0000   0.36900000
  0.397153  -0.0000   0.37100000
  0.397536  -0.0000   0.37300000
  0.397919  -0.0000   0.37500000
  0.398301  -0.0000   0.37700000
  0.398873  -0.0000   0.38000000
  0.399726  -0.0000   0.38400000
  0.401000  -0.0000   0.39100000
  0.402898  -0.0000   0.40000000
  0.404859  -0.0000   0.41000000
  0.406808  -0.0000   0.42000000
  0.408748  -0.0000   0.43000000
  0.410677  -0.0000   0.44000000
  0.412597  -0.0000   0.45000000
  0.414507  -0.0000   0.46000000
  0.415175  -0.0000   0.46400000
  0.415801  -0.0000   0.46700000
  0.416224  -0.0000   0.47000000
  0.416647  -0.0000   0.47200000
  0.417069  -0.0000   0.47500000
  0.417490  -0.0000   0.47700000
  0.418119  -0.0000   0.48100000
  0.419059  -0.0000   0.48700000
  0.420462  -0.0000   0.49500000
  0.422104  -0.0000   0.50500000
  0.423737  -0.0000   0.51500000
  0.425363  -0.0000   0.52500000
  0.426982  -0.0000   0.53500000
  0.428594  -0.0000   0.54500000
  0.430199  -0.0000   0.55500000
  0.431798  -0.0000   0.56500000
  0.433390  -0.0000   0.57500000
  0.434400  -0.0000   0.58200000
  0.434737  -0.0000   0.58400000
  0.435065  -0.0000   0.58600000
  0.435393  -0.0000   0.58800000
  0.435885  -0.0000   0.59200000
  0.436619  -0.0000   0.59700000
  0.437714  -0.0000   0.60500000
  0.439102  -0.0000   0.61500000
  0.440484  -0.0000   0.62500000
  0.441859  -0.0000   0.63500000
  0.443229  -0.0000   0.64500000
  0.444594  -0.0000   0.65500000
  0.445953  -0.0000   0.66500000
  0.447308  -0.0000   0.67500000
  0.448658  -0.0000   0.68500000
  0.450004  -0.0000   0.69500000
  0.451345  -0.0000   0.70500000
  0.452681  -0.0000   0.71500000
  0.453417  -0.0000   0.72100000
  0.453727  -0.0000   0.72300000
  0.454035  -0.0000   0.72600000
  0.454343  -0.0000   0.72800000
  0.454804  -0.0000   0.73200000
  0.455493  -0.0000   0.73800000
  0.456522  -0.0000   0.74700000
  0.457697  -0.0000   0.75700000
  0.458868  -0.0000   0.76700000
  0.460034  -0.0000   0.77700000
  0.461196  -0.0000   0.78700000
  0.462355  -0.0000   0.79700000
  0.463509  -0.0000   0.80700000
  0.464660  -0.0000   0.81700000
  0.465808  -0.0000   0.82700000
  0.466952  -0.0000   0.83700000
  0.468093  -0.0000   0.84700000
  0.469230  -0.0000   0.85700000
  0.470365  -0.0000   0.86700000
  0.471496  -0.0000   0.87700000
  0.472595  -0.0000   0.88700000
  0.472935  -0.0000   0.89000000
  0.473276  -0.0000   0.89300000
  0.473617  -0.0000   0.89700000
  0.473956  -0.0000   0.90000000
  0.474465  -0.0000   0.90500000
  0.475225  -0.0000   0.91300000
  0.476227  -0.0000   0.92300000
  0.477225  -0.0000   0.93300000
  0.478221  -0.0000   0.94300000
  0.479213  -0.0000   0.95300000
  0.480202  -0.0000   0.96300000
  0.481188  -0.0000   0.97300000
  0.482172  -0.0000   0.98300000
  0.483154  -0.0000   0.99300000
  0.483865  -0.0000   1.00000000
  0.483680  -0.0000   1.00000000
  0.483680  -0.0000   1.00000000
  0.483680  -0.0000   1.00000000
  0.483680  -0.0000   1.00000000
  0.483680  -0.0000   1.00000000
  0.483680  -0.0000   1.00000000
  0.483680  -0.0000   1.00000000
  0.483680  -0.0000   1.00000000
  0.483679  -0.0000   1.00000000
  0.483679  -0.0000   1.00000000
  0.483677  -0.0000   1.00000000
  0.483676  -0.0000   1.00000000
  0.483675  -0.0000   1.00000000
