  0.000004  -0.0000   0.00000010
  0.000009  -0.0000   0.00000020
  0.000024  -0.0000   0.00000030
  0.000284  -0.0000   0.00000045
  0.005987  -0.0000   0.00000067
  0.006017  -0.0000   0.00000101
  0.006041  -0.0000   0.00000152
  0.006079  -0.0000   0.00000228
  0.006136  -0.0000   0.00000342
  0.006224  -0.0000   0.00000513
  0.006362  -0.0000   0.00000769
  0.006582  -0.0000   0.00001153
  0.006945  -0.0000   0.00001730
  0.007569  -0.0000   0.00002595
  0.008099  -0.0000   0.00003260
  0.008679  -0.0000   0.00003925
  0.009312  -0.0000   0.00004590
  0.010157  -0.0000   0.00005395
  0.011082  -0.0000   0.00006201
  0.012090  -0.0000   0.00007006
  0.013351  -0.0000   0.00007926
  0.014723  -0.0000   0.00008847
  0.016206  -0.0000   0.00009768
  0.017376  -0.0000   0.00010690
  0.018425  -0.0000   0.00011610
  0.019469  -0.0000   0.00012530
  0.021024  -0.0000   0.00013910
  0.021410  -0.0000   0.00014250
  0.021670  -0.0000   0.00014600
  0.021772  -0.0000   0.00014940
  0.021921  -0.0000   0.00015460
  0.022138  -0.0000   0.00016230
  0.022349  -0.0000   0.00017000
  0.022555  -0.0000   0.00017770
  0.022757  -0.0000   0.00018550
  0.023019  -0.0000   0.00019570
  0.023277  -0.0000   0.00020600
  0.023616  -0.0000   0.00021970
  0.023951  -0.0000   0.00023350
  0.024397  -0.0000   0.00025190
  0.024839  -0.0000   0.00027040
  0.025497  -0.0000   0.00029810
  0.026152  -0.0000   0.00032580
  0.027130  -0.0000   0.00036740
  0.028589  -0.0000   0.00042970
  0.030765  -0.0000   0.00052320
  0.033660  -0.0000   0.00064860
  0.036537  -0.0000   0.00077390
  0.040807  -0.0000   0.00096190
  0.045031  -0.0000   0.00115000
  0.045193  -0.0000   0.00115700
  0.045355  -0.0000   0.00116400
  0.045517  -0.0000   0.00117200
  0.045760  -0.0000   0.00118200
  0.045977  -0.0000   0.00119900
  0.046210  -0.0000   0.00121900
  0.046439  -0.0000   0.00123900
  0.046665  -0.0000   0.00125900
  0.047000  -0.0000   0.00128900
  0.047528  -0.0000   0.00133600
  0.048303  -0.0000   0.00140700
  0.049074  -0.0000   0.00147700
  0.050225  -0.0000   0.00158300
  0.051941  -0.0000   0.00174200
  0.054498  -0.0000   0.00198000
  0.058300  -0.0000   0.00233700
  0.063945  -0.0000   0.00287200
  0.069533  -0.0000   0.00340700
  0.069827  -0.0000   0.00343600
  0.070039  -0.0000   0.00346400
  0.070234  -0.0000   0.00349200
  0.070521  -0.0000   0.00353500
  0.070948  -0.0000   0.00359800
  0.071585  -0.0000   0.00369400
  0.072535  -0.0000   0.00383700
  0.073953  -0.0000   0.00405200
  0.076066  -0.0000   0.00437400
  0.079214  -0.0000   0.00485800
  0.083898  -0.0000   0.00558300
  0.088549  -0.0000   0.00630800
  0.093169  -0.0000   0.00703300
  0.093607  -0.0000   0.00710200
  0.094045  -0.0000   0.00717100
  0.094438  -0.0000   0.00723900
  0.094919  -0.0000   0.00734300
  0.095396  -0.0000   0.00744600
  0.095872  -0.0000   0.00754900
  0.096346  -0.0000   0.00765200
  0.097054  -0.0000   0.00780700
  0.098114  -0.0000   0.00804000
  0.099697  -0.0000   0.00838800
  0.102059  -0.0000   0.00891100
  0.105582  -0.0000   0.00969500
  0.110829  -0.0000   0.01087000
  0.116205  -0.0000   0.01208000
  0.116969  -0.0000   0.01226000
  0.117731  -0.0000   0.01243000
  0.118493  -0.0000   0.01260000
  0.119064  -0.0000   0.01275000
  0.119576  -0.0000   0.01290000
  0.120085  -0.0000   0.01305000
  0.120846  -0.0000   0.01327000
  0.121983  -0.0000   0.01360000
  0.123681  -0.0000   0.01410000
  0.126216  -0.0000   0.01485000
  0.129997  -0.0000   0.01598000
  0.135631  -0.0000   0.01766000
  0.139384  -0.0000   0.01879000
  0.143123  -0.0000   0.01992000
  0.143580  -0.0000   0.02008000
  0.144016  -0.0000   0.02024000
  0.144451  -0.0000   0.02041000
  0.145101  -0.0000   0.02065000
  0.146073  -0.0000   0.02101000
  0.147525  -0.0000   0.02155000
  0.149695  -0.0000   0.02237000
  0.152934  -0.0000   0.02359000
  0.157764  -0.0000   0.02543000
  0.164961  -0.0000   0.02818000
  0.165773  -0.0000   0.02849000
  0.166585  -0.0000   0.02880000
  0.167395  -0.0000   0.02911000
  0.168129  -0.0000   0.02942000
  0.168812  -0.0000   0.02973000
  0.169493  -0.0000   0.03004000
  0.170511  -0.0000   0.03051000
  0.171527  -0.0000   0.03098000
  0.173046  -0.0000   0.03168000
  0.175316  -0.0000   0.03273000
  0.178707  -0.0000   0.03430000
  0.183766  -0.0000   0.03666000
  0.191308  -0.0000   0.04021000
  0.191970  -0.0000   0.04052000
  0.192575  -0.0000   0.04083000
  0.193147  -0.0000   0.04114000
  0.194001  -0.0000   0.04161000
  0.194854  -0.0000   0.04208000
  0.196129  -0.0000   0.04278000
  0.198034  -0.0000   0.04383000
  0.200881  -0.0000   0.04540000
  0.205131  -0.0000   0.04777000
  0.211471  -0.0000   0.05132000
  0.212742  -0.0000   0.05203000
  0.214012  -0.0000   0.05274000
  0.215280  -0.0000   0.05345000
  0.217119  -0.0000   0.05452000
  0.217780  -0.0000   0.05494000
  0.218440  -0.0000   0.05537000
  0.219098  -0.0000   0.05579000
  0.220083  -0.0000   0.05642000
  0.221557  -0.0000   0.05738000
  0.223760  -0.0000   0.05880000
  0.227051  -0.0000   0.06094000
  0.231966  -0.0000   0.06416000
  0.239298  -0.0000   0.06897000
  0.240183  -0.0000   0.06955000
  0.241067  -0.0000   0.07013000
  0.241873  -0.0000   0.07072000
  0.242660  -0.0000   0.07130000
  0.243445  -0.0000   0.07188000
  0.244229  -0.0000   0.07246000
  0.245402  -0.0000   0.07333000
  0.247157  -0.0000   0.07464000
  0.249780  -0.0000   0.07660000
  0.253698  -0.0000   0.07955000
  0.259549  -0.0000   0.08397000
  0.261650  -0.0000   0.08555000
  0.263747  -0.0000   0.08714000
  0.265826  -0.0000   0.08873000
  0.266454  -0.0000   0.08926000
  0.267080  -0.0000   0.08978000
  0.267704  -0.0000   0.09031000
  0.268640  -0.0000   0.09110000
  0.270039  -0.0000   0.09229000
  0.272132  -0.0000   0.09406000
  0.275260  -0.0000   0.09673000
  0.279933  -0.0000   0.10100000
  0.286908  -0.0000   0.10700000
  0.287987  -0.0000   0.10800000
  0.289065  -0.0000   0.10900000
  0.290142  -0.0000   0.11000000
  0.290864  -0.0000   0.11000000
  0.291577  -0.0000   0.11100000
  0.292289  -0.0000   0.11200000
  0.293355  -0.0000   0.11300000
  0.294949  -0.0000   0.11400000
  0.297333  -0.0000   0.11600000
  0.300895  -0.0000   0.12000000
  0.306215  -0.0000   0.12500000
  0.314156  -0.0000   0.13300000
  0.314864  -0.0000   0.13300000
  0.315527  -0.0000   0.13400000
  0.316188  -0.0000   0.13500000
  0.317178  -0.0000   0.13600000
  0.318166  -0.0000   0.13700000
  0.319644  -0.0000   0.13800000
  0.321854  -0.0000   0.14100000
  0.325159  -0.0000   0.14400000
  0.330098  -0.0000   0.15000000
  0.337472  -0.0000   0.15800000
  0.338328  -0.0000   0.15800000
  0.339183  -0.0000   0.15900000
  0.339979  -0.0000   0.16000000
  0.340769  -0.0000   0.16100000
  0.341558  -0.0000   0.16200000
  0.342345  -0.0000   0.16300000
  0.343524  -0.0000   0.16400000
  0.345288  -0.0000   0.16700000
  0.347927  -0.0000   0.17000000
  0.351871  -0.0000   0.17400000
  0.357765  -0.0000   0.18100000
  0.360221  -0.0000   0.18400000
  0.362673  -0.0000   0.18700000
  0.364028  -0.0000   0.18900000
  0.364894  -0.0000   0.19000000
  0.365757  -0.0000   0.19100000
  0.366620  -0.0000   0.19200000
  0.367480  -0.0000   0.19300000
  0.368769  -0.0000   0.19500000
  0.370698  -0.0000   0.19800000
  0.373584  -0.0000   0.20100000
  0.377897  -0.0000   0.20700000
  0.384343  -0.0000   0.21500000
  0.385945  -0.0000   0.21700000
  0.387545  -0.0000   0.22000000
  0.389084  -0.0000   0.22200000
  0.390577  -0.0000   0.22400000
  0.392066  -0.0000   0.22600000
  0.393551  -0.0000   0.22800000
  0.395034  -0.0000   0.23000000
  0.397254  -0.0000   0.23300000
  0.400574  -0.0000   0.23800000
  0.405538  -0.0000   0.24500000
  0.412507  -0.0000   0.25500000
  0.413219  -0.0000   0.25600000
  0.413915  -0.0000   0.25700000
  0.414610  -0.0000   0.25800000
  0.415650  -0.0000   0.26000000
  0.417208  -0.0000   0.26200000
  0.419537  -0.0000   0.26600000
  0.423020  -0.0000   0.27100000
  0.428225  -0.0000   0.27900000
  0.434647  -0.0000   0.28900000
  0.435941  -0.0000   0.29100000
  0.437234  -0.0000   0.29300000
  0.438021  -0.0000   0.29500000
  0.438805  -0.0000   0.29600000
  0.439588  -0.0000   0.29700000
  0.440370  -0.0000   0.29900000
  0.441541  -0.0000   0.30000000
  0.443293  -0.0000   0.30300000
  0.445915  -0.0000   0.30800000
  0.449837  -0.0000   0.31400000
  0.455698  -0.0000   0.32400000
  0.461629  -0.0000   0.33400000
  0.462358  -0.0000   0.33500000
  0.463080  -0.0000   0.33700000
  0.463800  -0.0000   0.33800000
  0.464878  -0.0000   0.34000000
  0.466493  -0.0000   0.34300000
  0.468908  -0.0000   0.34700000
  0.472519  -0.0000   0.35400000
  0.477918  -0.0000   0.36400000
  0.483431  -0.0000   0.37400000
  0.485072  -0.0000   0.37600000
  0.486687  -0.0000   0.37900000
  0.487698  -0.0000   0.38100000
  0.488709  -0.0000   0.38300000
  0.489717  -0.0000   0.38500000
  0.490724  -0.0000   0.38700000
  0.492232  -0.0000   0.39000000
  0.494489  -0.0000   0.39400000
  0.497867  -0.0000   0.40100000
  0.502917  -0.0000   0.41100000
  0.508054  -0.0000   0.42100000
  0.509760  -0.0000   0.42400000
  0.511429  -0.0000   0.42700000
  0.512661  -0.0000   0.43000000
  0.513890  -0.0000   0.43300000
  0.515117  -0.0000   0.43500000
  0.516343  -0.0000   0.43800000
  0.518177  -0.0000   0.44100000
  0.520923  -0.0000   0.44700000
  0.525031  -0.0000   0.45600000
  0.529840  -0.0000   0.46600000
  0.534638  -0.0000   0.47600000
  0.535540  -0.0000   0.47700000
  0.536414  -0.0000   0.47900000
  0.537288  -0.0000   0.48100000
  0.538595  -0.0000   0.48400000
  0.539900  -0.0000   0.48700000
  0.541854  -0.0000   0.49100000
  0.544777  -0.0000   0.49800000
  0.549150  -0.0000   0.50700000
  0.553661  -0.0000   0.51700000
  0.558163  -0.0000   0.52700000
  0.559427  -0.0000   0.53000000
  0.560649  -0.0000   0.53300000
  0.561857  -0.0000   0.53600000
  0.563063  -0.0000   0.53900000
  0.564267  -0.0000   0.54100000
  0.566069  -0.0000   0.54600000
  0.568767  -0.0000   0.55200000
  0.572802  -0.0000   0.56100000
  0.577046  -0.0000   0.57100000
  0.581282  -0.0000   0.58100000
  0.583993  -0.0000   0.58800000
  0.584882  -0.0000   0.59000000
  0.585762  -0.0000   0.59200000
  0.586641  -0.0000   0.59400000
  0.587958  -0.0000   0.59800000
  0.589928  -0.0000   0.60300000
  0.592876  -0.0000   0.61000000
  0.596888  -0.0000   0.62000000
  0.600890  -0.0000   0.63000000
  0.604885  -0.0000   0.64000000
  0.608863  -0.0000   0.65000000
  0.609729  -0.0000   0.65200000
  0.610593  -0.0000   0.65400000
  0.611456  -0.0000   0.65700000
  0.612318  -0.0000   0.65900000
  0.613610  -0.0000   0.66200000
  0.615543  -0.0000   0.66700000
  0.618438  -0.0000   0.67500000
  0.622225  -0.0000   0.68500000
  0.626005  -0.0000   0.69500000
  0.629778  -0.0000   0.70500000
  0.633529  -0.0000   0.71500000
  0.634455  -0.0000   0.71800000
  0.635380  -0.0000   0.72000000
  0.636304  -0.0000   0.72300000
  0.637227  -0.0000   0.72500000
  0.638609  -0.0000   0.72900000
  0.640678  -0.0000   0.73500000
  0.643775  -0.0000   0.74300000
  0.647360  -0.0000   0.75300000
  0.650939  -0.0000   0.76300000
  0.654511  -0.0000   0.77300000
  0.658060  -0.0000   0.78300000
  0.659036  -0.0000   0.78600000
  0.660011  -0.0000   0.78900000
  0.660985  -0.0000   0.79200000
  0.661958  -0.0000   0.79500000
  0.663415  -0.0000   0.79900000
  0.665596  -0.0000   0.80500000
  0.668861  -0.0000   0.81500000
  0.672261  -0.0000   0.82500000
  0.675656  -0.0000   0.83500000
  0.679045  -0.0000   0.84500000
  0.682415  -0.0000   0.85500000
  0.683395  -0.0000   0.85800000
  0.684372  -0.0000   0.86100000
  0.685349  -0.0000   0.86400000
  0.686324  -0.0000   0.86700000
  0.687785  -0.0000   0.87200000
  0.689973  -0.0000   0.87800000
  0.693211  -0.0000   0.88800000
  0.696443  -0.0000   0.89800000
  0.699670  -0.0000   0.90800000
  0.702892  -0.0000   0.91800000
  0.706110  -0.0000   0.92800000
  0.707122  -0.0000   0.93100000
  0.708122  -0.0000   0.93500000
  0.709121  -0.0000   0.93800000
  0.710616  -0.0000   0.94300000
  0.712854  -0.0000   0.95000000
  0.715941  -0.0000   0.96000000
  0.719021  -0.0000   0.97000000
  0.722096  -0.0000   0.98000000
  0.725167  -0.0000   0.99000000
  0.728234  -0.0000   1.00000000
  0.728244  -0.0000   1.00000000
  0.728195  -0.0000   1.00000000
  0.728195  -0.0000   1.00000000
  0.728194  -0.0000   1.00000000
  0.728194  -0.0000   1.00000000
  0.728194  -0.0000   1.00000000
  0.728194  -0.0000   1.00000000
  0.728194  -0.0000   1.00000000
  0.728194  -0.0000   1.00000000
  0.728194  -0.0000   1.00000000
  0.728194  -0.0000   1.00000000
  0.728193  -0.0000   1.00000000
  0.728193  -0.0000   1.00000000
  0.728192  -0.0000   1.00000000
  0.728192  -0.0000   1.00000000
