  0.000134  -0.0000   0.00000010
  0.000291  -0.0000   0.00000020
  0.000788  -0.0000   0.00000030
  0.006594  -0.0000   0.00000045
  0.007022  -0.0000   0.00000067
  0.007556  -0.0000   0.00000101
  0.008375  -0.0000   0.00000152
  0.009444  -0.0000   0.00000215
  0.010338  -0.0000   0.00000265
  0.011290  -0.0000   0.00000315
  0.012080  -0.0000   0.00000355
  0.012920  -0.0000   0.00000394
  0.013814  -0.0000   0.00000433
  0.014768  -0.0000   0.00000473
  0.015616  -0.0000   0.00000506
  0.016511  -0.0000   0.00000539
  0.017455  -0.0000   0.00000572
  0.018451  -0.0000   0.00000605
  0.019500  -0.0000   0.00000638
  0.020604  -0.0000   0.00000672
  0.021248  -0.0000   0.00000705
  0.021410  -0.0000   0.00000727
  0.021569  -0.0000   0.00000749
  0.021724  -0.0000   0.00000771
  0.021952  -0.0000   0.00000804
  0.022177  -0.0000   0.00000837
  0.022399  -0.0000   0.00000870
  0.022620  -0.0000   0.00000902
  0.022949  -0.0000   0.00000952
  0.023331  -0.0000   0.00001009
  0.023715  -0.0000   0.00001067
  0.024102  -0.0000   0.00001124
  0.024671  -0.0000   0.00001207
  0.025253  -0.0000   0.00001290
  0.026165  -0.0000   0.00001414
  0.027123  -0.0000   0.00001539
  0.028160  -0.0000   0.00001665
  0.029266  -0.0000   0.00001792
  0.030452  -0.0000   0.00001919
  0.031728  -0.0000   0.00002046
  0.033101  -0.0000   0.00002172
  0.034257  -0.0000   0.00002273
  0.035484  -0.0000   0.00002374
  0.036784  -0.0000   0.00002474
  0.038161  -0.0000   0.00002575
  0.039618  -0.0000   0.00002676
  0.040820  -0.0000   0.00002755
  0.041204  -0.0000   0.00002783
  0.041375  -0.0000   0.00002810
  0.041542  -0.0000   0.00002838
  0.041785  -0.0000   0.00002880
  0.042022  -0.0000   0.00002921
  0.042255  -0.0000   0.00002963
  0.042485  -0.0000   0.00003004
  0.042824  -0.0000   0.00003066
  0.043269  -0.0000   0.00003149
  0.043712  -0.0000   0.00003232
  0.044153  -0.0000   0.00003315
  0.044801  -0.0000   0.00003436
  0.045458  -0.0000   0.00003557
  0.046471  -0.0000   0.00003738
  0.047524  -0.0000   0.00003920
  0.049218  -0.0000   0.00004192
  0.050500  -0.0000   0.00004387
  0.051860  -0.0000   0.00004581
  0.053306  -0.0000   0.00004776
  0.054722  -0.0000   0.00004956
  0.056221  -0.0000   0.00005136
  0.057808  -0.0000   0.00005316
  0.059387  -0.0000   0.00005486
  0.061049  -0.0000   0.00005656
  0.061527  -0.0000   0.00005709
  0.061801  -0.0000   0.00005762
  0.062068  -0.0000   0.00005815
  0.062458  -0.0000   0.00005894
  0.062841  -0.0000   0.00005973
  0.063398  -0.0000   0.00006091
  0.063949  -0.0000   0.00006209
  0.064696  -0.0000   0.00006369
  0.065446  -0.0000   0.00006529
  0.066593  -0.0000   0.00006769
  0.067774  -0.0000   0.00007009
  0.069313  -0.0000   0.00007308
  0.070938  -0.0000   0.00007606
  0.072663  -0.0000   0.00007904
  0.074497  -0.0000   0.00008202
  0.076450  -0.0000   0.00008501
  0.078526  -0.0000   0.00008799
  0.080731  -0.0000   0.00009097
  0.081406  -0.0000   0.00009187
  0.081907  -0.0000   0.00009277
  0.082309  -0.0000   0.00009366
  0.082895  -0.0000   0.00009501
  0.083470  -0.0000   0.00009636
  0.084039  -0.0000   0.00009770
  0.084605  -0.0000   0.00009905
  0.085317  -0.0000   0.00010110
  0.086175  -0.0000   0.00010410
  0.086995  -0.0000   0.00010710
  0.087787  -0.0000   0.00011020
  0.088558  -0.0000   0.00011320
  0.089681  -0.0000   0.00011770
  0.091316  -0.0000   0.00012460
  0.093605  -0.0000   0.00013440
  0.095847  -0.0000   0.00014420
  0.098050  -0.0000   0.00015400
  0.100081  -0.0000   0.00016380
  0.100273  -0.0000   0.00016530
  0.100459  -0.0000   0.00016670
  0.100639  -0.0000   0.00016810
  0.100899  -0.0000   0.00017030
  0.101271  -0.0000   0.00017350
  0.101799  -0.0000   0.00017830
  0.102504  -0.0000   0.00018510
  0.103180  -0.0000   0.00019200
  0.103837  -0.0000   0.00019880
  0.104792  -0.0000   0.00020900
  0.106189  -0.0000   0.00022440
  0.107660  -0.0000   0.00024080
  0.109117  -0.0000   0.00025730
  0.110564  -0.0000   0.00027370
  0.112598  -0.0000   0.00029700
  0.114615  -0.0000   0.00032030
  0.117603  -0.0000   0.00035520
  0.117832  -0.0000   0.00035790
  0.117987  -0.0000   0.00036070
  0.118137  -0.0000   0.00036340
  0.118354  -0.0000   0.00036750
  0.118665  -0.0000   0.00037370
  0.119108  -0.0000   0.00038300
  0.119737  -0.0000   0.00039690
  0.120343  -0.0000   0.00041080
  0.121195  -0.0000   0.00043100
  0.122031  -0.0000   0.00045120
  0.123268  -0.0000   0.00048140
  0.124881  -0.0000   0.00052130
  0.126487  -0.0000   0.00056110
  0.128088  -0.0000   0.00060090
  0.129682  -0.0000   0.00064070
  0.132057  -0.0000   0.00070050
  0.135579  -0.0000   0.00079010
  0.135790  -0.0000   0.00079590
  0.135945  -0.0000   0.00080160
  0.136095  -0.0000   0.00080740
  0.136313  -0.0000   0.00081600
  0.136626  -0.0000   0.00082900
  0.137074  -0.0000   0.00084840
  0.137717  -0.0000   0.00087760
  0.138547  -0.0000   0.00091640
  0.139366  -0.0000   0.00095530
  0.140582  -0.0000   0.00101400
  0.141795  -0.0000   0.00107200
  0.143006  -0.0000   0.00113000
  0.144217  -0.0000   0.00118800
  0.146028  -0.0000   0.00127600
  0.148730  -0.0000   0.00140700
  0.152741  -0.0000   0.00160400
  0.152997  -0.0000   0.00161600
  0.153254  -0.0000   0.00162900
  0.153510  -0.0000   0.00164200
  0.153875  -0.0000   0.00166000
  0.154170  -0.0000   0.00168100
  0.154451  -0.0000   0.00170200
  0.154723  -0.0000   0.00172300
  0.155115  -0.0000   0.00175500
  0.155685  -0.0000   0.00180200
  0.156522  -0.0000   0.00187200
  0.157702  -0.0000   0.00197300
  0.158880  -0.0000   0.00207400
  0.160058  -0.0000   0.00217500
  0.161237  -0.0000   0.00227500
  0.163003  -0.0000   0.00242600
  0.165642  -0.0000   0.00265300
  0.169566  -0.0000   0.00299300
  0.169909  -0.0000   0.00302300
  0.170252  -0.0000   0.00305300
  0.170594  -0.0000   0.00308200
  0.171107  -0.0000   0.00312700
  0.171875  -0.0000   0.00319400
  0.172146  -0.0000   0.00322400
  0.172387  -0.0000   0.00325400
  0.172620  -0.0000   0.00328400
  0.172956  -0.0000   0.00332900
  0.173446  -0.0000   0.00339600
  0.174165  -0.0000   0.00349700
  0.175233  -0.0000   0.00364900
  0.176301  -0.0000   0.00380100
  0.177370  -0.0000   0.00395200
  0.178440  -0.0000   0.00410400
  0.180044  -0.0000   0.00433200
  0.182445  -0.0000   0.00467300
  0.186024  -0.0000   0.00518500
  0.186907  -0.0000   0.00531200
  0.187787  -0.0000   0.00543800
  0.188666  -0.0000   0.00556500
  0.189980  -0.0000   0.00575500
  0.190253  -0.0000   0.00579800
  0.190472  -0.0000   0.00584100
  0.190683  -0.0000   0.00588400
  0.190989  -0.0000   0.00594800
  0.191433  -0.0000   0.00604500
  0.192087  -0.0000   0.00619100
  0.193060  -0.0000   0.00640800
  0.194034  -0.0000   0.00662600
  0.195009  -0.0000   0.00684400
  0.195986  -0.0000   0.00706200
  0.197451  -0.0000   0.00738900
  0.199645  -0.0000   0.00788000
  0.202920  -0.0000   0.00861500
  0.207786  -0.0000   0.00971900
  0.208054  -0.0000   0.00978000
  0.208321  -0.0000   0.00984000
  0.208554  -0.0000   0.00990100
  0.208849  -0.0000   0.00999200
  0.209271  -0.0000   0.01013000
  0.209682  -0.0000   0.01027000
  0.210089  -0.0000   0.01040000
  0.210697  -0.0000   0.01061000
  0.211607  -0.0000   0.01091000
  0.212869  -0.0000   0.01134000
  0.214133  -0.0000   0.01176000
  0.215397  -0.0000   0.01219000
  0.217291  -0.0000   0.01283000
  0.220122  -0.0000   0.01378000
  0.224337  -0.0000   0.01522000
  0.224688  -0.0000   0.01534000
  0.225039  -0.0000   0.01546000
  0.225389  -0.0000   0.01558000
  0.225914  -0.0000   0.01576000
  0.226700  -0.0000   0.01603000
  0.226964  -0.0000   0.01614000
  0.227206  -0.0000   0.01625000
  0.227441  -0.0000   0.01636000
  0.227786  -0.0000   0.01653000
  0.228296  -0.0000   0.01678000
  0.229058  -0.0000   0.01715000
  0.230193  -0.0000   0.01771000
  0.231329  -0.0000   0.01826000
  0.232467  -0.0000   0.01882000
  0.234174  -0.0000   0.01966000
  0.236728  -0.0000   0.02091000
  0.240538  -0.0000   0.02279000
  0.241619  -0.0000   0.02332000
  0.242698  -0.0000   0.02386000
  0.243774  -0.0000   0.02439000
  0.245312  -0.0000   0.02519000
  0.245568  -0.0000   0.02536000
  0.245816  -0.0000   0.02553000
  0.246059  -0.0000   0.02569000
  0.246420  -0.0000   0.02594000
  0.246958  -0.0000   0.02632000
  0.247765  -0.0000   0.02688000
  0.248921  -0.0000   0.02768000
  0.250080  -0.0000   0.02848000
  0.251239  -0.0000   0.02928000
  0.252978  -0.0000   0.03048000
  0.255579  -0.0000   0.03229000
  0.259458  -0.0000   0.03499000
  0.260189  -0.0000   0.03550000
  0.260918  -0.0000   0.03601000
  0.261646  -0.0000   0.03652000
  0.262736  -0.0000   0.03729000
  0.263253  -0.0000   0.03765000
  0.263717  -0.0000   0.03801000
  0.264109  -0.0000   0.03837000
  0.264492  -0.0000   0.03874000
  0.264873  -0.0000   0.03910000
  0.265252  -0.0000   0.03946000
  0.265822  -0.0000   0.04001000
  0.266678  -0.0000   0.04082000
  0.267965  -0.0000   0.04205000
  0.269897  -0.0000   0.04389000
  0.271827  -0.0000   0.04572000
  0.274712  -0.0000   0.04848000
  0.279012  -0.0000   0.05261000
  0.279424  -0.0000   0.05301000
  0.279835  -0.0000   0.05341000
  0.280246  -0.0000   0.05380000
  0.280862  -0.0000   0.05440000
  0.281785  -0.0000   0.05529000
  0.282071  -0.0000   0.05560000
  0.282323  -0.0000   0.05591000
  0.282570  -0.0000   0.05623000
  0.282936  -0.0000   0.05670000
  0.283483  -0.0000   0.05740000
  0.284304  -0.0000   0.05846000
  0.285346  -0.0000   0.05980000
  0.286390  -0.0000   0.06113000
  0.287956  -0.0000   0.06314000
  0.290300  -0.0000   0.06615000
  0.293802  -0.0000   0.07066000
  0.299014  -0.0000   0.07743000
  0.299343  -0.0000   0.07785000
  0.299671  -0.0000   0.07828000
  0.299999  -0.0000   0.07871000
  0.300466  -0.0000   0.07935000
  0.300795  -0.0000   0.07989000
  0.301117  -0.0000   0.08043000
  0.301437  -0.0000   0.08098000
  0.301915  -0.0000   0.08179000
  0.302635  -0.0000   0.08302000
  0.303717  -0.0000   0.08485000
  0.304801  -0.0000   0.08668000
  0.306426  -0.0000   0.08944000
  0.308860  -0.0000   0.09356000
  0.312494  -0.0000   0.10000000
  0.317902  -0.0000   0.10900000
  0.318205  -0.0000   0.11000000
  0.318507  -0.0000   0.11000000
  0.318808  -0.0000   0.11100000
  0.319173  -0.0000   0.11100000
  0.319528  -0.0000   0.11200000
  0.319880  -0.0000   0.11300000
  0.320232  -0.0000   0.11400000
  0.320761  -0.0000   0.11500000
  0.321556  -0.0000   0.11700000
  0.322751  -0.0000   0.11900000
  0.324543  -0.0000   0.12300000
  0.327226  -0.0000   0.12900000
  0.331231  -0.0000   0.13800000
  0.335716  -0.0000   0.14800000
  0.336098  -0.0000   0.14900000
  0.336479  -0.0000   0.15000000
  0.336861  -0.0000   0.15100000
  0.337403  -0.0000   0.15200000
  0.337735  -0.0000   0.15300000
  0.338062  -0.0000   0.15400000
  0.338388  -0.0000   0.15500000
  0.338878  -0.0000   0.15600000
  0.339614  -0.0000   0.15800000
  0.340720  -0.0000   0.16100000
  0.342380  -0.0000   0.16600000
  0.344039  -0.0000   0.17100000
  0.346521  -0.0000   0.17800000
  0.350045  -0.0000   0.18800000
  0.353551  -0.0000   0.19800000
  0.354245  -0.0000   0.20000000
  0.354938  -0.0000   0.20200000
  0.355630  -0.0000   0.20300000
  0.355961  -0.0000   0.20500000
  0.356259  -0.0000   0.20600000
  0.356554  -0.0000   0.20700000
  0.356995  -0.0000   0.20800000
  0.357658  -0.0000   0.21100000
  0.358652  -0.0000   0.21400000
  0.359647  -0.0000   0.21800000
  0.361140  -0.0000   0.22300000
  0.363375  -0.0000   0.23100000
  0.366172  -0.0000   0.24100000
  0.368958  -0.0000   0.25100000
  0.371734  -0.0000   0.26100000
  0.374449  -0.0000   0.27100000
  0.374700  -0.0000   0.27200000
  0.374946  -0.0000   0.27300000
  0.375192  -0.0000   0.27400000
  0.375560  -0.0000   0.27600000
  0.376112  -0.0000   0.27800000
  0.376944  -0.0000   0.28200000
  0.378193  -0.0000   0.28800000
  0.380068  -0.0000   0.29600000
  0.382311  -0.0000   0.30600000
  0.384550  -0.0000   0.31600000
  0.386783  -0.0000   0.32600000
  0.389010  -0.0000   0.33600000
  0.391230  -0.0000   0.34600000
  0.392209  -0.0000   0.35000000
  0.393119  -0.0000   0.35500000
  0.393518  -0.0000   0.35700000
  0.393915  -0.0000   0.35900000
  0.394314  -0.0000   0.36100000
  0.394912  -0.0000   0.36500000
  0.395812  -0.0000   0.37000000
  0.397162  -0.0000   0.37700000
  0.398983  -0.0000   0.38700000
  0.400801  -0.0000   0.39700000
  0.402616  -0.0000   0.40700000
  0.404426  -0.0000   0.41700000
  0.406233  -0.0000   0.42700000
  0.408035  -0.0000   0.43700000
  0.409833  -0.0000   0.44700000
  0.411561  -0.0000   0.45700000
  0.411862  -0.0000   0.45900000
  0.412161  -0.0000   0.46100000
  0.412459  -0.0000   0.46300000
  0.412907  -0.0000   0.46600000
  0.413582  -0.0000   0.47100000
  0.414595  -0.0000   0.47700000
  0.416084  -0.0000   0.48700000
  0.417571  -0.0000   0.49700000
  0.419057  -0.0000   0.50700000
  0.420541  -0.0000   0.51700000
  0.422022  -0.0000   0.52700000
  0.423500  -0.0000   0.53700000
  0.424976  -0.0000   0.54700000
  0.426449  -0.0000   0.55700000
  0.427919  -0.0000   0.56700000
  0.429386  -0.0000   0.57700000
  0.429838  -0.0000   0.58100000
  0.430229  -0.0000   0.58400000
  0.430606  -0.0000   0.58700000
  0.430982  -0.0000   0.59000000
  0.431360  -0.0000   0.59300000
  0.431927  -0.0000   0.59700000
  0.432780  -0.0000   0.60400000
  0.434009  -0.0000   0.61400000
  0.435238  -0.0000   0.62400000
  0.436465  -0.0000   0.63400000
  0.437691  -0.0000   0.64400000
  0.438915  -0.0000   0.65400000
  0.440137  -0.0000   0.66400000
  0.441357  -0.0000   0.67400000
  0.442576  -0.0000   0.68400000
  0.443793  -0.0000   0.69400000
  0.445008  -0.0000   0.70400000
  0.446221  -0.0000   0.71400000
  0.447432  -0.0000   0.72400000
  0.448593  -0.0000   0.73400000
  0.448929  -0.0000   0.73800000
  0.449263  -0.0000   0.74100000
  0.449598  -0.0000   0.74400000
  0.450102  -0.0000   0.74900000
  0.450858  -0.0000   0.75700000
  0.451880  -0.0000   0.76700000
  0.452901  -0.0000   0.77700000
  0.453922  -0.0000   0.78700000
  0.454942  -0.0000   0.79700000
  0.455961  -0.0000   0.80700000
  0.456979  -0.0000   0.81700000
  0.457995  -0.0000   0.82700000
  0.459011  -0.0000   0.83700000
  0.460025  -0.0000   0.84700000
  0.461038  -0.0000   0.85700000
  0.462050  -0.0000   0.86700000
  0.463060  -0.0000   0.87700000
  0.464069  -0.0000   0.88700000
  0.465077  -0.0000   0.89700000
  0.466084  -0.0000   0.90700000
  0.467070  -0.0000   0.91700000
  0.467378  -0.0000   0.92000000
  0.467684  -0.0000   0.92400000
  0.467990  -0.0000   0.92700000
  0.468451  -0.0000   0.93300000
  0.469143  -0.0000   0.94100000
  0.469999  -0.0000   0.95100000
  0.470855  -0.0000   0.96100000
  0.471711  -0.0000   0.97100000
  0.472566  -0.0000   0.98100000
  0.473420  -0.0000   0.99100000
  0.474193  -0.0000   1.00000000
  0.472246  -0.0000   1.00000000
  0.472246  -0.0000   1.00000000
  0.472246  -0.0000   1.00000000
  0.472246  -0.0000   1.00000000
  0.472246  -0.0000   1.00000000
  0.472245  -0.0000   1.00000000
  0.472244  -0.0000   1.00000000
  0.472242  -0.0000   1.00000000
  0.472237  -0.0000   1.00000000
  0.472228  -0.0000   1.00000000
  0.472209  -0.0000   1.00000000
  0.472174  -0.0000   1.00000000
