  0.000002  -0.0000   0.00000010
  0.000004  -0.0000   0.00000020
  0.000011  -0.0000   0.00000030
  0.000129  -0.0000   0.00000045
  0.002729  -0.0000   0.00000067
  0.005984  -0.0000   0.00000076
  0.005987  -0.0000   0.00000089
  0.005992  -0.0000   0.00000108
  0.005998  -0.0000   0.00000136
  0.006009  -0.0000   0.00000179
  0.006026  -0.0000   0.00000243
  0.006053  -0.0000   0.00000339
  0.006101  -0.0000   0.00000483
  0.006190  -0.0000   0.00000699
  0.006369  -0.0000   0.00001024
  0.006603  -0.0000   0.00001352
  0.006896  -0.0000   0.00001679
  0.007254  -0.0000   0.00002007
  0.007630  -0.0000   0.00002301
  0.008064  -0.0000   0.00002594
  0.008559  -0.0000   0.00002887
  0.009097  -0.0000   0.00003171
  0.009696  -0.0000   0.00003455
  0.010359  -0.0000   0.00003739
  0.011089  -0.0000   0.00004024
  0.011885  -0.0000   0.00004309
  0.012749  -0.0000   0.00004593
  0.013820  -0.0000   0.00004917
  0.014981  -0.0000   0.00005241
  0.016235  -0.0000   0.00005565
  0.017582  -0.0000   0.00005888
  0.018791  -0.0000   0.00006162
  0.020069  -0.0000   0.00006436
  0.021294  -0.0000   0.00006710
  0.021330  -0.0000   0.00006740
  0.021364  -0.0000   0.00006771
  0.021396  -0.0000   0.00006801
  0.021443  -0.0000   0.00006846
  0.021510  -0.0000   0.00006915
  0.021605  -0.0000   0.00007017
  0.021741  -0.0000   0.00007170
  0.021874  -0.0000   0.00007324
  0.022007  -0.0000   0.00007477
  0.022211  -0.0000   0.00007707
  0.022530  -0.0000   0.00008052
  0.023046  -0.0000   0.00008570
  0.023912  -0.0000   0.00009346
  0.025204  -0.0000   0.00010430
  0.026447  -0.0000   0.00011510
  0.027680  -0.0000   0.00012590
  0.028903  -0.0000   0.00013680
  0.030720  -0.0000   0.00015300
  0.033406  -0.0000   0.00017730
  0.036994  -0.0000   0.00021050
  0.040514  -0.0000   0.00024370
  0.040712  -0.0000   0.00024550
  0.040910  -0.0000   0.00024740
  0.041107  -0.0000   0.00024930
  0.041403  -0.0000   0.00025210
  0.041845  -0.0000   0.00025630
  0.042103  -0.0000   0.00025880
  0.042247  -0.0000   0.00026120
  0.042357  -0.0000   0.00026370
  0.042462  -0.0000   0.00026610
  0.042566  -0.0000   0.00026860
  0.042768  -0.0000   0.00027350
  0.043070  -0.0000   0.00028090
  0.043518  -0.0000   0.00029190
  0.044186  -0.0000   0.00030850
  0.045177  -0.0000   0.00033340
  0.046644  -0.0000   0.00037070
  0.048812  -0.0000   0.00042660
  0.051654  -0.0000   0.00050120
  0.054456  -0.0000   0.00057570
  0.057224  -0.0000   0.00065030
  0.059960  -0.0000   0.00072480
  0.062705  -0.0000   0.00080040
  0.063046  -0.0000   0.00080990
  0.063386  -0.0000   0.00081930
  0.063726  -0.0000   0.00082870
  0.063991  -0.0000   0.00083850
  0.064192  -0.0000   0.00084830
  0.064390  -0.0000   0.00085810
  0.064685  -0.0000   0.00087280
  0.064979  -0.0000   0.00088750
  0.065417  -0.0000   0.00090960
  0.066070  -0.0000   0.00094270
  0.067040  -0.0000   0.00099240
  0.068480  -0.0000   0.00106700
  0.070614  -0.0000   0.00117900
  0.073768  -0.0000   0.00134600
  0.077378  -0.0000   0.00154100
  0.080943  -0.0000   0.00173500
  0.084467  -0.0000   0.00193000
  0.084818  -0.0000   0.00194900
  0.085169  -0.0000   0.00196800
  0.085519  -0.0000   0.00198800
  0.085936  -0.0000   0.00201700
  0.086282  -0.0000   0.00204600
  0.086626  -0.0000   0.00207500
  0.086968  -0.0000   0.00210400
  0.087479  -0.0000   0.00214800
  0.088240  -0.0000   0.00221300
  0.089371  -0.0000   0.00231100
  0.091052  -0.0000   0.00245900
  0.093545  -0.0000   0.00268000
  0.097234  -0.0000   0.00301100
  0.102080  -0.0000   0.00345300
  0.106862  -0.0000   0.00389500
  0.107238  -0.0000   0.00393000
  0.107613  -0.0000   0.00396400
  0.107910  -0.0000   0.00399900
  0.108317  -0.0000   0.00405100
  0.108722  -0.0000   0.00410300
  0.109125  -0.0000   0.00415500
  0.109726  -0.0000   0.00423400
  0.110622  -0.0000   0.00435100
  0.111956  -0.0000   0.00452700
  0.113937  -0.0000   0.00479000
  0.116876  -0.0000   0.00518600
  0.121225  -0.0000   0.00578000
  0.125525  -0.0000   0.00637300
  0.129765  -0.0000   0.00696600
  0.130083  -0.0000   0.00702400
  0.130399  -0.0000   0.00708100
  0.130714  -0.0000   0.00713900
  0.131028  -0.0000   0.00719600
  0.131497  -0.0000   0.00728300
  0.132198  -0.0000   0.00741200
  0.133243  -0.0000   0.00760600
  0.134799  -0.0000   0.00789700
  0.137114  -0.0000   0.00833400
  0.140549  -0.0000   0.00898800
  0.144783  -0.0000   0.00980400
  0.148976  -0.0000   0.01062000
  0.150053  -0.0000   0.01083000
  0.151127  -0.0000   0.01104000
  0.152114  -0.0000   0.01125000
  0.152613  -0.0000   0.01137000
  0.153111  -0.0000   0.01149000
  0.153607  -0.0000   0.01162000
  0.154101  -0.0000   0.01174000
  0.154839  -0.0000   0.01192000
  0.155939  -0.0000   0.01219000
  0.157578  -0.0000   0.01261000
  0.160017  -0.0000   0.01322000
  0.163636  -0.0000   0.01415000
  0.167989  -0.0000   0.01527000
  0.172300  -0.0000   0.01639000
  0.172934  -0.0000   0.01656000
  0.173567  -0.0000   0.01673000
  0.174129  -0.0000   0.01689000
  0.174654  -0.0000   0.01706000
  0.175177  -0.0000   0.01722000
  0.175698  -0.0000   0.01739000
  0.176476  -0.0000   0.01764000
  0.177636  -0.0000   0.01801000
  0.179363  -0.0000   0.01857000
  0.181932  -0.0000   0.01940000
  0.185746  -0.0000   0.02066000
  0.190917  -0.0000   0.02239000
  0.196008  -0.0000   0.02411000
  0.196388  -0.0000   0.02426000
  0.196768  -0.0000   0.02441000
  0.197147  -0.0000   0.02456000
  0.197713  -0.0000   0.02479000
  0.198557  -0.0000   0.02513000
  0.199818  -0.0000   0.02564000
  0.201696  -0.0000   0.02640000
  0.204490  -0.0000   0.02755000
  0.208640  -0.0000   0.02926000
  0.213834  -0.0000   0.03144000
  0.215667  -0.0000   0.03221000
  0.217494  -0.0000   0.03298000
  0.218148  -0.0000   0.03326000
  0.218735  -0.0000   0.03355000
  0.219319  -0.0000   0.03383000
  0.219901  -0.0000   0.03412000
  0.220482  -0.0000   0.03440000
  0.221349  -0.0000   0.03483000
  0.222643  -0.0000   0.03547000
  0.224572  -0.0000   0.03643000
  0.227442  -0.0000   0.03787000
  0.231706  -0.0000   0.04004000
  0.237266  -0.0000   0.04289000
  0.238210  -0.0000   0.04337000
  0.239152  -0.0000   0.04386000
  0.240083  -0.0000   0.04434000
  0.240530  -0.0000   0.04460000
  0.240976  -0.0000   0.04487000
  0.241420  -0.0000   0.04513000
  0.241863  -0.0000   0.04539000
  0.242525  -0.0000   0.04578000
  0.243513  -0.0000   0.04637000
  0.244988  -0.0000   0.04725000
  0.247185  -0.0000   0.04857000
  0.250454  -0.0000   0.05055000
  0.255310  -0.0000   0.05352000
  0.260125  -0.0000   0.05649000
  0.260951  -0.0000   0.05700000
  0.261776  -0.0000   0.05751000
  0.262547  -0.0000   0.05802000
  0.263391  -0.0000   0.05860000
  0.264232  -0.0000   0.05919000
  0.265069  -0.0000   0.05978000
  0.265903  -0.0000   0.06036000
  0.267149  -0.0000   0.06125000
  0.269007  -0.0000   0.06257000
  0.271775  -0.0000   0.06455000
  0.275892  -0.0000   0.06752000
  0.282004  -0.0000   0.07197000
  0.282772  -0.0000   0.07254000
  0.283540  -0.0000   0.07310000
  0.284299  -0.0000   0.07366000
  0.284794  -0.0000   0.07406000
  0.285287  -0.0000   0.07446000
  0.285779  -0.0000   0.07486000
  0.286269  -0.0000   0.07526000
  0.287002  -0.0000   0.07586000
  0.288097  -0.0000   0.07676000
  0.289731  -0.0000   0.07811000
  0.292167  -0.0000   0.08014000
  0.295791  -0.0000   0.08318000
  0.301175  -0.0000   0.08775000
  0.306500  -0.0000   0.09231000
  0.306977  -0.0000   0.09276000
  0.307453  -0.0000   0.09320000
  0.307928  -0.0000   0.09365000
  0.308402  -0.0000   0.09410000
  0.309111  -0.0000   0.09477000
  0.310170  -0.0000   0.09578000
  0.311751  -0.0000   0.09729000
  0.314109  -0.0000   0.10000000
  0.317620  -0.0000   0.10300000
  0.322841  -0.0000   0.10800000
  0.327257  -0.0000   0.11200000
  0.327992  -0.0000   0.11300000
  0.328711  -0.0000   0.11400000
  0.329386  -0.0000   0.11500000
  0.330059  -0.0000   0.11500000
  0.330729  -0.0000   0.11600000
  0.331398  -0.0000   0.11700000
  0.332397  -0.0000   0.11800000
  0.333889  -0.0000   0.11900000
  0.336114  -0.0000   0.12200000
  0.339429  -0.0000   0.12600000
  0.344360  -0.0000   0.13100000
  0.347881  -0.0000   0.13500000
  0.349999  -0.0000   0.13700000
  0.350731  -0.0000   0.13800000
  0.351420  -0.0000   0.13900000
  0.352107  -0.0000   0.14000000
  0.352792  -0.0000   0.14100000
  0.353475  -0.0000   0.14200000
  0.354495  -0.0000   0.14300000
  0.356020  -0.0000   0.14500000
  0.358294  -0.0000   0.14800000
  0.361681  -0.0000   0.15200000
  0.366721  -0.0000   0.15800000
  0.369213  -0.0000   0.16100000
  0.371696  -0.0000   0.16500000
  0.372627  -0.0000   0.16600000
  0.373196  -0.0000   0.16700000
  0.373759  -0.0000   0.16700000
  0.374321  -0.0000   0.16800000
  0.374882  -0.0000   0.16900000
  0.375720  -0.0000   0.17000000
  0.376972  -0.0000   0.17200000
  0.378840  -0.0000   0.17400000
  0.381627  -0.0000   0.17800000
  0.385775  -0.0000   0.18400000
  0.391943  -0.0000   0.19300000
  0.392997  -0.0000   0.19500000
  0.394049  -0.0000   0.19600000
  0.395081  -0.0000   0.19800000
  0.395759  -0.0000   0.19900000
  0.396435  -0.0000   0.20000000
  0.397109  -0.0000   0.20100000
  0.397782  -0.0000   0.20200000
  0.398787  -0.0000   0.20300000
  0.400289  -0.0000   0.20600000
  0.402530  -0.0000   0.20900000
  0.405871  -0.0000   0.21400000
  0.410843  -0.0000   0.22200000
  0.417067  -0.0000   0.23200000
  0.417642  -0.0000   0.23300000
  0.418216  -0.0000   0.23400000
  0.418788  -0.0000   0.23500000
  0.419358  -0.0000   0.23600000
  0.420212  -0.0000   0.23800000
  0.421488  -0.0000   0.24000000
  0.423394  -0.0000   0.24300000
  0.426237  -0.0000   0.24800000
  0.430472  -0.0000   0.25600000
  0.436096  -0.0000   0.26600000
  0.437422  -0.0000   0.26800000
  0.438745  -0.0000   0.27100000
  0.439677  -0.0000   0.27200000
  0.440583  -0.0000   0.27400000
  0.441485  -0.0000   0.27600000
  0.442832  -0.0000   0.27800000
  0.444174  -0.0000   0.28100000
  0.446179  -0.0000   0.28500000
  0.449168  -0.0000   0.29000000
  0.453622  -0.0000   0.29900000
  0.458710  -0.0000   0.30900000
  0.459950  -0.0000   0.31200000
  0.461188  -0.0000   0.31400000
  0.461823  -0.0000   0.31500000
  0.462452  -0.0000   0.31700000
  0.463079  -0.0000   0.31800000
  0.463704  -0.0000   0.31900000
  0.464640  -0.0000   0.32100000
  0.466039  -0.0000   0.32400000
  0.468126  -0.0000   0.32900000
  0.471239  -0.0000   0.33500000
  0.475877  -0.0000   0.34500000
  0.480504  -0.0000   0.35500000
  0.482171  -0.0000   0.35900000
  0.483811  -0.0000   0.36200000
  0.484583  -0.0000   0.36400000
  0.485353  -0.0000   0.36600000
  0.486121  -0.0000   0.36800000
  0.486887  -0.0000   0.37000000
  0.488032  -0.0000   0.37200000
  0.489744  -0.0000   0.37600000
  0.492300  -0.0000   0.38200000
  0.496111  -0.0000   0.39100000
  0.500345  -0.0000   0.40100000
  0.504559  -0.0000   0.41100000
  0.505418  -0.0000   0.41300000
  0.506243  -0.0000   0.41500000
  0.507059  -0.0000   0.41700000
  0.507872  -0.0000   0.41900000
  0.508683  -0.0000   0.42100000
  0.509896  -0.0000   0.42400000
  0.511708  -0.0000   0.42900000
  0.514411  -0.0000   0.43600000
  0.518314  -0.0000   0.44600000
  0.522197  -0.0000   0.45600000
  0.526062  -0.0000   0.46600000
  0.527228  -0.0000   0.46900000
  0.528360  -0.0000   0.47200000
  0.529468  -0.0000   0.47500000
  0.530572  -0.0000   0.47800000
  0.531673  -0.0000   0.48100000
  0.533319  -0.0000   0.48500000
  0.535775  -0.0000   0.49200000
  0.539369  -0.0000   0.50200000
  0.542946  -0.0000   0.51200000
  0.546508  -0.0000   0.52200000
  0.550047  -0.0000   0.53200000
  0.550743  -0.0000   0.53400000
  0.551437  -0.0000   0.53600000
  0.552130  -0.0000   0.53800000
  0.552821  -0.0000   0.54000000
  0.553854  -0.0000   0.54400000
  0.555400  -0.0000   0.54800000
  0.557708  -0.0000   0.55500000
  0.561025  -0.0000   0.56500000
  0.564328  -0.0000   0.57500000
  0.567618  -0.0000   0.58500000
  0.570896  -0.0000   0.59500000
  0.571992  -0.0000   0.59800000
  0.572707  -0.0000   0.60100000
  0.573418  -0.0000   0.60300000
  0.574127  -0.0000   0.60500000
  0.574835  -0.0000   0.60800000
  0.575894  -0.0000   0.61100000
  0.577477  -0.0000   0.61600000
  0.579840  -0.0000   0.62400000
  0.582913  -0.0000   0.63400000
  0.585973  -0.0000   0.64400000
  0.589022  -0.0000   0.65400000
  0.592060  -0.0000   0.66400000
  0.594373  -0.0000   0.67100000
  0.595119  -0.0000   0.67400000
  0.595863  -0.0000   0.67600000
  0.596606  -0.0000   0.67900000
  0.597347  -0.0000   0.68200000
  0.598455  -0.0000   0.68500000
  0.600112  -0.0000   0.69100000
  0.602587  -0.0000   0.70000000
  0.605436  -0.0000   0.71000000
  0.608274  -0.0000   0.72000000
  0.611104  -0.0000   0.73000000
  0.613924  -0.0000   0.74000000
  0.616720  -0.0000   0.75000000
  0.617532  -0.0000   0.75300000
  0.618343  -0.0000   0.75600000
  0.619151  -0.0000   0.75900000
  0.619957  -0.0000   0.76200000
  0.621164  -0.0000   0.76600000
  0.622967  -0.0000   0.77300000
  0.625626  -0.0000   0.78300000
  0.628274  -0.0000   0.79300000
  0.630914  -0.0000   0.80300000
  0.633546  -0.0000   0.81300000
  0.636171  -0.0000   0.82300000
  0.638778  -0.0000   0.83300000
  0.639577  -0.0000   0.83600000
  0.640374  -0.0000   0.83900000
  0.641169  -0.0000   0.84300000
  0.641963  -0.0000   0.84600000
  0.643150  -0.0000   0.85100000
  0.644925  -0.0000   0.85800000
  0.647405  -0.0000   0.86800000
  0.649877  -0.0000   0.87800000
  0.652341  -0.0000   0.88800000
  0.654799  -0.0000   0.89800000
  0.657250  -0.0000   0.90800000
  0.659695  -0.0000   0.91800000
  0.660962  -0.0000   0.92300000
  0.661885  -0.0000   0.92700000
  0.662805  -0.0000   0.93100000
  0.663723  -0.0000   0.93500000
  0.664640  -0.0000   0.93900000
  0.666010  -0.0000   0.94400000
  0.668058  -0.0000   0.95300000
  0.670374  -0.0000   0.96300000
  0.672684  -0.0000   0.97300000
  0.674986  -0.0000   0.98300000
  0.677283  -0.0000   0.99300000
  0.678833  -0.0000   1.00000000
  0.678811  -0.0000   1.00000000
  0.678811  -0.0000   1.00000000
  0.678811  -0.0000   1.00000000
  0.678811  -0.0000   1.00000000
  0.678811  -0.0000   1.00000000
  0.678811  -0.0000   1.00000000
  0.678811  -0.0000   1.00000000
  0.678811  -0.0000   1.00000000
  0.678811  -0.0000   1.00000000
  0.678811  -0.0000   1.00000000
  0.678810  -0.0000   1.00000000
  0.678810  -0.0000   1.00000000
  0.678810  -0.0000   1.00000000
  0.678809  -0.0000   1.00000000
  0.678808  -0.0000   1.00000000
