  0.000117  -0.0000   0.00000010
  0.000280  -0.0000   0.00000020
  0.000434  -0.0000   0.00000024
  0.001550  -0.0000   0.00000027
  0.006536  -0.0000   0.00000031
  0.006755  -0.0000   0.00000035
  0.007001  -0.0000   0.00000039
  0.007178  -0.0000   0.00000042
  0.007400  -0.0000   0.00000044
  0.007683  -0.0000   0.00000047
  0.007925  -0.0000   0.00000049
  0.008215  -0.0000   0.00000050
  0.008557  -0.0000   0.00000052
  0.008957  -0.0000   0.00000054
  0.009419  -0.0000   0.00000056
  0.009857  -0.0000   0.00000057
  0.010343  -0.0000   0.00000059
  0.010875  -0.0000   0.00000061
  0.011509  -0.0000   0.00000062
  0.012193  -0.0000   0.00000064
  0.012922  -0.0000   0.00000066
  0.013692  -0.0000   0.00000067
  0.014498  -0.0000   0.00000069
  0.015333  -0.0000   0.00000071
  0.016449  -0.0000   0.00000073
  0.017593  -0.0000   0.00000075
  0.018757  -0.0000   0.00000077
  0.018989  -0.0000   0.00000078
  0.019220  -0.0000   0.00000078
  0.019452  -0.0000   0.00000078
  0.019591  -0.0000   0.00000079
  0.019628  -0.0000   0.00000079
  0.019637  -0.0000   0.00000079
  0.019645  -0.0000   0.00000079
  0.019650  -0.0000   0.00000080
  0.019658  -0.0000   0.00000080
  0.019667  -0.0000   0.00000081
  0.019678  -0.0000   0.00000082
  0.019691  -0.0000   0.00000083
  0.019709  -0.0000   0.00000085
  0.019733  -0.0000   0.00000088
  0.019765  -0.0000   0.00000092
  0.019812  -0.0000   0.00000099
  0.019881  -0.0000   0.00000109
  0.019991  -0.0000   0.00000124
  0.020193  -0.0000   0.00000146
  0.020272  -0.0000   0.00000154
  0.020365  -0.0000   0.00000162
  0.020475  -0.0000   0.00000170
  0.020692  -0.0000   0.00000182
  0.020831  -0.0000   0.00000188
  0.020994  -0.0000   0.00000195
  0.021184  -0.0000   0.00000201
  0.021539  -0.0000   0.00000211
  0.021835  -0.0000   0.00000218
  0.022177  -0.0000   0.00000225
  0.022569  -0.0000   0.00000232
  0.023016  -0.0000   0.00000239
  0.023521  -0.0000   0.00000246
  0.024086  -0.0000   0.00000253
  0.024595  -0.0000   0.00000258
  0.025149  -0.0000   0.00000264
  0.025747  -0.0000   0.00000270
  0.026460  -0.0000   0.00000276
  0.027228  -0.0000   0.00000283
  0.028049  -0.0000   0.00000289
  0.028924  -0.0000   0.00000295
  0.029850  -0.0000   0.00000302
  0.030827  -0.0000   0.00000308
  0.031854  -0.0000   0.00000314
  0.032929  -0.0000   0.00000321
  0.034051  -0.0000   0.00000327
  0.035218  -0.0000   0.00000333
  0.035255  -0.0000   0.00000334
  0.035267  -0.0000   0.00000334
  0.035276  -0.0000   0.00000334
  0.035287  -0.0000   0.00000335
  0.035301  -0.0000   0.00000336
  0.035319  -0.0000   0.00000337
  0.035341  -0.0000   0.00000338
  0.035368  -0.0000   0.00000341
  0.035404  -0.0000   0.00000344
  0.035450  -0.0000   0.00000350
  0.035512  -0.0000   0.00000358
  0.035600  -0.0000   0.00000371
  0.035736  -0.0000   0.00000390
  0.035982  -0.0000   0.00000418
  0.036130  -0.0000   0.00000433
  0.036303  -0.0000   0.00000447
  0.036507  -0.0000   0.00000462
  0.036895  -0.0000   0.00000484
  0.037259  -0.0000   0.00000502
  0.037689  -0.0000   0.00000519
  0.038192  -0.0000   0.00000537
  0.038774  -0.0000   0.00000554
  0.039443  -0.0000   0.00000572
  0.040029  -0.0000   0.00000585
  0.040677  -0.0000   0.00000599
  0.041389  -0.0000   0.00000613
  0.042168  -0.0000   0.00000627
  0.043017  -0.0000   0.00000641
  0.043938  -0.0000   0.00000655
  0.044934  -0.0000   0.00000668
  0.046006  -0.0000   0.00000682
  0.047156  -0.0000   0.00000696
  0.048384  -0.0000   0.00000710
  0.049691  -0.0000   0.00000724
  0.051077  -0.0000   0.00000737
  0.052106  -0.0000   0.00000747
  0.052217  -0.0000   0.00000748
  0.052330  -0.0000   0.00000749
  0.052370  -0.0000   0.00000750
  0.052406  -0.0000   0.00000752
  0.052435  -0.0000   0.00000754
  0.052460  -0.0000   0.00000755
  0.052493  -0.0000   0.00000758
  0.052535  -0.0000   0.00000761
  0.052590  -0.0000   0.00000767
  0.052665  -0.0000   0.00000775
  0.052768  -0.0000   0.00000787
  0.052921  -0.0000   0.00000805
  0.053174  -0.0000   0.00000833
  0.053457  -0.0000   0.00000859
  0.053792  -0.0000   0.00000885
  0.054185  -0.0000   0.00000912
  0.054633  -0.0000   0.00000938
  0.055149  -0.0000   0.00000964
  0.055739  -0.0000   0.00000989
  0.056408  -0.0000   0.00001015
  0.057163  -0.0000   0.00001041
  0.058008  -0.0000   0.00001067
  0.058764  -0.0000   0.00001088
  0.059588  -0.0000   0.00001109
  0.060483  -0.0000   0.00001131
  0.061452  -0.0000   0.00001152
  0.062497  -0.0000   0.00001173
  0.063621  -0.0000   0.00001194
  0.064826  -0.0000   0.00001215
  0.066113  -0.0000   0.00001236
  0.067483  -0.0000   0.00001258
  0.068935  -0.0000   0.00001279
  0.069068  -0.0000   0.00001281
  0.069202  -0.0000   0.00001283
  0.069337  -0.0000   0.00001284
  0.069443  -0.0000   0.00001287
  0.069497  -0.0000   0.00001290
  0.069541  -0.0000   0.00001293
  0.069580  -0.0000   0.00001296
  0.069631  -0.0000   0.00001300
  0.069699  -0.0000   0.00001307
  0.069792  -0.0000   0.00001317
  0.069923  -0.0000   0.00001331
  0.070122  -0.0000   0.00001354
  0.070450  -0.0000   0.00001387
  0.070801  -0.0000   0.00001418
  0.071200  -0.0000   0.00001449
  0.071650  -0.0000   0.00001480
  0.072188  -0.0000   0.00001513
  0.072790  -0.0000   0.00001546
  0.073462  -0.0000   0.00001579
  0.074157  -0.0000   0.00001609
  0.074920  -0.0000   0.00001640
  0.075755  -0.0000   0.00001671
  0.076624  -0.0000   0.00001701
  0.077565  -0.0000   0.00001730
  0.078582  -0.0000   0.00001760
  0.079678  -0.0000   0.00001789
  0.080854  -0.0000   0.00001819
  0.082114  -0.0000   0.00001849
  0.083459  -0.0000   0.00001878
  0.084889  -0.0000   0.00001908
  0.086329  -0.0000   0.00001937
  0.086380  -0.0000   0.00001940
  0.086422  -0.0000   0.00001942
  0.086459  -0.0000   0.00001945
  0.086508  -0.0000   0.00001949
  0.086572  -0.0000   0.00001954
  0.086658  -0.0000   0.00001963
  0.086777  -0.0000   0.00001976
  0.086950  -0.0000   0.00001995
  0.087217  -0.0000   0.00002023
  0.087668  -0.0000   0.00002067
  0.088180  -0.0000   0.00002110
  0.088759  -0.0000   0.00002153
  0.089407  -0.0000   0.00002196
  0.090128  -0.0000   0.00002239
  0.090906  -0.0000   0.00002281
  0.091761  -0.0000   0.00002324
  0.092697  -0.0000   0.00002366
  0.093719  -0.0000   0.00002408
  0.094831  -0.0000   0.00002450
  0.096035  -0.0000   0.00002492
  0.097337  -0.0000   0.00002534
  0.098738  -0.0000   0.00002576
  0.099980  -0.0000   0.00002611
  0.101293  -0.0000   0.00002647
  0.102679  -0.0000   0.00002682
  0.102862  -0.0000   0.00002686
  0.103047  -0.0000   0.00002691
  0.103232  -0.0000   0.00002696
  0.103419  -0.0000   0.00002703
  0.103517  -0.0000   0.00002710
  0.103600  -0.0000   0.00002716
  0.103674  -0.0000   0.00002723
  0.103743  -0.0000   0.00002730
  0.103841  -0.0000   0.00002741
  0.103983  -0.0000   0.00002756
  0.104197  -0.0000   0.00002780
  0.104540  -0.0000   0.00002815
  0.105119  -0.0000   0.00002867
  0.105767  -0.0000   0.00002920
  0.106486  -0.0000   0.00002973
  0.107278  -0.0000   0.00003025
  0.108276  -0.0000   0.00003085
  0.109378  -0.0000   0.00003145
  0.110368  -0.0000   0.00003194
  0.111436  -0.0000   0.00003244
  0.112586  -0.0000   0.00003294
  0.113821  -0.0000   0.00003343
  0.115144  -0.0000   0.00003393
  0.116557  -0.0000   0.00003442
  0.118061  -0.0000   0.00003492
  0.119658  -0.0000   0.00003541
  0.119866  -0.0000   0.00003548
  0.120075  -0.0000   0.00003554
  0.120286  -0.0000   0.00003561
  0.120488  -0.0000   0.00003569
  0.120595  -0.0000   0.00003577
  0.120686  -0.0000   0.00003584
  0.120768  -0.0000   0.00003592
  0.120844  -0.0000   0.00003600
  0.120953  -0.0000   0.00003612
  0.121113  -0.0000   0.00003630
  0.121356  -0.0000   0.00003657
  0.121745  -0.0000   0.00003697
  0.122394  -0.0000   0.00003758
  0.123111  -0.0000   0.00003818
  0.123897  -0.0000   0.00003878
  0.124753  -0.0000   0.00003939
  0.125896  -0.0000   0.00004012
  0.126934  -0.0000   0.00004073
  0.128053  -0.0000   0.00004134
  0.129257  -0.0000   0.00004195
  0.130550  -0.0000   0.00004257
  0.131934  -0.0000   0.00004318
  0.133412  -0.0000   0.00004379
  0.134985  -0.0000   0.00004440
  0.136656  -0.0000   0.00004502
  0.136909  -0.0000   0.00004511
  0.137163  -0.0000   0.00004520
  0.137420  -0.0000   0.00004529
  0.137636  -0.0000   0.00004538
  0.137734  -0.0000   0.00004546
  0.137818  -0.0000   0.00004553
  0.137894  -0.0000   0.00004560
  0.137966  -0.0000   0.00004568
  0.138067  -0.0000   0.00004579
  0.138214  -0.0000   0.00004596
  0.138434  -0.0000   0.00004621
  0.138779  -0.0000   0.00004658
  0.139341  -0.0000   0.00004715
  0.139949  -0.0000   0.00004771
  0.140602  -0.0000   0.00004827
  0.141302  -0.0000   0.00004884
  0.142455  -0.0000   0.00004968
  0.143716  -0.0000   0.00005053
  0.144863  -0.0000   0.00005124
  0.146094  -0.0000   0.00005196
  0.147411  -0.0000   0.00005267
  0.148818  -0.0000   0.00005338
  0.150317  -0.0000   0.00005410
  0.151909  -0.0000   0.00005481
  0.153597  -0.0000   0.00005553
  0.153965  -0.0000   0.00005568
  0.154336  -0.0000   0.00005584
  0.154713  -0.0000   0.00005599
  0.154818  -0.0000   0.00005605
  0.154893  -0.0000   0.00005611
  0.154960  -0.0000   0.00005617
  0.155051  -0.0000   0.00005626
  0.155175  -0.0000   0.00005640
  0.155352  -0.0000   0.00005661
  0.155616  -0.0000   0.00005691
  0.156031  -0.0000   0.00005738
  0.156595  -0.0000   0.00005796
  0.157199  -0.0000   0.00005854
  0.157842  -0.0000   0.00005913
  0.158523  -0.0000   0.00005971
  0.159630  -0.0000   0.00006059
  0.160606  -0.0000   0.00006131
  0.161643  -0.0000   0.00006203
  0.162745  -0.0000   0.00006276
  0.163914  -0.0000   0.00006348
  0.165151  -0.0000   0.00006420
  0.166457  -0.0000   0.00006493
  0.167850  -0.0000   0.00006566
  0.169317  -0.0000   0.00006639
  0.170858  -0.0000   0.00006712
  0.171141  -0.0000   0.00006725
  0.171426  -0.0000   0.00006739
  0.171713  -0.0000   0.00006752
  0.171975  -0.0000   0.00006765
  0.172082  -0.0000   0.00006775
  0.172176  -0.0000   0.00006784
  0.172262  -0.0000   0.00006793
  0.172344  -0.0000   0.00006802
  0.172462  -0.0000   0.00006816
  0.172635  -0.0000   0.00006837
  0.172898  -0.0000   0.00006868
  0.173310  -0.0000   0.00006915
  0.173977  -0.0000   0.00006986
  0.174690  -0.0000   0.00007056
  0.175448  -0.0000   0.00007126
  0.176250  -0.0000   0.00007196
  0.177553  -0.0000   0.00007302
  0.178961  -0.0000   0.00007407
  0.180475  -0.0000   0.00007513
  0.182101  -0.0000   0.00007618
  0.183541  -0.0000   0.00007706
  0.185063  -0.0000   0.00007795
  0.186668  -0.0000   0.00007883
  0.188356  -0.0000   0.00007971
  0.188576  -0.0000   0.00007982
  0.188796  -0.0000   0.00007994
  0.189019  -0.0000   0.00008005
  0.189192  -0.0000   0.00008017
  0.189311  -0.0000   0.00008028
  0.189417  -0.0000   0.00008040
  0.189564  -0.0000   0.00008057
  0.189705  -0.0000   0.00008074
  0.189914  -0.0000   0.00008100
  0.190235  -0.0000   0.00008139
  0.190744  -0.0000   0.00008198
  0.191568  -0.0000   0.00008285
  0.192450  -0.0000   0.00008373
  0.193387  -0.0000   0.00008460
  0.194380  -0.0000   0.00008548
  0.195643  -0.0000   0.00008652
  0.196989  -0.0000   0.00008756
  0.198421  -0.0000   0.00008860
  0.200153  -0.0000   0.00008978
  0.201679  -0.0000   0.00009077
  0.203287  -0.0000   0.00009175
  0.204977  -0.0000   0.00009274
  0.205400  -0.0000   0.00009298
  0.205828  -0.0000   0.00009323
  0.206261  -0.0000   0.00009347
  0.206370  -0.0000   0.00009356
  0.206456  -0.0000   0.00009364
  0.206536  -0.0000   0.00009373
  0.206645  -0.0000   0.00009386
  0.206800  -0.0000   0.00009405
  0.207026  -0.0000   0.00009434
  0.207373  -0.0000   0.00009478
  0.207921  -0.0000   0.00009543
  0.208499  -0.0000   0.00009608
  0.209104  -0.0000   0.00009673
  0.209735  -0.0000   0.00009738
  0.210739  -0.0000   0.00009836
  0.212028  -0.0000   0.00009954
  0.213307  -0.0000   0.00010070
  0.214544  -0.0000   0.00010190
  0.216351  -0.0000   0.00010360
  0.218970  -0.0000   0.00010630
  0.221505  -0.0000   0.00010890
  0.221892  -0.0000   0.00010930
  0.222277  -0.0000   0.00010970
  0.222661  -0.0000   0.00011020
  0.223231  -0.0000   0.00011080
  0.223354  -0.0000   0.00011090
  0.223442  -0.0000   0.00011110
  0.223521  -0.0000   0.00011120
  0.223630  -0.0000   0.00011150
  0.223780  -0.0000   0.00011180
  0.223997  -0.0000   0.00011240
  0.224320  -0.0000   0.00011320
  0.224808  -0.0000   0.00011440
  0.225527  -0.0000   0.00011620
  0.226245  -0.0000   0.00011790
  0.226960  -0.0000   0.00011970
  0.228022  -0.0000   0.00012240
  0.229589  -0.0000   0.00012640
  0.231881  -0.0000   0.00013240
  0.234117  -0.0000   0.00013830
  0.236299  -0.0000   0.00014430
  0.238427  -0.0000   0.00015030
  0.238991  -0.0000   0.00015190
  0.239550  -0.0000   0.00015350
  0.240106  -0.0000   0.00015510
  0.240205  -0.0000   0.00015550
  0.240287  -0.0000   0.00015590
  0.240362  -0.0000   0.00015630
  0.240467  -0.0000   0.00015690
  0.240617  -0.0000   0.00015790
  0.240836  -0.0000   0.00015930
  0.241166  -0.0000   0.00016130
  0.241667  -0.0000   0.00016440
  0.242382  -0.0000   0.00016890
  0.243096  -0.0000   0.00017330
  0.243806  -0.0000   0.00017770
  0.244861  -0.0000   0.00018440
  0.246419  -0.0000   0.00019430
  0.248702  -0.0000   0.00020930
  0.250933  -0.0000   0.00022420
  0.253112  -0.0000   0.00023920
  0.255241  -0.0000   0.00025420
  0.255746  -0.0000   0.00025770
  0.256247  -0.0000   0.00026130
  0.256746  -0.0000   0.00026480
  0.256904  -0.0000   0.00026610
  0.257007  -0.0000   0.00026730
  0.257099  -0.0000   0.00026850
  0.257227  -0.0000   0.00027030
  0.257350  -0.0000   0.00027210
  0.257531  -0.0000   0.00027480
  0.257805  -0.0000   0.00027880
  0.258221  -0.0000   0.00028490
  0.258847  -0.0000   0.00029400
  0.259472  -0.0000   0.00030320
  0.260405  -0.0000   0.00031690
  0.261787  -0.0000   0.00033740
  0.263819  -0.0000   0.00036820
  0.265743  -0.0000   0.00039790
  0.267631  -0.0000   0.00042770
  0.269483  -0.0000   0.00045740
  0.272149  -0.0000   0.00050140
  0.272410  -0.0000   0.00050570
  0.272670  -0.0000   0.00051000
  0.272930  -0.0000   0.00051430
  0.273317  -0.0000   0.00052080
  0.273596  -0.0000   0.00052550
  0.273714  -0.0000   0.00052840
  0.273815  -0.0000   0.00053140
  0.273908  -0.0000   0.00053430
  0.274043  -0.0000   0.00053870
  0.274243  -0.0000   0.00054540
  0.274546  -0.0000   0.00055530
  0.275005  -0.0000   0.00057030
  0.275694  -0.0000   0.00059270
  0.276383  -0.0000   0.00061500
  0.277407  -0.0000   0.00064860
  0.278922  -0.0000   0.00069900
  0.281147  -0.0000   0.00077460
  0.283327  -0.0000   0.00085020
  0.285463  -0.0000   0.00092580
  0.287554  -0.0000   0.00100100
  0.289602  -0.0000   0.00107700
  0.289768  -0.0000   0.00108300
  0.289934  -0.0000   0.00108900
  0.290099  -0.0000   0.00109500
  0.290336  -0.0000   0.00110500
  0.290444  -0.0000   0.00111100
  0.290542  -0.0000   0.00111700
  0.290635  -0.0000   0.00112400
  0.290772  -0.0000   0.00113300
  0.290977  -0.0000   0.00114800
  0.291288  -0.0000   0.00117000
  0.291759  -0.0000   0.00120200
  0.292466  -0.0000   0.00125100
  0.293170  -0.0000   0.00130000
  0.294218  -0.0000   0.00137300
  0.295769  -0.0000   0.00148200
  0.298046  -0.0000   0.00164700
  0.300278  -0.0000   0.00181100
  0.302464  -0.0000   0.00197600
  0.304606  -0.0000   0.00214000
  0.306702  -0.0000   0.00230500
  0.306850  -0.0000   0.00231600
  0.306997  -0.0000   0.00232800
  0.307101  -0.0000   0.00234000
  0.307231  -0.0000   0.00235700
  0.307353  -0.0000   0.00237400
  0.307475  -0.0000   0.00239200
  0.307658  -0.0000   0.00241800
  0.307936  -0.0000   0.00245700
  0.308355  -0.0000   0.00251600
  0.308984  -0.0000   0.00260400
  0.309923  -0.0000   0.00273600
  0.311315  -0.0000   0.00293400
  0.313366  -0.0000   0.00323200
  0.315380  -0.0000   0.00352900
  0.317358  -0.0000   0.00382700
  0.319302  -0.0000   0.00412400
  0.321860  -0.0000   0.00452500
  0.322287  -0.0000   0.00459200
  0.322712  -0.0000   0.00466000
  0.323136  -0.0000   0.00472700
  0.323736  -0.0000   0.00482800
  0.323854  -0.0000   0.00485800
  0.323962  -0.0000   0.00488700
  0.324068  -0.0000   0.00491700
  0.324174  -0.0000   0.00494700
  0.324333  -0.0000   0.00499100
  0.324575  -0.0000   0.00505800
  0.324940  -0.0000   0.00515800
  0.325488  -0.0000   0.00530900
  0.326307  -0.0000   0.00553500
  0.327524  -0.0000   0.00587300
  0.329322  -0.0000   0.00638100
  0.331309  -0.0000   0.00695100
  0.333262  -0.0000   0.00752200
  0.335183  -0.0000   0.00809300
  0.337766  -0.0000   0.00887800
  0.340287  -0.0000   0.00966400
  0.340425  -0.0000   0.00971000
  0.340520  -0.0000   0.00975500
  0.340609  -0.0000   0.00980000
  0.340737  -0.0000   0.00986900
  0.340866  -0.0000   0.00993700
  0.341060  -0.0000   0.01004000
  0.341355  -0.0000   0.01019000
  0.341799  -0.0000   0.01042000
  0.342464  -0.0000   0.01077000
  0.343454  -0.0000   0.01129000
  0.344921  -0.0000   0.01206000
  0.347081  -0.0000   0.01323000
  0.349202  -0.0000   0.01439000
  0.351287  -0.0000   0.01556000
  0.353334  -0.0000   0.01672000
  0.355344  -0.0000   0.01788000
  0.355641  -0.0000   0.01806000
  0.355936  -0.0000   0.01823000
  0.356231  -0.0000   0.01840000
  0.356672  -0.0000   0.01866000
  0.357007  -0.0000   0.01886000
  0.357149  -0.0000   0.01897000
  0.357265  -0.0000   0.01908000
  0.357378  -0.0000   0.01919000
  0.357548  -0.0000   0.01935000
  0.357805  -0.0000   0.01960000
  0.358195  -0.0000   0.01997000
  0.358779  -0.0000   0.02053000
  0.359651  -0.0000   0.02136000
  0.360945  -0.0000   0.02261000
  0.362855  -0.0000   0.02449000
  0.364735  -0.0000   0.02636000
  0.366586  -0.0000   0.02824000
  0.368410  -0.0000   0.03011000
  0.371082  -0.0000   0.03293000
  0.373691  -0.0000   0.03574000
  0.373816  -0.0000   0.03590000
  0.373913  -0.0000   0.03606000
  0.374005  -0.0000   0.03622000
  0.374142  -0.0000   0.03646000
  0.374349  -0.0000   0.03681000
  0.374664  -0.0000   0.03735000
  0.375138  -0.0000   0.03815000
  0.375847  -0.0000   0.03936000
  0.376902  -0.0000   0.04117000
  0.378463  -0.0000   0.04388000
  0.380760  -0.0000   0.04795000
  0.383016  -0.0000   0.05202000
  0.385232  -0.0000   0.05609000
  0.387407  -0.0000   0.06016000
  0.389540  -0.0000   0.06423000
  0.389738  -0.0000   0.06461000
  0.389936  -0.0000   0.06499000
  0.390133  -0.0000   0.06537000
  0.390428  -0.0000   0.06593000
  0.390556  -0.0000   0.06626000
  0.390666  -0.0000   0.06658000
  0.390773  -0.0000   0.06691000
  0.390936  -0.0000   0.06740000
  0.391183  -0.0000   0.06813000
  0.391555  -0.0000   0.06923000
  0.392113  -0.0000   0.07088000
  0.392945  -0.0000   0.07335000
  0.394180  -0.0000   0.07705000
  0.396006  -0.0000   0.08261000
  0.398046  -0.0000   0.08893000
  0.400054  -0.0000   0.09525000
  0.402030  -0.0000   0.10200000
  0.404575  -0.0000   0.11000000
  0.407064  -0.0000   0.11800000
  0.407203  -0.0000   0.11900000
  0.407306  -0.0000   0.11900000
  0.407404  -0.0000   0.12000000
  0.407553  -0.0000   0.12000000
  0.407702  -0.0000   0.12100000
  0.407929  -0.0000   0.12200000
  0.408270  -0.0000   0.12400000
  0.408780  -0.0000   0.12700000
  0.409542  -0.0000   0.13000000
  0.410674  -0.0000   0.13600000
  0.412349  -0.0000   0.14500000
  0.414257  -0.0000   0.15500000
  0.416137  -0.0000   0.16500000
  0.417989  -0.0000   0.17500000
  0.419814  -0.0000   0.18500000
  0.421611  -0.0000   0.19500000
  0.423381  -0.0000   0.20500000
  0.423572  -0.0000   0.20600000
  0.423763  -0.0000   0.20700000
  0.423930  -0.0000   0.20800000
  0.424121  -0.0000   0.21000000
  0.424312  -0.0000   0.21100000
  0.424505  -0.0000   0.21300000
  0.424700  -0.0000   0.21500000
  0.424993  -0.0000   0.21700000
  0.425431  -0.0000   0.22100000
  0.426085  -0.0000   0.22600000
  0.427058  -0.0000   0.23400000
  0.428230  -0.0000   0.24400000
  0.429392  -0.0000   0.25400000
  0.430542  -0.0000   0.26400000
  0.431682  -0.0000   0.27400000
  0.432813  -0.0000   0.28400000
  0.433933  -0.0000   0.29400000
  0.435043  -0.0000   0.30400000
  0.436144  -0.0000   0.31400000
  0.437235  -0.0000   0.32400000
  0.438316  -0.0000   0.33400000
  0.439386  -0.0000   0.34400000
  0.440447  -0.0000   0.35400000
  0.440606  -0.0000   0.35600000
  0.440722  -0.0000   0.35800000
  0.440836  -0.0000   0.35900000
  0.441009  -0.0000   0.36200000
  0.441183  -0.0000   0.36400000
  0.441445  -0.0000   0.36800000
  0.441839  -0.0000   0.37300000
  0.442428  -0.0000   0.38100000
  0.443158  -0.0000   0.39100000
  0.443883  -0.0000   0.40100000
  0.444603  -0.0000   0.41100000
  0.445320  -0.0000   0.42100000
  0.446032  -0.0000   0.43100000
  0.446740  -0.0000   0.44100000
  0.447444  -0.0000   0.45100000
  0.448144  -0.0000   0.46100000
  0.448841  -0.0000   0.47100000
  0.449534  -0.0000   0.48100000
  0.450223  -0.0000   0.49100000
  0.450909  -0.0000   0.50100000
  0.451591  -0.0000   0.51100000
  0.452269  -0.0000   0.52100000
  0.452943  -0.0000   0.53100000
  0.453614  -0.0000   0.54100000
  0.454281  -0.0000   0.55100000
  0.454945  -0.0000   0.56100000
  0.455605  -0.0000   0.57100000
  0.456260  -0.0000   0.58100000
  0.456913  -0.0000   0.59100000
  0.457248  -0.0000   0.59600000
  0.457386  -0.0000   0.59900000
  0.457511  -0.0000   0.60200000
  0.457637  -0.0000   0.60400000
  0.457827  -0.0000   0.60900000
  0.458114  -0.0000   0.61500000
  0.458546  -0.0000   0.62400000
  0.459005  -0.0000   0.63400000
  0.459462  -0.0000   0.64400000
  0.459917  -0.0000   0.65400000
  0.460371  -0.0000   0.66400000
  0.460823  -0.0000   0.67400000
  0.461273  -0.0000   0.68400000
  0.461721  -0.0000   0.69400000
  0.462168  -0.0000   0.70400000
  0.462613  -0.0000   0.71400000
  0.463057  -0.0000   0.72400000
  0.463499  -0.0000   0.73400000
  0.463939  -0.0000   0.74400000
  0.464378  -0.0000   0.75400000
  0.464816  -0.0000   0.76400000
  0.465252  -0.0000   0.77400000
  0.465686  -0.0000   0.78400000
  0.466120  -0.0000   0.79400000
  0.466551  -0.0000   0.80400000
  0.466982  -0.0000   0.81400000
  0.467410  -0.0000   0.82400000
  0.467838  -0.0000   0.83400000
  0.468264  -0.0000   0.84400000
  0.468689  -0.0000   0.85400000
  0.469112  -0.0000   0.86400000
  0.469534  -0.0000   0.87400000
  0.469954  -0.0000   0.88400000
  0.470373  -0.0000   0.89400000
  0.470790  -0.0000   0.90400000
  0.471207  -0.0000   0.91400000
  0.471621  -0.0000   0.92400000
  0.472034  -0.0000   0.93400000
  0.472446  -0.0000   0.94400000
  0.472856  -0.0000   0.95400000
  0.473265  -0.0000   0.96400000
  0.473672  -0.0000   0.97400000
  0.474050  -0.0000   0.98400000
  0.474123  -0.0000   0.98700000
  0.474230  -0.0000   0.99000000
  0.474392  -0.0000   0.99600000
  0.474507  -0.0000   1.00000000
  0.472892  -0.0000   1.00000000
  0.472892  -0.0000   1.00000000
  0.472892  -0.0000   1.00000000
  0.472892  -0.0000   1.00000000
  0.472892  -0.0000   1.00000000
  0.472892  -0.0000   1.00000000
  0.472891  -0.0000   1.00000000
  0.472890  -0.0000   1.00000000
  0.472888  -0.0000   1.00000000
  0.472883  -0.0000   1.00000000
  0.472873  -0.0000   1.00000000
  0.472858  -0.0000   1.00000000
  0.472854  -0.0000   1.00000000
