  0.000234  -0.0000   0.00000010
  0.000521  -0.0000   0.00000020
  0.000925  -0.0000   0.00000025
  0.004278  -0.0000   0.00000030
  0.006895  -0.0000   0.00000031
  0.007025  -0.0000   0.00000033
  0.007181  -0.0000   0.00000036
  0.007471  -0.0000   0.00000040
  0.007817  -0.0000   0.00000044
  0.008223  -0.0000   0.00000049
  0.008575  -0.0000   0.00000052
  0.008981  -0.0000   0.00000055
  0.009353  -0.0000   0.00000058
  0.009782  -0.0000   0.00000060
  0.010277  -0.0000   0.00000063
  0.010683  -0.0000   0.00000065
  0.011133  -0.0000   0.00000067
  0.011629  -0.0000   0.00000069
  0.012145  -0.0000   0.00000070
  0.012705  -0.0000   0.00000072
  0.013308  -0.0000   0.00000074
  0.014070  -0.0000   0.00000076
  0.014887  -0.0000   0.00000078
  0.015756  -0.0000   0.00000080
  0.016675  -0.0000   0.00000082
  0.017639  -0.0000   0.00000085
  0.018643  -0.0000   0.00000087
  0.019681  -0.0000   0.00000089
  0.019778  -0.0000   0.00000089
  0.019875  -0.0000   0.00000089
  0.019961  -0.0000   0.00000089
  0.019980  -0.0000   0.00000090
  0.020001  -0.0000   0.00000090
  0.020018  -0.0000   0.00000091
  0.020033  -0.0000   0.00000091
  0.020052  -0.0000   0.00000092
  0.020077  -0.0000   0.00000093
  0.020108  -0.0000   0.00000094
  0.020145  -0.0000   0.00000096
  0.020179  -0.0000   0.00000098
  0.020225  -0.0000   0.00000101
  0.020290  -0.0000   0.00000106
  0.020381  -0.0000   0.00000113
  0.020507  -0.0000   0.00000123
  0.020634  -0.0000   0.00000133
  0.020832  -0.0000   0.00000148
  0.021170  -0.0000   0.00000170
  0.021355  -0.0000   0.00000181
  0.021564  -0.0000   0.00000192
  0.021804  -0.0000   0.00000203
  0.022085  -0.0000   0.00000214
  0.022417  -0.0000   0.00000225
  0.022812  -0.0000   0.00000236
  0.023281  -0.0000   0.00000247
  0.023675  -0.0000   0.00000256
  0.024120  -0.0000   0.00000264
  0.024620  -0.0000   0.00000272
  0.025179  -0.0000   0.00000280
  0.025801  -0.0000   0.00000288
  0.026359  -0.0000   0.00000295
  0.026963  -0.0000   0.00000302
  0.027616  -0.0000   0.00000309
  0.028317  -0.0000   0.00000315
  0.029069  -0.0000   0.00000322
  0.029870  -0.0000   0.00000329
  0.030723  -0.0000   0.00000336
  0.031626  -0.0000   0.00000343
  0.032579  -0.0000   0.00000349
  0.033581  -0.0000   0.00000356
  0.034632  -0.0000   0.00000363
  0.035731  -0.0000   0.00000370
  0.035894  -0.0000   0.00000371
  0.036058  -0.0000   0.00000372
  0.036223  -0.0000   0.00000373
  0.036407  -0.0000   0.00000374
  0.036434  -0.0000   0.00000375
  0.036458  -0.0000   0.00000376
  0.036478  -0.0000   0.00000376
  0.036505  -0.0000   0.00000378
  0.036541  -0.0000   0.00000380
  0.036587  -0.0000   0.00000382
  0.036648  -0.0000   0.00000386
  0.036728  -0.0000   0.00000392
  0.036836  -0.0000   0.00000401
  0.036986  -0.0000   0.00000414
  0.037132  -0.0000   0.00000428
  0.037354  -0.0000   0.00000448
  0.037717  -0.0000   0.00000478
  0.038000  -0.0000   0.00000499
  0.038323  -0.0000   0.00000520
  0.038697  -0.0000   0.00000541
  0.038998  -0.0000   0.00000556
  0.039336  -0.0000   0.00000571
  0.039714  -0.0000   0.00000587
  0.040214  -0.0000   0.00000604
  0.040779  -0.0000   0.00000622
  0.041413  -0.0000   0.00000640
  0.042080  -0.0000   0.00000656
  0.042816  -0.0000   0.00000673
  0.043627  -0.0000   0.00000690
  0.044514  -0.0000   0.00000707
  0.045482  -0.0000   0.00000723
  0.046534  -0.0000   0.00000740
  0.047671  -0.0000   0.00000757
  0.048676  -0.0000   0.00000771
  0.049743  -0.0000   0.00000785
  0.050873  -0.0000   0.00000798
  0.052192  -0.0000   0.00000814
  0.053588  -0.0000   0.00000829
  0.053738  -0.0000   0.00000831
  0.053890  -0.0000   0.00000832
  0.054043  -0.0000   0.00000834
  0.054123  -0.0000   0.00000836
  0.054176  -0.0000   0.00000838
  0.054221  -0.0000   0.00000840
  0.054262  -0.0000   0.00000842
  0.054318  -0.0000   0.00000845
  0.054391  -0.0000   0.00000850
  0.054488  -0.0000   0.00000856
  0.054619  -0.0000   0.00000866
  0.054800  -0.0000   0.00000882
  0.055058  -0.0000   0.00000905
  0.055456  -0.0000   0.00000939
  0.055865  -0.0000   0.00000971
  0.056329  -0.0000   0.00001003
  0.056863  -0.0000   0.00001036
  0.057480  -0.0000   0.00001068
  0.058191  -0.0000   0.00001100
  0.059002  -0.0000   0.00001133
  0.059733  -0.0000   0.00001159
  0.060539  -0.0000   0.00001185
  0.061424  -0.0000   0.00001212
  0.062391  -0.0000   0.00001238
  0.063444  -0.0000   0.00001264
  0.064586  -0.0000   0.00001290
  0.065821  -0.0000   0.00001317
  0.066927  -0.0000   0.00001339
  0.068102  -0.0000   0.00001361
  0.069347  -0.0000   0.00001383
  0.070662  -0.0000   0.00001405
  0.071189  -0.0000   0.00001414
  0.071708  -0.0000   0.00001423
  0.071767  -0.0000   0.00001425
  0.071820  -0.0000   0.00001427
  0.071867  -0.0000   0.00001430
  0.071930  -0.0000   0.00001433
  0.072014  -0.0000   0.00001438
  0.072126  -0.0000   0.00001446
  0.072276  -0.0000   0.00001458
  0.072483  -0.0000   0.00001476
  0.072776  -0.0000   0.00001502
  0.073225  -0.0000   0.00001542
  0.073691  -0.0000   0.00001580
  0.074208  -0.0000   0.00001619
  0.074788  -0.0000   0.00001657
  0.075440  -0.0000   0.00001695
  0.076169  -0.0000   0.00001734
  0.076980  -0.0000   0.00001772
  0.077877  -0.0000   0.00001811
  0.078863  -0.0000   0.00001849
  0.079944  -0.0000   0.00001888
  0.081122  -0.0000   0.00001926
  0.082402  -0.0000   0.00001964
  0.083513  -0.0000   0.00001996
  0.084696  -0.0000   0.00002027
  0.085952  -0.0000   0.00002058
  0.087444  -0.0000   0.00002093
  0.089029  -0.0000   0.00002128
  0.089159  -0.0000   0.00002131
  0.089232  -0.0000   0.00002134
  0.089290  -0.0000   0.00002137
  0.089366  -0.0000   0.00002141
  0.089467  -0.0000   0.00002147
  0.089600  -0.0000   0.00002157
  0.089777  -0.0000   0.00002172
  0.090020  -0.0000   0.00002193
  0.090368  -0.0000   0.00002226
  0.090903  -0.0000   0.00002275
  0.091340  -0.0000   0.00002312
  0.091812  -0.0000   0.00002350
  0.092324  -0.0000   0.00002388
  0.092986  -0.0000   0.00002432
  0.093713  -0.0000   0.00002476
  0.094507  -0.0000   0.00002520
  0.095608  -0.0000   0.00002575
  0.096593  -0.0000   0.00002621
  0.097659  -0.0000   0.00002666
  0.098808  -0.0000   0.00002712
  0.100042  -0.0000   0.00002757
  0.101365  -0.0000   0.00002803
  0.102778  -0.0000   0.00002848
  0.104282  -0.0000   0.00002894
  0.105880  -0.0000   0.00002939
  0.106155  -0.0000   0.00002947
  0.106433  -0.0000   0.00002955
  0.106713  -0.0000   0.00002962
  0.106849  -0.0000   0.00002968
  0.106944  -0.0000   0.00002973
  0.107030  -0.0000   0.00002979
  0.107145  -0.0000   0.00002987
  0.107300  -0.0000   0.00003000
  0.107512  -0.0000   0.00003019
  0.107808  -0.0000   0.00003047
  0.108246  -0.0000   0.00003089
  0.108942  -0.0000   0.00003153
  0.109501  -0.0000   0.00003200
  0.110106  -0.0000   0.00003247
  0.110761  -0.0000   0.00003295
  0.111667  -0.0000   0.00003354
  0.112658  -0.0000   0.00003414
  0.113736  -0.0000   0.00003473
  0.114904  -0.0000   0.00003533
  0.116166  -0.0000   0.00003592
  0.117523  -0.0000   0.00003652
  0.118979  -0.0000   0.00003711
  0.120536  -0.0000   0.00003771
  0.122195  -0.0000   0.00003830
  0.123959  -0.0000   0.00003890
  0.124132  -0.0000   0.00003896
  0.124306  -0.0000   0.00003902
  0.124458  -0.0000   0.00003907
  0.124594  -0.0000   0.00003916
  0.124714  -0.0000   0.00003925
  0.124825  -0.0000   0.00003934
  0.124929  -0.0000   0.00003942
  0.125074  -0.0000   0.00003955
  0.125279  -0.0000   0.00003975
  0.125574  -0.0000   0.00004004
  0.126013  -0.0000   0.00004048
  0.126711  -0.0000   0.00004115
  0.127333  -0.0000   0.00004170
  0.128003  -0.0000   0.00004225
  0.128724  -0.0000   0.00004280
  0.129666  -0.0000   0.00004346
  0.130686  -0.0000   0.00004412
  0.131998  -0.0000   0.00004490
  0.133421  -0.0000   0.00004569
  0.134704  -0.0000   0.00004635
  0.136070  -0.0000   0.00004701
  0.137522  -0.0000   0.00004767
  0.139061  -0.0000   0.00004833
  0.140688  -0.0000   0.00004899
  0.141600  -0.0000   0.00004935
  0.141898  -0.0000   0.00004946
  0.142141  -0.0000   0.00004958
  0.142300  -0.0000   0.00004969
  0.142442  -0.0000   0.00004981
  0.142575  -0.0000   0.00004993
  0.142700  -0.0000   0.00005004
  0.142878  -0.0000   0.00005022
  0.143132  -0.0000   0.00005048
  0.143507  -0.0000   0.00005087
  0.144085  -0.0000   0.00005146
  0.144618  -0.0000   0.00005198
  0.145183  -0.0000   0.00005250
  0.145781  -0.0000   0.00005302
  0.146755  -0.0000   0.00005379
  0.147807  -0.0000   0.00005457
  0.148939  -0.0000   0.00005535
  0.150151  -0.0000   0.00005613
  0.151686  -0.0000   0.00005704
  0.153072  -0.0000   0.00005781
  0.154542  -0.0000   0.00005858
  0.156100  -0.0000   0.00005936
  0.157744  -0.0000   0.00006013
  0.159477  -0.0000   0.00006091
  0.159638  -0.0000   0.00006098
  0.159764  -0.0000   0.00006105
  0.159860  -0.0000   0.00006112
  0.159990  -0.0000   0.00006123
  0.160167  -0.0000   0.00006139
  0.160409  -0.0000   0.00006163
  0.160749  -0.0000   0.00006199
  0.161249  -0.0000   0.00006253
  0.161867  -0.0000   0.00006319
  0.162519  -0.0000   0.00006384
  0.163211  -0.0000   0.00006449
  0.163946  -0.0000   0.00006514
  0.164724  -0.0000   0.00006579
  0.165914  -0.0000   0.00006671
  0.167190  -0.0000   0.00006764
  0.168790  -0.0000   0.00006871
  0.170204  -0.0000   0.00006960
  0.171702  -0.0000   0.00007049
  0.173288  -0.0000   0.00007138
  0.175130  -0.0000   0.00007236
  0.177079  -0.0000   0.00007334
  0.177244  -0.0000   0.00007342
  0.177390  -0.0000   0.00007350
  0.177494  -0.0000   0.00007358
  0.177635  -0.0000   0.00007371
  0.177827  -0.0000   0.00007389
  0.178007  -0.0000   0.00007408
  0.178262  -0.0000   0.00007435
  0.178631  -0.0000   0.00007477
  0.179188  -0.0000   0.00007540
  0.179755  -0.0000   0.00007601
  0.180350  -0.0000   0.00007662
  0.180975  -0.0000   0.00007724
  0.181899  -0.0000   0.00007809
  0.182882  -0.0000   0.00007894
  0.184159  -0.0000   0.00007997
  0.185522  -0.0000   0.00008101
  0.187216  -0.0000   0.00008220
  0.189030  -0.0000   0.00008340
  0.190604  -0.0000   0.00008438
  0.192261  -0.0000   0.00008536
  0.194002  -0.0000   0.00008635
  0.194285  -0.0000   0.00008651
  0.194570  -0.0000   0.00008667
  0.194858  -0.0000   0.00008682
  0.195090  -0.0000   0.00008698
  0.195264  -0.0000   0.00008714
  0.195425  -0.0000   0.00008730
  0.195647  -0.0000   0.00008754
  0.195859  -0.0000   0.00008778
  0.196166  -0.0000   0.00008813
  0.196623  -0.0000   0.00008867
  0.197331  -0.0000   0.00008947
  0.198077  -0.0000   0.00009028
  0.198866  -0.0000   0.00009108
  0.199698  -0.0000   0.00009188
  0.200572  -0.0000   0.00009269
  0.201897  -0.0000   0.00009383
  0.203306  -0.0000   0.00009497
  0.204796  -0.0000   0.00009610
  0.206371  -0.0000   0.00009724
  0.208033  -0.0000   0.00009837
  0.210006  -0.0000   0.00009965
  0.211901  -0.0000   0.00010090
  0.212109  -0.0000   0.00010110
  0.212315  -0.0000   0.00010120
  0.212522  -0.0000   0.00010130
  0.212702  -0.0000   0.00010150
  0.212853  -0.0000   0.00010170
  0.212992  -0.0000   0.00010190
  0.213123  -0.0000   0.00010210
  0.213307  -0.0000   0.00010230
  0.213565  -0.0000   0.00010270
  0.213933  -0.0000   0.00010330
  0.214470  -0.0000   0.00010420
  0.215269  -0.0000   0.00010550
  0.216070  -0.0000   0.00010690
  0.216872  -0.0000   0.00010820
  0.217672  -0.0000   0.00010960
  0.218864  -0.0000   0.00011160
  0.220631  -0.0000   0.00011460
  0.223223  -0.0000   0.00011910
  0.225429  -0.0000   0.00012300
  0.227589  -0.0000   0.00012700
  0.228617  -0.0000   0.00012880
  0.229569  -0.0000   0.00013070
  0.229687  -0.0000   0.00013110
  0.229796  -0.0000   0.00013140
  0.229899  -0.0000   0.00013170
  0.230043  -0.0000   0.00013220
  0.230245  -0.0000   0.00013300
  0.230532  -0.0000   0.00013410
  0.230946  -0.0000   0.00013590
  0.231561  -0.0000   0.00013840
  0.232178  -0.0000   0.00014100
  0.232799  -0.0000   0.00014350
  0.233420  -0.0000   0.00014610
  0.234353  -0.0000   0.00015000
  0.235745  -0.0000   0.00015570
  0.237807  -0.0000   0.00016440
  0.240831  -0.0000   0.00017740
  0.243781  -0.0000   0.00019030
  0.244666  -0.0000   0.00019430
  0.245544  -0.0000   0.00019820
  0.246377  -0.0000   0.00020210
  0.246489  -0.0000   0.00020290
  0.246592  -0.0000   0.00020360
  0.246689  -0.0000   0.00020440
  0.246825  -0.0000   0.00020550
  0.247017  -0.0000   0.00020720
  0.247290  -0.0000   0.00020970
  0.247689  -0.0000   0.00021350
  0.248285  -0.0000   0.00021920
  0.248885  -0.0000   0.00022490
  0.249488  -0.0000   0.00023060
  0.250093  -0.0000   0.00023630
  0.251000  -0.0000   0.00024490
  0.252354  -0.0000   0.00025770
  0.254364  -0.0000   0.00027700
  0.257319  -0.0000   0.00030580
  0.260209  -0.0000   0.00033470
  0.263031  -0.0000   0.00036360
  0.263139  -0.0000   0.00036500
  0.263233  -0.0000   0.00036650
  0.263322  -0.0000   0.00036800
  0.263446  -0.0000   0.00037020
  0.263621  -0.0000   0.00037350
  0.263870  -0.0000   0.00037850
  0.264233  -0.0000   0.00038600
  0.264776  -0.0000   0.00039720
  0.265557  -0.0000   0.00041320
  0.266342  -0.0000   0.00042920
  0.267128  -0.0000   0.00044520
  0.267914  -0.0000   0.00046110
  0.269087  -0.0000   0.00048510
  0.270830  -0.0000   0.00052110
  0.273402  -0.0000   0.00057500
  0.275740  -0.0000   0.00062480
  0.278038  -0.0000   0.00067470
  0.278547  -0.0000   0.00068580
  0.279055  -0.0000   0.00069690
  0.279560  -0.0000   0.00070800
  0.279774  -0.0000   0.00071280
  0.279920  -0.0000   0.00071760
  0.280053  -0.0000   0.00072230
  0.280178  -0.0000   0.00072710
  0.280298  -0.0000   0.00073180
  0.280471  -0.0000   0.00073900
  0.280724  -0.0000   0.00074970
  0.281102  -0.0000   0.00076570
  0.281672  -0.0000   0.00078980
  0.282419  -0.0000   0.00082120
  0.283170  -0.0000   0.00085250
  0.283921  -0.0000   0.00088380
  0.285045  -0.0000   0.00093080
  0.286717  -0.0000   0.00100100
  0.289189  -0.0000   0.00110700
  0.291556  -0.0000   0.00121000
  0.293884  -0.0000   0.00131300
  0.296172  -0.0000   0.00141600
  0.296327  -0.0000   0.00142300
  0.296482  -0.0000   0.00142900
  0.296591  -0.0000   0.00143600
  0.296738  -0.0000   0.00144700
  0.296875  -0.0000   0.00145700
  0.297007  -0.0000   0.00146800
  0.297197  -0.0000   0.00148400
  0.297479  -0.0000   0.00150700
  0.297902  -0.0000   0.00154200
  0.298543  -0.0000   0.00159500
  0.299188  -0.0000   0.00164800
  0.299835  -0.0000   0.00170100
  0.300482  -0.0000   0.00175400
  0.301451  -0.0000   0.00183400
  0.302894  -0.0000   0.00195300
  0.305034  -0.0000   0.00213200
  0.307630  -0.0000   0.00235200
  0.310180  -0.0000   0.00257200
  0.312686  -0.0000   0.00279300
  0.312851  -0.0000   0.00280700
  0.313016  -0.0000   0.00282200
  0.313174  -0.0000   0.00283600
  0.313321  -0.0000   0.00285500
  0.313456  -0.0000   0.00287400
  0.313584  -0.0000   0.00289300
  0.313708  -0.0000   0.00291200
  0.313890  -0.0000   0.00294100
  0.314160  -0.0000   0.00298400
  0.314569  -0.0000   0.00304800
  0.315187  -0.0000   0.00314500
  0.315809  -0.0000   0.00324100
  0.316433  -0.0000   0.00333700
  0.317367  -0.0000   0.00348200
  0.318762  -0.0000   0.00369900
  0.320834  -0.0000   0.00402400
  0.323393  -0.0000   0.00443200
  0.325911  -0.0000   0.00484000
  0.328388  -0.0000   0.00524800
  0.328706  -0.0000   0.00530000
  0.329023  -0.0000   0.00535300
  0.329340  -0.0000   0.00540500
  0.329813  -0.0000   0.00548400
  0.329945  -0.0000   0.00551300
  0.330060  -0.0000   0.00554200
  0.330168  -0.0000   0.00557100
  0.330322  -0.0000   0.00561400
  0.330548  -0.0000   0.00567900
  0.330884  -0.0000   0.00577600
  0.331394  -0.0000   0.00592200
  0.332046  -0.0000   0.00610700
  0.332700  -0.0000   0.00629200
  0.333355  -0.0000   0.00647700
  0.334336  -0.0000   0.00675400
  0.335798  -0.0000   0.00717000
  0.337968  -0.0000   0.00779300
  0.340489  -0.0000   0.00852900
  0.342972  -0.0000   0.00926400
  0.345414  -0.0000   0.00999900
  0.345626  -0.0000   0.01006000
  0.345836  -0.0000   0.01013000
  0.346047  -0.0000   0.01019000
  0.346362  -0.0000   0.01029000
  0.346597  -0.0000   0.01037000
  0.346772  -0.0000   0.01045000
  0.346935  -0.0000   0.01052000
  0.347092  -0.0000   0.01060000
  0.347248  -0.0000   0.01068000
  0.347482  -0.0000   0.01080000
  0.347836  -0.0000   0.01098000
  0.348371  -0.0000   0.01125000
  0.349174  -0.0000   0.01165000
  0.349978  -0.0000   0.01206000
  0.351181  -0.0000   0.01266000
  0.352971  -0.0000   0.01356000
  0.355621  -0.0000   0.01492000
  0.358231  -0.0000   0.01627000
  0.360801  -0.0000   0.01763000
  0.363291  -0.0000   0.01898000
  0.363411  -0.0000   0.01907000
  0.363521  -0.0000   0.01916000
  0.363627  -0.0000   0.01925000
  0.363781  -0.0000   0.01939000
  0.364010  -0.0000   0.01959000
  0.364354  -0.0000   0.01990000
  0.364877  -0.0000   0.02035000
  0.365403  -0.0000   0.02081000
  0.365931  -0.0000   0.02126000
  0.366724  -0.0000   0.02195000
  0.367911  -0.0000   0.02297000
  0.369680  -0.0000   0.02451000
  0.372301  -0.0000   0.02681000
  0.375114  -0.0000   0.02933000
  0.377882  -0.0000   0.03184000
  0.378439  -0.0000   0.03235000
  0.378994  -0.0000   0.03286000
  0.379547  -0.0000   0.03336000
  0.379867  -0.0000   0.03366000
  0.380124  -0.0000   0.03395000
  0.380333  -0.0000   0.03425000
  0.380533  -0.0000   0.03454000
  0.380733  -0.0000   0.03484000
  0.381034  -0.0000   0.03528000
  0.381490  -0.0000   0.03595000
  0.382180  -0.0000   0.03694000
  0.382871  -0.0000   0.03794000
  0.383906  -0.0000   0.03943000
  0.385450  -0.0000   0.04167000
  0.387742  -0.0000   0.04503000
  0.390145  -0.0000   0.04859000
  0.392517  -0.0000   0.05216000
  0.394855  -0.0000   0.05572000
  0.395141  -0.0000   0.05616000
  0.395427  -0.0000   0.05660000
  0.395712  -0.0000   0.05704000
  0.396138  -0.0000   0.05769000
  0.396711  -0.0000   0.05867000
  0.396870  -0.0000   0.05903000
  0.397020  -0.0000   0.05939000
  0.397168  -0.0000   0.05975000
  0.397389  -0.0000   0.06028000
  0.397723  -0.0000   0.06109000
  0.398230  -0.0000   0.06229000
  0.398966  -0.0000   0.06403000
  0.399702  -0.0000   0.06578000
  0.400804  -0.0000   0.06839000
  0.402447  -0.0000   0.07231000
  0.404883  -0.0000   0.07818000
  0.407363  -0.0000   0.08424000
  0.409809  -0.0000   0.09030000
  0.412221  -0.0000   0.09636000
  0.412438  -0.0000   0.09691000
  0.412654  -0.0000   0.09745000
  0.412870  -0.0000   0.09800000
  0.413194  -0.0000   0.09881000
  0.413469  -0.0000   0.10000000
  0.413643  -0.0000   0.10000000
  0.413808  -0.0000   0.10100000
  0.413970  -0.0000   0.10100000
  0.414133  -0.0000   0.10200000
  0.414380  -0.0000   0.10300000
  0.414752  -0.0000   0.10400000
  0.415315  -0.0000   0.10700000
  0.416161  -0.0000   0.11000000
  0.417426  -0.0000   0.11500000
  0.419311  -0.0000   0.12200000
  0.421888  -0.0000   0.13200000
  0.424431  -0.0000   0.14200000
  0.426941  -0.0000   0.15200000
  0.429414  -0.0000   0.16200000
  0.429618  -0.0000   0.16300000
  0.429821  -0.0000   0.16400000
  0.430024  -0.0000   0.16400000
  0.430270  -0.0000   0.16600000
  0.430476  -0.0000   0.16700000
  0.430677  -0.0000   0.16800000
  0.430879  -0.0000   0.16900000
  0.431186  -0.0000   0.17100000
  0.431649  -0.0000   0.17400000
  0.432347  -0.0000   0.17800000
  0.433046  -0.0000   0.18200000
  0.434091  -0.0000   0.18900000
  0.435649  -0.0000   0.19800000
  0.437294  -0.0000   0.20800000
  0.438927  -0.0000   0.21800000
  0.440547  -0.0000   0.22800000
  0.442153  -0.0000   0.23800000
  0.443745  -0.0000   0.24800000
  0.445322  -0.0000   0.25800000
  0.446885  -0.0000   0.26800000
  0.447007  -0.0000   0.26900000
  0.447119  -0.0000   0.27000000
  0.447229  -0.0000   0.27100000
  0.447392  -0.0000   0.27300000
  0.447638  -0.0000   0.27500000
  0.448011  -0.0000   0.27800000
  0.448575  -0.0000   0.28400000
  0.449141  -0.0000   0.28900000
  0.449989  -0.0000   0.29700000
  0.451065  -0.0000   0.30700000
  0.452137  -0.0000   0.31700000
  0.453204  -0.0000   0.32700000
  0.454265  -0.0000   0.33700000
  0.455322  -0.0000   0.34700000
  0.456373  -0.0000   0.35700000
  0.457418  -0.0000   0.36700000
  0.458458  -0.0000   0.37700000
  0.459492  -0.0000   0.38700000
  0.460520  -0.0000   0.39700000
  0.461543  -0.0000   0.40700000
  0.462559  -0.0000   0.41700000
  0.463570  -0.0000   0.42700000
  0.463722  -0.0000   0.42900000
  0.463848  -0.0000   0.43000000
  0.463969  -0.0000   0.43200000
  0.464150  -0.0000   0.43500000
  0.464423  -0.0000   0.43900000
  0.464837  -0.0000   0.44400000
  0.465449  -0.0000   0.45300000
  0.466063  -0.0000   0.46200000
  0.466772  -0.0000   0.47200000
  0.467480  -0.0000   0.48200000
  0.468185  -0.0000   0.49200000
  0.468889  -0.0000   0.50200000
  0.469591  -0.0000   0.51200000
  0.470291  -0.0000   0.52200000
  0.470988  -0.0000   0.53200000
  0.471683  -0.0000   0.54200000
  0.472376  -0.0000   0.55200000
  0.473066  -0.0000   0.56200000
  0.473754  -0.0000   0.57200000
  0.474440  -0.0000   0.58200000
  0.475123  -0.0000   0.59200000
  0.475804  -0.0000   0.60200000
  0.476483  -0.0000   0.61200000
  0.477159  -0.0000   0.62200000
  0.477832  -0.0000   0.63200000
  0.478503  -0.0000   0.64200000
  0.479171  -0.0000   0.65200000
  0.479837  -0.0000   0.66200000
  0.480477  -0.0000   0.67200000
  0.480615  -0.0000   0.67500000
  0.480746  -0.0000   0.67700000
  0.480876  -0.0000   0.68000000
  0.481071  -0.0000   0.68400000
  0.481368  -0.0000   0.69100000
  0.481817  -0.0000   0.70000000
  0.482289  -0.0000   0.71000000
  0.482762  -0.0000   0.72000000
  0.483235  -0.0000   0.73000000
  0.483708  -0.0000   0.74000000
  0.484180  -0.0000   0.75000000
  0.484651  -0.0000   0.76000000
  0.485121  -0.0000   0.77000000
  0.485591  -0.0000   0.78000000
  0.486059  -0.0000   0.79000000
  0.486527  -0.0000   0.80000000
  0.486993  -0.0000   0.81000000
  0.487459  -0.0000   0.82000000
  0.487924  -0.0000   0.83000000
  0.488387  -0.0000   0.84000000
  0.488850  -0.0000   0.85000000
  0.489312  -0.0000   0.86000000
  0.489772  -0.0000   0.87000000
  0.490232  -0.0000   0.88000000
  0.490690  -0.0000   0.89000000
  0.491148  -0.0000   0.90000000
  0.491604  -0.0000   0.91000000
  0.492060  -0.0000   0.92000000
  0.492514  -0.0000   0.93000000
  0.492968  -0.0000   0.94000000
  0.493420  -0.0000   0.95000000
  0.493871  -0.0000   0.96000000
  0.494321  -0.0000   0.97000000
  0.494770  -0.0000   0.98000000
  0.495218  -0.0000   0.99000000
  0.495650  -0.0000   1.00000000
  0.492481  -0.0000   1.00000000
  0.492481  -0.0000   1.00000000
  0.492480  -0.0000   1.00000000
  0.492480  -0.0000   1.00000000
  0.492479  -0.0000   1.00000000
  0.492478  -0.0000   1.00000000
  0.492475  -0.0000   1.00000000
  0.492470  -0.0000   1.00000000
  0.492460  -0.0000   1.00000000
  0.492439  -0.0000   1.00000000
  0.492397  -0.0000   1.00000000
  0.492317  -0.0000   1.00000000
