  0.000117  -0.0000   0.00000010
  0.000261  -0.0000   0.00000020
  0.000745  -0.0000   0.00000030
  0.002591  -0.0000   0.00000035
  0.006512  -0.0000   0.00000036
  0.006610  -0.0000   0.00000037
  0.006663  -0.0000   0.00000039
  0.006753  -0.0000   0.00000042
  0.006913  -0.0000   0.00000046
  0.007215  -0.0000   0.00000052
  0.007439  -0.0000   0.00000055
  0.007708  -0.0000   0.00000059
  0.008037  -0.0000   0.00000063
  0.008327  -0.0000   0.00000066
  0.008666  -0.0000   0.00000069
  0.009061  -0.0000   0.00000071
  0.009519  -0.0000   0.00000074
  0.009949  -0.0000   0.00000077
  0.010429  -0.0000   0.00000079
  0.010958  -0.0000   0.00000081
  0.011538  -0.0000   0.00000084
  0.012166  -0.0000   0.00000086
  0.012842  -0.0000   0.00000089
  0.013564  -0.0000   0.00000091
  0.014327  -0.0000   0.00000093
  0.015129  -0.0000   0.00000096
  0.016087  -0.0000   0.00000098
  0.017085  -0.0000   0.00000101
  0.018117  -0.0000   0.00000104
  0.019176  -0.0000   0.00000107
  0.019287  -0.0000   0.00000107
  0.019399  -0.0000   0.00000107
  0.019511  -0.0000   0.00000107
  0.019679  -0.0000   0.00000108
  0.019769  -0.0000   0.00000108
  0.019784  -0.0000   0.00000109
  0.019795  -0.0000   0.00000109
  0.019808  -0.0000   0.00000110
  0.019819  -0.0000   0.00000110
  0.019833  -0.0000   0.00000111
  0.019851  -0.0000   0.00000112
  0.019873  -0.0000   0.00000114
  0.019901  -0.0000   0.00000117
  0.019939  -0.0000   0.00000121
  0.019974  -0.0000   0.00000126
  0.020024  -0.0000   0.00000132
  0.020097  -0.0000   0.00000142
  0.020208  -0.0000   0.00000157
  0.020392  -0.0000   0.00000179
  0.020609  -0.0000   0.00000200
  0.020895  -0.0000   0.00000222
  0.021102  -0.0000   0.00000235
  0.021355  -0.0000   0.00000248
  0.021663  -0.0000   0.00000261
  0.021917  -0.0000   0.00000270
  0.022208  -0.0000   0.00000279
  0.022539  -0.0000   0.00000289
  0.022873  -0.0000   0.00000297
  0.023247  -0.0000   0.00000306
  0.023660  -0.0000   0.00000314
  0.024066  -0.0000   0.00000322
  0.024507  -0.0000   0.00000329
  0.024986  -0.0000   0.00000337
  0.025476  -0.0000   0.00000344
  0.026002  -0.0000   0.00000351
  0.026564  -0.0000   0.00000358
  0.027160  -0.0000   0.00000366
  0.027793  -0.0000   0.00000373
  0.028463  -0.0000   0.00000380
  0.029195  -0.0000   0.00000387
  0.029966  -0.0000   0.00000395
  0.030777  -0.0000   0.00000402
  0.031790  -0.0000   0.00000411
  0.032857  -0.0000   0.00000419
  0.033977  -0.0000   0.00000428
  0.035150  -0.0000   0.00000437
  0.035293  -0.0000   0.00000438
  0.035437  -0.0000   0.00000439
  0.035582  -0.0000   0.00000440
  0.035800  -0.0000   0.00000442
  0.035837  -0.0000   0.00000442
  0.035853  -0.0000   0.00000443
  0.035867  -0.0000   0.00000443
  0.035885  -0.0000   0.00000444
  0.035908  -0.0000   0.00000446
  0.035937  -0.0000   0.00000448
  0.035974  -0.0000   0.00000451
  0.036022  -0.0000   0.00000455
  0.036084  -0.0000   0.00000462
  0.036168  -0.0000   0.00000472
  0.036286  -0.0000   0.00000487
  0.036466  -0.0000   0.00000510
  0.036778  -0.0000   0.00000545
  0.036968  -0.0000   0.00000564
  0.037185  -0.0000   0.00000582
  0.037432  -0.0000   0.00000601
  0.037883  -0.0000   0.00000629
  0.038331  -0.0000   0.00000653
  0.038851  -0.0000   0.00000677
  0.039450  -0.0000   0.00000701
  0.040134  -0.0000   0.00000725
  0.040910  -0.0000   0.00000749
  0.041593  -0.0000   0.00000768
  0.042343  -0.0000   0.00000787
  0.043162  -0.0000   0.00000806
  0.044053  -0.0000   0.00000825
  0.045019  -0.0000   0.00000844
  0.046061  -0.0000   0.00000863
  0.047183  -0.0000   0.00000882
  0.048386  -0.0000   0.00000902
  0.049671  -0.0000   0.00000921
  0.051039  -0.0000   0.00000940
  0.052490  -0.0000   0.00000959
  0.052678  -0.0000   0.00000962
  0.052867  -0.0000   0.00000964
  0.053058  -0.0000   0.00000966
  0.053265  -0.0000   0.00000970
  0.053317  -0.0000   0.00000973
  0.053359  -0.0000   0.00000975
  0.053396  -0.0000   0.00000978
  0.053445  -0.0000   0.00000981
  0.053508  -0.0000   0.00000987
  0.053593  -0.0000   0.00000995
  0.053708  -0.0000   0.00001007
  0.053873  -0.0000   0.00001026
  0.054125  -0.0000   0.00001054
  0.054558  -0.0000   0.00001096
  0.054956  -0.0000   0.00001130
  0.055414  -0.0000   0.00001164
  0.055936  -0.0000   0.00001197
  0.056633  -0.0000   0.00001236
  0.057431  -0.0000   0.00001275
  0.058140  -0.0000   0.00001306
  0.058922  -0.0000   0.00001338
  0.059781  -0.0000   0.00001369
  0.060720  -0.0000   0.00001400
  0.061744  -0.0000   0.00001432
  0.062855  -0.0000   0.00001463
  0.064058  -0.0000   0.00001494
  0.065354  -0.0000   0.00001526
  0.066523  -0.0000   0.00001552
  0.067762  -0.0000   0.00001579
  0.069072  -0.0000   0.00001605
  0.070575  -0.0000   0.00001634
  0.070627  -0.0000   0.00001636
  0.070665  -0.0000   0.00001638
  0.070699  -0.0000   0.00001640
  0.070744  -0.0000   0.00001643
  0.070803  -0.0000   0.00001648
  0.070881  -0.0000   0.00001655
  0.070986  -0.0000   0.00001665
  0.071130  -0.0000   0.00001680
  0.071339  -0.0000   0.00001703
  0.071663  -0.0000   0.00001738
  0.072118  -0.0000   0.00001782
  0.072633  -0.0000   0.00001826
  0.073211  -0.0000   0.00001870
  0.073858  -0.0000   0.00001914
  0.074574  -0.0000   0.00001958
  0.075381  -0.0000   0.00002002
  0.076267  -0.0000   0.00002047
  0.077238  -0.0000   0.00002091
  0.078298  -0.0000   0.00002136
  0.079451  -0.0000   0.00002181
  0.080700  -0.0000   0.00002225
  0.082049  -0.0000   0.00002270
  0.083261  -0.0000   0.00002308
  0.084547  -0.0000   0.00002345
  0.085910  -0.0000   0.00002383
  0.087348  -0.0000   0.00002421
  0.087510  -0.0000   0.00002425
  0.087672  -0.0000   0.00002429
  0.087822  -0.0000   0.00002433
  0.087900  -0.0000   0.00002438
  0.087967  -0.0000   0.00002443
  0.088027  -0.0000   0.00002448
  0.088082  -0.0000   0.00002452
  0.088157  -0.0000   0.00002460
  0.088261  -0.0000   0.00002470
  0.088408  -0.0000   0.00002486
  0.088623  -0.0000   0.00002510
  0.088956  -0.0000   0.00002547
  0.089507  -0.0000   0.00002601
  0.090121  -0.0000   0.00002655
  0.090802  -0.0000   0.00002709
  0.091552  -0.0000   0.00002763
  0.092373  -0.0000   0.00002818
  0.093314  -0.0000   0.00002875
  0.094339  -0.0000   0.00002931
  0.095452  -0.0000   0.00002988
  0.096656  -0.0000   0.00003045
  0.097955  -0.0000   0.00003102
  0.099352  -0.0000   0.00003159
  0.100849  -0.0000   0.00003216
  0.102450  -0.0000   0.00003273
  0.104155  -0.0000   0.00003329
  0.104449  -0.0000   0.00003339
  0.104745  -0.0000   0.00003349
  0.105044  -0.0000   0.00003358
  0.105233  -0.0000   0.00003366
  0.105333  -0.0000   0.00003373
  0.105420  -0.0000   0.00003380
  0.105498  -0.0000   0.00003387
  0.105571  -0.0000   0.00003394
  0.105673  -0.0000   0.00003405
  0.105818  -0.0000   0.00003421
  0.106030  -0.0000   0.00003445
  0.106355  -0.0000   0.00003481
  0.106880  -0.0000   0.00003535
  0.107407  -0.0000   0.00003585
  0.107975  -0.0000   0.00003635
  0.108584  -0.0000   0.00003686
  0.109590  -0.0000   0.00003761
  0.110692  -0.0000   0.00003836
  0.111894  -0.0000   0.00003911
  0.113199  -0.0000   0.00003987
  0.114612  -0.0000   0.00004062
  0.116136  -0.0000   0.00004137
  0.117471  -0.0000   0.00004199
  0.118886  -0.0000   0.00004261
  0.120383  -0.0000   0.00004323
  0.122136  -0.0000   0.00004392
  0.122303  -0.0000   0.00004398
  0.122470  -0.0000   0.00004405
  0.122630  -0.0000   0.00004411
  0.122733  -0.0000   0.00004419
  0.122824  -0.0000   0.00004427
  0.122906  -0.0000   0.00004435
  0.122983  -0.0000   0.00004443
  0.123091  -0.0000   0.00004454
  0.123245  -0.0000   0.00004472
  0.123472  -0.0000   0.00004498
  0.123818  -0.0000   0.00004538
  0.124373  -0.0000   0.00004597
  0.124972  -0.0000   0.00004656
  0.125613  -0.0000   0.00004715
  0.126297  -0.0000   0.00004775
  0.127418  -0.0000   0.00004863
  0.128637  -0.0000   0.00004952
  0.129956  -0.0000   0.00005041
  0.131380  -0.0000   0.00005130
  0.132912  -0.0000   0.00005219
  0.134554  -0.0000   0.00005308
  0.136028  -0.0000   0.00005383
  0.137585  -0.0000   0.00005458
  0.139226  -0.0000   0.00005534
  0.139474  -0.0000   0.00005545
  0.139724  -0.0000   0.00005556
  0.139975  -0.0000   0.00005568
  0.140122  -0.0000   0.00005577
  0.140227  -0.0000   0.00005586
  0.140322  -0.0000   0.00005595
  0.140451  -0.0000   0.00005609
  0.140632  -0.0000   0.00005630
  0.140894  -0.0000   0.00005661
  0.141293  -0.0000   0.00005708
  0.141935  -0.0000   0.00005779
  0.142625  -0.0000   0.00005849
  0.143361  -0.0000   0.00005920
  0.144143  -0.0000   0.00005990
  0.145387  -0.0000   0.00006093
  0.146732  -0.0000   0.00006197
  0.148179  -0.0000   0.00006300
  0.149731  -0.0000   0.00006403
  0.151393  -0.0000   0.00006506
  0.153166  -0.0000   0.00006609
  0.155053  -0.0000   0.00006713
  0.156709  -0.0000   0.00006799
  0.156952  -0.0000   0.00006811
  0.157197  -0.0000   0.00006824
  0.157443  -0.0000   0.00006837
  0.157581  -0.0000   0.00006847
  0.157689  -0.0000   0.00006857
  0.157787  -0.0000   0.00006867
  0.157924  -0.0000   0.00006883
  0.158116  -0.0000   0.00006906
  0.158398  -0.0000   0.00006941
  0.158830  -0.0000   0.00006993
  0.159399  -0.0000   0.00007058
  0.160000  -0.0000   0.00007123
  0.160634  -0.0000   0.00007188
  0.161298  -0.0000   0.00007253
  0.162363  -0.0000   0.00007351
  0.163546  -0.0000   0.00007452
  0.164804  -0.0000   0.00007554
  0.166140  -0.0000   0.00007655
  0.167565  -0.0000   0.00007757
  0.169071  -0.0000   0.00007860
  0.170661  -0.0000   0.00007962
  0.172633  -0.0000   0.00008081
  0.174358  -0.0000   0.00008181
  0.174560  -0.0000   0.00008192
  0.174764  -0.0000   0.00008204
  0.174960  -0.0000   0.00008216
  0.175086  -0.0000   0.00008228
  0.175199  -0.0000   0.00008240
  0.175304  -0.0000   0.00008252
  0.175452  -0.0000   0.00008270
  0.175665  -0.0000   0.00008297
  0.175982  -0.0000   0.00008337
  0.176474  -0.0000   0.00008398
  0.177074  -0.0000   0.00008468
  0.177706  -0.0000   0.00008538
  0.178367  -0.0000   0.00008608
  0.179424  -0.0000   0.00008713
  0.181014  -0.0000   0.00008859
  0.182730  -0.0000   0.00009005
  0.184227  -0.0000   0.00009126
  0.185811  -0.0000   0.00009246
  0.187485  -0.0000   0.00009366
  0.189443  -0.0000   0.00009499
  0.191512  -0.0000   0.00009631
  0.191744  -0.0000   0.00009646
  0.191979  -0.0000   0.00009661
  0.192214  -0.0000   0.00009676
  0.192498  -0.0000   0.00009698
  0.192696  -0.0000   0.00009720
  0.192876  -0.0000   0.00009743
  0.193049  -0.0000   0.00009765
  0.193218  -0.0000   0.00009787
  0.193472  -0.0000   0.00009820
  0.193863  -0.0000   0.00009871
  0.194477  -0.0000   0.00009946
  0.195295  -0.0000   0.00010040
  0.196089  -0.0000   0.00010140
  0.196877  -0.0000   0.00010240
  0.198047  -0.0000   0.00010390
  0.199773  -0.0000   0.00010610
  0.202300  -0.0000   0.00010940
  0.204768  -0.0000   0.00011280
  0.207179  -0.0000   0.00011610
  0.209532  -0.0000   0.00011940
  0.209624  -0.0000   0.00011960
  0.209707  -0.0000   0.00011980
  0.209785  -0.0000   0.00012000
  0.209893  -0.0000   0.00012030
  0.210047  -0.0000   0.00012070
  0.210268  -0.0000   0.00012140
  0.210594  -0.0000   0.00012240
  0.211086  -0.0000   0.00012390
  0.211830  -0.0000   0.00012620
  0.212576  -0.0000   0.00012840
  0.213321  -0.0000   0.00013070
  0.214433  -0.0000   0.00013410
  0.216082  -0.0000   0.00013910
  0.218509  -0.0000   0.00014670
  0.220712  -0.0000   0.00015380
  0.222875  -0.0000   0.00016080
  0.224997  -0.0000   0.00016790
  0.225238  -0.0000   0.00016870
  0.225479  -0.0000   0.00016950
  0.225719  -0.0000   0.00017030
  0.226078  -0.0000   0.00017150
  0.226575  -0.0000   0.00017330
  0.226690  -0.0000   0.00017390
  0.226795  -0.0000   0.00017450
  0.226893  -0.0000   0.00017510
  0.227033  -0.0000   0.00017610
  0.227238  -0.0000   0.00017750
  0.227541  -0.0000   0.00017960
  0.228000  -0.0000   0.00018270
  0.228695  -0.0000   0.00018740
  0.229392  -0.0000   0.00019210
  0.230089  -0.0000   0.00019680
  0.231130  -0.0000   0.00020390
  0.232676  -0.0000   0.00021450
  0.234957  -0.0000   0.00023040
  0.237305  -0.0000   0.00024710
  0.239610  -0.0000   0.00026370
  0.241872  -0.0000   0.00028040
  0.242138  -0.0000   0.00028230
  0.242404  -0.0000   0.00028430
  0.242669  -0.0000   0.00028630
  0.243065  -0.0000   0.00028920
  0.243584  -0.0000   0.00029370
  0.243721  -0.0000   0.00029530
  0.243847  -0.0000   0.00029700
  0.243968  -0.0000   0.00029870
  0.244144  -0.0000   0.00030130
  0.244406  -0.0000   0.00030510
  0.244802  -0.0000   0.00031080
  0.245402  -0.0000   0.00031930
  0.246196  -0.0000   0.00033060
  0.246989  -0.0000   0.00034190
  0.248172  -0.0000   0.00035880
  0.249928  -0.0000   0.00038410
  0.252514  -0.0000   0.00042220
  0.255053  -0.0000   0.00046030
  0.257543  -0.0000   0.00049830
  0.259985  -0.0000   0.00053640
  0.260152  -0.0000   0.00053900
  0.260320  -0.0000   0.00054160
  0.260461  -0.0000   0.00054420
  0.260615  -0.0000   0.00054810
  0.260824  -0.0000   0.00055400
  0.261028  -0.0000   0.00055990
  0.261231  -0.0000   0.00056580
  0.261539  -0.0000   0.00057470
  0.262004  -0.0000   0.00058790
  0.262705  -0.0000   0.00060780
  0.263407  -0.0000   0.00062770
  0.264454  -0.0000   0.00065750
  0.266012  -0.0000   0.00070220
  0.268312  -0.0000   0.00076940
  0.270598  -0.0000   0.00083710
  0.272847  -0.0000   0.00090480
  0.275058  -0.0000   0.00097260
  0.275500  -0.0000   0.00098620
  0.275941  -0.0000   0.00099980
  0.276380  -0.0000   0.00101300
  0.277036  -0.0000   0.00103400
  0.277239  -0.0000   0.00104000
  0.277396  -0.0000   0.00104600
  0.277522  -0.0000   0.00105300
  0.277697  -0.0000   0.00106200
  0.277869  -0.0000   0.00107200
  0.278126  -0.0000   0.00108600
  0.278517  -0.0000   0.00110700
  0.279107  -0.0000   0.00113900
  0.279903  -0.0000   0.00118300
  0.280698  -0.0000   0.00122600
  0.281883  -0.0000   0.00129100
  0.283642  -0.0000   0.00138800
  0.286236  -0.0000   0.00153300
  0.288785  -0.0000   0.00167900
  0.291289  -0.0000   0.00182500
  0.293747  -0.0000   0.00197000
  0.293915  -0.0000   0.00198000
  0.294084  -0.0000   0.00199000
  0.294244  -0.0000   0.00200000
  0.294406  -0.0000   0.00201500
  0.294557  -0.0000   0.00203000
  0.294705  -0.0000   0.00204500
  0.294852  -0.0000   0.00206000
  0.295074  -0.0000   0.00208300
  0.295410  -0.0000   0.00211700
  0.295918  -0.0000   0.00216700
  0.296680  -0.0000   0.00224300
  0.297819  -0.0000   0.00235700
  0.299512  -0.0000   0.00252800
  0.302013  -0.0000   0.00278500
  0.304474  -0.0000   0.00304100
  0.306895  -0.0000   0.00329700
  0.309276  -0.0000   0.00355400
  0.309617  -0.0000   0.00359100
  0.309957  -0.0000   0.00362700
  0.310296  -0.0000   0.00366400
  0.310802  -0.0000   0.00371900
  0.311065  -0.0000   0.00374800
  0.311261  -0.0000   0.00377700
  0.311424  -0.0000   0.00380600
  0.311583  -0.0000   0.00383400
  0.311742  -0.0000   0.00386300
  0.311982  -0.0000   0.00390600
  0.312346  -0.0000   0.00397100
  0.312894  -0.0000   0.00406800
  0.313717  -0.0000   0.00421400
  0.314944  -0.0000   0.00443200
  0.316766  -0.0000   0.00476000
  0.319454  -0.0000   0.00525100
  0.322097  -0.0000   0.00574200
  0.324696  -0.0000   0.00623400
  0.327248  -0.0000   0.00672500
  0.327453  -0.0000   0.00676400
  0.327658  -0.0000   0.00680400
  0.327862  -0.0000   0.00684400
  0.328124  -0.0000   0.00690300
  0.328301  -0.0000   0.00695600
  0.328472  -0.0000   0.00700900
  0.328643  -0.0000   0.00706300
  0.328815  -0.0000   0.00711600
  0.329075  -0.0000   0.00719600
  0.329468  -0.0000   0.00731600
  0.330057  -0.0000   0.00749500
  0.330940  -0.0000   0.00776500
  0.332256  -0.0000   0.00816900
  0.334207  -0.0000   0.00877600
  0.336632  -0.0000   0.00954100
  0.339021  -0.0000   0.01031000
  0.341374  -0.0000   0.01107000
  0.343691  -0.0000   0.01184000
  0.343919  -0.0000   0.01191000
  0.344146  -0.0000   0.01199000
  0.344373  -0.0000   0.01206000
  0.344713  -0.0000   0.01217000
  0.345004  -0.0000   0.01228000
  0.345151  -0.0000   0.01235000
  0.345291  -0.0000   0.01242000
  0.345431  -0.0000   0.01250000
  0.345571  -0.0000   0.01257000
  0.345783  -0.0000   0.01268000
  0.346103  -0.0000   0.01284000
  0.346586  -0.0000   0.01309000
  0.347309  -0.0000   0.01346000
  0.348389  -0.0000   0.01401000
  0.349995  -0.0000   0.01485000
  0.352371  -0.0000   0.01609000
  0.354714  -0.0000   0.01734000
  0.357024  -0.0000   0.01859000
  0.359301  -0.0000   0.01983000
  0.360003  -0.0000   0.02022000
  0.360702  -0.0000   0.02061000
  0.361397  -0.0000   0.02099000
  0.361674  -0.0000   0.02115000
  0.361929  -0.0000   0.02130000
  0.362115  -0.0000   0.02146000
  0.362295  -0.0000   0.02161000
  0.362476  -0.0000   0.02177000
  0.362659  -0.0000   0.02192000
  0.362935  -0.0000   0.02215000
  0.363352  -0.0000   0.02250000
  0.363976  -0.0000   0.02302000
  0.364909  -0.0000   0.02380000
  0.366298  -0.0000   0.02497000
  0.368358  -0.0000   0.02673000
  0.370824  -0.0000   0.02887000
  0.373254  -0.0000   0.03100000
  0.375648  -0.0000   0.03314000
  0.378589  -0.0000   0.03581000
  0.378755  -0.0000   0.03596000
  0.378891  -0.0000   0.03611000
  0.379005  -0.0000   0.03626000
  0.379172  -0.0000   0.03649000
  0.379424  -0.0000   0.03683000
  0.379806  -0.0000   0.03735000
  0.380373  -0.0000   0.03810000
  0.380940  -0.0000   0.03886000
  0.381787  -0.0000   0.03999000
  0.383050  -0.0000   0.04169000
  0.384923  -0.0000   0.04424000
  0.387690  -0.0000   0.04807000
  0.390414  -0.0000   0.05189000
  0.393093  -0.0000   0.05572000
  0.395726  -0.0000   0.05955000
  0.395848  -0.0000   0.05978000
  0.395959  -0.0000   0.06002000
  0.396068  -0.0000   0.06025000
  0.396234  -0.0000   0.06060000
  0.396485  -0.0000   0.06113000
  0.396864  -0.0000   0.06192000
  0.397434  -0.0000   0.06311000
  0.398287  -0.0000   0.06489000
  0.399557  -0.0000   0.06757000
  0.401443  -0.0000   0.07158000
  0.404228  -0.0000   0.07759000
  0.406970  -0.0000   0.08361000
  0.409668  -0.0000   0.08962000
  0.412320  -0.0000   0.09564000
  0.412499  -0.0000   0.09604000
  0.412678  -0.0000   0.09645000
  0.412811  -0.0000   0.09685000
  0.412996  -0.0000   0.09746000
  0.413183  -0.0000   0.09807000
  0.413372  -0.0000   0.09868000
  0.413656  -0.0000   0.10000000
  0.414085  -0.0000   0.10100000
  0.414727  -0.0000   0.10300000
  0.415685  -0.0000   0.10600000
  0.417112  -0.0000   0.11100000
  0.419227  -0.0000   0.11800000
  0.422224  -0.0000   0.12800000
  0.425171  -0.0000   0.13800000
  0.428067  -0.0000   0.14800000
  0.428386  -0.0000   0.14900000
  0.428704  -0.0000   0.15000000
  0.429022  -0.0000   0.15100000
  0.429498  -0.0000   0.15300000
  0.429684  -0.0000   0.15300000
  0.429828  -0.0000   0.15400000
  0.429971  -0.0000   0.15500000
  0.430187  -0.0000   0.15600000
  0.430405  -0.0000   0.15700000
  0.430734  -0.0000   0.15800000
  0.431227  -0.0000   0.16100000
  0.431966  -0.0000   0.16400000
  0.433067  -0.0000   0.17000000
  0.434705  -0.0000   0.17800000
  0.436717  -0.0000   0.18800000
  0.438707  -0.0000   0.19800000
  0.440675  -0.0000   0.20800000
  0.442622  -0.0000   0.21800000
  0.444545  -0.0000   0.22800000
  0.446446  -0.0000   0.23800000
  0.446615  -0.0000   0.23900000
  0.446743  -0.0000   0.24000000
  0.446867  -0.0000   0.24100000
  0.447056  -0.0000   0.24200000
  0.447247  -0.0000   0.24300000
  0.447535  -0.0000   0.24500000
  0.447967  -0.0000   0.24900000
  0.448615  -0.0000   0.25300000
  0.449582  -0.0000   0.26000000
  0.450957  -0.0000   0.27000000
  0.452321  -0.0000   0.28000000
  0.453675  -0.0000   0.29000000
  0.455019  -0.0000   0.30000000
  0.456354  -0.0000   0.31000000
  0.457679  -0.0000   0.32000000
  0.458994  -0.0000   0.33000000
  0.460298  -0.0000   0.34000000
  0.461593  -0.0000   0.35000000
  0.462877  -0.0000   0.36000000
  0.463192  -0.0000   0.36300000
  0.463506  -0.0000   0.36500000
  0.463665  -0.0000   0.36700000
  0.463812  -0.0000   0.36800000
  0.463960  -0.0000   0.37000000
  0.464184  -0.0000   0.37200000
  0.464523  -0.0000   0.37600000
  0.465031  -0.0000   0.38100000
  0.465792  -0.0000   0.38900000
  0.466737  -0.0000   0.39900000
  0.467677  -0.0000   0.40900000
  0.468613  -0.0000   0.41900000
  0.469543  -0.0000   0.42900000
  0.470469  -0.0000   0.43900000
  0.471391  -0.0000   0.44900000
  0.472308  -0.0000   0.45900000
  0.473220  -0.0000   0.46900000
  0.474128  -0.0000   0.47900000
  0.475031  -0.0000   0.48900000
  0.475929  -0.0000   0.49900000
  0.476823  -0.0000   0.50900000
  0.477712  -0.0000   0.51900000
  0.478597  -0.0000   0.52900000
  0.479477  -0.0000   0.53900000
  0.480351  -0.0000   0.54900000
  0.480534  -0.0000   0.55100000
  0.480679  -0.0000   0.55400000
  0.480824  -0.0000   0.55600000
  0.481044  -0.0000   0.55900000
  0.481265  -0.0000   0.56300000
  0.481598  -0.0000   0.56800000
  0.482096  -0.0000   0.57500000
  0.482754  -0.0000   0.58500000
  0.483410  -0.0000   0.59500000
  0.484063  -0.0000   0.60500000
  0.484714  -0.0000   0.61500000
  0.485362  -0.0000   0.62500000
  0.486009  -0.0000   0.63500000
  0.486652  -0.0000   0.64500000
  0.487294  -0.0000   0.65500000
  0.487934  -0.0000   0.66500000
  0.488571  -0.0000   0.67500000
  0.489206  -0.0000   0.68500000
  0.489839  -0.0000   0.69500000
  0.490470  -0.0000   0.70500000
  0.491098  -0.0000   0.71500000
  0.491725  -0.0000   0.72500000
  0.492349  -0.0000   0.73500000
  0.492971  -0.0000   0.74500000
  0.493591  -0.0000   0.75500000
  0.494209  -0.0000   0.76500000
  0.494824  -0.0000   0.77500000
  0.495437  -0.0000   0.78500000
  0.496048  -0.0000   0.79500000
  0.496657  -0.0000   0.80500000
  0.497263  -0.0000   0.81500000
  0.497496  -0.0000   0.81900000
  0.497678  -0.0000   0.82300000
  0.497862  -0.0000   0.82700000
  0.498047  -0.0000   0.83100000
  0.498233  -0.0000   0.83500000
  0.498512  -0.0000   0.84100000
  0.498932  -0.0000   0.85000000
  0.499394  -0.0000   0.86000000
  0.499855  -0.0000   0.87000000
  0.500315  -0.0000   0.88000000
  0.500774  -0.0000   0.89000000
  0.501232  -0.0000   0.90000000
  0.501688  -0.0000   0.91000000
  0.502144  -0.0000   0.92000000
  0.502598  -0.0000   0.93000000
  0.503051  -0.0000   0.94000000
  0.503503  -0.0000   0.95000000
  0.503954  -0.0000   0.96000000
  0.504404  -0.0000   0.97000000
  0.504852  -0.0000   0.98000000
  0.505300  -0.0000   0.99000000
  0.505729  -0.0000   1.00000000
  0.504202  -0.0000   1.00000000
  0.504202  -0.0000   1.00000000
  0.504202  -0.0000   1.00000000
  0.504202  -0.0000   1.00000000
  0.504202  -0.0000   1.00000000
  0.504202  -0.0000   1.00000000
  0.504201  -0.0000   1.00000000
  0.504200  -0.0000   1.00000000
  0.504198  -0.0000   1.00000000
  0.504194  -0.0000   1.00000000
  0.504186  -0.0000   1.00000000
  0.504172  -0.0000   1.00000000
