  0.000098  -0.0000   0.00000010
  0.000268  -0.0000   0.00000020
  0.000369  -0.0000   0.00000023
  0.000997  -0.0000   0.00000025
  0.006427  -0.0000   0.00000028
  0.006643  -0.0000   0.00000031
  0.006725  -0.0000   0.00000033
  0.006820  -0.0000   0.00000035
  0.006934  -0.0000   0.00000036
  0.007163  -0.0000   0.00000038
  0.007371  -0.0000   0.00000040
  0.007628  -0.0000   0.00000042
  0.007942  -0.0000   0.00000044
  0.008320  -0.0000   0.00000045
  0.008664  -0.0000   0.00000047
  0.009055  -0.0000   0.00000048
  0.009493  -0.0000   0.00000049
  0.010048  -0.0000   0.00000051
  0.010662  -0.0000   0.00000052
  0.011330  -0.0000   0.00000054
  0.012049  -0.0000   0.00000056
  0.012811  -0.0000   0.00000057
  0.013611  -0.0000   0.00000059
  0.014442  -0.0000   0.00000060
  0.015298  -0.0000   0.00000062
  0.016537  -0.0000   0.00000064
  0.017800  -0.0000   0.00000066
  0.019393  -0.0000   0.00000069
  0.019456  -0.0000   0.00000069
  0.019520  -0.0000   0.00000069
  0.019541  -0.0000   0.00000069
  0.019548  -0.0000   0.00000069
  0.019555  -0.0000   0.00000069
  0.019562  -0.0000   0.00000070
  0.019568  -0.0000   0.00000070
  0.019574  -0.0000   0.00000070
  0.019583  -0.0000   0.00000071
  0.019593  -0.0000   0.00000072
  0.019607  -0.0000   0.00000074
  0.019625  -0.0000   0.00000076
  0.019650  -0.0000   0.00000080
  0.019686  -0.0000   0.00000086
  0.019738  -0.0000   0.00000094
  0.019821  -0.0000   0.00000107
  0.019980  -0.0000   0.00000126
  0.020045  -0.0000   0.00000132
  0.020121  -0.0000   0.00000139
  0.020214  -0.0000   0.00000145
  0.020401  -0.0000   0.00000155
  0.020529  -0.0000   0.00000161
  0.020680  -0.0000   0.00000166
  0.020857  -0.0000   0.00000172
  0.021128  -0.0000   0.00000179
  0.021453  -0.0000   0.00000186
  0.021841  -0.0000   0.00000193
  0.022207  -0.0000   0.00000199
  0.022623  -0.0000   0.00000205
  0.023091  -0.0000   0.00000211
  0.023614  -0.0000   0.00000217
  0.024192  -0.0000   0.00000222
  0.024827  -0.0000   0.00000228
  0.025519  -0.0000   0.00000234
  0.026268  -0.0000   0.00000240
  0.027074  -0.0000   0.00000246
  0.027936  -0.0000   0.00000252
  0.028852  -0.0000   0.00000257
  0.029822  -0.0000   0.00000263
  0.030844  -0.0000   0.00000269
  0.031918  -0.0000   0.00000275
  0.033043  -0.0000   0.00000281
  0.034216  -0.0000   0.00000287
  0.034403  -0.0000   0.00000288
  0.034591  -0.0000   0.00000288
  0.034780  -0.0000   0.00000289
  0.035040  -0.0000   0.00000291
  0.035052  -0.0000   0.00000291
  0.035062  -0.0000   0.00000292
  0.035070  -0.0000   0.00000292
  0.035081  -0.0000   0.00000292
  0.035093  -0.0000   0.00000293
  0.035109  -0.0000   0.00000294
  0.035130  -0.0000   0.00000296
  0.035155  -0.0000   0.00000298
  0.035188  -0.0000   0.00000302
  0.035233  -0.0000   0.00000308
  0.035295  -0.0000   0.00000317
  0.035389  -0.0000   0.00000330
  0.035550  -0.0000   0.00000349
  0.035750  -0.0000   0.00000368
  0.036006  -0.0000   0.00000388
  0.036334  -0.0000   0.00000407
  0.036747  -0.0000   0.00000426
  0.037131  -0.0000   0.00000441
  0.037581  -0.0000   0.00000456
  0.038104  -0.0000   0.00000471
  0.038707  -0.0000   0.00000486
  0.039276  -0.0000   0.00000499
  0.039910  -0.0000   0.00000512
  0.040611  -0.0000   0.00000524
  0.041385  -0.0000   0.00000537
  0.042233  -0.0000   0.00000550
  0.043158  -0.0000   0.00000562
  0.044164  -0.0000   0.00000575
  0.045252  -0.0000   0.00000588
  0.046424  -0.0000   0.00000600
  0.047682  -0.0000   0.00000613
  0.049026  -0.0000   0.00000626
  0.050457  -0.0000   0.00000638
  0.051973  -0.0000   0.00000651
  0.052008  -0.0000   0.00000652
  0.052028  -0.0000   0.00000652
  0.052044  -0.0000   0.00000653
  0.052064  -0.0000   0.00000654
  0.052090  -0.0000   0.00000656
  0.052122  -0.0000   0.00000658
  0.052163  -0.0000   0.00000662
  0.052217  -0.0000   0.00000667
  0.052291  -0.0000   0.00000675
  0.052399  -0.0000   0.00000687
  0.052570  -0.0000   0.00000706
  0.052877  -0.0000   0.00000733
  0.053122  -0.0000   0.00000752
  0.053404  -0.0000   0.00000771
  0.053725  -0.0000   0.00000790
  0.054195  -0.0000   0.00000813
  0.054737  -0.0000   0.00000837
  0.055359  -0.0000   0.00000861
  0.056068  -0.0000   0.00000884
  0.056734  -0.0000   0.00000904
  0.057470  -0.0000   0.00000924
  0.058282  -0.0000   0.00000944
  0.059172  -0.0000   0.00000964
  0.060146  -0.0000   0.00000984
  0.061206  -0.0000   0.00001004
  0.062357  -0.0000   0.00001024
  0.063601  -0.0000   0.00001044
  0.064719  -0.0000   0.00001061
  0.065906  -0.0000   0.00001078
  0.067162  -0.0000   0.00001095
  0.068618  -0.0000   0.00001114
  0.068729  -0.0000   0.00001115
  0.068840  -0.0000   0.00001116
  0.068911  -0.0000   0.00001118
  0.068956  -0.0000   0.00001120
  0.069007  -0.0000   0.00001123
  0.069050  -0.0000   0.00001126
  0.069088  -0.0000   0.00001129
  0.069140  -0.0000   0.00001134
  0.069211  -0.0000   0.00001141
  0.069314  -0.0000   0.00001152
  0.069470  -0.0000   0.00001168
  0.069728  -0.0000   0.00001191
  0.070186  -0.0000   0.00001227
  0.070727  -0.0000   0.00001263
  0.071356  -0.0000   0.00001299
  0.072082  -0.0000   0.00001335
  0.072727  -0.0000   0.00001363
  0.073443  -0.0000   0.00001392
  0.074235  -0.0000   0.00001420
  0.075106  -0.0000   0.00001449
  0.076062  -0.0000   0.00001477
  0.077106  -0.0000   0.00001506
  0.078244  -0.0000   0.00001535
  0.079479  -0.0000   0.00001563
  0.080585  -0.0000   0.00001587
  0.081764  -0.0000   0.00001611
  0.083016  -0.0000   0.00001635
  0.084470  -0.0000   0.00001661
  0.085017  -0.0000   0.00001671
  0.085576  -0.0000   0.00001680
  0.085682  -0.0000   0.00001683
  0.085728  -0.0000   0.00001685
  0.085765  -0.0000   0.00001687
  0.085812  -0.0000   0.00001690
  0.085854  -0.0000   0.00001693
  0.085910  -0.0000   0.00001698
  0.085986  -0.0000   0.00001706
  0.086096  -0.0000   0.00001717
  0.086262  -0.0000   0.00001733
  0.086528  -0.0000   0.00001758
  0.086981  -0.0000   0.00001795
  0.087469  -0.0000   0.00001831
  0.088013  -0.0000   0.00001866
  0.088616  -0.0000   0.00001902
  0.089287  -0.0000   0.00001937
  0.090025  -0.0000   0.00001973
  0.090834  -0.0000   0.00002009
  0.091679  -0.0000   0.00002043
  0.092597  -0.0000   0.00002078
  0.093590  -0.0000   0.00002112
  0.094631  -0.0000   0.00002146
  0.095750  -0.0000   0.00002179
  0.096950  -0.0000   0.00002213
  0.098232  -0.0000   0.00002246
  0.099599  -0.0000   0.00002280
  0.101052  -0.0000   0.00002313
  0.102590  -0.0000   0.00002347
  0.102641  -0.0000   0.00002349
  0.102684  -0.0000   0.00002352
  0.102721  -0.0000   0.00002354
  0.102771  -0.0000   0.00002358
  0.102838  -0.0000   0.00002364
  0.102930  -0.0000   0.00002373
  0.103063  -0.0000   0.00002386
  0.103265  -0.0000   0.00002406
  0.103591  -0.0000   0.00002436
  0.104142  -0.0000   0.00002481
  0.104755  -0.0000   0.00002526
  0.105434  -0.0000   0.00002570
  0.106181  -0.0000   0.00002615
  0.107008  -0.0000   0.00002660
  0.107911  -0.0000   0.00002706
  0.108895  -0.0000   0.00002751
  0.109962  -0.0000   0.00002796
  0.111118  -0.0000   0.00002841
  0.112365  -0.0000   0.00002887
  0.113707  -0.0000   0.00002932
  0.115147  -0.0000   0.00002977
  0.116688  -0.0000   0.00003022
  0.118329  -0.0000   0.00003068
  0.118761  -0.0000   0.00003079
  0.119200  -0.0000   0.00003091
  0.119601  -0.0000   0.00003103
  0.119662  -0.0000   0.00003106
  0.119714  -0.0000   0.00003110
  0.119761  -0.0000   0.00003114
  0.119823  -0.0000   0.00003119
  0.119911  -0.0000   0.00003128
  0.120035  -0.0000   0.00003140
  0.120223  -0.0000   0.00003158
  0.120518  -0.0000   0.00003186
  0.121003  -0.0000   0.00003228
  0.121821  -0.0000   0.00003291
  0.122732  -0.0000   0.00003354
  0.123740  -0.0000   0.00003416
  0.124848  -0.0000   0.00003479
  0.126063  -0.0000   0.00003542
  0.127147  -0.0000   0.00003594
  0.128311  -0.0000   0.00003645
  0.129559  -0.0000   0.00003697
  0.130893  -0.0000   0.00003749
  0.132315  -0.0000   0.00003801
  0.133829  -0.0000   0.00003853
  0.135433  -0.0000   0.00003905
  0.135789  -0.0000   0.00003917
  0.136150  -0.0000   0.00003928
  0.136515  -0.0000   0.00003939
  0.136602  -0.0000   0.00003944
  0.136662  -0.0000   0.00003948
  0.136715  -0.0000   0.00003952
  0.136786  -0.0000   0.00003958
  0.136883  -0.0000   0.00003968
  0.137023  -0.0000   0.00003982
  0.137233  -0.0000   0.00004003
  0.137565  -0.0000   0.00004035
  0.138106  -0.0000   0.00004083
  0.138911  -0.0000   0.00004147
  0.139790  -0.0000   0.00004212
  0.140745  -0.0000   0.00004276
  0.141779  -0.0000   0.00004341
  0.142888  -0.0000   0.00004405
  0.144083  -0.0000   0.00004469
  0.145366  -0.0000   0.00004534
  0.146743  -0.0000   0.00004598
  0.148214  -0.0000   0.00004662
  0.149784  -0.0000   0.00004726
  0.151454  -0.0000   0.00004790
  0.153224  -0.0000   0.00004854
  0.153369  -0.0000   0.00004860
  0.153515  -0.0000   0.00004865
  0.153638  -0.0000   0.00004870
  0.153741  -0.0000   0.00004878
  0.153829  -0.0000   0.00004886
  0.153910  -0.0000   0.00004894
  0.153988  -0.0000   0.00004902
  0.154101  -0.0000   0.00004913
  0.154272  -0.0000   0.00004931
  0.154536  -0.0000   0.00004958
  0.154958  -0.0000   0.00004997
  0.155643  -0.0000   0.00005057
  0.156377  -0.0000   0.00005117
  0.157160  -0.0000   0.00005176
  0.158449  -0.0000   0.00005266
  0.159583  -0.0000   0.00005339
  0.160800  -0.0000   0.00005412
  0.162103  -0.0000   0.00005485
  0.163496  -0.0000   0.00005558
  0.164981  -0.0000   0.00005631
  0.166561  -0.0000   0.00005705
  0.168239  -0.0000   0.00005778
  0.170013  -0.0000   0.00005851
  0.170198  -0.0000   0.00005858
  0.170383  -0.0000   0.00005866
  0.170569  -0.0000   0.00005873
  0.170768  -0.0000   0.00005885
  0.170895  -0.0000   0.00005896
  0.171009  -0.0000   0.00005907
  0.171117  -0.0000   0.00005919
  0.171223  -0.0000   0.00005930
  0.171383  -0.0000   0.00005947
  0.171631  -0.0000   0.00005973
  0.172023  -0.0000   0.00006011
  0.172649  -0.0000   0.00006068
  0.173556  -0.0000   0.00006145
  0.174529  -0.0000   0.00006222
  0.175831  -0.0000   0.00006317
  0.177240  -0.0000   0.00006412
  0.178760  -0.0000   0.00006507
  0.180116  -0.0000   0.00006586
  0.181555  -0.0000   0.00006666
  0.183081  -0.0000   0.00006745
  0.184694  -0.0000   0.00006825
  0.186396  -0.0000   0.00006905
  0.186988  -0.0000   0.00006932
  0.187591  -0.0000   0.00006959
  0.187768  -0.0000   0.00006967
  0.187868  -0.0000   0.00006975
  0.187955  -0.0000   0.00006983
  0.188035  -0.0000   0.00006992
  0.188112  -0.0000   0.00007000
  0.188224  -0.0000   0.00007012
  0.188391  -0.0000   0.00007031
  0.188650  -0.0000   0.00007058
  0.189056  -0.0000   0.00007100
  0.189705  -0.0000   0.00007162
  0.190539  -0.0000   0.00007237
  0.191423  -0.0000   0.00007311
  0.192788  -0.0000   0.00007418
  0.194261  -0.0000   0.00007525
  0.195847  -0.0000   0.00007631
  0.197264  -0.0000   0.00007721
  0.198766  -0.0000   0.00007811
  0.200356  -0.0000   0.00007901
  0.202034  -0.0000   0.00007990
  0.203801  -0.0000   0.00008080
  0.204083  -0.0000   0.00008094
  0.204368  -0.0000   0.00008109
  0.204654  -0.0000   0.00008123
  0.204863  -0.0000   0.00008135
  0.204988  -0.0000   0.00008146
  0.205100  -0.0000   0.00008158
  0.205205  -0.0000   0.00008169
  0.205308  -0.0000   0.00008181
  0.205461  -0.0000   0.00008198
  0.205697  -0.0000   0.00008224
  0.206065  -0.0000   0.00008263
  0.206647  -0.0000   0.00008322
  0.207499  -0.0000   0.00008403
  0.208401  -0.0000   0.00008483
  0.209772  -0.0000   0.00008597
  0.211244  -0.0000   0.00008711
  0.212821  -0.0000   0.00008825
  0.214505  -0.0000   0.00008939
  0.216301  -0.0000   0.00009053
  0.217906  -0.0000   0.00009150
  0.219593  -0.0000   0.00009246
  0.221363  -0.0000   0.00009343
  0.221540  -0.0000   0.00009352
  0.221718  -0.0000   0.00009362
  0.221896  -0.0000   0.00009372
  0.221998  -0.0000   0.00009381
  0.222087  -0.0000   0.00009389
  0.222169  -0.0000   0.00009398
  0.222286  -0.0000   0.00009412
  0.222458  -0.0000   0.00009432
  0.222720  -0.0000   0.00009462
  0.223131  -0.0000   0.00009507
  0.223782  -0.0000   0.00009575
  0.224464  -0.0000   0.00009643
  0.225176  -0.0000   0.00009711
  0.226308  -0.0000   0.00009812
  0.227574  -0.0000   0.00009919
  0.228882  -0.0000   0.00010030
  0.230140  -0.0000   0.00010130
  0.231979  -0.0000   0.00010290
  0.234616  -0.0000   0.00010530
  0.237168  -0.0000   0.00010770
  0.237500  -0.0000   0.00010800
  0.237830  -0.0000   0.00010830
  0.238159  -0.0000   0.00010860
  0.238649  -0.0000   0.00010910
  0.238831  -0.0000   0.00010930
  0.238951  -0.0000   0.00010950
  0.239048  -0.0000   0.00010960
  0.239138  -0.0000   0.00010980
  0.239224  -0.0000   0.00011000
  0.239350  -0.0000   0.00011020
  0.239538  -0.0000   0.00011060
  0.239822  -0.0000   0.00011120
  0.240251  -0.0000   0.00011210
  0.240895  -0.0000   0.00011340
  0.241855  -0.0000   0.00011540
  0.242806  -0.0000   0.00011740
  0.244209  -0.0000   0.00012040
  0.246265  -0.0000   0.00012480
  0.248274  -0.0000   0.00012930
  0.250240  -0.0000   0.00013370
  0.252162  -0.0000   0.00013820
  0.254622  -0.0000   0.00014400
  0.254828  -0.0000   0.00014450
  0.255033  -0.0000   0.00014500
  0.255238  -0.0000   0.00014550
  0.255544  -0.0000   0.00014630
  0.255720  -0.0000   0.00014670
  0.255835  -0.0000   0.00014720
  0.255939  -0.0000   0.00014770
  0.256086  -0.0000   0.00014840
  0.256231  -0.0000   0.00014920
  0.256450  -0.0000   0.00015030
  0.256783  -0.0000   0.00015190
  0.257283  -0.0000   0.00015430
  0.258032  -0.0000   0.00015800
  0.258776  -0.0000   0.00016170
  0.259880  -0.0000   0.00016720
  0.261506  -0.0000   0.00017540
  0.263514  -0.0000   0.00018590
  0.265480  -0.0000   0.00019630
  0.267406  -0.0000   0.00020670
  0.269293  -0.0000   0.00021710
  0.271942  -0.0000   0.00023220
  0.272097  -0.0000   0.00023310
  0.272250  -0.0000   0.00023400
  0.272404  -0.0000   0.00023490
  0.272564  -0.0000   0.00023620
  0.272690  -0.0000   0.00023750
  0.272809  -0.0000   0.00023880
  0.272926  -0.0000   0.00024020
  0.273103  -0.0000   0.00024210
  0.273371  -0.0000   0.00024510
  0.273775  -0.0000   0.00024960
  0.274381  -0.0000   0.00025620
  0.275284  -0.0000   0.00026630
  0.276620  -0.0000   0.00028130
  0.278583  -0.0000   0.00030380
  0.280507  -0.0000   0.00032640
  0.282394  -0.0000   0.00034890
  0.284245  -0.0000   0.00037150
  0.286684  -0.0000   0.00040200
  0.289060  -0.0000   0.00043240
  0.289200  -0.0000   0.00043430
  0.289293  -0.0000   0.00043610
  0.289374  -0.0000   0.00043790
  0.289489  -0.0000   0.00044060
  0.289601  -0.0000   0.00044330
  0.289770  -0.0000   0.00044740
  0.290026  -0.0000   0.00045350
  0.290414  -0.0000   0.00046260
  0.290995  -0.0000   0.00047630
  0.291860  -0.0000   0.00049690
  0.293141  -0.0000   0.00052780
  0.295027  -0.0000   0.00057410
  0.296877  -0.0000   0.00062050
  0.298693  -0.0000   0.00066680
  0.300478  -0.0000   0.00071310
  0.302971  -0.0000   0.00077950
  0.305401  -0.0000   0.00084590
  0.305564  -0.0000   0.00085040
  0.305727  -0.0000   0.00085490
  0.305889  -0.0000   0.00085930
  0.306027  -0.0000   0.00086460
  0.306139  -0.0000   0.00087000
  0.306247  -0.0000   0.00087530
  0.306354  -0.0000   0.00088060
  0.306515  -0.0000   0.00088860
  0.306761  -0.0000   0.00090050
  0.307130  -0.0000   0.00091840
  0.307684  -0.0000   0.00094530
  0.308510  -0.0000   0.00098570
  0.309733  -0.0000   0.00104600
  0.311534  -0.0000   0.00113700
  0.313403  -0.0000   0.00123300
  0.315240  -0.0000   0.00132900
  0.317044  -0.0000   0.00142500
  0.319517  -0.0000   0.00156000
  0.321929  -0.0000   0.00169500
  0.322110  -0.0000   0.00170500
  0.322291  -0.0000   0.00171500
  0.322472  -0.0000   0.00172500
  0.322708  -0.0000   0.00174000
  0.322839  -0.0000   0.00175200
  0.322964  -0.0000   0.00176500
  0.323089  -0.0000   0.00177700
  0.323214  -0.0000   0.00178900
  0.323404  -0.0000   0.00180700
  0.323690  -0.0000   0.00183500
  0.324120  -0.0000   0.00187600
  0.324761  -0.0000   0.00193800
  0.325715  -0.0000   0.00203000
  0.327125  -0.0000   0.00216900
  0.329197  -0.0000   0.00237800
  0.331230  -0.0000   0.00258600
  0.333225  -0.0000   0.00279500
  0.335183  -0.0000   0.00300300
  0.337674  -0.0000   0.00327500
  0.338058  -0.0000   0.00331700
  0.338441  -0.0000   0.00336000
  0.338823  -0.0000   0.00340200
  0.339384  -0.0000   0.00346500
  0.339492  -0.0000   0.00348400
  0.339592  -0.0000   0.00350200
  0.339691  -0.0000   0.00352100
  0.339790  -0.0000   0.00353900
  0.339940  -0.0000   0.00356700
  0.340167  -0.0000   0.00360900
  0.340510  -0.0000   0.00367200
  0.341022  -0.0000   0.00376600
  0.341786  -0.0000   0.00390700
  0.342920  -0.0000   0.00411900
  0.344594  -0.0000   0.00443600
  0.346561  -0.0000   0.00481700
  0.348494  -0.0000   0.00519700
  0.350393  -0.0000   0.00557700
  0.352842  -0.0000   0.00607900
  0.355234  -0.0000   0.00658200
  0.355434  -0.0000   0.00662400
  0.355633  -0.0000   0.00666600
  0.355832  -0.0000   0.00670700
  0.356112  -0.0000   0.00677000
  0.356225  -0.0000   0.00680800
  0.356333  -0.0000   0.00684500
  0.356440  -0.0000   0.00688200
  0.356548  -0.0000   0.00691900
  0.356711  -0.0000   0.00697500
  0.356958  -0.0000   0.00705900
  0.357329  -0.0000   0.00718400
  0.357882  -0.0000   0.00737200
  0.358707  -0.0000   0.00765400
  0.359928  -0.0000   0.00807800
  0.361729  -0.0000   0.00871300
  0.363774  -0.0000   0.00944700
  0.365781  -0.0000   0.01018000
  0.367753  -0.0000   0.01092000
  0.369689  -0.0000   0.01165000
  0.372349  -0.0000   0.01269000
  0.372510  -0.0000   0.01275000
  0.372671  -0.0000   0.01281000
  0.372812  -0.0000   0.01287000
  0.372965  -0.0000   0.01297000
  0.373117  -0.0000   0.01306000
  0.373269  -0.0000   0.01316000
  0.373423  -0.0000   0.01325000
  0.373656  -0.0000   0.01339000
  0.374004  -0.0000   0.01361000
  0.374525  -0.0000   0.01392000
  0.375300  -0.0000   0.01440000
  0.376449  -0.0000   0.01512000
  0.378145  -0.0000   0.01619000
  0.380131  -0.0000   0.01747000
  0.382083  -0.0000   0.01875000
  0.384001  -0.0000   0.02003000
  0.386413  -0.0000   0.02167000
  0.388770  -0.0000   0.02332000
  0.388960  -0.0000   0.02345000
  0.389149  -0.0000   0.02359000
  0.389339  -0.0000   0.02372000
  0.389571  -0.0000   0.02392000
  0.389754  -0.0000   0.02412000
  0.389938  -0.0000   0.02432000
  0.390123  -0.0000   0.02452000
  0.390310  -0.0000   0.02471000
  0.390590  -0.0000   0.02501000
  0.391010  -0.0000   0.02546000
  0.391635  -0.0000   0.02614000
  0.392565  -0.0000   0.02714000
  0.393940  -0.0000   0.02866000
  0.395965  -0.0000   0.03093000
  0.397954  -0.0000   0.03320000
  0.399910  -0.0000   0.03547000
  0.401833  -0.0000   0.03774000
  0.404406  -0.0000   0.04086000
  0.404834  -0.0000   0.04138000
  0.405260  -0.0000   0.04190000
  0.405684  -0.0000   0.04242000
  0.406271  -0.0000   0.04320000
  0.406402  -0.0000   0.04344000
  0.406532  -0.0000   0.04368000
  0.406662  -0.0000   0.04392000
  0.406794  -0.0000   0.04417000
  0.406993  -0.0000   0.04453000
  0.407291  -0.0000   0.04508000
  0.407737  -0.0000   0.04589000
  0.408402  -0.0000   0.04712000
  0.409390  -0.0000   0.04896000
  0.410851  -0.0000   0.05172000
  0.413001  -0.0000   0.05587000
  0.415112  -0.0000   0.06001000
  0.417186  -0.0000   0.06415000
  0.419222  -0.0000   0.06830000
  0.421643  -0.0000   0.07333000
  0.421925  -0.0000   0.07392000
  0.422207  -0.0000   0.07451000
  0.422487  -0.0000   0.07510000
  0.422906  -0.0000   0.07598000
  0.423026  -0.0000   0.07632000
  0.423134  -0.0000   0.07666000
  0.423242  -0.0000   0.07699000
  0.423406  -0.0000   0.07750000
  0.423653  -0.0000   0.07826000
  0.424025  -0.0000   0.07940000
  0.424579  -0.0000   0.08110000
  0.425404  -0.0000   0.08366000
  0.426627  -0.0000   0.08750000
  0.428431  -0.0000   0.09325000
  0.430207  -0.0000   0.09901000
  0.431957  -0.0000   0.10500000
  0.433680  -0.0000   0.11100000
  0.436210  -0.0000   0.11900000
  0.438682  -0.0000   0.12800000
  0.438898  -0.0000   0.12900000
  0.439113  -0.0000   0.12900000
  0.439328  -0.0000   0.13000000
  0.439642  -0.0000   0.13100000
  0.439727  -0.0000   0.13200000
  0.439851  -0.0000   0.13200000
  0.439976  -0.0000   0.13300000
  0.440102  -0.0000   0.13400000
  0.440292  -0.0000   0.13400000
  0.440577  -0.0000   0.13600000
  0.441004  -0.0000   0.13800000
  0.441640  -0.0000   0.14100000
  0.442586  -0.0000   0.14600000
  0.443985  -0.0000   0.15300000
  0.445879  -0.0000   0.16300000
  0.447744  -0.0000   0.17300000
  0.449580  -0.0000   0.18300000
  0.451387  -0.0000   0.19300000
  0.453166  -0.0000   0.20300000
  0.454917  -0.0000   0.21300000
  0.455680  -0.0000   0.21800000
  0.456408  -0.0000   0.22200000
  0.456541  -0.0000   0.22300000
  0.456673  -0.0000   0.22400000
  0.456807  -0.0000   0.22500000
  0.456942  -0.0000   0.22700000
  0.457145  -0.0000   0.22800000
  0.457449  -0.0000   0.23100000
  0.457903  -0.0000   0.23400000
  0.458580  -0.0000   0.24000000
  0.459586  -0.0000   0.24800000
  0.460779  -0.0000   0.25800000
  0.461960  -0.0000   0.26800000
  0.463129  -0.0000   0.27800000
  0.464286  -0.0000   0.28800000
  0.465433  -0.0000   0.29800000
  0.466569  -0.0000   0.30800000
  0.467693  -0.0000   0.31800000
  0.468807  -0.0000   0.32800000
  0.469910  -0.0000   0.33800000
  0.471002  -0.0000   0.34800000
  0.472084  -0.0000   0.35800000
  0.473129  -0.0000   0.36800000
  0.473251  -0.0000   0.37000000
  0.473372  -0.0000   0.37100000
  0.473495  -0.0000   0.37300000
  0.473619  -0.0000   0.37500000
  0.473805  -0.0000   0.37700000
  0.474085  -0.0000   0.38100000
  0.474502  -0.0000   0.38600000
  0.475125  -0.0000   0.39400000
  0.475889  -0.0000   0.40400000
  0.476648  -0.0000   0.41400000
  0.477401  -0.0000   0.42400000
  0.478149  -0.0000   0.43400000
  0.478893  -0.0000   0.44400000
  0.479632  -0.0000   0.45400000
  0.480366  -0.0000   0.46400000
  0.481096  -0.0000   0.47400000
  0.481822  -0.0000   0.48400000
  0.482543  -0.0000   0.49400000
  0.483260  -0.0000   0.50400000
  0.483972  -0.0000   0.51400000
  0.484680  -0.0000   0.52400000
  0.485384  -0.0000   0.53400000
  0.486084  -0.0000   0.54400000
  0.486779  -0.0000   0.55400000
  0.487470  -0.0000   0.56400000
  0.488157  -0.0000   0.57400000
  0.488839  -0.0000   0.58400000
  0.489517  -0.0000   0.59400000
  0.489764  -0.0000   0.59800000
  0.489910  -0.0000   0.60100000
  0.490048  -0.0000   0.60300000
  0.490188  -0.0000   0.60600000
  0.490329  -0.0000   0.60900000
  0.490540  -0.0000   0.61300000
  0.490856  -0.0000   0.62000000
  0.491329  -0.0000   0.62900000
  0.491824  -0.0000   0.63900000
  0.492316  -0.0000   0.64900000
  0.492806  -0.0000   0.65900000
  0.493293  -0.0000   0.66900000
  0.493778  -0.0000   0.67900000
  0.494261  -0.0000   0.68900000
  0.494742  -0.0000   0.69900000
  0.495221  -0.0000   0.70900000
  0.495698  -0.0000   0.71900000
  0.496173  -0.0000   0.72900000
  0.496646  -0.0000   0.73900000
  0.497117  -0.0000   0.74900000
  0.497587  -0.0000   0.75900000
  0.498054  -0.0000   0.76900000
  0.498520  -0.0000   0.77900000
  0.498984  -0.0000   0.78900000
  0.499446  -0.0000   0.79900000
  0.499906  -0.0000   0.80900000
  0.500365  -0.0000   0.81900000
  0.500822  -0.0000   0.82900000
  0.501277  -0.0000   0.83900000
  0.501730  -0.0000   0.84900000
  0.502182  -0.0000   0.85900000
  0.502632  -0.0000   0.86900000
  0.503080  -0.0000   0.87900000
  0.503526  -0.0000   0.88900000
  0.503971  -0.0000   0.89900000
  0.504413  -0.0000   0.90900000
  0.504854  -0.0000   0.91900000
  0.505294  -0.0000   0.92900000
  0.505731  -0.0000   0.93900000
  0.506167  -0.0000   0.94900000
  0.506554  -0.0000   0.95900000
  0.506634  -0.0000   0.96200000
  0.506755  -0.0000   0.96500000
  0.506937  -0.0000   0.97100000
  0.507120  -0.0000   0.97700000
  0.507395  -0.0000   0.98500000
  0.507719  -0.0000   0.99500000
  0.507880  -0.0000   1.00000000
  0.506633  -0.0000   1.00000000
  0.506633  -0.0000   1.00000000
  0.506633  -0.0000   1.00000000
  0.506633  -0.0000   1.00000000
  0.506632  -0.0000   1.00000000
  0.506632  -0.0000   1.00000000
  0.506632  -0.0000   1.00000000
  0.506631  -0.0000   1.00000000
  0.506629  -0.0000   1.00000000
  0.506626  -0.0000   1.00000000
  0.506621  -0.0000   1.00000000
  0.506614  -0.0000   1.00000000
  0.506607  -0.0000   1.00000000
