  0.000251  -0.0000   0.00000010
  0.000305  -0.0000   0.00000012
  0.000416  -0.0000   0.00000014
  0.001112  -0.0000   0.00000016
  0.006573  -0.0000   0.00000018
  0.006747  -0.0000   0.00000020
  0.006910  -0.0000   0.00000022
  0.007099  -0.0000   0.00000024
  0.007347  -0.0000   0.00000026
  0.007654  -0.0000   0.00000028
  0.007879  -0.0000   0.00000030
  0.008146  -0.0000   0.00000031
  0.008467  -0.0000   0.00000032
  0.008853  -0.0000   0.00000034
  0.009193  -0.0000   0.00000035
  0.009580  -0.0000   0.00000036
  0.010015  -0.0000   0.00000037
  0.010501  -0.0000   0.00000038
  0.011038  -0.0000   0.00000039
  0.011626  -0.0000   0.00000040
  0.012262  -0.0000   0.00000041
  0.012944  -0.0000   0.00000042
  0.013669  -0.0000   0.00000043
  0.014431  -0.0000   0.00000044
  0.015227  -0.0000   0.00000045
  0.016255  -0.0000   0.00000046
  0.017319  -0.0000   0.00000047
  0.018409  -0.0000   0.00000049
  0.019517  -0.0000   0.00000050
  0.019604  -0.0000   0.00000050
  0.019691  -0.0000   0.00000050
  0.019717  -0.0000   0.00000050
  0.019728  -0.0000   0.00000050
  0.019740  -0.0000   0.00000051
  0.019750  -0.0000   0.00000051
  0.019758  -0.0000   0.00000051
  0.019768  -0.0000   0.00000051
  0.019781  -0.0000   0.00000052
  0.019798  -0.0000   0.00000053
  0.019819  -0.0000   0.00000054
  0.019846  -0.0000   0.00000056
  0.019884  -0.0000   0.00000058
  0.019937  -0.0000   0.00000062
  0.020015  -0.0000   0.00000068
  0.020136  -0.0000   0.00000076
  0.020340  -0.0000   0.00000089
  0.020501  -0.0000   0.00000098
  0.020701  -0.0000   0.00000107
  0.020963  -0.0000   0.00000116
  0.021187  -0.0000   0.00000122
  0.021464  -0.0000   0.00000128
  0.021806  -0.0000   0.00000135
  0.022127  -0.0000   0.00000139
  0.022503  -0.0000   0.00000144
  0.022939  -0.0000   0.00000149
  0.023440  -0.0000   0.00000154
  0.023869  -0.0000   0.00000158
  0.024342  -0.0000   0.00000162
  0.024861  -0.0000   0.00000166
  0.025392  -0.0000   0.00000169
  0.025967  -0.0000   0.00000173
  0.026585  -0.0000   0.00000176
  0.027248  -0.0000   0.00000180
  0.027955  -0.0000   0.00000184
  0.028705  -0.0000   0.00000187
  0.029499  -0.0000   0.00000191
  0.030336  -0.0000   0.00000194
  0.031215  -0.0000   0.00000198
  0.032134  -0.0000   0.00000201
  0.033093  -0.0000   0.00000205
  0.034091  -0.0000   0.00000209
  0.035249  -0.0000   0.00000213
  0.035325  -0.0000   0.00000213
  0.035400  -0.0000   0.00000213
  0.035476  -0.0000   0.00000213
  0.035530  -0.0000   0.00000214
  0.035556  -0.0000   0.00000214
  0.035576  -0.0000   0.00000215
  0.035594  -0.0000   0.00000216
  0.035609  -0.0000   0.00000216
  0.035629  -0.0000   0.00000217
  0.035656  -0.0000   0.00000218
  0.035691  -0.0000   0.00000220
  0.035737  -0.0000   0.00000223
  0.035799  -0.0000   0.00000228
  0.035885  -0.0000   0.00000234
  0.036011  -0.0000   0.00000244
  0.036213  -0.0000   0.00000259
  0.036597  -0.0000   0.00000282
  0.036790  -0.0000   0.00000292
  0.037014  -0.0000   0.00000301
  0.037277  -0.0000   0.00000311
  0.037611  -0.0000   0.00000322
  0.038002  -0.0000   0.00000332
  0.038457  -0.0000   0.00000343
  0.038938  -0.0000   0.00000352
  0.039483  -0.0000   0.00000362
  0.040096  -0.0000   0.00000372
  0.040783  -0.0000   0.00000382
  0.041548  -0.0000   0.00000391
  0.042395  -0.0000   0.00000401
  0.043174  -0.0000   0.00000409
  0.044018  -0.0000   0.00000418
  0.044927  -0.0000   0.00000426
  0.045904  -0.0000   0.00000434
  0.046949  -0.0000   0.00000443
  0.048064  -0.0000   0.00000451
  0.049250  -0.0000   0.00000459
  0.050506  -0.0000   0.00000468
  0.051832  -0.0000   0.00000476
  0.052115  -0.0000   0.00000478
  0.052401  -0.0000   0.00000479
  0.052690  -0.0000   0.00000481
  0.052773  -0.0000   0.00000482
  0.052806  -0.0000   0.00000483
  0.052833  -0.0000   0.00000483
  0.052866  -0.0000   0.00000484
  0.052909  -0.0000   0.00000486
  0.052962  -0.0000   0.00000488
  0.053031  -0.0000   0.00000492
  0.053121  -0.0000   0.00000498
  0.053244  -0.0000   0.00000506
  0.053422  -0.0000   0.00000519
  0.053706  -0.0000   0.00000537
  0.054012  -0.0000   0.00000555
  0.054370  -0.0000   0.00000573
  0.054792  -0.0000   0.00000591
  0.055288  -0.0000   0.00000608
  0.055865  -0.0000   0.00000626
  0.056530  -0.0000   0.00000644
  0.057289  -0.0000   0.00000661
  0.057958  -0.0000   0.00000676
  0.058695  -0.0000   0.00000690
  0.059504  -0.0000   0.00000704
  0.060388  -0.0000   0.00000718
  0.061350  -0.0000   0.00000732
  0.062394  -0.0000   0.00000746
  0.063523  -0.0000   0.00000760
  0.064739  -0.0000   0.00000774
  0.066044  -0.0000   0.00000788
  0.067209  -0.0000   0.00000800
  0.068439  -0.0000   0.00000812
  0.069733  -0.0000   0.00000824
  0.069846  -0.0000   0.00000825
  0.069960  -0.0000   0.00000826
  0.070007  -0.0000   0.00000827
  0.070058  -0.0000   0.00000829
  0.070102  -0.0000   0.00000830
  0.070140  -0.0000   0.00000832
  0.070191  -0.0000   0.00000834
  0.070258  -0.0000   0.00000838
  0.070348  -0.0000   0.00000843
  0.070471  -0.0000   0.00000851
  0.070645  -0.0000   0.00000863
  0.070912  -0.0000   0.00000881
  0.071363  -0.0000   0.00000907
  0.071796  -0.0000   0.00000930
  0.072292  -0.0000   0.00000952
  0.072859  -0.0000   0.00000974
  0.073581  -0.0000   0.00000999
  0.074401  -0.0000   0.00001024
  0.075132  -0.0000   0.00001044
  0.075936  -0.0000   0.00001064
  0.076816  -0.0000   0.00001084
  0.077775  -0.0000   0.00001104
  0.078818  -0.0000   0.00001124
  0.079948  -0.0000   0.00001144
  0.081168  -0.0000   0.00001164
  0.082481  -0.0000   0.00001184
  0.083888  -0.0000   0.00001204
  0.085131  -0.0000   0.00001221
  0.086441  -0.0000   0.00001238
  0.086616  -0.0000   0.00001240
  0.086793  -0.0000   0.00001242
  0.086971  -0.0000   0.00001244
  0.087056  -0.0000   0.00001246
  0.087113  -0.0000   0.00001248
  0.087163  -0.0000   0.00001250
  0.087227  -0.0000   0.00001253
  0.087311  -0.0000   0.00001258
  0.087424  -0.0000   0.00001265
  0.087578  -0.0000   0.00001275
  0.087800  -0.0000   0.00001290
  0.088146  -0.0000   0.00001313
  0.088589  -0.0000   0.00001339
  0.089087  -0.0000   0.00001365
  0.089646  -0.0000   0.00001392
  0.090380  -0.0000   0.00001422
  0.091203  -0.0000   0.00001453
  0.092123  -0.0000   0.00001483
  0.093143  -0.0000   0.00001514
  0.094063  -0.0000   0.00001539
  0.095059  -0.0000   0.00001564
  0.096134  -0.0000   0.00001589
  0.097293  -0.0000   0.00001615
  0.098536  -0.0000   0.00001640
  0.099867  -0.0000   0.00001665
  0.101288  -0.0000   0.00001690
  0.102799  -0.0000   0.00001716
  0.104261  -0.0000   0.00001741
  0.104319  -0.0000   0.00001743
  0.104368  -0.0000   0.00001745
  0.104414  -0.0000   0.00001747
  0.104474  -0.0000   0.00001750
  0.104555  -0.0000   0.00001754
  0.104665  -0.0000   0.00001761
  0.104818  -0.0000   0.00001771
  0.105037  -0.0000   0.00001786
  0.105373  -0.0000   0.00001808
  0.105928  -0.0000   0.00001842
  0.106551  -0.0000   0.00001876
  0.107247  -0.0000   0.00001910
  0.108019  -0.0000   0.00001943
  0.108870  -0.0000   0.00001977
  0.109802  -0.0000   0.00002011
  0.110820  -0.0000   0.00002045
  0.111926  -0.0000   0.00002078
  0.113125  -0.0000   0.00002112
  0.114419  -0.0000   0.00002146
  0.115812  -0.0000   0.00002180
  0.117307  -0.0000   0.00002213
  0.118633  -0.0000   0.00002242
  0.120032  -0.0000   0.00002270
  0.121470  -0.0000   0.00002298
  0.121541  -0.0000   0.00002301
  0.121603  -0.0000   0.00002304
  0.121659  -0.0000   0.00002306
  0.121734  -0.0000   0.00002310
  0.121837  -0.0000   0.00002316
  0.121977  -0.0000   0.00002326
  0.122175  -0.0000   0.00002339
  0.122470  -0.0000   0.00002360
  0.122937  -0.0000   0.00002391
  0.123396  -0.0000   0.00002419
  0.123891  -0.0000   0.00002447
  0.124424  -0.0000   0.00002475
  0.125309  -0.0000   0.00002517
  0.126281  -0.0000   0.00002559
  0.127344  -0.0000   0.00002601
  0.128501  -0.0000   0.00002643
  0.129757  -0.0000   0.00002685
  0.131114  -0.0000   0.00002727
  0.132575  -0.0000   0.00002769
  0.133869  -0.0000   0.00002804
  0.135239  -0.0000   0.00002839
  0.136687  -0.0000   0.00002874
  0.138370  -0.0000   0.00002913
  0.138513  -0.0000   0.00002916
  0.138656  -0.0000   0.00002919
  0.138744  -0.0000   0.00002923
  0.138844  -0.0000   0.00002928
  0.138972  -0.0000   0.00002935
  0.139088  -0.0000   0.00002942
  0.139248  -0.0000   0.00002953
  0.139478  -0.0000   0.00002969
  0.139825  -0.0000   0.00002994
  0.140382  -0.0000   0.00003031
  0.140987  -0.0000   0.00003068
  0.141642  -0.0000   0.00003105
  0.142346  -0.0000   0.00003142
  0.143099  -0.0000   0.00003179
  0.144344  -0.0000   0.00003234
  0.145436  -0.0000   0.00003279
  0.146609  -0.0000   0.00003324
  0.147865  -0.0000   0.00003369
  0.149365  -0.0000   0.00003420
  0.150719  -0.0000   0.00003462
  0.152152  -0.0000   0.00003505
  0.153667  -0.0000   0.00003547
  0.155265  -0.0000   0.00003590
  0.155469  -0.0000   0.00003595
  0.155675  -0.0000   0.00003601
  0.155882  -0.0000   0.00003606
  0.156020  -0.0000   0.00003611
  0.156121  -0.0000   0.00003617
  0.156211  -0.0000   0.00003622
  0.156334  -0.0000   0.00003630
  0.156503  -0.0000   0.00003642
  0.156745  -0.0000   0.00003659
  0.157109  -0.0000   0.00003686
  0.157691  -0.0000   0.00003726
  0.158318  -0.0000   0.00003766
  0.158992  -0.0000   0.00003806
  0.159711  -0.0000   0.00003846
  0.160475  -0.0000   0.00003886
  0.161724  -0.0000   0.00003946
  0.163079  -0.0000   0.00004006
  0.164543  -0.0000   0.00004066
  0.165869  -0.0000   0.00004117
  0.167277  -0.0000   0.00004168
  0.168771  -0.0000   0.00004219
  0.170353  -0.0000   0.00004270
  0.172022  -0.0000   0.00004320
  0.172498  -0.0000   0.00004335
  0.172981  -0.0000   0.00004349
  0.173307  -0.0000   0.00004360
  0.173418  -0.0000   0.00004366
  0.173518  -0.0000   0.00004371
  0.173609  -0.0000   0.00004377
  0.173736  -0.0000   0.00004386
  0.173915  -0.0000   0.00004399
  0.174176  -0.0000   0.00004419
  0.174575  -0.0000   0.00004449
  0.175215  -0.0000   0.00004494
  0.175902  -0.0000   0.00004538
  0.176635  -0.0000   0.00004583
  0.177414  -0.0000   0.00004628
  0.178238  -0.0000   0.00004672
  0.179577  -0.0000   0.00004739
  0.181020  -0.0000   0.00004806
  0.182573  -0.0000   0.00004873
  0.184236  -0.0000   0.00004941
  0.185700  -0.0000   0.00004996
  0.187244  -0.0000   0.00005052
  0.188870  -0.0000   0.00005108
  0.190647  -0.0000   0.00005169
  0.190750  -0.0000   0.00005175
  0.190843  -0.0000   0.00005181
  0.190929  -0.0000   0.00005186
  0.191049  -0.0000   0.00005195
  0.191219  -0.0000   0.00005208
  0.191464  -0.0000   0.00005227
  0.191835  -0.0000   0.00005256
  0.192423  -0.0000   0.00005299
  0.193047  -0.0000   0.00005342
  0.193708  -0.0000   0.00005385
  0.194405  -0.0000   0.00005429
  0.195528  -0.0000   0.00005494
  0.196758  -0.0000   0.00005560
  0.198072  -0.0000   0.00005626
  0.199470  -0.0000   0.00005693
  0.201122  -0.0000   0.00005766
  0.202882  -0.0000   0.00005839
  0.204753  -0.0000   0.00005913
  0.206392  -0.0000   0.00005974
  0.207726  -0.0000   0.00006022
  0.207872  -0.0000   0.00006027
  0.207968  -0.0000   0.00006033
  0.208055  -0.0000   0.00006038
  0.208173  -0.0000   0.00006046
  0.208284  -0.0000   0.00006054
  0.208441  -0.0000   0.00006067
  0.208669  -0.0000   0.00006085
  0.209011  -0.0000   0.00006113
  0.209545  -0.0000   0.00006154
  0.210105  -0.0000   0.00006195
  0.210694  -0.0000   0.00006236
  0.211309  -0.0000   0.00006278
  0.212291  -0.0000   0.00006339
  0.213558  -0.0000   0.00006414
  0.214910  -0.0000   0.00006488
  0.216348  -0.0000   0.00006563
  0.218071  -0.0000   0.00006646
  0.219907  -0.0000   0.00006730
  0.221520  -0.0000   0.00006800
  0.223214  -0.0000   0.00006870
  0.224989  -0.0000   0.00006939
  0.225122  -0.0000   0.00006945
  0.225215  -0.0000   0.00006951
  0.225300  -0.0000   0.00006956
  0.225417  -0.0000   0.00006965
  0.225579  -0.0000   0.00006977
  0.225810  -0.0000   0.00006997
  0.226151  -0.0000   0.00007025
  0.226679  -0.0000   0.00007068
  0.227233  -0.0000   0.00007111
  0.227814  -0.0000   0.00007154
  0.228419  -0.0000   0.00007197
  0.229381  -0.0000   0.00007261
  0.230874  -0.0000   0.00007354
  0.232476  -0.0000   0.00007446
  0.234188  -0.0000   0.00007539
  0.236013  -0.0000   0.00007632
  0.237954  -0.0000   0.00007724
  0.239634  -0.0000   0.00007801
  0.241394  -0.0000   0.00007877
  0.241704  -0.0000   0.00007891
  0.242018  -0.0000   0.00007904
  0.242334  -0.0000   0.00007918
  0.242496  -0.0000   0.00007926
  0.242621  -0.0000   0.00007935
  0.242736  -0.0000   0.00007943
  0.242896  -0.0000   0.00007956
  0.243123  -0.0000   0.00007976
  0.243458  -0.0000   0.00008005
  0.243976  -0.0000   0.00008048
  0.244497  -0.0000   0.00008090
  0.245039  -0.0000   0.00008132
  0.245602  -0.0000   0.00008174
  0.246490  -0.0000   0.00008236
  0.247916  -0.0000   0.00008331
  0.249436  -0.0000   0.00008425
  0.251052  -0.0000   0.00008519
  0.252765  -0.0000   0.00008613
  0.254577  -0.0000   0.00008707
  0.256488  -0.0000   0.00008801
  0.258501  -0.0000   0.00008896
  0.258823  -0.0000   0.00008911
  0.259148  -0.0000   0.00008926
  0.259475  -0.0000   0.00008941
  0.259750  -0.0000   0.00008954
  0.259903  -0.0000   0.00008965
  0.260043  -0.0000   0.00008976
  0.260175  -0.0000   0.00008987
  0.260302  -0.0000   0.00008998
  0.260488  -0.0000   0.00009014
  0.260765  -0.0000   0.00009039
  0.261190  -0.0000   0.00009076
  0.261859  -0.0000   0.00009131
  0.262560  -0.0000   0.00009187
  0.263292  -0.0000   0.00009242
  0.264053  -0.0000   0.00009298
  0.265258  -0.0000   0.00009381
  0.266684  -0.0000   0.00009474
  0.268189  -0.0000   0.00009567
  0.269774  -0.0000   0.00009660
  0.271473  -0.0000   0.00009754
  0.273258  -0.0000   0.00009849
  0.275128  -0.0000   0.00009944
  0.276990  -0.0000   0.00010040
  0.277102  -0.0000   0.00010050
  0.277205  -0.0000   0.00010060
  0.277301  -0.0000   0.00010060
  0.277435  -0.0000   0.00010080
  0.277624  -0.0000   0.00010100
  0.277896  -0.0000   0.00010120
  0.278299  -0.0000   0.00010170
  0.278907  -0.0000   0.00010230
  0.279519  -0.0000   0.00010300
  0.280133  -0.0000   0.00010360
  0.280747  -0.0000   0.00010430
  0.281664  -0.0000   0.00010520
  0.283030  -0.0000   0.00010670
  0.285049  -0.0000   0.00010890
  0.288005  -0.0000   0.00011220
  0.290888  -0.0000   0.00011540
  0.293697  -0.0000   0.00011870
  0.293840  -0.0000   0.00011890
  0.293942  -0.0000   0.00011900
  0.294033  -0.0000   0.00011920
  0.294159  -0.0000   0.00011950
  0.294335  -0.0000   0.00011980
  0.294584  -0.0000   0.00012040
  0.294951  -0.0000   0.00012120
  0.295505  -0.0000   0.00012250
  0.296063  -0.0000   0.00012380
  0.296624  -0.0000   0.00012510
  0.297185  -0.0000   0.00012630
  0.298027  -0.0000   0.00012820
  0.299280  -0.0000   0.00013110
  0.301139  -0.0000   0.00013540
  0.303871  -0.0000   0.00014180
  0.306546  -0.0000   0.00014830
  0.309163  -0.0000   0.00015470
  0.309429  -0.0000   0.00015540
  0.309694  -0.0000   0.00015600
  0.309958  -0.0000   0.00015670
  0.310353  -0.0000   0.00015770
  0.310586  -0.0000   0.00015830
  0.310743  -0.0000   0.00015880
  0.310885  -0.0000   0.00015940
  0.311019  -0.0000   0.00016000
  0.311148  -0.0000   0.00016060
  0.311337  -0.0000   0.00016150
  0.311618  -0.0000   0.00016290
  0.312043  -0.0000   0.00016490
  0.312688  -0.0000   0.00016790
  0.313335  -0.0000   0.00017090
  0.313983  -0.0000   0.00017390
  0.314952  -0.0000   0.00017840
  0.316395  -0.0000   0.00018520
  0.318531  -0.0000   0.00019530
  0.320748  -0.0000   0.00020610
  0.322930  -0.0000   0.00021680
  0.325074  -0.0000   0.00022750
  0.325599  -0.0000   0.00023010
  0.326122  -0.0000   0.00023280
  0.326642  -0.0000   0.00023540
  0.327398  -0.0000   0.00023930
  0.327506  -0.0000   0.00024010
  0.327605  -0.0000   0.00024090
  0.327698  -0.0000   0.00024170
  0.327831  -0.0000   0.00024290
  0.328024  -0.0000   0.00024470
  0.328310  -0.0000   0.00024740
  0.328742  -0.0000   0.00025140
  0.329398  -0.0000   0.00025750
  0.330057  -0.0000   0.00026350
  0.330717  -0.0000   0.00026960
  0.331705  -0.0000   0.00027860
  0.333176  -0.0000   0.00029220
  0.335355  -0.0000   0.00031260
  0.337631  -0.0000   0.00033430
  0.339870  -0.0000   0.00035590
  0.342072  -0.0000   0.00037760
  0.342436  -0.0000   0.00038120
  0.342798  -0.0000   0.00038470
  0.343160  -0.0000   0.00038830
  0.343699  -0.0000   0.00039370
  0.343964  -0.0000   0.00039630
  0.344177  -0.0000   0.00039900
  0.344343  -0.0000   0.00040160
  0.344572  -0.0000   0.00040560
  0.344795  -0.0000   0.00040960
  0.345018  -0.0000   0.00041350
  0.345355  -0.0000   0.00041950
  0.345865  -0.0000   0.00042840
  0.346613  -0.0000   0.00044140
  0.347361  -0.0000   0.00045440
  0.348480  -0.0000   0.00047390
  0.350143  -0.0000   0.00050310
  0.352601  -0.0000   0.00054700
  0.355019  -0.0000   0.00059090
  0.357396  -0.0000   0.00063480
  0.359731  -0.0000   0.00067860
  0.359956  -0.0000   0.00068290
  0.360181  -0.0000   0.00068710
  0.360405  -0.0000   0.00069140
  0.360736  -0.0000   0.00069770
  0.360850  -0.0000   0.00070080
  0.360954  -0.0000   0.00070390
  0.361053  -0.0000   0.00070690
  0.361196  -0.0000   0.00071150
  0.361406  -0.0000   0.00071850
  0.361723  -0.0000   0.00072880
  0.362204  -0.0000   0.00074440
  0.362839  -0.0000   0.00076480
  0.363476  -0.0000   0.00078520
  0.364113  -0.0000   0.00080560
  0.365066  -0.0000   0.00083620
  0.366485  -0.0000   0.00088200
  0.368586  -0.0000   0.00095090
  0.370896  -0.0000   0.00102800
  0.373171  -0.0000   0.00110400
  0.375409  -0.0000   0.00118100
  0.375779  -0.0000   0.00119400
  0.376148  -0.0000   0.00120700
  0.376516  -0.0000   0.00121900
  0.377065  -0.0000   0.00123800
  0.377309  -0.0000   0.00124700
  0.377507  -0.0000   0.00125600
  0.377664  -0.0000   0.00126400
  0.377884  -0.0000   0.00127700
  0.378101  -0.0000   0.00129000
  0.378319  -0.0000   0.00130200
  0.378649  -0.0000   0.00132100
  0.379148  -0.0000   0.00135000
  0.379900  -0.0000   0.00139300
  0.380652  -0.0000   0.00143600
  0.381775  -0.0000   0.00150100
  0.383446  -0.0000   0.00159800
  0.385914  -0.0000   0.00174300
  0.388345  -0.0000   0.00188800
  0.390737  -0.0000   0.00203300
  0.393089  -0.0000   0.00217900
  0.393311  -0.0000   0.00219300
  0.393534  -0.0000   0.00220600
  0.393756  -0.0000   0.00222000
  0.394075  -0.0000   0.00224100
  0.394201  -0.0000   0.00225200
  0.394318  -0.0000   0.00226300
  0.394430  -0.0000   0.00227500
  0.394595  -0.0000   0.00229200
  0.394843  -0.0000   0.00231700
  0.395219  -0.0000   0.00235500
  0.395788  -0.0000   0.00241200
  0.396360  -0.0000   0.00246900
  0.396932  -0.0000   0.00252600
  0.397788  -0.0000   0.00261200
  0.399065  -0.0000   0.00274100
  0.400961  -0.0000   0.00293300
  0.403334  -0.0000   0.00317800
  0.405673  -0.0000   0.00342300
  0.407975  -0.0000   0.00366800
  0.410241  -0.0000   0.00391300
  0.410403  -0.0000   0.00393000
  0.410565  -0.0000   0.00394800
  0.410721  -0.0000   0.00396500
  0.410862  -0.0000   0.00398700
  0.410994  -0.0000   0.00400900
  0.411122  -0.0000   0.00403200
  0.411248  -0.0000   0.00405400
  0.411439  -0.0000   0.00408700
  0.411727  -0.0000   0.00413700
  0.412164  -0.0000   0.00421100
  0.412823  -0.0000   0.00432300
  0.413482  -0.0000   0.00443500
  0.414468  -0.0000   0.00460400
  0.415937  -0.0000   0.00485600
  0.418114  -0.0000   0.00523400
  0.420323  -0.0000   0.00562300
  0.422503  -0.0000   0.00601200
  0.424652  -0.0000   0.00640100
  0.425560  -0.0000   0.00656600
  0.426463  -0.0000   0.00673200
  0.427352  -0.0000   0.00689700
  0.427475  -0.0000   0.00692900
  0.427589  -0.0000   0.00696100
  0.427699  -0.0000   0.00699300
  0.427808  -0.0000   0.00702500
  0.427972  -0.0000   0.00707300
  0.428220  -0.0000   0.00714400
  0.428595  -0.0000   0.00725200
  0.429163  -0.0000   0.00741300
  0.430015  -0.0000   0.00765500
  0.431289  -0.0000   0.00801800
  0.433184  -0.0000   0.00856200
  0.435488  -0.0000   0.00923200
  0.437762  -0.0000   0.00990200
  0.440004  -0.0000   0.01057000
  0.442838  -0.0000   0.01144000
  0.443065  -0.0000   0.01151000
  0.443292  -0.0000   0.01157000
  0.443519  -0.0000   0.01164000
  0.443858  -0.0000   0.01175000
  0.444057  -0.0000   0.01182000
  0.444208  -0.0000   0.01188000
  0.444351  -0.0000   0.01195000
  0.444564  -0.0000   0.01205000
  0.444779  -0.0000   0.01215000
  0.445104  -0.0000   0.01230000
  0.445595  -0.0000   0.01253000
  0.446334  -0.0000   0.01287000
  0.447439  -0.0000   0.01339000
  0.449085  -0.0000   0.01416000
  0.451522  -0.0000   0.01531000
  0.453925  -0.0000   0.01646000
  0.456295  -0.0000   0.01762000
  0.458629  -0.0000   0.01877000
  0.459507  -0.0000   0.01921000
  0.460380  -0.0000   0.01964000
  0.460581  -0.0000   0.01975000
  0.460734  -0.0000   0.01985000
  0.460869  -0.0000   0.01995000
  0.461002  -0.0000   0.02005000
  0.461134  -0.0000   0.02015000
  0.461334  -0.0000   0.02030000
  0.461636  -0.0000   0.02053000
  0.462094  -0.0000   0.02087000
  0.462781  -0.0000   0.02138000
  0.463810  -0.0000   0.02214000
  0.465344  -0.0000   0.02329000
  0.467617  -0.0000   0.02501000
  0.469862  -0.0000   0.02673000
  0.472077  -0.0000   0.02845000
  0.474263  -0.0000   0.03018000
  0.477262  -0.0000   0.03258000
  0.477379  -0.0000   0.03271000
  0.477484  -0.0000   0.03283000
  0.477587  -0.0000   0.03295000
  0.477739  -0.0000   0.03313000
  0.477969  -0.0000   0.03341000
  0.478319  -0.0000   0.03382000
  0.478847  -0.0000   0.03444000
  0.479375  -0.0000   0.03506000
  0.480167  -0.0000   0.03599000
  0.481349  -0.0000   0.03738000
  0.483108  -0.0000   0.03947000
  0.485708  -0.0000   0.04260000
  0.488271  -0.0000   0.04573000
  0.490795  -0.0000   0.04886000
  0.493278  -0.0000   0.05199000
  0.493459  -0.0000   0.05222000
  0.493641  -0.0000   0.05245000
  0.493822  -0.0000   0.05268000
  0.494048  -0.0000   0.05302000
  0.494235  -0.0000   0.05337000
  0.494419  -0.0000   0.05371000
  0.494605  -0.0000   0.05405000
  0.494886  -0.0000   0.05457000
  0.495311  -0.0000   0.05534000
  0.495950  -0.0000   0.05650000
  0.496907  -0.0000   0.05824000
  0.498333  -0.0000   0.06085000
  0.500450  -0.0000   0.06477000
  0.502695  -0.0000   0.06897000
  0.504912  -0.0000   0.07318000
  0.507101  -0.0000   0.07738000
  0.510103  -0.0000   0.08326000
  0.510276  -0.0000   0.08360000
  0.510449  -0.0000   0.08393000
  0.510621  -0.0000   0.08427000
  0.510745  -0.0000   0.08461000
  0.510863  -0.0000   0.08494000
  0.510980  -0.0000   0.08527000
  0.511097  -0.0000   0.08561000
  0.511274  -0.0000   0.08611000
  0.511542  -0.0000   0.08686000
  0.511946  -0.0000   0.08798000
  0.512554  -0.0000   0.08967000
  0.513464  -0.0000   0.09220000
  0.514821  -0.0000   0.09599000
  0.516836  -0.0000   0.10200000
  0.519036  -0.0000   0.10800000
  0.521209  -0.0000   0.11400000
  0.523355  -0.0000   0.12100000
  0.526392  -0.0000   0.13000000
  0.526589  -0.0000   0.13000000
  0.526786  -0.0000   0.13100000
  0.526983  -0.0000   0.13100000
  0.527278  -0.0000   0.13200000
  0.527403  -0.0000   0.13300000
  0.527521  -0.0000   0.13300000
  0.527638  -0.0000   0.13400000
  0.527815  -0.0000   0.13500000
  0.528084  -0.0000   0.13600000
  0.528489  -0.0000   0.13700000
  0.529099  -0.0000   0.14000000
  0.530012  -0.0000   0.14400000
  0.531375  -0.0000   0.14900000
  0.533398  -0.0000   0.15800000
  0.535718  -0.0000   0.16800000
  0.538009  -0.0000   0.17800000
  0.540271  -0.0000   0.18800000
  0.542502  -0.0000   0.19800000
  0.542892  -0.0000   0.20000000
  0.543282  -0.0000   0.20200000
  0.543670  -0.0000   0.20300000
  0.543955  -0.0000   0.20500000
  0.544084  -0.0000   0.20500000
  0.544208  -0.0000   0.20600000
  0.544331  -0.0000   0.20700000
  0.544456  -0.0000   0.20800000
  0.544644  -0.0000   0.20900000
  0.544929  -0.0000   0.21100000
  0.545358  -0.0000   0.21300000
  0.546003  -0.0000   0.21700000
  0.546966  -0.0000   0.22400000
  0.548402  -0.0000   0.23300000
  0.549980  -0.0000   0.24300000
  0.551545  -0.0000   0.25300000
  0.553098  -0.0000   0.26300000
  0.554637  -0.0000   0.27300000
  0.556163  -0.0000   0.28300000
  0.557675  -0.0000   0.29300000
  0.559174  -0.0000   0.30300000
  0.560650  -0.0000   0.31300000
  0.560773  -0.0000   0.31400000
  0.560891  -0.0000   0.31500000
  0.561010  -0.0000   0.31600000
  0.561128  -0.0000   0.31700000
  0.561308  -0.0000   0.31900000
  0.561580  -0.0000   0.32100000
  0.561990  -0.0000   0.32500000
  0.562605  -0.0000   0.33100000
  0.563525  -0.0000   0.33900000
  0.564608  -0.0000   0.34900000
  0.565686  -0.0000   0.35900000
  0.566758  -0.0000   0.36900000
  0.567824  -0.0000   0.37900000
  0.568885  -0.0000   0.38900000
  0.569939  -0.0000   0.39900000
  0.570988  -0.0000   0.40900000
  0.572031  -0.0000   0.41900000
  0.573067  -0.0000   0.42900000
  0.574097  -0.0000   0.43900000
  0.575121  -0.0000   0.44900000
  0.576138  -0.0000   0.45900000
  0.577148  -0.0000   0.46900000
  0.577336  -0.0000   0.47100000
  0.577479  -0.0000   0.47300000
  0.577615  -0.0000   0.47500000
  0.577751  -0.0000   0.47700000
  0.577889  -0.0000   0.47800000
  0.578098  -0.0000   0.48100000
  0.578412  -0.0000   0.48500000
  0.578885  -0.0000   0.49200000
  0.579593  -0.0000   0.50100000
  0.580343  -0.0000   0.51100000
  0.581090  -0.0000   0.52100000
  0.581834  -0.0000   0.53100000
  0.582576  -0.0000   0.54100000
  0.583315  -0.0000   0.55100000
  0.584051  -0.0000   0.56100000
  0.584784  -0.0000   0.57100000
  0.585515  -0.0000   0.58100000
  0.586243  -0.0000   0.59100000
  0.586968  -0.0000   0.60100000
  0.587690  -0.0000   0.61100000
  0.588409  -0.0000   0.62100000
  0.589126  -0.0000   0.63100000
  0.589839  -0.0000   0.64100000
  0.590550  -0.0000   0.65100000
  0.591257  -0.0000   0.66100000
  0.591962  -0.0000   0.67100000
  0.592663  -0.0000   0.68100000
  0.593361  -0.0000   0.69100000
  0.594016  -0.0000   0.70100000
  0.594146  -0.0000   0.70400000
  0.594337  -0.0000   0.70700000
  0.594530  -0.0000   0.71100000
  0.594724  -0.0000   0.71500000
  0.595017  -0.0000   0.72000000
  0.595458  -0.0000   0.72900000
  0.595981  -0.0000   0.73900000
  0.596503  -0.0000   0.74900000
  0.597024  -0.0000   0.75900000
  0.597543  -0.0000   0.76900000
  0.598062  -0.0000   0.77900000
  0.598579  -0.0000   0.78900000
  0.599094  -0.0000   0.79900000
  0.599609  -0.0000   0.80900000
  0.600122  -0.0000   0.81900000
  0.600633  -0.0000   0.82900000
  0.601144  -0.0000   0.83900000
  0.601653  -0.0000   0.84900000
  0.602160  -0.0000   0.85900000
  0.602667  -0.0000   0.86900000
  0.603172  -0.0000   0.87900000
  0.603675  -0.0000   0.88900000
  0.604178  -0.0000   0.89900000
  0.604679  -0.0000   0.90900000
  0.605178  -0.0000   0.91900000
  0.605676  -0.0000   0.92900000
  0.606173  -0.0000   0.93900000
  0.606668  -0.0000   0.94900000
  0.607162  -0.0000   0.95900000
  0.607655  -0.0000   0.96900000
  0.608146  -0.0000   0.97900000
  0.608635  -0.0000   0.98900000
  0.609123  -0.0000   0.99900000
  0.609178  -0.0000   1.00000000
  0.606538  -0.0000   1.00000000
  0.606538  -0.0000   1.00000000
  0.606538  -0.0000   1.00000000
  0.606538  -0.0000   1.00000000
  0.606537  -0.0000   1.00000000
  0.606537  -0.0000   1.00000000
  0.606535  -0.0000   1.00000000
  0.606532  -0.0000   1.00000000
  0.606527  -0.0000   1.00000000
  0.606516  -0.0000   1.00000000
  0.606499  -0.0000   1.00000000
  0.606473  -0.0000   1.00000000
  0.606450  -0.0000   1.00000000
