  0.000073  -0.0000   0.00000010
  0.000159  -0.0000   0.00000020
  0.000431  -0.0000   0.00000030
  0.005021  -0.0000   0.00000045
  0.006357  -0.0000   0.00000046
  0.006396  -0.0000   0.00000049
  0.006427  -0.0000   0.00000052
  0.006476  -0.0000   0.00000056
  0.006556  -0.0000   0.00000064
  0.006698  -0.0000   0.00000074
  0.006922  -0.0000   0.00000088
  0.007201  -0.0000   0.00000101
  0.007543  -0.0000   0.00000115
  0.007840  -0.0000   0.00000125
  0.008187  -0.0000   0.00000135
  0.008595  -0.0000   0.00000145
  0.008979  -0.0000   0.00000153
  0.009418  -0.0000   0.00000161
  0.009919  -0.0000   0.00000170
  0.010487  -0.0000   0.00000178
  0.010983  -0.0000   0.00000184
  0.011525  -0.0000   0.00000191
  0.012116  -0.0000   0.00000198
  0.012852  -0.0000   0.00000205
  0.013651  -0.0000   0.00000213
  0.014511  -0.0000   0.00000220
  0.015433  -0.0000   0.00000228
  0.016413  -0.0000   0.00000235
  0.017449  -0.0000   0.00000243
  0.018540  -0.0000   0.00000250
  0.019680  -0.0000   0.00000257
  0.019805  -0.0000   0.00000258
  0.019930  -0.0000   0.00000259
  0.020044  -0.0000   0.00000260
  0.020068  -0.0000   0.00000261
  0.020088  -0.0000   0.00000262
  0.020105  -0.0000   0.00000263
  0.020128  -0.0000   0.00000265
  0.020156  -0.0000   0.00000267
  0.020191  -0.0000   0.00000271
  0.020223  -0.0000   0.00000275
  0.020264  -0.0000   0.00000280
  0.020302  -0.0000   0.00000286
  0.020355  -0.0000   0.00000294
  0.020427  -0.0000   0.00000306
  0.020531  -0.0000   0.00000324
  0.020633  -0.0000   0.00000343
  0.020787  -0.0000   0.00000370
  0.021040  -0.0000   0.00000411
  0.021339  -0.0000   0.00000453
  0.021701  -0.0000   0.00000495
  0.022034  -0.0000   0.00000528
  0.022429  -0.0000   0.00000561
  0.022894  -0.0000   0.00000594
  0.023440  -0.0000   0.00000626
  0.023894  -0.0000   0.00000651
  0.024401  -0.0000   0.00000675
  0.024964  -0.0000   0.00000699
  0.025512  -0.0000   0.00000721
  0.026109  -0.0000   0.00000743
  0.026757  -0.0000   0.00000765
  0.027414  -0.0000   0.00000785
  0.028119  -0.0000   0.00000805
  0.028873  -0.0000   0.00000826
  0.029779  -0.0000   0.00000848
  0.030592  -0.0000   0.00000868
  0.031450  -0.0000   0.00000887
  0.032356  -0.0000   0.00000906
  0.033309  -0.0000   0.00000926
  0.034309  -0.0000   0.00000945
  0.035357  -0.0000   0.00000964
  0.036451  -0.0000   0.00000983
  0.036568  -0.0000   0.00000985
  0.036686  -0.0000   0.00000987
  0.036803  -0.0000   0.00000989
  0.036880  -0.0000   0.00000993
  0.036921  -0.0000   0.00000996
  0.036957  -0.0000   0.00000999
  0.036989  -0.0000   0.00001002
  0.037033  -0.0000   0.00001006
  0.037090  -0.0000   0.00001013
  0.037167  -0.0000   0.00001024
  0.037270  -0.0000   0.00001039
  0.037413  -0.0000   0.00001063
  0.037619  -0.0000   0.00001098
  0.037827  -0.0000   0.00001133
  0.038164  -0.0000   0.00001186
  0.038550  -0.0000   0.00001239
  0.038989  -0.0000   0.00001293
  0.039490  -0.0000   0.00001347
  0.040040  -0.0000   0.00001399
  0.040660  -0.0000   0.00001451
  0.041352  -0.0000   0.00001503
  0.042268  -0.0000   0.00001564
  0.043053  -0.0000   0.00001611
  0.043910  -0.0000   0.00001659
  0.044844  -0.0000   0.00001707
  0.045811  -0.0000   0.00001752
  0.046853  -0.0000   0.00001798
  0.047972  -0.0000   0.00001844
  0.049171  -0.0000   0.00001889
  0.050452  -0.0000   0.00001935
  0.051815  -0.0000   0.00001980
  0.053262  -0.0000   0.00002026
  0.054794  -0.0000   0.00002072
  0.054847  -0.0000   0.00002075
  0.054890  -0.0000   0.00002079
  0.054929  -0.0000   0.00002082
  0.054982  -0.0000   0.00002088
  0.055053  -0.0000   0.00002096
  0.055148  -0.0000   0.00002108
  0.055277  -0.0000   0.00002126
  0.055454  -0.0000   0.00002153
  0.055708  -0.0000   0.00002193
  0.056098  -0.0000   0.00002254
  0.056601  -0.0000   0.00002326
  0.057158  -0.0000   0.00002398
  0.057777  -0.0000   0.00002470
  0.058462  -0.0000   0.00002542
  0.059216  -0.0000   0.00002613
  0.060229  -0.0000   0.00002700
  0.061352  -0.0000   0.00002787
  0.062365  -0.0000   0.00002859
  0.063461  -0.0000   0.00002931
  0.064641  -0.0000   0.00003003
  0.065910  -0.0000   0.00003075
  0.067268  -0.0000   0.00003147
  0.068720  -0.0000   0.00003220
  0.070266  -0.0000   0.00003292
  0.071908  -0.0000   0.00003364
  0.072137  -0.0000   0.00003374
  0.072367  -0.0000   0.00003384
  0.072600  -0.0000   0.00003394
  0.072735  -0.0000   0.00003404
  0.072828  -0.0000   0.00003414
  0.072912  -0.0000   0.00003423
  0.073025  -0.0000   0.00003438
  0.073179  -0.0000   0.00003461
  0.073394  -0.0000   0.00003494
  0.073706  -0.0000   0.00003544
  0.074187  -0.0000   0.00003619
  0.074704  -0.0000   0.00003695
  0.075262  -0.0000   0.00003770
  0.075864  -0.0000   0.00003846
  0.076799  -0.0000   0.00003952
  0.077825  -0.0000   0.00004058
  0.078946  -0.0000   0.00004165
  0.080165  -0.0000   0.00004271
  0.081485  -0.0000   0.00004377
  0.082909  -0.0000   0.00004483
  0.084440  -0.0000   0.00004589
  0.086083  -0.0000   0.00004696
  0.087838  -0.0000   0.00004802
  0.089368  -0.0000   0.00004890
  0.089851  -0.0000   0.00004917
  0.090342  -0.0000   0.00004944
  0.090526  -0.0000   0.00004958
  0.090643  -0.0000   0.00004972
  0.090748  -0.0000   0.00004985
  0.090892  -0.0000   0.00005006
  0.091026  -0.0000   0.00005026
  0.091217  -0.0000   0.00005057
  0.091495  -0.0000   0.00005103
  0.091918  -0.0000   0.00005172
  0.092594  -0.0000   0.00005276
  0.093325  -0.0000   0.00005380
  0.094112  -0.0000   0.00005484
  0.094958  -0.0000   0.00005587
  0.095861  -0.0000   0.00005691
  0.097063  -0.0000   0.00005819
  0.098357  -0.0000   0.00005947
  0.099745  -0.0000   0.00006075
  0.101230  -0.0000   0.00006202
  0.102813  -0.0000   0.00006330
  0.104498  -0.0000   0.00006458
  0.106285  -0.0000   0.00006586
  0.108177  -0.0000   0.00006714
  0.108346  -0.0000   0.00006725
  0.108472  -0.0000   0.00006736
  0.108564  -0.0000   0.00006748
  0.108689  -0.0000   0.00006765
  0.108859  -0.0000   0.00006791
  0.109095  -0.0000   0.00006829
  0.109435  -0.0000   0.00006887
  0.109950  -0.0000   0.00006974
  0.110540  -0.0000   0.00007068
  0.111162  -0.0000   0.00007163
  0.111820  -0.0000   0.00007258
  0.112816  -0.0000   0.00007392
  0.113882  -0.0000   0.00007526
  0.115426  -0.0000   0.00007704
  0.117095  -0.0000   0.00007883
  0.118606  -0.0000   0.00008035
  0.120212  -0.0000   0.00008186
  0.121915  -0.0000   0.00008338
  0.123715  -0.0000   0.00008490
  0.125614  -0.0000   0.00008642
  0.125857  -0.0000   0.00008661
  0.126103  -0.0000   0.00008680
  0.126346  -0.0000   0.00008700
  0.126477  -0.0000   0.00008717
  0.126597  -0.0000   0.00008734
  0.126709  -0.0000   0.00008751
  0.126867  -0.0000   0.00008777
  0.127092  -0.0000   0.00008816
  0.127420  -0.0000   0.00008874
  0.127918  -0.0000   0.00008961
  0.128568  -0.0000   0.00009070
  0.129251  -0.0000   0.00009179
  0.129969  -0.0000   0.00009288
  0.130990  -0.0000   0.00009433
  0.132071  -0.0000   0.00009578
  0.133827  -0.0000   0.00009796
  0.135705  -0.0000   0.00010010
  0.137468  -0.0000   0.00010230
  0.139198  -0.0000   0.00010450
  0.140898  -0.0000   0.00010670
  0.143388  -0.0000   0.00011000
  0.143561  -0.0000   0.00011020
  0.143734  -0.0000   0.00011040
  0.143906  -0.0000   0.00011060
  0.144135  -0.0000   0.00011100
  0.144298  -0.0000   0.00011130
  0.144445  -0.0000   0.00011170
  0.144583  -0.0000   0.00011210
  0.144777  -0.0000   0.00011260
  0.145055  -0.0000   0.00011350
  0.145462  -0.0000   0.00011470
  0.146071  -0.0000   0.00011660
  0.146988  -0.0000   0.00011940
  0.147907  -0.0000   0.00012230
  0.148825  -0.0000   0.00012510
  0.149740  -0.0000   0.00012790
  0.151104  -0.0000   0.00013210
  0.153124  -0.0000   0.00013850
  0.156093  -0.0000   0.00014800
  0.159001  -0.0000   0.00015750
  0.159996  -0.0000   0.00016080
  0.160984  -0.0000   0.00016410
  0.161328  -0.0000   0.00016520
  0.161607  -0.0000   0.00016640
  0.161803  -0.0000   0.00016750
  0.161982  -0.0000   0.00016870
  0.162153  -0.0000   0.00016980
  0.162319  -0.0000   0.00017100
  0.162563  -0.0000   0.00017270
  0.162928  -0.0000   0.00017530
  0.163478  -0.0000   0.00017910
  0.164309  -0.0000   0.00018500
  0.165367  -0.0000   0.00019240
  0.166423  -0.0000   0.00019970
  0.167997  -0.0000   0.00021080
  0.170327  -0.0000   0.00022750
  0.173752  -0.0000   0.00025250
  0.177102  -0.0000   0.00027740
  0.177405  -0.0000   0.00027970
  0.177707  -0.0000   0.00028190
  0.178008  -0.0000   0.00028420
  0.178459  -0.0000   0.00028760
  0.178936  -0.0000   0.00029140
  0.179078  -0.0000   0.00029310
  0.179207  -0.0000   0.00029480
  0.179329  -0.0000   0.00029650
  0.179505  -0.0000   0.00029900
  0.179763  -0.0000   0.00030280
  0.180148  -0.0000   0.00030850
  0.180729  -0.0000   0.00031710
  0.181580  -0.0000   0.00032960
  0.182434  -0.0000   0.00034200
  0.183286  -0.0000   0.00035450
  0.184559  -0.0000   0.00037320
  0.186452  -0.0000   0.00040130
  0.189248  -0.0000   0.00044340
  0.192084  -0.0000   0.00048680
  0.194872  -0.0000   0.00053020
  0.195167  -0.0000   0.00053480
  0.195462  -0.0000   0.00053940
  0.195756  -0.0000   0.00054400
  0.196196  -0.0000   0.00055090
  0.196367  -0.0000   0.00055430
  0.196501  -0.0000   0.00055770
  0.196626  -0.0000   0.00056100
  0.196805  -0.0000   0.00056610
  0.197068  -0.0000   0.00057370
  0.197463  -0.0000   0.00058510
  0.198059  -0.0000   0.00060220
  0.198861  -0.0000   0.00062510
  0.199664  -0.0000   0.00064790
  0.200866  -0.0000   0.00068230
  0.202655  -0.0000   0.00073370
  0.205304  -0.0000   0.00081090
  0.208140  -0.0000   0.00089480
  0.210933  -0.0000   0.00097880
  0.213670  -0.0000   0.00106300
  0.213791  -0.0000   0.00106800
  0.213904  -0.0000   0.00107400
  0.214011  -0.0000   0.00107900
  0.214167  -0.0000   0.00108700
  0.214397  -0.0000   0.00110000
  0.214744  -0.0000   0.00111800
  0.215268  -0.0000   0.00114600
  0.216060  -0.0000   0.00118800
  0.216854  -0.0000   0.00123000
  0.218043  -0.0000   0.00129300
  0.219816  -0.0000   0.00138700
  0.222446  -0.0000   0.00152800
  0.226318  -0.0000   0.00173900
  0.229280  -0.0000   0.00190300
  0.229668  -0.0000   0.00192500
  0.230055  -0.0000   0.00194700
  0.230441  -0.0000   0.00196800
  0.231018  -0.0000   0.00200100
  0.231176  -0.0000   0.00201200
  0.231306  -0.0000   0.00202300
  0.231429  -0.0000   0.00203400
  0.231609  -0.0000   0.00205100
  0.231879  -0.0000   0.00207600
  0.232285  -0.0000   0.00211400
  0.232900  -0.0000   0.00217100
  0.233798  -0.0000   0.00225300
  0.234694  -0.0000   0.00233600
  0.236033  -0.0000   0.00246000
  0.238024  -0.0000   0.00264500
  0.240970  -0.0000   0.00292400
  0.244001  -0.0000   0.00321400
  0.246985  -0.0000   0.00350500
  0.247278  -0.0000   0.00353400
  0.247572  -0.0000   0.00356300
  0.247864  -0.0000   0.00359100
  0.248302  -0.0000   0.00363400
  0.248479  -0.0000   0.00365600
  0.248623  -0.0000   0.00367700
  0.248760  -0.0000   0.00369800
  0.248963  -0.0000   0.00373000
  0.249269  -0.0000   0.00377800
  0.249731  -0.0000   0.00385000
  0.250428  -0.0000   0.00395900
  0.251125  -0.0000   0.00406700
  0.252169  -0.0000   0.00422900
  0.253726  -0.0000   0.00447200
  0.256038  -0.0000   0.00483700
  0.259453  -0.0000   0.00538400
  0.262812  -0.0000   0.00593200
  0.264591  -0.0000   0.00622400
  0.265167  -0.0000   0.00631900
  0.265741  -0.0000   0.00641400
  0.265955  -0.0000   0.00645600
  0.266123  -0.0000   0.00649700
  0.266285  -0.0000   0.00653800
  0.266526  -0.0000   0.00660100
  0.266770  -0.0000   0.00666300
  0.267137  -0.0000   0.00675600
  0.267691  -0.0000   0.00689600
  0.268522  -0.0000   0.00710500
  0.269764  -0.0000   0.00741900
  0.271614  -0.0000   0.00789100
  0.274356  -0.0000   0.00859800
  0.277390  -0.0000   0.00939100
  0.280381  -0.0000   0.01018000
  0.283322  -0.0000   0.01098000
  0.283471  -0.0000   0.01103000
  0.283613  -0.0000   0.01109000
  0.283753  -0.0000   0.01115000
  0.283893  -0.0000   0.01121000
  0.284104  -0.0000   0.01129000
  0.284423  -0.0000   0.01142000
  0.284904  -0.0000   0.01161000
  0.285627  -0.0000   0.01190000
  0.286709  -0.0000   0.01233000
  0.288326  -0.0000   0.01298000
  0.290729  -0.0000   0.01396000
  0.294283  -0.0000   0.01542000
  0.297782  -0.0000   0.01688000
  0.298966  -0.0000   0.01738000
  0.300143  -0.0000   0.01787000
  0.300532  -0.0000   0.01804000
  0.300883  -0.0000   0.01820000
  0.301092  -0.0000   0.01833000
  0.301298  -0.0000   0.01846000
  0.301505  -0.0000   0.01859000
  0.301713  -0.0000   0.01871000
  0.302026  -0.0000   0.01891000
  0.302498  -0.0000   0.01919000
  0.303206  -0.0000   0.01962000
  0.304264  -0.0000   0.02027000
  0.305843  -0.0000   0.02124000
  0.308188  -0.0000   0.02270000
  0.311656  -0.0000   0.02488000
  0.315073  -0.0000   0.02707000
  0.316589  -0.0000   0.02804000
  0.318093  -0.0000   0.02902000
  0.318246  -0.0000   0.02914000
  0.318382  -0.0000   0.02927000
  0.318516  -0.0000   0.02939000
  0.318718  -0.0000   0.02958000
  0.319023  -0.0000   0.02986000
  0.319483  -0.0000   0.03028000
  0.320174  -0.0000   0.03091000
  0.321209  -0.0000   0.03186000
  0.322752  -0.0000   0.03328000
  0.325045  -0.0000   0.03541000
  0.328437  -0.0000   0.03860000
  0.331783  -0.0000   0.04179000
  0.335079  -0.0000   0.04499000
  0.335293  -0.0000   0.04520000
  0.335507  -0.0000   0.04540000
  0.335705  -0.0000   0.04561000
  0.335935  -0.0000   0.04592000
  0.336164  -0.0000   0.04624000
  0.336395  -0.0000   0.04655000
  0.336627  -0.0000   0.04686000
  0.336976  -0.0000   0.04733000
  0.337501  -0.0000   0.04803000
  0.338287  -0.0000   0.04908000
  0.339460  -0.0000   0.05066000
  0.341209  -0.0000   0.05303000
  0.343804  -0.0000   0.05659000
  0.346808  -0.0000   0.06075000
  0.349775  -0.0000   0.06492000
  0.352704  -0.0000   0.06908000
  0.352910  -0.0000   0.06938000
  0.353116  -0.0000   0.06967000
  0.353276  -0.0000   0.06997000
  0.353501  -0.0000   0.07041000
  0.353727  -0.0000   0.07085000
  0.353955  -0.0000   0.07129000
  0.354298  -0.0000   0.07195000
  0.354814  -0.0000   0.07294000
  0.355586  -0.0000   0.07443000
  0.356739  -0.0000   0.07666000
  0.358458  -0.0000   0.08001000
  0.361010  -0.0000   0.08503000
  0.363987  -0.0000   0.09096000
  0.366928  -0.0000   0.09689000
  0.369833  -0.0000   0.10300000
  0.370063  -0.0000   0.10300000
  0.370292  -0.0000   0.10400000
  0.370522  -0.0000   0.10400000
  0.370755  -0.0000   0.10500000
  0.370966  -0.0000   0.10500000
  0.371177  -0.0000   0.10600000
  0.371390  -0.0000   0.10700000
  0.371711  -0.0000   0.10700000
  0.372193  -0.0000   0.10900000
  0.372916  -0.0000   0.11100000
  0.373995  -0.0000   0.11400000
  0.375603  -0.0000   0.11800000
  0.377993  -0.0000   0.12500000
  0.381530  -0.0000   0.13500000
  0.385019  -0.0000   0.14500000
  0.386345  -0.0000   0.14800000
  0.387663  -0.0000   0.15200000
  0.387939  -0.0000   0.15300000
  0.388188  -0.0000   0.15400000
  0.388395  -0.0000   0.15500000
  0.388708  -0.0000   0.15600000
  0.389023  -0.0000   0.15700000
  0.389339  -0.0000   0.15800000
  0.389813  -0.0000   0.16000000
  0.390523  -0.0000   0.16300000
  0.391585  -0.0000   0.16700000
  0.393167  -0.0000   0.17300000
  0.395518  -0.0000   0.18200000
  0.398082  -0.0000   0.19200000
  0.400621  -0.0000   0.20200000
  0.403134  -0.0000   0.21200000
  0.405616  -0.0000   0.22200000
  0.405736  -0.0000   0.22200000
  0.405913  -0.0000   0.22300000
  0.406091  -0.0000   0.22400000
  0.406270  -0.0000   0.22500000
  0.406539  -0.0000   0.22700000
  0.406945  -0.0000   0.22900000
  0.407552  -0.0000   0.23200000
  0.408462  -0.0000   0.23700000
  0.409821  -0.0000   0.24400000
  0.411716  -0.0000   0.25400000
  0.413599  -0.0000   0.26400000
  0.415469  -0.0000   0.27400000
  0.417326  -0.0000   0.28400000
  0.419169  -0.0000   0.29400000
  0.420999  -0.0000   0.30400000
  0.422815  -0.0000   0.31400000
  0.423046  -0.0000   0.31500000
  0.423248  -0.0000   0.31600000
  0.423427  -0.0000   0.31800000
  0.423698  -0.0000   0.32000000
  0.424065  -0.0000   0.32200000
  0.424433  -0.0000   0.32500000
  0.424985  -0.0000   0.32900000
  0.425811  -0.0000   0.33400000
  0.427044  -0.0000   0.34300000
  0.428453  -0.0000   0.35300000
  0.429854  -0.0000   0.36300000
  0.431248  -0.0000   0.37300000
  0.432635  -0.0000   0.38300000
  0.434014  -0.0000   0.39300000
  0.435386  -0.0000   0.40300000
  0.436751  -0.0000   0.41300000
  0.438108  -0.0000   0.42300000
  0.439458  -0.0000   0.43300000
  0.440316  -0.0000   0.44000000
  0.440557  -0.0000   0.44100000
  0.440755  -0.0000   0.44300000
  0.440953  -0.0000   0.44500000
  0.441153  -0.0000   0.44700000
  0.441353  -0.0000   0.44900000
  0.441654  -0.0000   0.45200000
  0.442106  -0.0000   0.45600000
  0.442782  -0.0000   0.46200000
  0.443792  -0.0000   0.47200000
  0.444850  -0.0000   0.48200000
  0.445904  -0.0000   0.49200000
  0.446953  -0.0000   0.50200000
  0.447998  -0.0000   0.51200000
  0.449039  -0.0000   0.52200000
  0.450076  -0.0000   0.53200000
  0.451109  -0.0000   0.54200000
  0.452137  -0.0000   0.55200000
  0.453162  -0.0000   0.56200000
  0.454183  -0.0000   0.57200000
  0.455200  -0.0000   0.58200000
  0.456213  -0.0000   0.59200000
  0.457221  -0.0000   0.60200000
  0.458182  -0.0000   0.61200000
  0.458381  -0.0000   0.61400000
  0.458580  -0.0000   0.61700000
  0.458781  -0.0000   0.61900000
  0.458983  -0.0000   0.62200000
  0.459286  -0.0000   0.62600000
  0.459740  -0.0000   0.63100000
  0.460420  -0.0000   0.64000000
  0.461223  -0.0000   0.65000000
  0.462024  -0.0000   0.66000000
  0.462822  -0.0000   0.67000000
  0.463618  -0.0000   0.68000000
  0.464412  -0.0000   0.69000000
  0.465203  -0.0000   0.70000000
  0.465992  -0.0000   0.71000000
  0.466779  -0.0000   0.72000000
  0.467563  -0.0000   0.73000000
  0.468345  -0.0000   0.74000000
  0.469125  -0.0000   0.75000000
  0.469903  -0.0000   0.76000000
  0.470678  -0.0000   0.77000000
  0.471452  -0.0000   0.78000000
  0.472222  -0.0000   0.79000000
  0.472991  -0.0000   0.80000000
  0.473757  -0.0000   0.81000000
  0.474521  -0.0000   0.82000000
  0.475282  -0.0000   0.83000000
  0.475613  -0.0000   0.83400000
  0.475794  -0.0000   0.83700000
  0.475976  -0.0000   0.84000000
  0.476159  -0.0000   0.84300000
  0.476343  -0.0000   0.84600000
  0.476619  -0.0000   0.85000000
  0.477033  -0.0000   0.85700000
  0.477650  -0.0000   0.86700000
  0.478266  -0.0000   0.87700000
  0.478881  -0.0000   0.88700000
  0.479493  -0.0000   0.89700000
  0.480105  -0.0000   0.90700000
  0.480715  -0.0000   0.91700000
  0.481323  -0.0000   0.92700000
  0.481930  -0.0000   0.93700000
  0.482536  -0.0000   0.94700000
  0.483140  -0.0000   0.95700000
  0.483743  -0.0000   0.96700000
  0.484345  -0.0000   0.97700000
  0.484945  -0.0000   0.98700000
  0.485544  -0.0000   0.99700000
  0.485720  -0.0000   1.00000000
  0.484712  -0.0000   1.00000000
  0.484712  -0.0000   1.00000000
  0.484712  -0.0000   1.00000000
  0.484712  -0.0000   1.00000000
  0.484711  -0.0000   1.00000000
  0.484710  -0.0000   1.00000000
  0.484708  -0.0000   1.00000000
  0.484704  -0.0000   1.00000000
  0.484695  -0.0000   1.00000000
  0.484679  -0.0000   1.00000000
  0.484646  -0.0000   1.00000000
  0.484582  -0.0000   1.00000000
