  0.000078  -0.0000   0.00000010
  0.000170  -0.0000   0.00000020
  0.000464  -0.0000   0.00000030
  0.005375  -0.0000   0.00000045
  0.006411  -0.0000   0.00000046
  0.006450  -0.0000   0.00000049
  0.006489  -0.0000   0.00000052
  0.006551  -0.0000   0.00000056
  0.006657  -0.0000   0.00000064
  0.006851  -0.0000   0.00000074
  0.007057  -0.0000   0.00000084
  0.007301  -0.0000   0.00000093
  0.007588  -0.0000   0.00000103
  0.007846  -0.0000   0.00000110
  0.008139  -0.0000   0.00000118
  0.008475  -0.0000   0.00000125
  0.008783  -0.0000   0.00000131
  0.009126  -0.0000   0.00000138
  0.009507  -0.0000   0.00000144
  0.009904  -0.0000   0.00000150
  0.010341  -0.0000   0.00000156
  0.010817  -0.0000   0.00000161
  0.011311  -0.0000   0.00000167
  0.011844  -0.0000   0.00000173
  0.012417  -0.0000   0.00000178
  0.013043  -0.0000   0.00000184
  0.013710  -0.0000   0.00000190
  0.014419  -0.0000   0.00000195
  0.015375  -0.0000   0.00000203
  0.016394  -0.0000   0.00000210
  0.017474  -0.0000   0.00000217
  0.018615  -0.0000   0.00000224
  0.019813  -0.0000   0.00000231
  0.019929  -0.0000   0.00000232
  0.020046  -0.0000   0.00000233
  0.020105  -0.0000   0.00000234
  0.020129  -0.0000   0.00000235
  0.020159  -0.0000   0.00000236
  0.020185  -0.0000   0.00000238
  0.020208  -0.0000   0.00000239
  0.020237  -0.0000   0.00000242
  0.020276  -0.0000   0.00000245
  0.020324  -0.0000   0.00000250
  0.020369  -0.0000   0.00000255
  0.020429  -0.0000   0.00000263
  0.020486  -0.0000   0.00000270
  0.020567  -0.0000   0.00000282
  0.020686  -0.0000   0.00000299
  0.020867  -0.0000   0.00000325
  0.021175  -0.0000   0.00000363
  0.021545  -0.0000   0.00000402
  0.021875  -0.0000   0.00000431
  0.022265  -0.0000   0.00000460
  0.022724  -0.0000   0.00000489
  0.023260  -0.0000   0.00000519
  0.023746  -0.0000   0.00000542
  0.024292  -0.0000   0.00000566
  0.024901  -0.0000   0.00000589
  0.025577  -0.0000   0.00000612
  0.026325  -0.0000   0.00000636
  0.026994  -0.0000   0.00000655
  0.027716  -0.0000   0.00000675
  0.028493  -0.0000   0.00000694
  0.029325  -0.0000   0.00000714
  0.030214  -0.0000   0.00000733
  0.031160  -0.0000   0.00000752
  0.032166  -0.0000   0.00000772
  0.033230  -0.0000   0.00000791
  0.034355  -0.0000   0.00000810
  0.035539  -0.0000   0.00000830
  0.036783  -0.0000   0.00000849
  0.036886  -0.0000   0.00000851
  0.036989  -0.0000   0.00000853
  0.037086  -0.0000   0.00000854
  0.037127  -0.0000   0.00000856
  0.037163  -0.0000   0.00000859
  0.037195  -0.0000   0.00000861
  0.037238  -0.0000   0.00000864
  0.037295  -0.0000   0.00000869
  0.037370  -0.0000   0.00000876
  0.037471  -0.0000   0.00000888
  0.037609  -0.0000   0.00000904
  0.037742  -0.0000   0.00000921
  0.037938  -0.0000   0.00000946
  0.038246  -0.0000   0.00000984
  0.038773  -0.0000   0.00001040
  0.039246  -0.0000   0.00001085
  0.039779  -0.0000   0.00001130
  0.040377  -0.0000   0.00001175
  0.041178  -0.0000   0.00001228
  0.042081  -0.0000   0.00001281
  0.043093  -0.0000   0.00001334
  0.043972  -0.0000   0.00001376
  0.044926  -0.0000   0.00001418
  0.045960  -0.0000   0.00001460
  0.047225  -0.0000   0.00001508
  0.048341  -0.0000   0.00001547
  0.049532  -0.0000   0.00001586
  0.050799  -0.0000   0.00001625
  0.052290  -0.0000   0.00001668
  0.053877  -0.0000   0.00001711
  0.054649  -0.0000   0.00001731
  0.055141  -0.0000   0.00001744
  0.055253  -0.0000   0.00001749
  0.055320  -0.0000   0.00001754
  0.055381  -0.0000   0.00001759
  0.055463  -0.0000   0.00001766
  0.055572  -0.0000   0.00001777
  0.055722  -0.0000   0.00001793
  0.055932  -0.0000   0.00001818
  0.056241  -0.0000   0.00001854
  0.056732  -0.0000   0.00001909
  0.057204  -0.0000   0.00001959
  0.057715  -0.0000   0.00002008
  0.058269  -0.0000   0.00002057
  0.059196  -0.0000   0.00002131
  0.060224  -0.0000   0.00002205
  0.061357  -0.0000   0.00002279
  0.062599  -0.0000   0.00002352
  0.063956  -0.0000   0.00002426
  0.065162  -0.0000   0.00002487
  0.066453  -0.0000   0.00002549
  0.067829  -0.0000   0.00002610
  0.069292  -0.0000   0.00002671
  0.070846  -0.0000   0.00002732
  0.072489  -0.0000   0.00002794
  0.072726  -0.0000   0.00002802
  0.072965  -0.0000   0.00002811
  0.073205  -0.0000   0.00002820
  0.073307  -0.0000   0.00002828
  0.073396  -0.0000   0.00002835
  0.073478  -0.0000   0.00002843
  0.073590  -0.0000   0.00002855
  0.073746  -0.0000   0.00002872
  0.073968  -0.0000   0.00002898
  0.074294  -0.0000   0.00002937
  0.074803  -0.0000   0.00002996
  0.075385  -0.0000   0.00003059
  0.076010  -0.0000   0.00003122
  0.076678  -0.0000   0.00003185
  0.077734  -0.0000   0.00003276
  0.078882  -0.0000   0.00003366
  0.080299  -0.0000   0.00003469
  0.081584  -0.0000   0.00003555
  0.082962  -0.0000   0.00003641
  0.084435  -0.0000   0.00003728
  0.086005  -0.0000   0.00003814
  0.087674  -0.0000   0.00003900
  0.089444  -0.0000   0.00003987
  0.091249  -0.0000   0.00004073
  0.091335  -0.0000   0.00004080
  0.091414  -0.0000   0.00004088
  0.091489  -0.0000   0.00004095
  0.091592  -0.0000   0.00004106
  0.091738  -0.0000   0.00004123
  0.091944  -0.0000   0.00004148
  0.092247  -0.0000   0.00004185
  0.092709  -0.0000   0.00004241
  0.093446  -0.0000   0.00004325
  0.094238  -0.0000   0.00004409
  0.095083  -0.0000   0.00004494
  0.095983  -0.0000   0.00004578
  0.096938  -0.0000   0.00004662
  0.098494  -0.0000   0.00004788
  0.100176  -0.0000   0.00004914
  0.101682  -0.0000   0.00005020
  0.103282  -0.0000   0.00005126
  0.104977  -0.0000   0.00005232
  0.106769  -0.0000   0.00005338
  0.108659  -0.0000   0.00005444
  0.108902  -0.0000   0.00005458
  0.109148  -0.0000   0.00005471
  0.109374  -0.0000   0.00005485
  0.109531  -0.0000   0.00005500
  0.109674  -0.0000   0.00005516
  0.109808  -0.0000   0.00005532
  0.109937  -0.0000   0.00005547
  0.110124  -0.0000   0.00005570
  0.110400  -0.0000   0.00005606
  0.110819  -0.0000   0.00005658
  0.111477  -0.0000   0.00005737
  0.112288  -0.0000   0.00005829
  0.113146  -0.0000   0.00005920
  0.114050  -0.0000   0.00006012
  0.115509  -0.0000   0.00006149
  0.117072  -0.0000   0.00006287
  0.118740  -0.0000   0.00006424
  0.120516  -0.0000   0.00006561
  0.122402  -0.0000   0.00006699
  0.124399  -0.0000   0.00006836
  0.126508  -0.0000   0.00006974
  0.126786  -0.0000   0.00006992
  0.127067  -0.0000   0.00007010
  0.127349  -0.0000   0.00007028
  0.127545  -0.0000   0.00007046
  0.127706  -0.0000   0.00007064
  0.127857  -0.0000   0.00007082
  0.128071  -0.0000   0.00007110
  0.128383  -0.0000   0.00007151
  0.128854  -0.0000   0.00007212
  0.129591  -0.0000   0.00007305
  0.130365  -0.0000   0.00007397
  0.131175  -0.0000   0.00007489
  0.132020  -0.0000   0.00007582
  0.133367  -0.0000   0.00007720
  0.134907  -0.0000   0.00007869
  0.136539  -0.0000   0.00008018
  0.138263  -0.0000   0.00008167
  0.140108  -0.0000   0.00008319
  0.142051  -0.0000   0.00008470
  0.144092  -0.0000   0.00008621
  0.144566  -0.0000   0.00008656
  0.145046  -0.0000   0.00008691
  0.145530  -0.0000   0.00008725
  0.145689  -0.0000   0.00008742
  0.145828  -0.0000   0.00008758
  0.145959  -0.0000   0.00008775
  0.146147  -0.0000   0.00008799
  0.146420  -0.0000   0.00008836
  0.146826  -0.0000   0.00008891
  0.147453  -0.0000   0.00008974
  0.148247  -0.0000   0.00009075
  0.149075  -0.0000   0.00009176
  0.149938  -0.0000   0.00009277
  0.151304  -0.0000   0.00009428
  0.153353  -0.0000   0.00009639
  0.155543  -0.0000   0.00009850
  0.157802  -0.0000   0.00010060
  0.159969  -0.0000   0.00010270
  0.162102  -0.0000   0.00010480
  0.162386  -0.0000   0.00010510
  0.162670  -0.0000   0.00010540
  0.162953  -0.0000   0.00010570
  0.163377  -0.0000   0.00010610
  0.163642  -0.0000   0.00010640
  0.163832  -0.0000   0.00010670
  0.164008  -0.0000   0.00010700
  0.164258  -0.0000   0.00010750
  0.164499  -0.0000   0.00010790
  0.164857  -0.0000   0.00010860
  0.165391  -0.0000   0.00010970
  0.166196  -0.0000   0.00011120
  0.167163  -0.0000   0.00011310
  0.168131  -0.0000   0.00011490
  0.169579  -0.0000   0.00011770
  0.171733  -0.0000   0.00012190
  0.174918  -0.0000   0.00012820
  0.177899  -0.0000   0.00013410
  0.180834  -0.0000   0.00014000
  0.181034  -0.0000   0.00014050
  0.181234  -0.0000   0.00014090
  0.181389  -0.0000   0.00014130
  0.181579  -0.0000   0.00014190
  0.181841  -0.0000   0.00014280
  0.182094  -0.0000   0.00014370
  0.182344  -0.0000   0.00014460
  0.182719  -0.0000   0.00014600
  0.183283  -0.0000   0.00014810
  0.184134  -0.0000   0.00015110
  0.185286  -0.0000   0.00015530
  0.186437  -0.0000   0.00015950
  0.188155  -0.0000   0.00016570
  0.190707  -0.0000   0.00017510
  0.194474  -0.0000   0.00018920
  0.198176  -0.0000   0.00020330
  0.198390  -0.0000   0.00020410
  0.198604  -0.0000   0.00020490
  0.198818  -0.0000   0.00020580
  0.199087  -0.0000   0.00020700
  0.199323  -0.0000   0.00020840
  0.199545  -0.0000   0.00020980
  0.199763  -0.0000   0.00021120
  0.199979  -0.0000   0.00021260
  0.200304  -0.0000   0.00021470
  0.200793  -0.0000   0.00021790
  0.201531  -0.0000   0.00022270
  0.202641  -0.0000   0.00022980
  0.204301  -0.0000   0.00024050
  0.206772  -0.0000   0.00025660
  0.210429  -0.0000   0.00028070
  0.214031  -0.0000   0.00030480
  0.214632  -0.0000   0.00030880
  0.215230  -0.0000   0.00031280
  0.215827  -0.0000   0.00031690
  0.216703  -0.0000   0.00032290
  0.216846  -0.0000   0.00032430
  0.216979  -0.0000   0.00032570
  0.217109  -0.0000   0.00032710
  0.217297  -0.0000   0.00032910
  0.217578  -0.0000   0.00033220
  0.218001  -0.0000   0.00033690
  0.218639  -0.0000   0.00034390
  0.219581  -0.0000   0.00035420
  0.220524  -0.0000   0.00036440
  0.221935  -0.0000   0.00037990
  0.224039  -0.0000   0.00040300
  0.227162  -0.0000   0.00043760
  0.230562  -0.0000   0.00047590
  0.233914  -0.0000   0.00051410
  0.234122  -0.0000   0.00051650
  0.234329  -0.0000   0.00051890
  0.234489  -0.0000   0.00052130
  0.234697  -0.0000   0.00052480
  0.234996  -0.0000   0.00053020
  0.235294  -0.0000   0.00053550
  0.235743  -0.0000   0.00054350
  0.236422  -0.0000   0.00055550
  0.237356  -0.0000   0.00057200
  0.238290  -0.0000   0.00058850
  0.239686  -0.0000   0.00061320
  0.241767  -0.0000   0.00065040
  0.244856  -0.0000   0.00070600
  0.248274  -0.0000   0.00076840
  0.251646  -0.0000   0.00083080
  0.251854  -0.0000   0.00083460
  0.252053  -0.0000   0.00083840
  0.252202  -0.0000   0.00084230
  0.252411  -0.0000   0.00084800
  0.252616  -0.0000   0.00085380
  0.252821  -0.0000   0.00085960
  0.253130  -0.0000   0.00086820
  0.253596  -0.0000   0.00088120
  0.254298  -0.0000   0.00090060
  0.255352  -0.0000   0.00092980
  0.256928  -0.0000   0.00097350
  0.259276  -0.0000   0.00103900
  0.262758  -0.0000   0.00113800
  0.266197  -0.0000   0.00123600
  0.269592  -0.0000   0.00133400
  0.269782  -0.0000   0.00134000
  0.269928  -0.0000   0.00134600
  0.270067  -0.0000   0.00135200
  0.270272  -0.0000   0.00136100
  0.270579  -0.0000   0.00137400
  0.271044  -0.0000   0.00139300
  0.271744  -0.0000   0.00142300
  0.272445  -0.0000   0.00145200
  0.273496  -0.0000   0.00149600
  0.275067  -0.0000   0.00156300
  0.277407  -0.0000   0.00166200
  0.280877  -0.0000   0.00181200
  0.284110  -0.0000   0.00195200
  0.287306  -0.0000   0.00209300
  0.287495  -0.0000   0.00210200
  0.287644  -0.0000   0.00211100
  0.287788  -0.0000   0.00212000
  0.288002  -0.0000   0.00213300
  0.288323  -0.0000   0.00215400
  0.288808  -0.0000   0.00218400
  0.289540  -0.0000   0.00222900
  0.290271  -0.0000   0.00227500
  0.291367  -0.0000   0.00234300
  0.293003  -0.0000   0.00244600
  0.295440  -0.0000   0.00259900
  0.299053  -0.0000   0.00283000
  0.302623  -0.0000   0.00306000
  0.303252  -0.0000   0.00310100
  0.303879  -0.0000   0.00314100
  0.304504  -0.0000   0.00318200
  0.305175  -0.0000   0.00322600
  0.305342  -0.0000   0.00324000
  0.305502  -0.0000   0.00325500
  0.305662  -0.0000   0.00326900
  0.305902  -0.0000   0.00329100
  0.306264  -0.0000   0.00332400
  0.306810  -0.0000   0.00337300
  0.307630  -0.0000   0.00344700
  0.308859  -0.0000   0.00355800
  0.310692  -0.0000   0.00372300
  0.313421  -0.0000   0.00397200
  0.317462  -0.0000   0.00434600
  0.321450  -0.0000   0.00471900
  0.321740  -0.0000   0.00474600
  0.322030  -0.0000   0.00477300
  0.322319  -0.0000   0.00480000
  0.322752  -0.0000   0.00484100
  0.322995  -0.0000   0.00486700
  0.323198  -0.0000   0.00489300
  0.323400  -0.0000   0.00491900
  0.323704  -0.0000   0.00495800
  0.324009  -0.0000   0.00499800
  0.324469  -0.0000   0.00505600
  0.325159  -0.0000   0.00514400
  0.326194  -0.0000   0.00527600
  0.327740  -0.0000   0.00547400
  0.330044  -0.0000   0.00577000
  0.333464  -0.0000   0.00621500
  0.336651  -0.0000   0.00663400
  0.339805  -0.0000   0.00705300
  0.340065  -0.0000   0.00708800
  0.340326  -0.0000   0.00712200
  0.340586  -0.0000   0.00715700
  0.340808  -0.0000   0.00719400
  0.341013  -0.0000   0.00723100
  0.341219  -0.0000   0.00726800
  0.341529  -0.0000   0.00732300
  0.341997  -0.0000   0.00740600
  0.342700  -0.0000   0.00753000
  0.343753  -0.0000   0.00771700
  0.345327  -0.0000   0.00799600
  0.347672  -0.0000   0.00841600
  0.351154  -0.0000   0.00904600
  0.354374  -0.0000   0.00963400
  0.357559  -0.0000   0.01022000
  0.357820  -0.0000   0.01027000
  0.358082  -0.0000   0.01032000
  0.358342  -0.0000   0.01037000
  0.358554  -0.0000   0.01042000
  0.358754  -0.0000   0.01046000
  0.358955  -0.0000   0.01051000
  0.359157  -0.0000   0.01056000
  0.359460  -0.0000   0.01064000
  0.359917  -0.0000   0.01075000
  0.360603  -0.0000   0.01091000
  0.361629  -0.0000   0.01116000
  0.363163  -0.0000   0.01153000
  0.365448  -0.0000   0.01209000
  0.368843  -0.0000   0.01293000
  0.372009  -0.0000   0.01372000
  0.375144  -0.0000   0.01451000
  0.375428  -0.0000   0.01458000
  0.375711  -0.0000   0.01466000
  0.375994  -0.0000   0.01473000
  0.376282  -0.0000   0.01481000
  0.376540  -0.0000   0.01490000
  0.376798  -0.0000   0.01498000
  0.377188  -0.0000   0.01511000
  0.377580  -0.0000   0.01524000
  0.378167  -0.0000   0.01543000
  0.379047  -0.0000   0.01572000
  0.380363  -0.0000   0.01615000
  0.382325  -0.0000   0.01679000
  0.385245  -0.0000   0.01776000
  0.388542  -0.0000   0.01886000
  0.391807  -0.0000   0.01997000
  0.392344  -0.0000   0.02015000
  0.392880  -0.0000   0.02033000
  0.393415  -0.0000   0.02051000
  0.393918  -0.0000   0.02069000
  0.394112  -0.0000   0.02077000
  0.394304  -0.0000   0.02086000
  0.394497  -0.0000   0.02094000
  0.394691  -0.0000   0.02102000
  0.394983  -0.0000   0.02115000
  0.395423  -0.0000   0.02134000
  0.396082  -0.0000   0.02163000
  0.397068  -0.0000   0.02205000
  0.398542  -0.0000   0.02269000
  0.400740  -0.0000   0.02366000
  0.404006  -0.0000   0.02510000
  0.407012  -0.0000   0.02644000
  0.409991  -0.0000   0.02778000
  0.410434  -0.0000   0.02798000
  0.410877  -0.0000   0.02818000
  0.411319  -0.0000   0.02838000
  0.411732  -0.0000   0.02857000
  0.411972  -0.0000   0.02871000
  0.412214  -0.0000   0.02885000
  0.412457  -0.0000   0.02899000
  0.412700  -0.0000   0.02913000
  0.413066  -0.0000   0.02934000
  0.413615  -0.0000   0.02965000
  0.414438  -0.0000   0.03011000
  0.415668  -0.0000   0.03081000
  0.417503  -0.0000   0.03187000
  0.420236  -0.0000   0.03344000
  0.423635  -0.0000   0.03542000
  0.427000  -0.0000   0.03740000
  0.427675  -0.0000   0.03780000
  0.428347  -0.0000   0.03820000
  0.429019  -0.0000   0.03859000
  0.429362  -0.0000   0.03880000
  0.429601  -0.0000   0.03897000
  0.429831  -0.0000   0.03914000
  0.430062  -0.0000   0.03931000
  0.430294  -0.0000   0.03948000
  0.430642  -0.0000   0.03974000
  0.431166  -0.0000   0.04012000
  0.431950  -0.0000   0.04070000
  0.433123  -0.0000   0.04156000
  0.434873  -0.0000   0.04286000
  0.437479  -0.0000   0.04481000
  0.441348  -0.0000   0.04773000
  0.445175  -0.0000   0.05065000
  0.445592  -0.0000   0.05097000
  0.446009  -0.0000   0.05129000
  0.446426  -0.0000   0.05161000
  0.447049  -0.0000   0.05209000
  0.447280  -0.0000   0.05229000
  0.447487  -0.0000   0.05248000
  0.447694  -0.0000   0.05268000
  0.448007  -0.0000   0.05298000
  0.448477  -0.0000   0.05342000
  0.449183  -0.0000   0.05409000
  0.450239  -0.0000   0.05509000
  0.451817  -0.0000   0.05659000
  0.454168  -0.0000   0.05884000
  0.457662  -0.0000   0.06221000
  0.461123  -0.0000   0.06558000
  0.464549  -0.0000   0.06895000
  0.464792  -0.0000   0.06919000
  0.465021  -0.0000   0.06943000
  0.465218  -0.0000   0.06967000
  0.465515  -0.0000   0.07003000
  0.465814  -0.0000   0.07039000
  0.466113  -0.0000   0.07075000
  0.466562  -0.0000   0.07129000
  0.467236  -0.0000   0.07210000
  0.468243  -0.0000   0.07331000
  0.469748  -0.0000   0.07513000
  0.471991  -0.0000   0.07785000
  0.475325  -0.0000   0.08194000
  0.478630  -0.0000   0.08603000
  0.481903  -0.0000   0.09012000
  0.482184  -0.0000   0.09048000
  0.482464  -0.0000   0.09083000
  0.482744  -0.0000   0.09118000
  0.482948  -0.0000   0.09149000
  0.483153  -0.0000   0.09180000
  0.483358  -0.0000   0.09211000
  0.483564  -0.0000   0.09242000
  0.483874  -0.0000   0.09289000
  0.484339  -0.0000   0.09359000
  0.485035  -0.0000   0.09465000
  0.486077  -0.0000   0.09622000
  0.487632  -0.0000   0.09859000
  0.489950  -0.0000   0.10200000
  0.493396  -0.0000   0.10700000
  0.496810  -0.0000   0.11300000
  0.500191  -0.0000   0.11800000
  0.500434  -0.0000   0.11900000
  0.500648  -0.0000   0.11900000
  0.500849  -0.0000   0.11900000
  0.501151  -0.0000   0.12000000
  0.501455  -0.0000   0.12000000
  0.501911  -0.0000   0.12100000
  0.502595  -0.0000   0.12300000
  0.503618  -0.0000   0.12500000
  0.505146  -0.0000   0.12700000
  0.507423  -0.0000   0.13200000
  0.510810  -0.0000   0.13800000
  0.514166  -0.0000   0.14500000
  0.517490  -0.0000   0.15100000
  0.517773  -0.0000   0.15200000
  0.518056  -0.0000   0.15200000
  0.518335  -0.0000   0.15300000
  0.518544  -0.0000   0.15400000
  0.518753  -0.0000   0.15400000
  0.518964  -0.0000   0.15500000
  0.519175  -0.0000   0.15500000
  0.519492  -0.0000   0.15600000
  0.519968  -0.0000   0.15700000
  0.520681  -0.0000   0.15900000
  0.521746  -0.0000   0.16100000
  0.523338  -0.0000   0.16500000
  0.525709  -0.0000   0.17000000
  0.529235  -0.0000   0.17900000
  0.532728  -0.0000   0.18700000
  0.536171  -0.0000   0.19600000
  0.536370  -0.0000   0.19600000
  0.536569  -0.0000   0.19700000
  0.536769  -0.0000   0.19800000
  0.536970  -0.0000   0.19800000
  0.537271  -0.0000   0.19900000
  0.537724  -0.0000   0.20000000
  0.538402  -0.0000   0.20200000
  0.539417  -0.0000   0.20500000
  0.540934  -0.0000   0.21000000
  0.543198  -0.0000   0.21600000
  0.546565  -0.0000   0.22600000
  0.549902  -0.0000   0.23600000
  0.553209  -0.0000   0.24600000
  0.553494  -0.0000   0.24700000
  0.553779  -0.0000   0.24800000
  0.554052  -0.0000   0.24900000
  0.554326  -0.0000   0.25000000
  0.554603  -0.0000   0.25100000
  0.554880  -0.0000   0.25200000
  0.555158  -0.0000   0.25200000
  0.555575  -0.0000   0.25400000
  0.556199  -0.0000   0.25600000
  0.557132  -0.0000   0.25900000
  0.558527  -0.0000   0.26400000
  0.560608  -0.0000   0.27200000
  0.563396  -0.0000   0.28200000
  0.566163  -0.0000   0.29200000
  0.568910  -0.0000   0.30200000
  0.571636  -0.0000   0.31200000
  0.571834  -0.0000   0.31300000
  0.572033  -0.0000   0.31400000
  0.572233  -0.0000   0.31400000
  0.572534  -0.0000   0.31600000
  0.572985  -0.0000   0.31800000
  0.573662  -0.0000   0.32000000
  0.574673  -0.0000   0.32500000
  0.576184  -0.0000   0.33100000
  0.578437  -0.0000   0.34100000
  0.580733  -0.0000   0.35100000
  0.583015  -0.0000   0.36100000
  0.585284  -0.0000   0.37100000
  0.587540  -0.0000   0.38100000
  0.588871  -0.0000   0.38700000
  0.589266  -0.0000   0.38900000
  0.589629  -0.0000   0.39100000
  0.589968  -0.0000   0.39200000
  0.590309  -0.0000   0.39400000
  0.590650  -0.0000   0.39600000
  0.590991  -0.0000   0.39800000
  0.591503  -0.0000   0.40000000
  0.592268  -0.0000   0.40400000
  0.593413  -0.0000   0.41000000
  0.595121  -0.0000   0.41900000
  0.597029  -0.0000   0.42900000
  0.598928  -0.0000   0.43900000
  0.600817  -0.0000   0.44900000
  0.602698  -0.0000   0.45900000
  0.604569  -0.0000   0.46900000
  0.606430  -0.0000   0.47900000
  0.606829  -0.0000   0.48100000
  0.607227  -0.0000   0.48300000
  0.607485  -0.0000   0.48500000
  0.607738  -0.0000   0.48600000
  0.607991  -0.0000   0.48800000
  0.608246  -0.0000   0.49000000
  0.608627  -0.0000   0.49200000
  0.609199  -0.0000   0.49500000
  0.610054  -0.0000   0.50100000
  0.611331  -0.0000   0.50900000
  0.612928  -0.0000   0.51900000
  0.614518  -0.0000   0.52900000
  0.616102  -0.0000   0.53900000
  0.617679  -0.0000   0.54900000
  0.619250  -0.0000   0.55900000
  0.620814  -0.0000   0.56900000
  0.622372  -0.0000   0.57900000
  0.623924  -0.0000   0.58900000
  0.624773  -0.0000   0.59400000
  0.625123  -0.0000   0.59700000
  0.625378  -0.0000   0.59800000
  0.625635  -0.0000   0.60000000
  0.625892  -0.0000   0.60200000
  0.626150  -0.0000   0.60400000
  0.626537  -0.0000   0.60700000
  0.627116  -0.0000   0.61100000
  0.627983  -0.0000   0.61800000
  0.629278  -0.0000   0.62700000
  0.630615  -0.0000   0.63700000
  0.631947  -0.0000   0.64700000
  0.633274  -0.0000   0.65700000
  0.634597  -0.0000   0.66700000
  0.635916  -0.0000   0.67700000
  0.637230  -0.0000   0.68700000
  0.638540  -0.0000   0.69700000
  0.639845  -0.0000   0.70700000
  0.641146  -0.0000   0.71700000
  0.642442  -0.0000   0.72700000
  0.642789  -0.0000   0.73000000
  0.643102  -0.0000   0.73300000
  0.643406  -0.0000   0.73500000
  0.643710  -0.0000   0.73800000
  0.644015  -0.0000   0.74100000
  0.644472  -0.0000   0.74500000
  0.645157  -0.0000   0.75100000
  0.646181  -0.0000   0.76000000
  0.647309  -0.0000   0.77000000
  0.648433  -0.0000   0.78000000
  0.649555  -0.0000   0.79000000
  0.650673  -0.0000   0.80000000
  0.651788  -0.0000   0.81000000
  0.652900  -0.0000   0.82000000
  0.654009  -0.0000   0.83000000
  0.655114  -0.0000   0.84000000
  0.656217  -0.0000   0.85000000
  0.657316  -0.0000   0.86000000
  0.658412  -0.0000   0.87000000
  0.659505  -0.0000   0.88000000
  0.660595  -0.0000   0.89000000
  0.660840  -0.0000   0.89200000
  0.661075  -0.0000   0.89500000
  0.661311  -0.0000   0.89700000
  0.661666  -0.0000   0.90100000
  0.662020  -0.0000   0.90500000
  0.662552  -0.0000   0.91000000
  0.663347  -0.0000   0.91800000
  0.664303  -0.0000   0.92800000
  0.665256  -0.0000   0.93800000
  0.666207  -0.0000   0.94800000
  0.667155  -0.0000   0.95800000
  0.668101  -0.0000   0.96800000
  0.669045  -0.0000   0.97800000
  0.669986  -0.0000   0.98800000
  0.670926  -0.0000   0.99800000
  0.671067  -0.0000   1.00000000
  0.670295  -0.0000   1.00000000
  0.670295  -0.0000   1.00000000
  0.670295  -0.0000   1.00000000
  0.670295  -0.0000   1.00000000
  0.670295  -0.0000   1.00000000
  0.670295  -0.0000   1.00000000
  0.670294  -0.0000   1.00000000
  0.670294  -0.0000   1.00000000
  0.670294  -0.0000   1.00000000
  0.670292  -0.0000   1.00000000
  0.670290  -0.0000   1.00000000
  0.670286  -0.0000   1.00000000
