  0.000018  -0.0000   0.00000010
  0.000040  -0.0000   0.00000020
  0.000107  -0.0000   0.00000030
  0.001251  -0.0000   0.00000045
  0.006107  -0.0000   0.00000067
  0.006161  -0.0000   0.00000090
  0.006211  -0.0000   0.00000113
  0.006291  -0.0000   0.00000146
  0.006421  -0.0000   0.00000197
  0.006656  -0.0000   0.00000273
  0.006853  -0.0000   0.00000328
  0.007083  -0.0000   0.00000383
  0.007350  -0.0000   0.00000437
  0.007646  -0.0000   0.00000490
  0.007985  -0.0000   0.00000543
  0.008374  -0.0000   0.00000596
  0.008749  -0.0000   0.00000641
  0.009166  -0.0000   0.00000687
  0.009630  -0.0000   0.00000732
  0.010093  -0.0000   0.00000773
  0.010599  -0.0000   0.00000815
  0.011150  -0.0000   0.00000856
  0.011723  -0.0000   0.00000896
  0.012340  -0.0000   0.00000936
  0.013002  -0.0000   0.00000976
  0.013714  -0.0000   0.00001016
  0.014473  -0.0000   0.00001056
  0.015281  -0.0000   0.00001096
  0.016169  -0.0000   0.00001137
  0.017111  -0.0000   0.00001178
  0.018106  -0.0000   0.00001220
  0.019272  -0.0000   0.00001265
  0.020500  -0.0000   0.00001311
  0.020525  -0.0000   0.00001316
  0.020549  -0.0000   0.00001321
  0.020572  -0.0000   0.00001326
  0.020603  -0.0000   0.00001333
  0.020646  -0.0000   0.00001344
  0.020704  -0.0000   0.00001360
  0.020776  -0.0000   0.00001383
  0.020842  -0.0000   0.00001406
  0.020905  -0.0000   0.00001429
  0.020993  -0.0000   0.00001463
  0.021110  -0.0000   0.00001512
  0.021247  -0.0000   0.00001571
  0.021383  -0.0000   0.00001631
  0.021588  -0.0000   0.00001720
  0.021915  -0.0000   0.00001854
  0.022482  -0.0000   0.00002056
  0.022944  -0.0000   0.00002201
  0.023465  -0.0000   0.00002347
  0.024050  -0.0000   0.00002492
  0.024678  -0.0000   0.00002632
  0.025375  -0.0000   0.00002772
  0.026144  -0.0000   0.00002912
  0.026991  -0.0000   0.00003051
  0.027918  -0.0000   0.00003191
  0.028929  -0.0000   0.00003331
  0.029802  -0.0000   0.00003444
  0.030733  -0.0000   0.00003557
  0.031722  -0.0000   0.00003670
  0.032901  -0.0000   0.00003797
  0.033946  -0.0000   0.00003903
  0.035045  -0.0000   0.00004009
  0.036199  -0.0000   0.00004115
  0.037407  -0.0000   0.00004221
  0.038556  -0.0000   0.00004327
  0.038599  -0.0000   0.00004337
  0.038639  -0.0000   0.00004348
  0.038677  -0.0000   0.00004358
  0.038730  -0.0000   0.00004373
  0.038805  -0.0000   0.00004395
  0.038909  -0.0000   0.00004429
  0.039054  -0.0000   0.00004480
  0.039240  -0.0000   0.00004550
  0.039421  -0.0000   0.00004620
  0.039690  -0.0000   0.00004724
  0.040105  -0.0000   0.00004881
  0.040781  -0.0000   0.00005117
  0.041523  -0.0000   0.00005352
  0.042336  -0.0000   0.00005587
  0.043224  -0.0000   0.00005822
  0.044191  -0.0000   0.00006058
  0.045472  -0.0000   0.00006341
  0.046874  -0.0000   0.00006624
  0.048107  -0.0000   0.00006855
  0.049427  -0.0000   0.00007087
  0.050837  -0.0000   0.00007319
  0.052508  -0.0000   0.00007575
  0.054293  -0.0000   0.00007832
  0.056193  -0.0000   0.00008088
  0.056719  -0.0000   0.00008158
  0.057253  -0.0000   0.00008228
  0.057633  -0.0000   0.00008298
  0.057790  -0.0000   0.00008346
  0.057936  -0.0000   0.00008394
  0.058074  -0.0000   0.00008442
  0.058272  -0.0000   0.00008513
  0.058559  -0.0000   0.00008621
  0.058991  -0.0000   0.00008783
  0.059666  -0.0000   0.00009025
  0.060455  -0.0000   0.00009290
  0.061296  -0.0000   0.00009556
  0.062191  -0.0000   0.00009822
  0.063433  -0.0000   0.00010190
  0.064625  -0.0000   0.00010560
  0.066385  -0.0000   0.00011110
  0.068975  -0.0000   0.00011930
  0.072106  -0.0000   0.00012950
  0.075172  -0.0000   0.00013970
  0.075400  -0.0000   0.00014050
  0.075627  -0.0000   0.00014130
  0.075853  -0.0000   0.00014200
  0.076173  -0.0000   0.00014310
  0.076315  -0.0000   0.00014410
  0.076445  -0.0000   0.00014500
  0.076567  -0.0000   0.00014590
  0.076740  -0.0000   0.00014730
  0.076987  -0.0000   0.00014930
  0.077346  -0.0000   0.00015240
  0.077878  -0.0000   0.00015710
  0.078674  -0.0000   0.00016400
  0.079866  -0.0000   0.00017450
  0.081053  -0.0000   0.00018490
  0.082235  -0.0000   0.00019530
  0.083994  -0.0000   0.00021100
  0.086598  -0.0000   0.00023440
  0.090431  -0.0000   0.00026960
  0.094190  -0.0000   0.00030480
  0.094390  -0.0000   0.00030670
  0.094591  -0.0000   0.00030860
  0.094773  -0.0000   0.00031050
  0.094942  -0.0000   0.00031330
  0.095171  -0.0000   0.00031750
  0.095389  -0.0000   0.00032180
  0.095603  -0.0000   0.00032600
  0.095921  -0.0000   0.00033230
  0.096398  -0.0000   0.00034190
  0.097114  -0.0000   0.00035620
  0.098188  -0.0000   0.00037760
  0.099790  -0.0000   0.00040980
  0.102169  -0.0000   0.00045800
  0.105686  -0.0000   0.00053040
  0.109150  -0.0000   0.00060280
  0.112561  -0.0000   0.00067520
  0.112805  -0.0000   0.00068040
  0.113049  -0.0000   0.00068560
  0.113293  -0.0000   0.00069080
  0.113576  -0.0000   0.00069860
  0.113822  -0.0000   0.00070780
  0.114059  -0.0000   0.00071700
  0.114292  -0.0000   0.00072620
  0.114525  -0.0000   0.00073550
  0.114874  -0.0000   0.00074930
  0.115400  -0.0000   0.00077010
  0.116188  -0.0000   0.00080120
  0.117367  -0.0000   0.00084790
  0.119123  -0.0000   0.00091800
  0.121729  -0.0000   0.00102300
  0.125582  -0.0000   0.00118100
  0.129377  -0.0000   0.00133800
  0.130068  -0.0000   0.00136700
  0.130757  -0.0000   0.00139600
  0.131443  -0.0000   0.00142500
  0.132166  -0.0000   0.00145500
  0.132334  -0.0000   0.00146600
  0.132487  -0.0000   0.00147600
  0.132636  -0.0000   0.00148700
  0.132858  -0.0000   0.00150200
  0.133189  -0.0000   0.00152600
  0.133688  -0.0000   0.00156100
  0.134437  -0.0000   0.00161400
  0.135557  -0.0000   0.00169400
  0.137227  -0.0000   0.00181300
  0.139708  -0.0000   0.00199200
  0.143379  -0.0000   0.00226000
  0.147004  -0.0000   0.00252800
  0.150580  -0.0000   0.00279600
  0.150815  -0.0000   0.00281400
  0.151022  -0.0000   0.00283100
  0.151178  -0.0000   0.00284900
  0.151403  -0.0000   0.00287500
  0.151739  -0.0000   0.00291500
  0.152075  -0.0000   0.00295400
  0.152580  -0.0000   0.00301400
  0.153336  -0.0000   0.00310300
  0.154468  -0.0000   0.00323600
  0.156153  -0.0000   0.00343700
  0.158659  -0.0000   0.00373700
  0.162369  -0.0000   0.00418800
  0.165816  -0.0000   0.00461200
  0.169223  -0.0000   0.00503600
  0.169482  -0.0000   0.00506800
  0.169740  -0.0000   0.00510000
  0.169933  -0.0000   0.00513300
  0.170196  -0.0000   0.00518100
  0.170457  -0.0000   0.00522900
  0.170718  -0.0000   0.00527800
  0.171112  -0.0000   0.00535000
  0.171702  -0.0000   0.00545900
  0.172584  -0.0000   0.00562200
  0.173901  -0.0000   0.00586700
  0.175861  -0.0000   0.00623400
  0.178772  -0.0000   0.00678500
  0.183079  -0.0000   0.00761200
  0.187329  -0.0000   0.00843800
  0.187641  -0.0000   0.00849900
  0.187953  -0.0000   0.00855900
  0.188264  -0.0000   0.00862000
  0.188695  -0.0000   0.00871100
  0.188939  -0.0000   0.00877900
  0.189182  -0.0000   0.00884600
  0.189424  -0.0000   0.00891300
  0.189789  -0.0000   0.00901400
  0.190337  -0.0000   0.00916600
  0.191156  -0.0000   0.00939300
  0.192379  -0.0000   0.00973400
  0.194201  -0.0000   0.01025000
  0.196908  -0.0000   0.01101000
  0.200920  -0.0000   0.01216000
  0.204885  -0.0000   0.01331000
  0.205522  -0.0000   0.01350000
  0.206158  -0.0000   0.01368000
  0.206792  -0.0000   0.01387000
  0.207658  -0.0000   0.01415000
  0.207931  -0.0000   0.01426000
  0.208202  -0.0000   0.01436000
  0.208474  -0.0000   0.01447000
  0.208883  -0.0000   0.01464000
  0.209495  -0.0000   0.01488000
  0.210411  -0.0000   0.01525000
  0.211776  -0.0000   0.01580000
  0.213810  -0.0000   0.01663000
  0.216833  -0.0000   0.01787000
  0.220448  -0.0000   0.01937000
  0.224026  -0.0000   0.02087000
  0.224681  -0.0000   0.02114000
  0.225334  -0.0000   0.02142000
  0.225987  -0.0000   0.02169000
  0.226376  -0.0000   0.02186000
  0.226620  -0.0000   0.02200000
  0.226863  -0.0000   0.02214000
  0.227106  -0.0000   0.02227000
  0.227350  -0.0000   0.02241000
  0.227717  -0.0000   0.02261000
  0.228265  -0.0000   0.02292000
  0.229085  -0.0000   0.02338000
  0.230309  -0.0000   0.02407000
  0.232132  -0.0000   0.02511000
  0.234844  -0.0000   0.02666000
  0.238866  -0.0000   0.02900000
  0.242844  -0.0000   0.03133000
  0.243425  -0.0000   0.03167000
  0.244005  -0.0000   0.03201000
  0.244584  -0.0000   0.03235000
  0.245383  -0.0000   0.03287000
  0.245690  -0.0000   0.03310000
  0.245997  -0.0000   0.03333000
  0.246304  -0.0000   0.03357000
  0.246611  -0.0000   0.03380000
  0.247072  -0.0000   0.03416000
  0.247761  -0.0000   0.03468000
  0.248790  -0.0000   0.03548000
  0.250325  -0.0000   0.03667000
  0.252610  -0.0000   0.03845000
  0.256006  -0.0000   0.04112000
  0.259261  -0.0000   0.04371000
  0.262489  -0.0000   0.04630000
  0.262977  -0.0000   0.04669000
  0.263463  -0.0000   0.04708000
  0.263950  -0.0000   0.04747000
  0.264254  -0.0000   0.04775000
  0.264529  -0.0000   0.04803000
  0.264804  -0.0000   0.04831000
  0.265219  -0.0000   0.04873000
  0.265632  -0.0000   0.04915000
  0.266252  -0.0000   0.04979000
  0.267177  -0.0000   0.05074000
  0.268557  -0.0000   0.05216000
  0.270614  -0.0000   0.05429000
  0.273671  -0.0000   0.05749000
  0.277074  -0.0000   0.06109000
  0.280446  -0.0000   0.06468000
  0.281366  -0.0000   0.06566000
  0.282283  -0.0000   0.06664000
  0.283143  -0.0000   0.06763000
  0.283453  -0.0000   0.06804000
  0.283765  -0.0000   0.06846000
  0.284077  -0.0000   0.06887000
  0.284388  -0.0000   0.06929000
  0.284855  -0.0000   0.06991000
  0.285553  -0.0000   0.07085000
  0.286596  -0.0000   0.07225000
  0.288152  -0.0000   0.07436000
  0.290470  -0.0000   0.07751000
  0.293914  -0.0000   0.08225000
  0.297281  -0.0000   0.08692000
  0.300619  -0.0000   0.09158000
  0.301038  -0.0000   0.09217000
  0.301457  -0.0000   0.09276000
  0.301876  -0.0000   0.09335000
  0.302133  -0.0000   0.09378000
  0.302388  -0.0000   0.09422000
  0.302644  -0.0000   0.09466000
  0.302901  -0.0000   0.09510000
  0.303285  -0.0000   0.09576000
  0.303859  -0.0000   0.09675000
  0.304718  -0.0000   0.09823000
  0.305999  -0.0000   0.10000000
  0.307910  -0.0000   0.10400000
  0.310751  -0.0000   0.10900000
  0.314206  -0.0000   0.11500000
  0.317632  -0.0000   0.12100000
  0.319962  -0.0000   0.12500000
  0.320369  -0.0000   0.12600000
  0.320772  -0.0000   0.12700000
  0.321054  -0.0000   0.12700000
  0.321338  -0.0000   0.12800000
  0.321622  -0.0000   0.12900000
  0.321905  -0.0000   0.12900000
  0.322330  -0.0000   0.13000000
  0.322966  -0.0000   0.13100000
  0.323916  -0.0000   0.13400000
  0.325334  -0.0000   0.13700000
  0.327447  -0.0000   0.14100000
  0.330589  -0.0000   0.14800000
  0.334006  -0.0000   0.15600000
  0.337396  -0.0000   0.16400000
  0.338201  -0.0000   0.16600000
  0.339004  -0.0000   0.16700000
  0.339778  -0.0000   0.16900000
  0.340071  -0.0000   0.17000000
  0.340365  -0.0000   0.17100000
  0.340659  -0.0000   0.17200000
  0.341100  -0.0000   0.17300000
  0.341759  -0.0000   0.17500000
  0.342745  -0.0000   0.17700000
  0.344216  -0.0000   0.18100000
  0.346407  -0.0000   0.18700000
  0.349666  -0.0000   0.19700000
  0.353214  -0.0000   0.20700000
  0.356732  -0.0000   0.21700000
  0.357311  -0.0000   0.21800000
  0.357889  -0.0000   0.22000000
  0.358466  -0.0000   0.22200000
  0.358785  -0.0000   0.22300000
  0.359088  -0.0000   0.22400000
  0.359392  -0.0000   0.22500000
  0.359847  -0.0000   0.22600000
  0.360301  -0.0000   0.22800000
  0.360981  -0.0000   0.23000000
  0.361997  -0.0000   0.23300000
  0.363512  -0.0000   0.23900000
  0.365770  -0.0000   0.24600000
  0.368665  -0.0000   0.25600000
  0.371541  -0.0000   0.26600000
  0.374397  -0.0000   0.27600000
  0.377234  -0.0000   0.28600000
  0.377553  -0.0000   0.28700000
  0.377838  -0.0000   0.28900000
  0.378124  -0.0000   0.29000000
  0.378554  -0.0000   0.29200000
  0.378983  -0.0000   0.29300000
  0.379624  -0.0000   0.29600000
  0.380582  -0.0000   0.30000000
  0.382013  -0.0000   0.30600000
  0.384145  -0.0000   0.31500000
  0.386519  -0.0000   0.32500000
  0.388879  -0.0000   0.33500000
  0.391226  -0.0000   0.34500000
  0.393561  -0.0000   0.35500000
  0.395884  -0.0000   0.36500000
  0.396270  -0.0000   0.36700000
  0.396618  -0.0000   0.36800000
  0.396953  -0.0000   0.37000000
  0.397456  -0.0000   0.37200000
  0.397958  -0.0000   0.37500000
  0.398458  -0.0000   0.37700000
  0.399207  -0.0000   0.38100000
  0.400325  -0.0000   0.38700000
  0.401994  -0.0000   0.39500000
  0.403962  -0.0000   0.40500000
  0.405920  -0.0000   0.41500000
  0.407869  -0.0000   0.42500000
  0.409809  -0.0000   0.43500000
  0.411741  -0.0000   0.44500000
  0.413665  -0.0000   0.45500000
  0.415535  -0.0000   0.46500000
  0.415825  -0.0000   0.46700000
  0.416117  -0.0000   0.46900000
  0.416408  -0.0000   0.47000000
  0.416845  -0.0000   0.47300000
  0.417499  -0.0000   0.47700000
  0.418475  -0.0000   0.48300000
  0.419934  -0.0000   0.49200000
  0.421578  -0.0000   0.50200000
  0.423215  -0.0000   0.51200000
  0.424845  -0.0000   0.52200000
  0.426470  -0.0000   0.53200000
  0.428088  -0.0000   0.54200000
  0.429701  -0.0000   0.55200000
  0.431308  -0.0000   0.56200000
  0.432909  -0.0000   0.57200000
  0.434471  -0.0000   0.58200000
  0.434771  -0.0000   0.58400000
  0.435072  -0.0000   0.58600000
  0.435373  -0.0000   0.58800000
  0.435824  -0.0000   0.59100000
  0.436498  -0.0000   0.59600000
  0.437505  -0.0000   0.60300000
  0.438893  -0.0000   0.61300000
  0.440275  -0.0000   0.62300000
  0.441652  -0.0000   0.63300000
  0.443025  -0.0000   0.64300000
  0.444393  -0.0000   0.65300000
  0.445756  -0.0000   0.66300000
  0.447116  -0.0000   0.67300000
  0.448471  -0.0000   0.68300000
  0.449823  -0.0000   0.69300000
  0.451170  -0.0000   0.70300000
  0.452514  -0.0000   0.71300000
  0.453135  -0.0000   0.71800000
  0.453481  -0.0000   0.72100000
  0.453822  -0.0000   0.72400000
  0.454164  -0.0000   0.72700000
  0.454505  -0.0000   0.72900000
  0.455016  -0.0000   0.73400000
  0.455779  -0.0000   0.74000000
  0.456920  -0.0000   0.75000000
  0.458093  -0.0000   0.76000000
  0.459263  -0.0000   0.77000000
  0.460429  -0.0000   0.78000000
  0.461592  -0.0000   0.79000000
  0.462751  -0.0000   0.80000000
  0.463908  -0.0000   0.81000000
  0.465061  -0.0000   0.82000000
  0.466211  -0.0000   0.83000000
  0.467359  -0.0000   0.84000000
  0.468503  -0.0000   0.85000000
  0.469645  -0.0000   0.86000000
  0.470784  -0.0000   0.87000000
  0.471920  -0.0000   0.88000000
  0.472279  -0.0000   0.88300000
  0.472625  -0.0000   0.88700000
  0.472972  -0.0000   0.89000000
  0.473491  -0.0000   0.89500000
  0.474008  -0.0000   0.90000000
  0.474783  -0.0000   0.90800000
  0.475786  -0.0000   0.91800000
  0.476786  -0.0000   0.92800000
  0.477783  -0.0000   0.93800000
  0.478777  -0.0000   0.94800000
  0.479769  -0.0000   0.95800000
  0.480759  -0.0000   0.96800000
  0.481746  -0.0000   0.97800000
  0.482731  -0.0000   0.98800000
  0.483713  -0.0000   0.99800000
  0.483905  -0.0000   1.00000000
  0.483641  -0.0000   1.00000000
  0.483641  -0.0000   1.00000000
  0.483641  -0.0000   1.00000000
  0.483641  -0.0000   1.00000000
  0.483641  -0.0000   1.00000000
  0.483641  -0.0000   1.00000000
  0.483641  -0.0000   1.00000000
  0.483641  -0.0000   1.00000000
  0.483641  -0.0000   1.00000000
  0.483641  -0.0000   1.00000000
  0.483640  -0.0000   1.00000000
  0.483639  -0.0000   1.00000000
