  0.000001  -0.0000   0.00000010
  0.000002  -0.0000   0.00000020
  0.000005  -0.0000   0.00000030
  0.000058  -0.0000   0.00000045
  0.001232  -0.0000   0.00000067
  0.005977  -0.0000   0.00000101
  0.005983  -0.0000   0.00000152
  0.005990  -0.0000   0.00000228
  0.006002  -0.0000   0.00000342
  0.006020  -0.0000   0.00000513
  0.006047  -0.0000   0.00000769
  0.006090  -0.0000   0.00001153
  0.006157  -0.0000   0.00001730
  0.006266  -0.0000   0.00002595
  0.006446  -0.0000   0.00003892
  0.006755  -0.0000   0.00005839
  0.007304  -0.0000   0.00008758
  0.007865  -0.0000   0.00013140
  0.008296  -0.0000   0.00017520
  0.008724  -0.0000   0.00021890
  0.009358  -0.0000   0.00028460
  0.010297  -0.0000   0.00038320
  0.011684  -0.0000   0.00053090
  0.013732  -0.0000   0.00075260
  0.016747  -0.0000   0.00108500
  0.021182  -0.0000   0.00158400
  0.021419  -0.0000   0.00161100
  0.021657  -0.0000   0.00163700
  0.021894  -0.0000   0.00166400
  0.022249  -0.0000   0.00170400
  0.022780  -0.0000   0.00176500
  0.023357  -0.0000   0.00185500
  0.023503  -0.0000   0.00190200
  0.023649  -0.0000   0.00194800
  0.023793  -0.0000   0.00199500
  0.024008  -0.0000   0.00206500
  0.024328  -0.0000   0.00216900
  0.024803  -0.0000   0.00232700
  0.025273  -0.0000   0.00248400
  0.025972  -0.0000   0.00272000
  0.027010  -0.0000   0.00307400
  0.028546  -0.0000   0.00360400
  0.030669  -0.0000   0.00434700
  0.032771  -0.0000   0.00508900
  0.035752  -0.0000   0.00615400
  0.038705  -0.0000   0.00721900
  0.042717  -0.0000   0.00868300
  0.046687  -0.0000   0.01015000
  0.051427  -0.0000   0.01192000
  0.051640  -0.0000   0.01200000
  0.051853  -0.0000   0.01208000
  0.051998  -0.0000   0.01215000
  0.052203  -0.0000   0.01227000
  0.052507  -0.0000   0.01245000
  0.052810  -0.0000   0.01263000
  0.053261  -0.0000   0.01290000
  0.053932  -0.0000   0.01331000
  0.054933  -0.0000   0.01391000
  0.056421  -0.0000   0.01482000
  0.058633  -0.0000   0.01618000
  0.061919  -0.0000   0.01823000
  0.065991  -0.0000   0.02079000
  0.070029  -0.0000   0.02334000
  0.074037  -0.0000   0.02590000
  0.079989  -0.0000   0.02974000
  0.080299  -0.0000   0.03000000
  0.080606  -0.0000   0.03027000
  0.080912  -0.0000   0.03053000
  0.081368  -0.0000   0.03093000
  0.082050  -0.0000   0.03152000
  0.083067  -0.0000   0.03241000
  0.084583  -0.0000   0.03374000
  0.086843  -0.0000   0.03574000
  0.090206  -0.0000   0.03873000
  0.095206  -0.0000   0.04323000
  0.100947  -0.0000   0.04844000
  0.106644  -0.0000   0.05364000
  0.107323  -0.0000   0.05426000
  0.108000  -0.0000   0.05489000
  0.108560  -0.0000   0.05551000
  0.109112  -0.0000   0.05613000
  0.109661  -0.0000   0.05675000
  0.110208  -0.0000   0.05737000
  0.111026  -0.0000   0.05830000
  0.112248  -0.0000   0.05969000
  0.114072  -0.0000   0.06179000
  0.116790  -0.0000   0.06493000
  0.120838  -0.0000   0.06964000
  0.126859  -0.0000   0.07671000
  0.134544  -0.0000   0.08582000
  0.135317  -0.0000   0.08673000
  0.136088  -0.0000   0.08765000
  0.136752  -0.0000   0.08856000
  0.137408  -0.0000   0.08948000
  0.138063  -0.0000   0.09040000
  0.138715  -0.0000   0.09131000
  0.139691  -0.0000   0.09269000
  0.141149  -0.0000   0.09475000
  0.143324  -0.0000   0.09784000
  0.146568  -0.0000   0.10200000
  0.151400  -0.0000   0.10900000
  0.158293  -0.0000   0.11900000
  0.162078  -0.0000   0.12500000
  0.163690  -0.0000   0.12700000
  0.164749  -0.0000   0.12900000
  0.165746  -0.0000   0.13100000
  0.166738  -0.0000   0.13200000
  0.168220  -0.0000   0.13500000
  0.169697  -0.0000   0.13700000
  0.171903  -0.0000   0.14100000
  0.175193  -0.0000   0.14700000
  0.180098  -0.0000   0.15500000
  0.185902  -0.0000   0.16500000
  0.191676  -0.0000   0.17500000
  0.192469  -0.0000   0.17600000
  0.193205  -0.0000   0.17800000
  0.193939  -0.0000   0.17900000
  0.195036  -0.0000   0.18100000
  0.196129  -0.0000   0.18400000
  0.197764  -0.0000   0.18700000
  0.200204  -0.0000   0.19100000
  0.203846  -0.0000   0.19900000
  0.208881  -0.0000   0.20900000
  0.213891  -0.0000   0.21900000
  0.218879  -0.0000   0.22900000
  0.219948  -0.0000   0.23100000
  0.220947  -0.0000   0.23300000
  0.221920  -0.0000   0.23500000
  0.222890  -0.0000   0.23700000
  0.223857  -0.0000   0.23900000
  0.225304  -0.0000   0.24300000
  0.227466  -0.0000   0.24700000
  0.230693  -0.0000   0.25500000
  0.235127  -0.0000   0.26500000
  0.239541  -0.0000   0.27500000
  0.243938  -0.0000   0.28500000
  0.248306  -0.0000   0.29500000
  0.249113  -0.0000   0.29700000
  0.249918  -0.0000   0.29900000
  0.250721  -0.0000   0.30100000
  0.251522  -0.0000   0.30300000
  0.252721  -0.0000   0.30600000
  0.254514  -0.0000   0.31000000
  0.257193  -0.0000   0.31700000
  0.261152  -0.0000   0.32700000
  0.265096  -0.0000   0.33700000
  0.269027  -0.0000   0.34700000
  0.272945  -0.0000   0.35700000
  0.276795  -0.0000   0.36700000
  0.277820  -0.0000   0.37000000
  0.278841  -0.0000   0.37300000
  0.279860  -0.0000   0.37500000
  0.280877  -0.0000   0.37800000
  0.282399  -0.0000   0.38200000
  0.284674  -0.0000   0.38900000
  0.288073  -0.0000   0.39800000
  0.291635  -0.0000   0.40800000
  0.295186  -0.0000   0.41800000
  0.298727  -0.0000   0.42800000
  0.302259  -0.0000   0.43800000
  0.303919  -0.0000   0.44300000
  0.304850  -0.0000   0.44600000
  0.305778  -0.0000   0.44900000
  0.306704  -0.0000   0.45100000
  0.307629  -0.0000   0.45400000
  0.309012  -0.0000   0.45800000
  0.311080  -0.0000   0.46500000
  0.314170  -0.0000   0.47400000
  0.317419  -0.0000   0.48400000
  0.320658  -0.0000   0.49400000
  0.323888  -0.0000   0.50400000
  0.327111  -0.0000   0.51400000
  0.330326  -0.0000   0.52400000
  0.331917  -0.0000   0.52900000
  0.333069  -0.0000   0.53300000
  0.334217  -0.0000   0.53700000
  0.335362  -0.0000   0.54100000
  0.336506  -0.0000   0.54400000
  0.338216  -0.0000   0.55000000
  0.340773  -0.0000   0.55900000
  0.343756  -0.0000   0.56900000
  0.346731  -0.0000   0.57900000
  0.349699  -0.0000   0.58900000
  0.352660  -0.0000   0.59900000
  0.355615  -0.0000   0.60900000
  0.358564  -0.0000   0.61900000
  0.359911  -0.0000   0.62300000
  0.361217  -0.0000   0.62800000
  0.362519  -0.0000   0.63300000
  0.364465  -0.0000   0.64000000
  0.366406  -0.0000   0.64700000
  0.369166  -0.0000   0.65700000
  0.371919  -0.0000   0.66700000
  0.374664  -0.0000   0.67700000
  0.377403  -0.0000   0.68700000
  0.380137  -0.0000   0.69700000
  0.382866  -0.0000   0.70700000
  0.385589  -0.0000   0.71700000
  0.387759  -0.0000   0.72500000
  0.389303  -0.0000   0.73100000
  0.390842  -0.0000   0.73700000
  0.392377  -0.0000   0.74300000
  0.393909  -0.0000   0.74900000
  0.396200  -0.0000   0.75800000
  0.398756  -0.0000   0.76800000
  0.401306  -0.0000   0.77800000
  0.403850  -0.0000   0.78800000
  0.406390  -0.0000   0.79800000
  0.408925  -0.0000   0.80800000
  0.411455  -0.0000   0.81800000
  0.413982  -0.0000   0.82800000
  0.415435  -0.0000   0.83300000
  0.416856  -0.0000   0.83900000
  0.418273  -0.0000   0.84500000
  0.420392  -0.0000   0.85400000
  0.422506  -0.0000   0.86300000
  0.424892  -0.0000   0.87300000
  0.427272  -0.0000   0.88300000
  0.429648  -0.0000   0.89300000
  0.432019  -0.0000   0.90300000
  0.434386  -0.0000   0.91300000
  0.436750  -0.0000   0.92300000
  0.439110  -0.0000   0.93300000
  0.441466  -0.0000   0.94300000
  0.443069  -0.0000   0.95000000
  0.444640  -0.0000   0.95700000
  0.446207  -0.0000   0.96400000
  0.448449  -0.0000   0.97400000
  0.450686  -0.0000   0.98400000
  0.452918  -0.0000   0.99400000
  0.454293  -0.0000   1.00000000
  0.454274  -0.0000   1.00000000
  0.454274  -0.0000   1.00000000
  0.454274  -0.0000   1.00000000
  0.454274  -0.0000   1.00000000
  0.454274  -0.0000   1.00000000
  0.454274  -0.0000   1.00000000
  0.454274  -0.0000   1.00000000
  0.454274  -0.0000   1.00000000
  0.454274  -0.0000   1.00000000
  0.454274  -0.0000   1.00000000
  0.454274  -0.0000   1.00000000
  0.454273  -0.0000   1.00000000
  0.454273  -0.0000   1.00000000
  0.454272  -0.0000   1.00000000
