  0.000268  -0.0000   0.00000010
  0.000590  -0.0000   0.00000020
  0.001630  -0.0000   0.00000030
  0.004368  -0.0000   0.00000033
  0.007201  -0.0000   0.00000036
  0.007366  -0.0000   0.00000040
  0.007531  -0.0000   0.00000043
  0.007819  -0.0000   0.00000048
  0.008061  -0.0000   0.00000052
  0.008331  -0.0000   0.00000055
  0.008630  -0.0000   0.00000059
  0.009026  -0.0000   0.00000063
  0.009468  -0.0000   0.00000067
  0.009961  -0.0000   0.00000072
  0.010514  -0.0000   0.00000076
  0.011134  -0.0000   0.00000080
  0.011644  -0.0000   0.00000084
  0.012201  -0.0000   0.00000087
  0.012809  -0.0000   0.00000090
  0.013472  -0.0000   0.00000093
  0.014191  -0.0000   0.00000096
  0.014968  -0.0000   0.00000100
  0.015804  -0.0000   0.00000103
  0.016699  -0.0000   0.00000106
  0.017651  -0.0000   0.00000109
  0.018662  -0.0000   0.00000113
  0.019727  -0.0000   0.00000116
  0.019945  -0.0000   0.00000117
  0.020165  -0.0000   0.00000117
  0.020292  -0.0000   0.00000118
  0.020325  -0.0000   0.00000119
  0.020354  -0.0000   0.00000119
  0.020380  -0.0000   0.00000120
  0.020415  -0.0000   0.00000121
  0.020460  -0.0000   0.00000122
  0.020510  -0.0000   0.00000124
  0.020556  -0.0000   0.00000126
  0.020616  -0.0000   0.00000129
  0.020672  -0.0000   0.00000132
  0.020750  -0.0000   0.00000136
  0.020860  -0.0000   0.00000142
  0.020995  -0.0000   0.00000150
  0.021127  -0.0000   0.00000158
  0.021324  -0.0000   0.00000170
  0.021629  -0.0000   0.00000188
  0.022140  -0.0000   0.00000215
  0.022565  -0.0000   0.00000235
  0.023059  -0.0000   0.00000255
  0.023460  -0.0000   0.00000269
  0.023916  -0.0000   0.00000283
  0.024436  -0.0000   0.00000297
  0.025029  -0.0000   0.00000312
  0.025578  -0.0000   0.00000323
  0.026188  -0.0000   0.00000335
  0.026862  -0.0000   0.00000347
  0.027604  -0.0000   0.00000359
  0.028263  -0.0000   0.00000368
  0.028972  -0.0000   0.00000378
  0.029733  -0.0000   0.00000388
  0.030548  -0.0000   0.00000398
  0.031417  -0.0000   0.00000407
  0.032341  -0.0000   0.00000417
  0.033322  -0.0000   0.00000427
  0.034360  -0.0000   0.00000436
  0.035454  -0.0000   0.00000446
  0.036607  -0.0000   0.00000456
  0.036998  -0.0000   0.00000459
  0.037396  -0.0000   0.00000462
  0.037515  -0.0000   0.00000463
  0.037559  -0.0000   0.00000465
  0.037598  -0.0000   0.00000466
  0.037650  -0.0000   0.00000468
  0.037698  -0.0000   0.00000470
  0.037762  -0.0000   0.00000473
  0.037849  -0.0000   0.00000477
  0.037966  -0.0000   0.00000484
  0.038107  -0.0000   0.00000492
  0.038240  -0.0000   0.00000501
  0.038429  -0.0000   0.00000514
  0.038708  -0.0000   0.00000533
  0.039136  -0.0000   0.00000563
  0.039859  -0.0000   0.00000606
  0.040264  -0.0000   0.00000629
  0.040709  -0.0000   0.00000651
  0.041203  -0.0000   0.00000674
  0.041705  -0.0000   0.00000695
  0.042258  -0.0000   0.00000715
  0.042864  -0.0000   0.00000736
  0.043563  -0.0000   0.00000758
  0.044327  -0.0000   0.00000780
  0.045161  -0.0000   0.00000802
  0.046027  -0.0000   0.00000823
  0.046961  -0.0000   0.00000843
  0.047967  -0.0000   0.00000864
  0.049005  -0.0000   0.00000884
  0.050114  -0.0000   0.00000905
  0.051295  -0.0000   0.00000925
  0.052550  -0.0000   0.00000945
  0.053879  -0.0000   0.00000965
  0.055284  -0.0000   0.00000985
  0.055473  -0.0000   0.00000988
  0.055663  -0.0000   0.00000991
  0.055780  -0.0000   0.00000993
  0.055882  -0.0000   0.00000997
  0.056014  -0.0000   0.00001003
  0.056132  -0.0000   0.00001009
  0.056241  -0.0000   0.00001015
  0.056392  -0.0000   0.00001025
  0.056601  -0.0000   0.00001038
  0.056898  -0.0000   0.00001059
  0.057333  -0.0000   0.00001089
  0.058021  -0.0000   0.00001135
  0.058477  -0.0000   0.00001164
  0.058967  -0.0000   0.00001193
  0.059497  -0.0000   0.00001222
  0.060145  -0.0000   0.00001254
  0.060854  -0.0000   0.00001286
  0.061627  -0.0000   0.00001318
  0.062710  -0.0000   0.00001359
  0.063711  -0.0000   0.00001393
  0.064797  -0.0000   0.00001428
  0.065970  -0.0000   0.00001462
  0.067233  -0.0000   0.00001497
  0.068590  -0.0000   0.00001531
  0.070041  -0.0000   0.00001566
  0.071589  -0.0000   0.00001600
  0.073236  -0.0000   0.00001634
  0.073457  -0.0000   0.00001639
  0.073681  -0.0000   0.00001644
  0.073881  -0.0000   0.00001648
  0.074006  -0.0000   0.00001654
  0.074119  -0.0000   0.00001660
  0.074223  -0.0000   0.00001665
  0.074321  -0.0000   0.00001671
  0.074458  -0.0000   0.00001679
  0.074649  -0.0000   0.00001692
  0.074918  -0.0000   0.00001711
  0.075305  -0.0000   0.00001740
  0.075889  -0.0000   0.00001783
  0.076521  -0.0000   0.00001827
  0.077200  -0.0000   0.00001871
  0.077939  -0.0000   0.00001916
  0.078743  -0.0000   0.00001960
  0.079617  -0.0000   0.00002004
  0.080565  -0.0000   0.00002048
  0.081588  -0.0000   0.00002093
  0.082950  -0.0000   0.00002147
  0.084158  -0.0000   0.00002191
  0.085451  -0.0000   0.00002236
  0.086829  -0.0000   0.00002280
  0.088294  -0.0000   0.00002325
  0.089849  -0.0000   0.00002370
  0.091494  -0.0000   0.00002414
  0.091696  -0.0000   0.00002420
  0.091899  -0.0000   0.00002425
  0.092009  -0.0000   0.00002430
  0.092155  -0.0000   0.00002439
  0.092352  -0.0000   0.00002451
  0.092534  -0.0000   0.00002463
  0.092706  -0.0000   0.00002475
  0.092951  -0.0000   0.00002494
  0.093304  -0.0000   0.00002521
  0.093830  -0.0000   0.00002562
  0.094655  -0.0000   0.00002624
  0.095358  -0.0000   0.00002674
  0.096111  -0.0000   0.00002723
  0.096918  -0.0000   0.00002773
  0.097935  -0.0000   0.00002830
  0.099031  -0.0000   0.00002888
  0.100210  -0.0000   0.00002945
  0.101474  -0.0000   0.00003003
  0.103084  -0.0000   0.00003071
  0.104498  -0.0000   0.00003127
  0.105998  -0.0000   0.00003183
  0.107585  -0.0000   0.00003239
  0.109436  -0.0000   0.00003301
  0.109670  -0.0000   0.00003308
  0.109905  -0.0000   0.00003316
  0.110101  -0.0000   0.00003324
  0.110292  -0.0000   0.00003335
  0.110468  -0.0000   0.00003347
  0.110633  -0.0000   0.00003359
  0.110790  -0.0000   0.00003370
  0.111014  -0.0000   0.00003388
  0.111336  -0.0000   0.00003414
  0.111810  -0.0000   0.00003453
  0.112535  -0.0000   0.00003511
  0.113126  -0.0000   0.00003558
  0.113746  -0.0000   0.00003604
  0.114398  -0.0000   0.00003650
  0.115454  -0.0000   0.00003719
  0.116589  -0.0000   0.00003788
  0.117806  -0.0000   0.00003857
  0.119107  -0.0000   0.00003926
  0.120729  -0.0000   0.00004006
  0.122466  -0.0000   0.00004086
  0.124321  -0.0000   0.00004166
  0.126296  -0.0000   0.00004247
  0.128277  -0.0000   0.00004327
  0.128390  -0.0000   0.00004334
  0.128496  -0.0000   0.00004341
  0.128598  -0.0000   0.00004348
  0.128742  -0.0000   0.00004359
  0.128947  -0.0000   0.00004375
  0.129237  -0.0000   0.00004398
  0.129656  -0.0000   0.00004434
  0.130277  -0.0000   0.00004488
  0.130983  -0.0000   0.00004547
  0.131722  -0.0000   0.00004607
  0.132500  -0.0000   0.00004666
  0.133478  -0.0000   0.00004736
  0.134517  -0.0000   0.00004807
  0.135619  -0.0000   0.00004877
  0.136784  -0.0000   0.00004947
  0.138269  -0.0000   0.00005031
  0.139845  -0.0000   0.00005115
  0.141514  -0.0000   0.00005199
  0.143460  -0.0000   0.00005291
  0.145520  -0.0000   0.00005383
  0.145789  -0.0000   0.00005395
  0.146060  -0.0000   0.00005407
  0.146322  -0.0000   0.00005419
  0.146494  -0.0000   0.00005431
  0.146656  -0.0000   0.00005443
  0.146810  -0.0000   0.00005455
  0.147028  -0.0000   0.00005473
  0.147338  -0.0000   0.00005500
  0.147787  -0.0000   0.00005541
  0.148456  -0.0000   0.00005601
  0.149139  -0.0000   0.00005662
  0.149849  -0.0000   0.00005722
  0.150591  -0.0000   0.00005782
  0.151637  -0.0000   0.00005863
  0.152744  -0.0000   0.00005943
  0.153913  -0.0000   0.00006023
  0.155145  -0.0000   0.00006104
  0.156748  -0.0000   0.00006202
  0.158446  -0.0000   0.00006301
  0.160239  -0.0000   0.00006399
  0.162322  -0.0000   0.00006507
  0.164451  -0.0000   0.00006615
  0.164578  -0.0000   0.00006624
  0.164699  -0.0000   0.00006634
  0.164815  -0.0000   0.00006643
  0.164982  -0.0000   0.00006657
  0.165219  -0.0000   0.00006678
  0.165561  -0.0000   0.00006710
  0.166058  -0.0000   0.00006757
  0.166809  -0.0000   0.00006828
  0.167423  -0.0000   0.00006884
  0.168057  -0.0000   0.00006941
  0.168714  -0.0000   0.00006998
  0.169754  -0.0000   0.00007083
  0.170847  -0.0000   0.00007168
  0.171996  -0.0000   0.00007253
  0.173200  -0.0000   0.00007338
  0.175128  -0.0000   0.00007465
  0.177180  -0.0000   0.00007593
  0.179356  -0.0000   0.00007720
  0.181656  -0.0000   0.00007848
  0.181936  -0.0000   0.00007863
  0.182216  -0.0000   0.00007879
  0.182499  -0.0000   0.00007894
  0.182721  -0.0000   0.00007911
  0.182926  -0.0000   0.00007929
  0.183122  -0.0000   0.00007946
  0.183401  -0.0000   0.00007972
  0.183803  -0.0000   0.00008011
  0.184396  -0.0000   0.00008070
  0.185301  -0.0000   0.00008158
  0.186087  -0.0000   0.00008232
  0.186905  -0.0000   0.00008306
  0.187756  -0.0000   0.00008380
  0.188865  -0.0000   0.00008472
  0.190026  -0.0000   0.00008564
  0.191752  -0.0000   0.00008693
  0.193578  -0.0000   0.00008822
  0.195767  -0.0000   0.00008968
  0.198083  -0.0000   0.00009113
  0.200123  -0.0000   0.00009236
  0.200358  -0.0000   0.00009250
  0.200579  -0.0000   0.00009264
  0.200745  -0.0000   0.00009278
  0.200978  -0.0000   0.00009299
  0.201307  -0.0000   0.00009331
  0.201624  -0.0000   0.00009362
  0.202085  -0.0000   0.00009410
  0.202776  -0.0000   0.00009481
  0.203458  -0.0000   0.00009550
  0.204161  -0.0000   0.00009620
  0.204886  -0.0000   0.00009689
  0.205960  -0.0000   0.00009787
  0.207081  -0.0000   0.00009885
  0.208482  -0.0000   0.00010000
  0.209772  -0.0000   0.00010120
  0.211677  -0.0000   0.00010290
  0.213553  -0.0000   0.00010470
  0.216311  -0.0000   0.00010730
  0.216597  -0.0000   0.00010760
  0.216883  -0.0000   0.00010780
  0.217168  -0.0000   0.00010810
  0.217594  -0.0000   0.00010850
  0.218230  -0.0000   0.00010910
  0.218410  -0.0000   0.00010940
  0.218566  -0.0000   0.00010960
  0.218714  -0.0000   0.00010980
  0.218925  -0.0000   0.00011010
  0.219223  -0.0000   0.00011060
  0.219647  -0.0000   0.00011140
  0.220261  -0.0000   0.00011250
  0.221001  -0.0000   0.00011390
  0.221739  -0.0000   0.00011520
  0.222479  -0.0000   0.00011660
  0.223459  -0.0000   0.00011840
  0.224439  -0.0000   0.00012030
  0.225906  -0.0000   0.00012300
  0.228090  -0.0000   0.00012710
  0.231319  -0.0000   0.00013320
  0.232390  -0.0000   0.00013520
  0.233455  -0.0000   0.00013730
  0.234513  -0.0000   0.00013930
  0.234975  -0.0000   0.00014020
  0.235436  -0.0000   0.00014110
  0.235687  -0.0000   0.00014170
  0.235902  -0.0000   0.00014240
  0.236105  -0.0000   0.00014300
  0.236392  -0.0000   0.00014390
  0.236804  -0.0000   0.00014530
  0.237403  -0.0000   0.00014740
  0.238097  -0.0000   0.00014990
  0.238791  -0.0000   0.00015240
  0.239488  -0.0000   0.00015480
  0.240486  -0.0000   0.00015830
  0.241485  -0.0000   0.00016190
  0.242981  -0.0000   0.00016710
  0.245211  -0.0000   0.00017500
  0.248512  -0.0000   0.00018690
  0.249455  -0.0000   0.00019030
  0.250394  -0.0000   0.00019370
  0.251328  -0.0000   0.00019710
  0.252719  -0.0000   0.00020220
  0.252850  -0.0000   0.00020290
  0.252974  -0.0000   0.00020350
  0.253093  -0.0000   0.00020420
  0.253263  -0.0000   0.00020520
  0.253507  -0.0000   0.00020660
  0.253858  -0.0000   0.00020880
  0.254373  -0.0000   0.00021210
  0.255141  -0.0000   0.00021710
  0.255912  -0.0000   0.00022200
  0.256686  -0.0000   0.00022690
  0.257462  -0.0000   0.00023190
  0.258628  -0.0000   0.00023930
  0.260373  -0.0000   0.00025040
  0.262971  -0.0000   0.00026710
  0.266810  -0.0000   0.00029210
  0.267520  -0.0000   0.00029680
  0.268228  -0.0000   0.00030140
  0.268933  -0.0000   0.00030600
  0.269938  -0.0000   0.00031300
  0.270092  -0.0000   0.00031440
  0.270238  -0.0000   0.00031580
  0.270379  -0.0000   0.00031730
  0.270582  -0.0000   0.00031940
  0.270875  -0.0000   0.00032260
  0.271305  -0.0000   0.00032740
  0.271946  -0.0000   0.00033450
  0.272590  -0.0000   0.00034170
  0.273237  -0.0000   0.00034890
  0.273886  -0.0000   0.00035600
  0.274863  -0.0000   0.00036680
  0.276327  -0.0000   0.00038290
  0.278516  -0.0000   0.00040710
  0.281765  -0.0000   0.00044350
  0.284949  -0.0000   0.00047950
  0.285375  -0.0000   0.00048430
  0.285800  -0.0000   0.00048920
  0.286225  -0.0000   0.00049400
  0.286859  -0.0000   0.00050130
  0.287063  -0.0000   0.00050390
  0.287230  -0.0000   0.00050660
  0.287389  -0.0000   0.00050920
  0.287615  -0.0000   0.00051320
  0.287942  -0.0000   0.00051920
  0.288423  -0.0000   0.00052820
  0.289145  -0.0000   0.00054170
  0.289871  -0.0000   0.00055510
  0.290600  -0.0000   0.00056860
  0.291332  -0.0000   0.00058210
  0.292431  -0.0000   0.00060230
  0.294077  -0.0000   0.00063260
  0.296531  -0.0000   0.00067810
  0.300167  -0.0000   0.00074630
  0.303750  -0.0000   0.00081450
  0.303939  -0.0000   0.00081810
  0.304110  -0.0000   0.00082170
  0.304249  -0.0000   0.00082530
  0.304445  -0.0000   0.00083070
  0.304723  -0.0000   0.00083880
  0.304994  -0.0000   0.00084690
  0.305395  -0.0000   0.00085910
  0.305998  -0.0000   0.00087730
  0.306804  -0.0000   0.00090150
  0.307615  -0.0000   0.00092580
  0.308428  -0.0000   0.00095000
  0.309649  -0.0000   0.00098640
  0.311475  -0.0000   0.00104100
  0.314196  -0.0000   0.00112300
  0.318220  -0.0000   0.00124500
  0.318802  -0.0000   0.00126300
  0.319382  -0.0000   0.00128100
  0.319961  -0.0000   0.00129900
  0.320826  -0.0000   0.00132500
  0.321083  -0.0000   0.00133300
  0.321301  -0.0000   0.00134100
  0.321486  -0.0000   0.00134900
  0.321746  -0.0000   0.00136100
  0.322113  -0.0000   0.00137800
  0.322476  -0.0000   0.00139600
  0.323023  -0.0000   0.00142200
  0.323764  -0.0000   0.00145700
  0.324509  -0.0000   0.00149200
  0.325256  -0.0000   0.00152700
  0.326378  -0.0000   0.00158000
  0.328057  -0.0000   0.00165900
  0.330562  -0.0000   0.00177700
  0.334275  -0.0000   0.00195500
  0.337938  -0.0000   0.00213200
  0.338132  -0.0000   0.00214200
  0.338320  -0.0000   0.00215100
  0.338467  -0.0000   0.00216100
  0.338673  -0.0000   0.00217500
  0.338967  -0.0000   0.00219600
  0.339256  -0.0000   0.00221700
  0.339689  -0.0000   0.00224900
  0.340342  -0.0000   0.00229700
  0.340998  -0.0000   0.00234400
  0.341658  -0.0000   0.00239200
  0.342649  -0.0000   0.00246300
  0.344136  -0.0000   0.00257100
  0.346358  -0.0000   0.00273200
  0.349660  -0.0000   0.00297300
  0.352926  -0.0000   0.00321400
  0.353605  -0.0000   0.00326500
  0.354282  -0.0000   0.00331500
  0.354957  -0.0000   0.00336500
  0.355307  -0.0000   0.00339100
  0.355598  -0.0000   0.00341700
  0.355847  -0.0000   0.00344400
  0.356087  -0.0000   0.00347000
  0.356323  -0.0000   0.00349600
  0.356677  -0.0000   0.00353500
  0.357212  -0.0000   0.00359400
  0.357995  -0.0000   0.00367900
  0.358781  -0.0000   0.00376500
  0.359569  -0.0000   0.00385000
  0.360751  -0.0000   0.00397800
  0.362519  -0.0000   0.00417000
  0.365155  -0.0000   0.00445900
  0.369063  -0.0000   0.00489100
  0.370643  -0.0000   0.00506700
  0.372214  -0.0000   0.00524300
  0.372452  -0.0000   0.00527000
  0.372663  -0.0000   0.00529700
  0.372840  -0.0000   0.00532300
  0.373092  -0.0000   0.00536300
  0.373460  -0.0000   0.00542300
  0.373829  -0.0000   0.00548300
  0.374386  -0.0000   0.00557400
  0.375058  -0.0000   0.00568200
  0.375733  -0.0000   0.00579000
  0.376747  -0.0000   0.00595200
  0.378267  -0.0000   0.00619500
  0.380538  -0.0000   0.00655900
  0.383914  -0.0000   0.00710600
  0.387138  -0.0000   0.00763400
  0.387963  -0.0000   0.00777000
  0.388787  -0.0000   0.00790500
  0.389607  -0.0000   0.00804100
  0.389802  -0.0000   0.00807600
  0.389964  -0.0000   0.00811200
  0.390120  -0.0000   0.00814800
  0.390348  -0.0000   0.00820100
  0.390688  -0.0000   0.00828100
  0.391200  -0.0000   0.00840200
  0.391895  -0.0000   0.00856300
  0.392593  -0.0000   0.00872500
  0.393292  -0.0000   0.00888700
  0.394343  -0.0000   0.00913000
  0.395916  -0.0000   0.00949500
  0.398264  -0.0000   0.01004000
  0.401753  -0.0000   0.01086000
  0.405203  -0.0000   0.01168000
  0.405530  -0.0000   0.01176000
  0.405857  -0.0000   0.01184000
  0.406183  -0.0000   0.01191000
  0.406671  -0.0000   0.01203000
  0.406944  -0.0000   0.01210000
  0.407161  -0.0000   0.01217000
  0.407369  -0.0000   0.01224000
  0.407574  -0.0000   0.01231000
  0.407779  -0.0000   0.01238000
  0.408087  -0.0000   0.01248000
  0.408552  -0.0000   0.01263000
  0.409254  -0.0000   0.01287000
  0.410311  -0.0000   0.01321000
  0.411368  -0.0000   0.01356000
  0.412953  -0.0000   0.01409000
  0.415318  -0.0000   0.01487000
  0.418834  -0.0000   0.01605000
  0.422312  -0.0000   0.01722000
  0.422652  -0.0000   0.01734000
  0.422992  -0.0000   0.01745000
  0.423331  -0.0000   0.01757000
  0.423839  -0.0000   0.01774000
  0.424113  -0.0000   0.01784000
  0.424332  -0.0000   0.01793000
  0.424541  -0.0000   0.01803000
  0.424748  -0.0000   0.01813000
  0.424955  -0.0000   0.01823000
  0.425267  -0.0000   0.01837000
  0.425738  -0.0000   0.01859000
  0.426448  -0.0000   0.01892000
  0.427517  -0.0000   0.01942000
  0.428587  -0.0000   0.01991000
  0.430188  -0.0000   0.02065000
  0.432579  -0.0000   0.02176000
  0.436133  -0.0000   0.02343000
  0.439649  -0.0000   0.02510000
  0.439963  -0.0000   0.02525000
  0.440276  -0.0000   0.02540000
  0.440590  -0.0000   0.02555000
  0.441059  -0.0000   0.02577000
  0.441323  -0.0000   0.02591000
  0.441539  -0.0000   0.02604000
  0.441747  -0.0000   0.02618000
  0.442057  -0.0000   0.02638000
  0.442369  -0.0000   0.02658000
  0.442839  -0.0000   0.02688000
  0.443549  -0.0000   0.02734000
  0.444262  -0.0000   0.02780000
  0.445331  -0.0000   0.02848000
  0.446933  -0.0000   0.02950000
  0.449324  -0.0000   0.03104000
  0.452881  -0.0000   0.03335000
  0.456400  -0.0000   0.03565000
  0.456810  -0.0000   0.03592000
  0.457220  -0.0000   0.03619000
  0.457628  -0.0000   0.03646000
  0.458240  -0.0000   0.03686000
  0.458491  -0.0000   0.03703000
  0.458691  -0.0000   0.03721000
  0.458884  -0.0000   0.03738000
  0.459076  -0.0000   0.03755000
  0.459267  -0.0000   0.03772000
  0.459556  -0.0000   0.03797000
  0.459991  -0.0000   0.03836000
  0.460648  -0.0000   0.03893000
  0.461637  -0.0000   0.03980000
  0.463120  -0.0000   0.04109000
  0.465338  -0.0000   0.04303000
  0.468640  -0.0000   0.04595000
  0.472019  -0.0000   0.04896000
  0.475364  -0.0000   0.05197000
  0.475568  -0.0000   0.05215000
  0.475751  -0.0000   0.05233000
  0.475910  -0.0000   0.05252000
  0.476140  -0.0000   0.05279000
  0.476484  -0.0000   0.05321000
  0.476831  -0.0000   0.05362000
  0.477354  -0.0000   0.05424000
  0.477879  -0.0000   0.05486000
  0.478669  -0.0000   0.05579000
  0.479855  -0.0000   0.05719000
  0.481629  -0.0000   0.05929000
  0.484276  -0.0000   0.06243000
  0.488207  -0.0000   0.06714000
  0.492095  -0.0000   0.07185000
  0.492321  -0.0000   0.07213000
  0.492546  -0.0000   0.07240000
  0.492772  -0.0000   0.07268000
  0.493061  -0.0000   0.07309000
  0.493319  -0.0000   0.07350000
  0.493575  -0.0000   0.07391000
  0.493832  -0.0000   0.07432000
  0.494221  -0.0000   0.07494000
  0.494807  -0.0000   0.07586000
  0.495689  -0.0000   0.07725000
  0.497013  -0.0000   0.07933000
  0.498993  -0.0000   0.08246000
  0.501946  -0.0000   0.08714000
  0.506326  -0.0000   0.09417000
  0.507461  -0.0000   0.09600000
  0.508592  -0.0000   0.09783000
  0.509719  -0.0000   0.10000000
  0.509966  -0.0000   0.10000000
  0.510195  -0.0000   0.10000000
  0.510388  -0.0000   0.10100000
  0.510670  -0.0000   0.10100000
  0.510953  -0.0000   0.10200000
  0.511238  -0.0000   0.10300000
  0.511668  -0.0000   0.10400000
  0.512315  -0.0000   0.10500000
  0.513288  -0.0000   0.10700000
  0.514747  -0.0000   0.11000000
  0.516928  -0.0000   0.11500000
  0.520175  -0.0000   0.12100000
  0.523640  -0.0000   0.12900000
  0.527070  -0.0000   0.13600000
  0.527277  -0.0000   0.13600000
  0.527460  -0.0000   0.13700000
  0.527623  -0.0000   0.13700000
  0.527861  -0.0000   0.13800000
  0.528221  -0.0000   0.13900000
  0.528583  -0.0000   0.14000000
  0.529129  -0.0000   0.14200000
  0.529677  -0.0000   0.14300000
  0.530500  -0.0000   0.14500000
  0.531733  -0.0000   0.14900000
  0.533578  -0.0000   0.15400000
  0.536329  -0.0000   0.16100000
  0.539939  -0.0000   0.17100000
  0.543512  -0.0000   0.18100000
  0.543772  -0.0000   0.18200000
  0.544031  -0.0000   0.18300000
  0.544290  -0.0000   0.18300000
  0.544664  -0.0000   0.18400000
  0.544865  -0.0000   0.18500000
  0.545063  -0.0000   0.18600000
  0.545261  -0.0000   0.18700000
  0.545560  -0.0000   0.18800000
  0.546011  -0.0000   0.18900000
  0.546692  -0.0000   0.19200000
  0.547714  -0.0000   0.19500000
  0.549245  -0.0000   0.20100000
  0.551535  -0.0000   0.20900000
  0.554335  -0.0000   0.21900000
  0.557117  -0.0000   0.22900000
  0.559877  -0.0000   0.23900000
  0.560534  -0.0000   0.24100000
  0.561189  -0.0000   0.24400000
  0.561843  -0.0000   0.24600000
  0.562022  -0.0000   0.24700000
  0.562191  -0.0000   0.24800000
  0.562359  -0.0000   0.24800000
  0.562611  -0.0000   0.24900000
  0.562993  -0.0000   0.25100000
  0.563568  -0.0000   0.25400000
  0.564435  -0.0000   0.25800000
  0.565734  -0.0000   0.26400000
  0.567678  -0.0000   0.27300000
  0.569862  -0.0000   0.28300000
  0.572036  -0.0000   0.29300000
  0.574198  -0.0000   0.30300000
  0.576348  -0.0000   0.31300000
  0.578484  -0.0000   0.32300000
  0.578748  -0.0000   0.32400000
  0.579012  -0.0000   0.32500000
  0.579246  -0.0000   0.32600000
  0.579559  -0.0000   0.32800000
  0.579873  -0.0000   0.33000000
  0.580190  -0.0000   0.33200000
  0.580662  -0.0000   0.33500000
  0.581135  -0.0000   0.33700000
  0.581846  -0.0000   0.34100000
  0.582912  -0.0000   0.34800000
  0.584508  -0.0000   0.35700000
  0.586221  -0.0000   0.36700000
  0.587929  -0.0000   0.37700000
  0.589629  -0.0000   0.38700000
  0.591322  -0.0000   0.39700000
  0.593008  -0.0000   0.40700000
  0.594686  -0.0000   0.41700000
  0.596355  -0.0000   0.42700000
  0.596534  -0.0000   0.42800000
  0.596700  -0.0000   0.42900000
  0.596865  -0.0000   0.43100000
  0.597114  -0.0000   0.43300000
  0.597489  -0.0000   0.43500000
  0.598056  -0.0000   0.43900000
  0.598908  -0.0000   0.44600000
  0.600186  -0.0000   0.45500000
  0.601542  -0.0000   0.46500000
  0.602895  -0.0000   0.47500000
  0.604244  -0.0000   0.48500000
  0.605589  -0.0000   0.49500000
  0.606930  -0.0000   0.50500000
  0.608266  -0.0000   0.51500000
  0.609598  -0.0000   0.52500000
  0.610925  -0.0000   0.53500000
  0.612248  -0.0000   0.54500000
  0.613565  -0.0000   0.55500000
  0.613764  -0.0000   0.55700000
  0.613941  -0.0000   0.55800000
  0.614117  -0.0000   0.56000000
  0.614382  -0.0000   0.56300000
  0.614782  -0.0000   0.56600000
  0.615385  -0.0000   0.57200000
  0.615990  -0.0000   0.57800000
  0.616898  -0.0000   0.58600000
  0.617976  -0.0000   0.59600000
  0.619052  -0.0000   0.60600000
  0.620127  -0.0000   0.61600000
  0.621198  -0.0000   0.62600000
  0.622268  -0.0000   0.63600000
  0.623335  -0.0000   0.64600000
  0.624399  -0.0000   0.65600000
  0.625461  -0.0000   0.66600000
  0.626519  -0.0000   0.67600000
  0.627575  -0.0000   0.68600000
  0.628628  -0.0000   0.69600000
  0.629677  -0.0000   0.70600000
  0.630724  -0.0000   0.71600000
  0.630976  -0.0000   0.71800000
  0.631185  -0.0000   0.72100000
  0.631391  -0.0000   0.72300000
  0.631598  -0.0000   0.72600000
  0.631806  -0.0000   0.72800000
  0.632120  -0.0000   0.73200000
  0.632592  -0.0000   0.73700000
  0.633302  -0.0000   0.74600000
  0.634165  -0.0000   0.75600000
  0.635027  -0.0000   0.76600000
  0.635888  -0.0000   0.77600000
  0.636747  -0.0000   0.78600000
  0.637606  -0.0000   0.79600000
  0.638462  -0.0000   0.80600000
  0.639318  -0.0000   0.81600000
  0.640171  -0.0000   0.82600000
  0.641023  -0.0000   0.83600000
  0.641873  -0.0000   0.84600000
  0.642722  -0.0000   0.85600000
  0.643569  -0.0000   0.86600000
  0.644413  -0.0000   0.87600000
  0.645256  -0.0000   0.88600000
  0.646097  -0.0000   0.89600000
  0.646937  -0.0000   0.90600000
  0.647774  -0.0000   0.91600000
  0.648219  -0.0000   0.92100000
  0.648419  -0.0000   0.92400000
  0.648612  -0.0000   0.92700000
  0.648805  -0.0000   0.92900000
  0.649097  -0.0000   0.93400000
  0.649538  -0.0000   0.94000000
  0.650200  -0.0000   0.95000000
  0.650895  -0.0000   0.96000000
  0.651589  -0.0000   0.97000000
  0.652282  -0.0000   0.98000000
  0.652975  -0.0000   0.99000000
  0.653667  -0.0000   1.00000000
  0.653697  -0.0000   1.00000000
  0.651000  -0.0000   1.00000000
  0.651000  -0.0000   1.00000000
  0.651000  -0.0000   1.00000000
  0.650999  -0.0000   1.00000000
  0.650999  -0.0000   1.00000000
  0.650998  -0.0000   1.00000000
  0.650996  -0.0000   1.00000000
  0.650993  -0.0000   1.00000000
  0.650986  -0.0000   1.00000000
  0.650972  -0.0000   1.00000000
  0.650945  -0.0000   1.00000000
  0.650893  -0.0000   1.00000000
