  0.000329  -0.0000   0.00000010
  0.000715  -0.0000   0.00000020
  0.001939  -0.0000   0.00000030
  0.007633  -0.0000   0.00000045
  0.008612  -0.0000   0.00000067
  0.009084  -0.0000   0.00000079
  0.009575  -0.0000   0.00000090
  0.010089  -0.0000   0.00000102
  0.010729  -0.0000   0.00000115
  0.011417  -0.0000   0.00000128
  0.012163  -0.0000   0.00000141
  0.012809  -0.0000   0.00000152
  0.013500  -0.0000   0.00000162
  0.014240  -0.0000   0.00000173
  0.015030  -0.0000   0.00000184
  0.015871  -0.0000   0.00000194
  0.016765  -0.0000   0.00000205
  0.017714  -0.0000   0.00000216
  0.018719  -0.0000   0.00000226
  0.019782  -0.0000   0.00000237
  0.020905  -0.0000   0.00000248
  0.021050  -0.0000   0.00000252
  0.021129  -0.0000   0.00000255
  0.021205  -0.0000   0.00000259
  0.021314  -0.0000   0.00000264
  0.021471  -0.0000   0.00000272
  0.021622  -0.0000   0.00000280
  0.021770  -0.0000   0.00000289
  0.021914  -0.0000   0.00000297
  0.022124  -0.0000   0.00000309
  0.022331  -0.0000   0.00000321
  0.022601  -0.0000   0.00000337
  0.022869  -0.0000   0.00000353
  0.023223  -0.0000   0.00000374
  0.023579  -0.0000   0.00000396
  0.024108  -0.0000   0.00000427
  0.024648  -0.0000   0.00000458
  0.025494  -0.0000   0.00000504
  0.026389  -0.0000   0.00000551
  0.027207  -0.0000   0.00000591
  0.028080  -0.0000   0.00000631
  0.029018  -0.0000   0.00000672
  0.029799  -0.0000   0.00000703
  0.030630  -0.0000   0.00000735
  0.031514  -0.0000   0.00000766
  0.032357  -0.0000   0.00000795
  0.033250  -0.0000   0.00000823
  0.034195  -0.0000   0.00000852
  0.035039  -0.0000   0.00000876
  0.035924  -0.0000   0.00000900
  0.036852  -0.0000   0.00000925
  0.037775  -0.0000   0.00000948
  0.038739  -0.0000   0.00000971
  0.039745  -0.0000   0.00000994
  0.040138  -0.0000   0.00001003
  0.040492  -0.0000   0.00001012
  0.040641  -0.0000   0.00001021
  0.040784  -0.0000   0.00001029
  0.040923  -0.0000   0.00001038
  0.041057  -0.0000   0.00001047
  0.041251  -0.0000   0.00001061
  0.041523  -0.0000   0.00001080
  0.041788  -0.0000   0.00001099
  0.042047  -0.0000   0.00001119
  0.042302  -0.0000   0.00001138
  0.042679  -0.0000   0.00001167
  0.043241  -0.0000   0.00001211
  0.043965  -0.0000   0.00001267
  0.044704  -0.0000   0.00001323
  0.045465  -0.0000   0.00001379
  0.046674  -0.0000   0.00001463
  0.047567  -0.0000   0.00001522
  0.048509  -0.0000   0.00001581
  0.049507  -0.0000   0.00001640
  0.050556  -0.0000   0.00001698
  0.051671  -0.0000   0.00001757
  0.052857  -0.0000   0.00001815
  0.054079  -0.0000   0.00001872
  0.055376  -0.0000   0.00001929
  0.056750  -0.0000   0.00001985
  0.058124  -0.0000   0.00002039
  0.059573  -0.0000   0.00002093
  0.060229  -0.0000   0.00002117
  0.060601  -0.0000   0.00002140
  0.060909  -0.0000   0.00002164
  0.061205  -0.0000   0.00002188
  0.061493  -0.0000   0.00002212
  0.061774  -0.0000   0.00002236
  0.062185  -0.0000   0.00002271
  0.062789  -0.0000   0.00002325
  0.063572  -0.0000   0.00002395
  0.064360  -0.0000   0.00002465
  0.065162  -0.0000   0.00002535
  0.066416  -0.0000   0.00002640
  0.067458  -0.0000   0.00002724
  0.068552  -0.0000   0.00002808
  0.069705  -0.0000   0.00002891
  0.070820  -0.0000   0.00002968
  0.071995  -0.0000   0.00003045
  0.073233  -0.0000   0.00003122
  0.074590  -0.0000   0.00003202
  0.076022  -0.0000   0.00003282
  0.077530  -0.0000   0.00003362
  0.079131  -0.0000   0.00003443
  0.079928  -0.0000   0.00003482
  0.080293  -0.0000   0.00003509
  0.080601  -0.0000   0.00003537
  0.080901  -0.0000   0.00003564
  0.081335  -0.0000   0.00003605
  0.081759  -0.0000   0.00003646
  0.082381  -0.0000   0.00003708
  0.082997  -0.0000   0.00003769
  0.083921  -0.0000   0.00003862
  0.084857  -0.0000   0.00003954
  0.086316  -0.0000   0.00004093
  0.087302  -0.0000   0.00004184
  0.088326  -0.0000   0.00004275
  0.089392  -0.0000   0.00004365
  0.090763  -0.0000   0.00004476
  0.092209  -0.0000   0.00004587
  0.093736  -0.0000   0.00004698
  0.095557  -0.0000   0.00004822
  0.097489  -0.0000   0.00004947
  0.099532  -0.0000   0.00005072
  0.099784  -0.0000   0.00005092
  0.099994  -0.0000   0.00005113
  0.100200  -0.0000   0.00005133
  0.100501  -0.0000   0.00005164
  0.100941  -0.0000   0.00005210
  0.101583  -0.0000   0.00005280
  0.102347  -0.0000   0.00005363
  0.103106  -0.0000   0.00005447
  0.104256  -0.0000   0.00005573
  0.105431  -0.0000   0.00005699
  0.106738  -0.0000   0.00005834
  0.108101  -0.0000   0.00005969
  0.109529  -0.0000   0.00006104
  0.110987  -0.0000   0.00006236
  0.112517  -0.0000   0.00006368
  0.114122  -0.0000   0.00006499
  0.116045  -0.0000   0.00006648
  0.118071  -0.0000   0.00006797
  0.118846  -0.0000   0.00006853
  0.119472  -0.0000   0.00006910
  0.119977  -0.0000   0.00006966
  0.120468  -0.0000   0.00007022
  0.120950  -0.0000   0.00007078
  0.121425  -0.0000   0.00007134
  0.122130  -0.0000   0.00007218
  0.123185  -0.0000   0.00007344
  0.124803  -0.0000   0.00007533
  0.126483  -0.0000   0.00007722
  0.127842  -0.0000   0.00007869
  0.129256  -0.0000   0.00008016
  0.130731  -0.0000   0.00008164
  0.132532  -0.0000   0.00008335
  0.134424  -0.0000   0.00008506
  0.136411  -0.0000   0.00008676
  0.138494  -0.0000   0.00008847
  0.138800  -0.0000   0.00008878
  0.139064  -0.0000   0.00008910
  0.139323  -0.0000   0.00008941
  0.139704  -0.0000   0.00008987
  0.140263  -0.0000   0.00009057
  0.141085  -0.0000   0.00009162
  0.142064  -0.0000   0.00009287
  0.143047  -0.0000   0.00009413
  0.144552  -0.0000   0.00009602
  0.145745  -0.0000   0.00009748
  0.146974  -0.0000   0.00009893
  0.148166  -0.0000   0.00010040
  0.149673  -0.0000   0.00010260
  0.151156  -0.0000   0.00010480
  0.153295  -0.0000   0.00010800
  0.155400  -0.0000   0.00011120
  0.155915  -0.0000   0.00011200
  0.156427  -0.0000   0.00011280
  0.156938  -0.0000   0.00011360
  0.157430  -0.0000   0.00011450
  0.157843  -0.0000   0.00011550
  0.158237  -0.0000   0.00011650
  0.158725  -0.0000   0.00011780
  0.159195  -0.0000   0.00011900
  0.159869  -0.0000   0.00012090
  0.160835  -0.0000   0.00012380
  0.162137  -0.0000   0.00012780
  0.163410  -0.0000   0.00013180
  0.164936  -0.0000   0.00013660
  0.166447  -0.0000   0.00014150
  0.167947  -0.0000   0.00014630
  0.169439  -0.0000   0.00015120
  0.171643  -0.0000   0.00015850
  0.173828  -0.0000   0.00016570
  0.174136  -0.0000   0.00016670
  0.174444  -0.0000   0.00016780
  0.174719  -0.0000   0.00016880
  0.175040  -0.0000   0.00017030
  0.175496  -0.0000   0.00017260
  0.175932  -0.0000   0.00017490
  0.176353  -0.0000   0.00017720
  0.176959  -0.0000   0.00018070
  0.177833  -0.0000   0.00018590
  0.179103  -0.0000   0.00019370
  0.180352  -0.0000   0.00020150
  0.181592  -0.0000   0.00020920
  0.182826  -0.0000   0.00021700
  0.184055  -0.0000   0.00022480
  0.185891  -0.0000   0.00023650
  0.187718  -0.0000   0.00024810
  0.190436  -0.0000   0.00026560
  0.191011  -0.0000   0.00026930
  0.191585  -0.0000   0.00027310
  0.192135  -0.0000   0.00027680
  0.192397  -0.0000   0.00027910
  0.192650  -0.0000   0.00028150
  0.192895  -0.0000   0.00028380
  0.193249  -0.0000   0.00028730
  0.193759  -0.0000   0.00029260
  0.194494  -0.0000   0.00030060
  0.195560  -0.0000   0.00031240
  0.196610  -0.0000   0.00032430
  0.197902  -0.0000   0.00033910
  0.199190  -0.0000   0.00035390
  0.200476  -0.0000   0.00036860
  0.201761  -0.0000   0.00038340
  0.203682  -0.0000   0.00040550
  0.206546  -0.0000   0.00043870
  0.207226  -0.0000   0.00044660
  0.207904  -0.0000   0.00045450
  0.208581  -0.0000   0.00046240
  0.209567  -0.0000   0.00047420
  0.209796  -0.0000   0.00047780
  0.210018  -0.0000   0.00048150
  0.210233  -0.0000   0.00048510
  0.210545  -0.0000   0.00049050
  0.210997  -0.0000   0.00049870
  0.211650  -0.0000   0.00051090
  0.212602  -0.0000   0.00052920
  0.213619  -0.0000   0.00054900
  0.214631  -0.0000   0.00056890
  0.215641  -0.0000   0.00058870
  0.216949  -0.0000   0.00061430
  0.218256  -0.0000   0.00064000
  0.220214  -0.0000   0.00067840
  0.222167  -0.0000   0.00071690
  0.225077  -0.0000   0.00077460
  0.225436  -0.0000   0.00078170
  0.225794  -0.0000   0.00078880
  0.226152  -0.0000   0.00079590
  0.226688  -0.0000   0.00080660
  0.227154  -0.0000   0.00081720
  0.227540  -0.0000   0.00082790
  0.227909  -0.0000   0.00083860
  0.228429  -0.0000   0.00085420
  0.228936  -0.0000   0.00086990
  0.229680  -0.0000   0.00089330
  0.230783  -0.0000   0.00092850
  0.231884  -0.0000   0.00096370
  0.232985  -0.0000   0.00099890
  0.234086  -0.0000   0.00103400
  0.235188  -0.0000   0.00106900
  0.236841  -0.0000   0.00112200
  0.239312  -0.0000   0.00120100
  0.242990  -0.0000   0.00132000
  0.243269  -0.0000   0.00132900
  0.243548  -0.0000   0.00133800
  0.243826  -0.0000   0.00134700
  0.244244  -0.0000   0.00136000
  0.244759  -0.0000   0.00138100
  0.245207  -0.0000   0.00140100
  0.245638  -0.0000   0.00142100
  0.246057  -0.0000   0.00144200
  0.246470  -0.0000   0.00146200
  0.247081  -0.0000   0.00149200
  0.247991  -0.0000   0.00153800
  0.249095  -0.0000   0.00159300
  0.250201  -0.0000   0.00164800
  0.251308  -0.0000   0.00170400
  0.252415  -0.0000   0.00175900
  0.254076  -0.0000   0.00184200
  0.256560  -0.0000   0.00196700
  0.260261  -0.0000   0.00215300
  0.260558  -0.0000   0.00216800
  0.260856  -0.0000   0.00218300
  0.261153  -0.0000   0.00219800
  0.261598  -0.0000   0.00222100
  0.262198  -0.0000   0.00225500
  0.262518  -0.0000   0.00227600
  0.262827  -0.0000   0.00229800
  0.263127  -0.0000   0.00232000
  0.263567  -0.0000   0.00235200
  0.264216  -0.0000   0.00240100
  0.265181  -0.0000   0.00247500
  0.266146  -0.0000   0.00254800
  0.267112  -0.0000   0.00262100
  0.268081  -0.0000   0.00269500
  0.269535  -0.0000   0.00280400
  0.271716  -0.0000   0.00296900
  0.274975  -0.0000   0.00321700
  0.278572  -0.0000   0.00349200
  0.278878  -0.0000   0.00351500
  0.279184  -0.0000   0.00353900
  0.279489  -0.0000   0.00356200
  0.279862  -0.0000   0.00359700
  0.280364  -0.0000   0.00365000
  0.280849  -0.0000   0.00370200
  0.281326  -0.0000   0.00375500
  0.281798  -0.0000   0.00380800
  0.282505  -0.0000   0.00388700
  0.283565  -0.0000   0.00400500
  0.284628  -0.0000   0.00412300
  0.285693  -0.0000   0.00424200
  0.286759  -0.0000   0.00436000
  0.288358  -0.0000   0.00453800
  0.290752  -0.0000   0.00480400
  0.294323  -0.0000   0.00520400
  0.294753  -0.0000   0.00525200
  0.295182  -0.0000   0.00530000
  0.295611  -0.0000   0.00534800
  0.296254  -0.0000   0.00542100
  0.297215  -0.0000   0.00552900
  0.297420  -0.0000   0.00555800
  0.297618  -0.0000   0.00558700
  0.297812  -0.0000   0.00561600
  0.298095  -0.0000   0.00566000
  0.298509  -0.0000   0.00572500
  0.299122  -0.0000   0.00582300
  0.300038  -0.0000   0.00597000
  0.300955  -0.0000   0.00611700
  0.301875  -0.0000   0.00626400
  0.302797  -0.0000   0.00641100
  0.304182  -0.0000   0.00663200
  0.306260  -0.0000   0.00696300
  0.309367  -0.0000   0.00746000
  0.313992  -0.0000   0.00820400
  0.314265  -0.0000   0.00824800
  0.314538  -0.0000   0.00829200
  0.314810  -0.0000   0.00833600
  0.315145  -0.0000   0.00840200
  0.315605  -0.0000   0.00850100
  0.316052  -0.0000   0.00860000
  0.316494  -0.0000   0.00869900
  0.317154  -0.0000   0.00884700
  0.318144  -0.0000   0.00907000
  0.319136  -0.0000   0.00929200
  0.320132  -0.0000   0.00951500
  0.321129  -0.0000   0.00973800
  0.322625  -0.0000   0.01007000
  0.324866  -0.0000   0.01057000
  0.328214  -0.0000   0.01132000
  0.329675  -0.0000   0.01165000
  0.331132  -0.0000   0.01198000
  0.332577  -0.0000   0.01231000
  0.332774  -0.0000   0.01236000
  0.332966  -0.0000   0.01242000
  0.333154  -0.0000   0.01248000
  0.333429  -0.0000   0.01256000
  0.333834  -0.0000   0.01268000
  0.334437  -0.0000   0.01287000
  0.335343  -0.0000   0.01315000
  0.336251  -0.0000   0.01343000
  0.337162  -0.0000   0.01371000
  0.338075  -0.0000   0.01399000
  0.339446  -0.0000   0.01441000
  0.341502  -0.0000   0.01505000
  0.344578  -0.0000   0.01599000
  0.349158  -0.0000   0.01741000
  0.349419  -0.0000   0.01750000
  0.349680  -0.0000   0.01758000
  0.349941  -0.0000   0.01766000
  0.350327  -0.0000   0.01778000
  0.350595  -0.0000   0.01788000
  0.350854  -0.0000   0.01799000
  0.351108  -0.0000   0.01809000
  0.351482  -0.0000   0.01825000
  0.352040  -0.0000   0.01848000
  0.352878  -0.0000   0.01883000
  0.353718  -0.0000   0.01918000
  0.354560  -0.0000   0.01953000
  0.355404  -0.0000   0.01988000
  0.356672  -0.0000   0.02041000
  0.358573  -0.0000   0.02120000
  0.361419  -0.0000   0.02238000
  0.365662  -0.0000   0.02415000
  0.365994  -0.0000   0.02429000
  0.366326  -0.0000   0.02443000
  0.366657  -0.0000   0.02457000
  0.367154  -0.0000   0.02478000
  0.367898  -0.0000   0.02509000
  0.368173  -0.0000   0.02522000
  0.368422  -0.0000   0.02536000
  0.368665  -0.0000   0.02549000
  0.369022  -0.0000   0.02568000
  0.369555  -0.0000   0.02598000
  0.370353  -0.0000   0.02643000
  0.371155  -0.0000   0.02687000
  0.371958  -0.0000   0.02732000
  0.372763  -0.0000   0.02776000
  0.373972  -0.0000   0.02843000
  0.375786  -0.0000   0.02943000
  0.378502  -0.0000   0.03093000
  0.382554  -0.0000   0.03318000
  0.383002  -0.0000   0.03343000
  0.383451  -0.0000   0.03368000
  0.383898  -0.0000   0.03393000
  0.384569  -0.0000   0.03431000
  0.385573  -0.0000   0.03487000
  0.385875  -0.0000   0.03504000
  0.386130  -0.0000   0.03522000
  0.386378  -0.0000   0.03539000
  0.386741  -0.0000   0.03566000
  0.387102  -0.0000   0.03592000
  0.387643  -0.0000   0.03632000
  0.388457  -0.0000   0.03691000
  0.389449  -0.0000   0.03763000
  0.390444  -0.0000   0.03835000
  0.391440  -0.0000   0.03908000
  0.392934  -0.0000   0.04016000
  0.395174  -0.0000   0.04178000
  0.398520  -0.0000   0.04422000
  0.403502  -0.0000   0.04787000
  0.403717  -0.0000   0.04805000
  0.403914  -0.0000   0.04823000
  0.404107  -0.0000   0.04840000
  0.404392  -0.0000   0.04867000
  0.404815  -0.0000   0.04907000
  0.405449  -0.0000   0.04967000
  0.406404  -0.0000   0.05057000
  0.407362  -0.0000   0.05148000
  0.408322  -0.0000   0.05238000
  0.409764  -0.0000   0.05373000
  0.411925  -0.0000   0.05576000
  0.415158  -0.0000   0.05880000
  0.419974  -0.0000   0.06337000
  0.420292  -0.0000   0.06367000
  0.420610  -0.0000   0.06397000
  0.420927  -0.0000   0.06427000
  0.421402  -0.0000   0.06472000
  0.421645  -0.0000   0.06500000
  0.421881  -0.0000   0.06528000
  0.422114  -0.0000   0.06556000
  0.422460  -0.0000   0.06598000
  0.422977  -0.0000   0.06661000
  0.423757  -0.0000   0.06755000
  0.424684  -0.0000   0.06867000
  0.425614  -0.0000   0.06979000
  0.426544  -0.0000   0.07091000
  0.427941  -0.0000   0.07259000
  0.430035  -0.0000   0.07511000
  0.433166  -0.0000   0.07888000
  0.437832  -0.0000   0.08454000
  0.438111  -0.0000   0.08488000
  0.438391  -0.0000   0.08522000
  0.438670  -0.0000   0.08556000
  0.439089  -0.0000   0.08607000
  0.439447  -0.0000   0.08657000
  0.439774  -0.0000   0.08706000
  0.440096  -0.0000   0.08755000
  0.440577  -0.0000   0.08829000
  0.441279  -0.0000   0.08937000
  0.441984  -0.0000   0.09045000
  0.442690  -0.0000   0.09153000
  0.443751  -0.0000   0.09314000
  0.445345  -0.0000   0.09557000
  0.447733  -0.0000   0.09921000
  0.451303  -0.0000   0.10500000
  0.456617  -0.0000   0.11300000
  0.456876  -0.0000   0.11300000
  0.457122  -0.0000   0.11400000
  0.457336  -0.0000   0.11400000
  0.457649  -0.0000   0.11500000
  0.458114  -0.0000   0.11600000
  0.458578  -0.0000   0.11600000
  0.459278  -0.0000   0.11800000
  0.459979  -0.0000   0.11900000
  0.461034  -0.0000   0.12100000
  0.462091  -0.0000   0.12300000
  0.463675  -0.0000   0.12600000
  0.466049  -0.0000   0.13100000
  0.469597  -0.0000   0.13800000
  0.474768  -0.0000   0.14800000
  0.475004  -0.0000   0.14800000
  0.475213  -0.0000   0.14900000
  0.475417  -0.0000   0.14900000
  0.475721  -0.0000   0.15000000
  0.476176  -0.0000   0.15100000
  0.476860  -0.0000   0.15200000
  0.477723  -0.0000   0.15500000
  0.478587  -0.0000   0.15700000
  0.479453  -0.0000   0.15900000
  0.480752  -0.0000   0.16200000
  0.482700  -0.0000   0.16600000
  0.485613  -0.0000   0.17300000
  0.489789  -0.0000   0.18300000
  0.490590  -0.0000   0.18500000
  0.491389  -0.0000   0.18700000
  0.492188  -0.0000   0.18900000
  0.492703  -0.0000   0.19000000
  0.493043  -0.0000   0.19100000
  0.493364  -0.0000   0.19200000
  0.493682  -0.0000   0.19300000
  0.494160  -0.0000   0.19500000
  0.494879  -0.0000   0.19700000
  0.495746  -0.0000   0.19900000
  0.496615  -0.0000   0.20200000
  0.497920  -0.0000   0.20600000
  0.499876  -0.0000   0.21100000
  0.502805  -0.0000   0.22000000
  0.506196  -0.0000   0.23000000
  0.509571  -0.0000   0.24000000
  0.509920  -0.0000   0.24100000
  0.510269  -0.0000   0.24200000
  0.510617  -0.0000   0.24300000
  0.510930  -0.0000   0.24400000
  0.511229  -0.0000   0.24500000
  0.511527  -0.0000   0.24600000
  0.511973  -0.0000   0.24800000
  0.512645  -0.0000   0.25000000
  0.513536  -0.0000   0.25300000
  0.514428  -0.0000   0.25700000
  0.515769  -0.0000   0.26200000
  0.517778  -0.0000   0.26900000
  0.520559  -0.0000   0.27900000
  0.523332  -0.0000   0.28900000
  0.526094  -0.0000   0.29900000
  0.528277  -0.0000   0.30700000
  0.528569  -0.0000   0.30800000
  0.528816  -0.0000   0.30900000
  0.529059  -0.0000   0.31000000
  0.529421  -0.0000   0.31100000
  0.529783  -0.0000   0.31300000
  0.530328  -0.0000   0.31500000
  0.531149  -0.0000   0.31900000
  0.532384  -0.0000   0.32400000
  0.533619  -0.0000   0.33000000
  0.535472  -0.0000   0.33800000
  0.537761  -0.0000   0.34800000
  0.540045  -0.0000   0.35800000
  0.542323  -0.0000   0.36800000
  0.544593  -0.0000   0.37800000
  0.545958  -0.0000   0.38400000
  0.546367  -0.0000   0.38600000
  0.546726  -0.0000   0.38800000
  0.547067  -0.0000   0.38900000
  0.547406  -0.0000   0.39100000
  0.547746  -0.0000   0.39300000
  0.548258  -0.0000   0.39600000
  0.549028  -0.0000   0.40000000
  0.550186  -0.0000   0.40600000
  0.551923  -0.0000   0.41500000
  0.553822  -0.0000   0.42500000
  0.555718  -0.0000   0.43500000
  0.557610  -0.0000   0.44500000
  0.559498  -0.0000   0.45500000
  0.561381  -0.0000   0.46500000
  0.563260  -0.0000   0.47500000
  0.563851  -0.0000   0.47800000
  0.564429  -0.0000   0.48100000
  0.564730  -0.0000   0.48300000
  0.565028  -0.0000   0.48500000
  0.565325  -0.0000   0.48700000
  0.565772  -0.0000   0.49000000
  0.566445  -0.0000   0.49400000
  0.567457  -0.0000   0.50000000
  0.568472  -0.0000   0.50700000
  0.569993  -0.0000   0.51600000
  0.571575  -0.0000   0.52600000
  0.573156  -0.0000   0.53600000
  0.574734  -0.0000   0.54600000
  0.576309  -0.0000   0.55600000
  0.577881  -0.0000   0.56600000
  0.579450  -0.0000   0.57600000
  0.581016  -0.0000   0.58600000
  0.582523  -0.0000   0.59600000
  0.582804  -0.0000   0.59900000
  0.583083  -0.0000   0.60100000
  0.583361  -0.0000   0.60300000
  0.583780  -0.0000   0.60600000
  0.584411  -0.0000   0.61100000
  0.585360  -0.0000   0.61800000
  0.586687  -0.0000   0.62800000
  0.588013  -0.0000   0.63800000
  0.589340  -0.0000   0.64800000
  0.590664  -0.0000   0.65800000
  0.591988  -0.0000   0.66800000
  0.593310  -0.0000   0.67800000
  0.594630  -0.0000   0.68800000
  0.595947  -0.0000   0.69800000
  0.597263  -0.0000   0.70800000
  0.598576  -0.0000   0.71800000
  0.599887  -0.0000   0.72800000
  0.600244  -0.0000   0.73100000
  0.600551  -0.0000   0.73300000
  0.600855  -0.0000   0.73600000
  0.601158  -0.0000   0.73900000
  0.601462  -0.0000   0.74200000
  0.601920  -0.0000   0.74600000
  0.602608  -0.0000   0.75200000
  0.603643  -0.0000   0.76100000
  0.604762  -0.0000   0.77100000
  0.605881  -0.0000   0.78100000
  0.606999  -0.0000   0.79100000
  0.608117  -0.0000   0.80100000
  0.609233  -0.0000   0.81100000
  0.610348  -0.0000   0.82100000
  0.611462  -0.0000   0.83100000
  0.612575  -0.0000   0.84100000
  0.613686  -0.0000   0.85100000
  0.614795  -0.0000   0.86100000
  0.615903  -0.0000   0.87100000
  0.617009  -0.0000   0.88100000
  0.618114  -0.0000   0.89100000
  0.618365  -0.0000   0.89400000
  0.618611  -0.0000   0.89600000
  0.618856  -0.0000   0.89900000
  0.619225  -0.0000   0.90300000
  0.619780  -0.0000   0.90900000
  0.620616  -0.0000   0.91800000
  0.621563  -0.0000   0.92800000
  0.622511  -0.0000   0.93800000
  0.623459  -0.0000   0.94800000
  0.624407  -0.0000   0.95800000
  0.625354  -0.0000   0.96800000
  0.626300  -0.0000   0.97800000
  0.627246  -0.0000   0.98800000
  0.628190  -0.0000   0.99800000
  0.628404  -0.0000   1.00000000
  0.624866  -0.0000   1.00000000
  0.624866  -0.0000   1.00000000
  0.624866  -0.0000   1.00000000
  0.624865  -0.0000   1.00000000
  0.624865  -0.0000   1.00000000
  0.624864  -0.0000   1.00000000
  0.624861  -0.0000   1.00000000
  0.624857  -0.0000   1.00000000
  0.624848  -0.0000   1.00000000
  0.624829  -0.0000   1.00000000
  0.624793  -0.0000   1.00000000
  0.624723  -0.0000   1.00000000
