  0.000117  -0.0000   0.00000010
  0.000265  -0.0000   0.00000020
  0.000586  -0.0000   0.00000027
  0.002644  -0.0000   0.00000033
  0.006517  -0.0000   0.00000034
  0.006616  -0.0000   0.00000035
  0.006689  -0.0000   0.00000038
  0.006818  -0.0000   0.00000041
  0.007054  -0.0000   0.00000045
  0.007197  -0.0000   0.00000048
  0.007360  -0.0000   0.00000050
  0.007550  -0.0000   0.00000053
  0.007793  -0.0000   0.00000056
  0.008085  -0.0000   0.00000058
  0.008437  -0.0000   0.00000061
  0.008776  -0.0000   0.00000063
  0.009167  -0.0000   0.00000065
  0.009614  -0.0000   0.00000068
  0.010118  -0.0000   0.00000070
  0.010682  -0.0000   0.00000072
  0.011305  -0.0000   0.00000074
  0.011986  -0.0000   0.00000077
  0.012721  -0.0000   0.00000079
  0.013508  -0.0000   0.00000081
  0.014341  -0.0000   0.00000083
  0.015215  -0.0000   0.00000086
  0.016125  -0.0000   0.00000088
  0.017066  -0.0000   0.00000090
  0.018284  -0.0000   0.00000093
  0.019531  -0.0000   0.00000096
  0.019603  -0.0000   0.00000096
  0.019675  -0.0000   0.00000096
  0.019709  -0.0000   0.00000096
  0.019720  -0.0000   0.00000096
  0.019731  -0.0000   0.00000097
  0.019743  -0.0000   0.00000097
  0.019754  -0.0000   0.00000098
  0.019766  -0.0000   0.00000099
  0.019781  -0.0000   0.00000100
  0.019801  -0.0000   0.00000102
  0.019826  -0.0000   0.00000104
  0.019859  -0.0000   0.00000108
  0.019904  -0.0000   0.00000114
  0.019970  -0.0000   0.00000123
  0.020069  -0.0000   0.00000137
  0.020230  -0.0000   0.00000157
  0.020470  -0.0000   0.00000181
  0.020647  -0.0000   0.00000195
  0.020873  -0.0000   0.00000209
  0.021166  -0.0000   0.00000224
  0.021432  -0.0000   0.00000235
  0.021754  -0.0000   0.00000246
  0.022140  -0.0000   0.00000256
  0.022510  -0.0000   0.00000265
  0.022934  -0.0000   0.00000274
  0.023416  -0.0000   0.00000283
  0.023962  -0.0000   0.00000292
  0.024456  -0.0000   0.00000300
  0.024998  -0.0000   0.00000307
  0.025587  -0.0000   0.00000315
  0.026225  -0.0000   0.00000322
  0.026914  -0.0000   0.00000329
  0.027653  -0.0000   0.00000337
  0.028443  -0.0000   0.00000344
  0.029283  -0.0000   0.00000352
  0.030173  -0.0000   0.00000359
  0.031113  -0.0000   0.00000367
  0.032102  -0.0000   0.00000374
  0.033138  -0.0000   0.00000381
  0.034221  -0.0000   0.00000389
  0.035350  -0.0000   0.00000396
  0.035427  -0.0000   0.00000397
  0.035504  -0.0000   0.00000397
  0.035581  -0.0000   0.00000398
  0.035620  -0.0000   0.00000399
  0.035639  -0.0000   0.00000399
  0.035655  -0.0000   0.00000400
  0.035669  -0.0000   0.00000401
  0.035687  -0.0000   0.00000402
  0.035711  -0.0000   0.00000404
  0.035741  -0.0000   0.00000406
  0.035780  -0.0000   0.00000410
  0.035831  -0.0000   0.00000416
  0.035901  -0.0000   0.00000425
  0.035999  -0.0000   0.00000437
  0.036145  -0.0000   0.00000457
  0.036395  -0.0000   0.00000486
  0.036600  -0.0000   0.00000507
  0.036843  -0.0000   0.00000528
  0.037131  -0.0000   0.00000549
  0.037432  -0.0000   0.00000567
  0.037781  -0.0000   0.00000586
  0.038182  -0.0000   0.00000605
  0.038617  -0.0000   0.00000623
  0.039107  -0.0000   0.00000640
  0.039657  -0.0000   0.00000658
  0.040202  -0.0000   0.00000674
  0.040800  -0.0000   0.00000690
  0.041455  -0.0000   0.00000707
  0.042131  -0.0000   0.00000722
  0.042864  -0.0000   0.00000737
  0.043654  -0.0000   0.00000752
  0.044495  -0.0000   0.00000767
  0.045397  -0.0000   0.00000782
  0.046360  -0.0000   0.00000798
  0.047568  -0.0000   0.00000815
  0.048863  -0.0000   0.00000833
  0.050010  -0.0000   0.00000847
  0.051218  -0.0000   0.00000862
  0.052488  -0.0000   0.00000877
  0.052613  -0.0000   0.00000878
  0.052738  -0.0000   0.00000880
  0.052864  -0.0000   0.00000881
  0.052932  -0.0000   0.00000883
  0.052970  -0.0000   0.00000885
  0.053002  -0.0000   0.00000887
  0.053031  -0.0000   0.00000889
  0.053068  -0.0000   0.00000891
  0.053118  -0.0000   0.00000895
  0.053183  -0.0000   0.00000901
  0.053270  -0.0000   0.00000911
  0.053392  -0.0000   0.00000925
  0.053572  -0.0000   0.00000945
  0.053866  -0.0000   0.00000976
  0.054179  -0.0000   0.00001006
  0.054540  -0.0000   0.00001035
  0.054954  -0.0000   0.00001064
  0.055465  -0.0000   0.00001095
  0.056048  -0.0000   0.00001127
  0.056708  -0.0000   0.00001158
  0.057451  -0.0000   0.00001189
  0.058283  -0.0000   0.00001220
  0.059209  -0.0000   0.00001252
  0.060044  -0.0000   0.00001278
  0.060950  -0.0000   0.00001304
  0.061930  -0.0000   0.00001329
  0.062987  -0.0000   0.00001355
  0.064123  -0.0000   0.00001381
  0.065341  -0.0000   0.00001407
  0.066643  -0.0000   0.00001433
  0.068028  -0.0000   0.00001459
  0.069498  -0.0000   0.00001485
  0.069668  -0.0000   0.00001488
  0.069839  -0.0000   0.00001491
  0.070011  -0.0000   0.00001494
  0.070180  -0.0000   0.00001498
  0.070257  -0.0000   0.00001503
  0.070320  -0.0000   0.00001507
  0.070375  -0.0000   0.00001512
  0.070426  -0.0000   0.00001516
  0.070496  -0.0000   0.00001523
  0.070592  -0.0000   0.00001533
  0.070729  -0.0000   0.00001548
  0.070934  -0.0000   0.00001571
  0.071264  -0.0000   0.00001604
  0.071678  -0.0000   0.00001642
  0.072146  -0.0000   0.00001680
  0.072672  -0.0000   0.00001719
  0.073431  -0.0000   0.00001766
  0.074292  -0.0000   0.00001814
  0.075056  -0.0000   0.00001853
  0.075895  -0.0000   0.00001891
  0.076813  -0.0000   0.00001930
  0.077812  -0.0000   0.00001968
  0.078898  -0.0000   0.00002007
  0.080073  -0.0000   0.00002045
  0.081341  -0.0000   0.00002084
  0.082704  -0.0000   0.00002122
  0.084166  -0.0000   0.00002161
  0.085473  -0.0000   0.00002193
  0.086852  -0.0000   0.00002226
  0.086999  -0.0000   0.00002230
  0.087146  -0.0000   0.00002233
  0.087263  -0.0000   0.00002236
  0.087347  -0.0000   0.00002242
  0.087418  -0.0000   0.00002247
  0.087480  -0.0000   0.00002252
  0.087537  -0.0000   0.00002257
  0.087616  -0.0000   0.00002265
  0.087726  -0.0000   0.00002276
  0.087883  -0.0000   0.00002294
  0.088120  -0.0000   0.00002320
  0.088500  -0.0000   0.00002359
  0.088963  -0.0000   0.00002403
  0.089476  -0.0000   0.00002446
  0.090039  -0.0000   0.00002489
  0.090910  -0.0000   0.00002549
  0.091884  -0.0000   0.00002608
  0.092966  -0.0000   0.00002668
  0.093913  -0.0000   0.00002716
  0.094937  -0.0000   0.00002764
  0.096041  -0.0000   0.00002812
  0.097376  -0.0000   0.00002866
  0.098566  -0.0000   0.00002910
  0.099833  -0.0000   0.00002955
  0.101179  -0.0000   0.00003000
  0.102604  -0.0000   0.00003044
  0.104110  -0.0000   0.00003089
  0.104261  -0.0000   0.00003094
  0.104413  -0.0000   0.00003098
  0.104532  -0.0000   0.00003102
  0.104629  -0.0000   0.00003109
  0.104712  -0.0000   0.00003116
  0.104786  -0.0000   0.00003122
  0.104855  -0.0000   0.00003129
  0.104951  -0.0000   0.00003139
  0.105088  -0.0000   0.00003154
  0.105290  -0.0000   0.00003177
  0.105600  -0.0000   0.00003211
  0.106107  -0.0000   0.00003261
  0.106627  -0.0000   0.00003309
  0.107191  -0.0000   0.00003357
  0.107799  -0.0000   0.00003405
  0.108812  -0.0000   0.00003477
  0.109929  -0.0000   0.00003548
  0.111156  -0.0000   0.00003620
  0.112255  -0.0000   0.00003680
  0.113435  -0.0000   0.00003739
  0.114700  -0.0000   0.00003799
  0.116052  -0.0000   0.00003858
  0.117494  -0.0000   0.00003918
  0.119028  -0.0000   0.00003977
  0.120654  -0.0000   0.00004037
  0.121046  -0.0000   0.00004051
  0.121444  -0.0000   0.00004065
  0.121825  -0.0000   0.00004080
  0.121902  -0.0000   0.00004085
  0.121969  -0.0000   0.00004090
  0.122030  -0.0000   0.00004095
  0.122113  -0.0000   0.00004103
  0.122227  -0.0000   0.00004115
  0.122387  -0.0000   0.00004133
  0.122622  -0.0000   0.00004160
  0.122985  -0.0000   0.00004200
  0.123576  -0.0000   0.00004261
  0.124220  -0.0000   0.00004321
  0.124916  -0.0000   0.00004382
  0.125665  -0.0000   0.00004442
  0.126814  -0.0000   0.00004527
  0.128070  -0.0000   0.00004611
  0.129437  -0.0000   0.00004695
  0.130667  -0.0000   0.00004766
  0.131982  -0.0000   0.00004837
  0.133383  -0.0000   0.00004908
  0.134873  -0.0000   0.00004979
  0.136452  -0.0000   0.00005050
  0.138123  -0.0000   0.00005121
  0.138419  -0.0000   0.00005134
  0.138718  -0.0000   0.00005146
  0.139019  -0.0000   0.00005158
  0.139175  -0.0000   0.00005167
  0.139274  -0.0000   0.00005175
  0.139362  -0.0000   0.00005183
  0.139480  -0.0000   0.00005195
  0.139590  -0.0000   0.00005207
  0.139747  -0.0000   0.00005225
  0.139980  -0.0000   0.00005252
  0.140337  -0.0000   0.00005293
  0.140913  -0.0000   0.00005355
  0.141531  -0.0000   0.00005416
  0.142191  -0.0000   0.00005477
  0.142892  -0.0000   0.00005538
  0.144035  -0.0000   0.00005630
  0.145273  -0.0000   0.00005722
  0.146607  -0.0000   0.00005814
  0.148042  -0.0000   0.00005906
  0.149580  -0.0000   0.00005998
  0.151225  -0.0000   0.00006090
  0.152979  -0.0000   0.00006182
  0.154844  -0.0000   0.00006274
  0.155788  -0.0000   0.00006319
  0.156236  -0.0000   0.00006341
  0.156498  -0.0000   0.00006355
  0.156618  -0.0000   0.00006365
  0.156724  -0.0000   0.00006376
  0.156822  -0.0000   0.00006386
  0.156915  -0.0000   0.00006397
  0.157049  -0.0000   0.00006413
  0.157245  -0.0000   0.00006436
  0.157543  -0.0000   0.00006472
  0.158012  -0.0000   0.00006526
  0.158773  -0.0000   0.00006606
  0.159591  -0.0000   0.00006686
  0.160464  -0.0000   0.00006766
  0.161392  -0.0000   0.00006847
  0.162637  -0.0000   0.00006947
  0.163970  -0.0000   0.00007047
  0.165395  -0.0000   0.00007147
  0.166912  -0.0000   0.00007247
  0.168526  -0.0000   0.00007347
  0.170237  -0.0000   0.00007448
  0.172047  -0.0000   0.00007548
  0.173875  -0.0000   0.00007648
  0.173976  -0.0000   0.00007657
  0.174067  -0.0000   0.00007666
  0.174151  -0.0000   0.00007675
  0.174269  -0.0000   0.00007689
  0.174436  -0.0000   0.00007709
  0.174681  -0.0000   0.00007740
  0.175055  -0.0000   0.00007786
  0.175650  -0.0000   0.00007854
  0.176280  -0.0000   0.00007923
  0.176946  -0.0000   0.00007992
  0.177644  -0.0000   0.00008061
  0.178766  -0.0000   0.00008164
  0.179906  -0.0000   0.00008263
  0.181115  -0.0000   0.00008362
  0.182394  -0.0000   0.00008461
  0.183776  -0.0000   0.00008562
  0.185233  -0.0000   0.00008663
  0.186767  -0.0000   0.00008764
  0.188417  -0.0000   0.00008867
  0.190149  -0.0000   0.00008970
  0.190462  -0.0000   0.00008989
  0.190778  -0.0000   0.00009007
  0.191096  -0.0000   0.00009026
  0.191244  -0.0000   0.00009037
  0.191355  -0.0000   0.00009048
  0.191457  -0.0000   0.00009059
  0.191597  -0.0000   0.00009076
  0.191797  -0.0000   0.00009101
  0.192092  -0.0000   0.00009139
  0.192547  -0.0000   0.00009196
  0.193126  -0.0000   0.00009264
  0.193735  -0.0000   0.00009333
  0.194371  -0.0000   0.00009401
  0.195384  -0.0000   0.00009504
  0.196952  -0.0000   0.00009651
  0.198641  -0.0000   0.00009798
  0.200141  -0.0000   0.00009921
  0.201669  -0.0000   0.00010040
  0.203134  -0.0000   0.00010170
  0.205270  -0.0000   0.00010350
  0.207573  -0.0000   0.00010560
  0.207759  -0.0000   0.00010570
  0.207945  -0.0000   0.00010590
  0.208130  -0.0000   0.00010610
  0.208381  -0.0000   0.00010630
  0.208504  -0.0000   0.00010650
  0.208613  -0.0000   0.00010670
  0.208715  -0.0000   0.00010690
  0.208858  -0.0000   0.00010710
  0.209064  -0.0000   0.00010760
  0.209367  -0.0000   0.00010820
  0.209823  -0.0000   0.00010910
  0.210513  -0.0000   0.00011050
  0.211204  -0.0000   0.00011190
  0.211895  -0.0000   0.00011330
  0.212924  -0.0000   0.00011540
  0.214450  -0.0000   0.00011860
  0.216692  -0.0000   0.00012330
  0.218805  -0.0000   0.00012790
  0.220875  -0.0000   0.00013240
  0.222903  -0.0000   0.00013700
  0.223551  -0.0000   0.00013840
  0.224194  -0.0000   0.00013990
  0.224833  -0.0000   0.00014140
  0.225115  -0.0000   0.00014200
  0.225373  -0.0000   0.00014270
  0.225506  -0.0000   0.00014320
  0.225626  -0.0000   0.00014370
  0.225738  -0.0000   0.00014420
  0.225846  -0.0000   0.00014470
  0.226003  -0.0000   0.00014550
  0.226237  -0.0000   0.00014660
  0.226589  -0.0000   0.00014830
  0.227122  -0.0000   0.00015090
  0.227926  -0.0000   0.00015480
  0.228728  -0.0000   0.00015870
  0.229528  -0.0000   0.00016260
  0.230717  -0.0000   0.00016840
  0.232475  -0.0000   0.00017720
  0.235056  -0.0000   0.00019030
  0.237578  -0.0000   0.00020340
  0.240044  -0.0000   0.00021660
  0.241097  -0.0000   0.00022220
  0.242139  -0.0000   0.00022790
  0.242273  -0.0000   0.00022880
  0.242371  -0.0000   0.00022960
  0.242460  -0.0000   0.00023050
  0.242585  -0.0000   0.00023180
  0.242762  -0.0000   0.00023370
  0.243025  -0.0000   0.00023660
  0.243421  -0.0000   0.00024090
  0.244021  -0.0000   0.00024740
  0.244623  -0.0000   0.00025390
  0.245226  -0.0000   0.00026040
  0.246126  -0.0000   0.00027020
  0.247463  -0.0000   0.00028480
  0.249439  -0.0000   0.00030670
  0.251707  -0.0000   0.00033240
  0.253932  -0.0000   0.00035810
  0.256116  -0.0000   0.00038370
  0.258859  -0.0000   0.00041680
  0.259008  -0.0000   0.00041860
  0.259132  -0.0000   0.00042040
  0.259226  -0.0000   0.00042220
  0.259352  -0.0000   0.00042490
  0.259528  -0.0000   0.00042890
  0.259702  -0.0000   0.00043290
  0.259962  -0.0000   0.00043900
  0.260357  -0.0000   0.00044800
  0.260953  -0.0000   0.00046160
  0.261755  -0.0000   0.00047990
  0.262555  -0.0000   0.00049820
  0.263747  -0.0000   0.00052560
  0.265510  -0.0000   0.00056670
  0.268103  -0.0000   0.00062840
  0.270644  -0.0000   0.00069000
  0.273132  -0.0000   0.00075170
  0.275567  -0.0000   0.00081340
  0.275727  -0.0000   0.00081740
  0.275887  -0.0000   0.00082150
  0.276008  -0.0000   0.00082550
  0.276151  -0.0000   0.00083160
  0.276349  -0.0000   0.00084070
  0.276544  -0.0000   0.00084990
  0.276837  -0.0000   0.00086360
  0.277283  -0.0000   0.00088410
  0.277945  -0.0000   0.00091440
  0.278607  -0.0000   0.00094480
  0.279595  -0.0000   0.00099020
  0.281064  -0.0000   0.00105800
  0.283231  -0.0000   0.00116100
  0.285368  -0.0000   0.00126300
  0.287471  -0.0000   0.00136600
  0.289538  -0.0000   0.00146900
  0.292477  -0.0000   0.00161800
  0.292631  -0.0000   0.00162600
  0.292777  -0.0000   0.00163400
  0.292879  -0.0000   0.00164100
  0.293016  -0.0000   0.00165300
  0.293147  -0.0000   0.00166500
  0.293277  -0.0000   0.00167700
  0.293473  -0.0000   0.00169400
  0.293769  -0.0000   0.00172100
  0.294217  -0.0000   0.00176100
  0.294892  -0.0000   0.00182000
  0.295900  -0.0000   0.00190900
  0.297398  -0.0000   0.00204300
  0.299611  -0.0000   0.00224400
  0.301789  -0.0000   0.00244500
  0.303932  -0.0000   0.00264600
  0.306040  -0.0000   0.00284700
  0.308904  -0.0000   0.00312600
  0.309082  -0.0000   0.00314400
  0.309260  -0.0000   0.00316100
  0.309437  -0.0000   0.00317900
  0.309661  -0.0000   0.00320500
  0.309830  -0.0000   0.00323100
  0.309990  -0.0000   0.00325800
  0.310150  -0.0000   0.00328500
  0.310310  -0.0000   0.00331200
  0.310553  -0.0000   0.00335200
  0.310920  -0.0000   0.00341200
  0.311471  -0.0000   0.00350300
  0.312297  -0.0000   0.00363900
  0.313527  -0.0000   0.00384200
  0.315350  -0.0000   0.00414800
  0.317595  -0.0000   0.00453000
  0.319806  -0.0000   0.00491200
  0.321981  -0.0000   0.00529400
  0.324121  -0.0000   0.00567600
  0.324595  -0.0000   0.00576200
  0.325068  -0.0000   0.00584700
  0.325538  -0.0000   0.00593200
  0.326240  -0.0000   0.00605900
  0.326415  -0.0000   0.00609100
  0.326534  -0.0000   0.00612300
  0.326643  -0.0000   0.00615500
  0.326749  -0.0000   0.00618700
  0.326854  -0.0000   0.00621900
  0.327014  -0.0000   0.00626700
  0.327255  -0.0000   0.00633900
  0.327619  -0.0000   0.00644700
  0.328168  -0.0000   0.00660800
  0.328989  -0.0000   0.00685100
  0.330212  -0.0000   0.00721500
  0.332025  -0.0000   0.00776000
  0.334232  -0.0000   0.00843500
  0.336406  -0.0000   0.00910900
  0.338547  -0.0000   0.00978400
  0.341262  -0.0000   0.01066000
  0.341741  -0.0000   0.01081000
  0.342218  -0.0000   0.01097000
  0.342693  -0.0000   0.01112000
  0.343269  -0.0000   0.01132000
  0.343386  -0.0000   0.01137000
  0.343496  -0.0000   0.01143000
  0.343604  -0.0000   0.01149000
  0.343766  -0.0000   0.01157000
  0.344012  -0.0000   0.01170000
  0.344384  -0.0000   0.01189000
  0.344945  -0.0000   0.01218000
  0.345784  -0.0000   0.01262000
  0.347034  -0.0000   0.01327000
  0.348888  -0.0000   0.01424000
  0.351178  -0.0000   0.01546000
  0.353434  -0.0000   0.01669000
  0.355655  -0.0000   0.01791000
  0.357840  -0.0000   0.01913000
  0.358304  -0.0000   0.01939000
  0.358766  -0.0000   0.01965000
  0.359227  -0.0000   0.01991000
  0.359914  -0.0000   0.02030000
  0.360092  -0.0000   0.02041000
  0.360215  -0.0000   0.02051000
  0.360330  -0.0000   0.02061000
  0.360444  -0.0000   0.02071000
  0.360558  -0.0000   0.02082000
  0.360731  -0.0000   0.02097000
  0.360992  -0.0000   0.02120000
  0.361387  -0.0000   0.02154000
  0.361978  -0.0000   0.02206000
  0.362862  -0.0000   0.02284000
  0.364178  -0.0000   0.02400000
  0.366126  -0.0000   0.02574000
  0.368373  -0.0000   0.02779000
  0.370587  -0.0000   0.02983000
  0.372768  -0.0000   0.03187000
  0.375627  -0.0000   0.03460000
  0.375873  -0.0000   0.03484000
  0.376119  -0.0000   0.03508000
  0.376365  -0.0000   0.03531000
  0.376732  -0.0000   0.03567000
  0.376937  -0.0000   0.03588000
  0.377085  -0.0000   0.03609000
  0.377229  -0.0000   0.03631000
  0.377373  -0.0000   0.03652000
  0.377518  -0.0000   0.03673000
  0.377738  -0.0000   0.03705000
  0.378070  -0.0000   0.03753000
  0.378567  -0.0000   0.03825000
  0.379312  -0.0000   0.03934000
  0.380421  -0.0000   0.04096000
  0.382068  -0.0000   0.04339000
  0.384499  -0.0000   0.04703000
  0.386893  -0.0000   0.05068000
  0.389249  -0.0000   0.05433000
  0.391567  -0.0000   0.05798000
  0.392097  -0.0000   0.05881000
  0.392624  -0.0000   0.05965000
  0.393150  -0.0000   0.06049000
  0.393762  -0.0000   0.06147000
  0.393871  -0.0000   0.06172000
  0.393974  -0.0000   0.06197000
  0.394127  -0.0000   0.06234000
  0.394282  -0.0000   0.06271000
  0.394516  -0.0000   0.06326000
  0.394870  -0.0000   0.06410000
  0.395401  -0.0000   0.06534000
  0.396196  -0.0000   0.06722000
  0.397380  -0.0000   0.07003000
  0.399137  -0.0000   0.07424000
  0.401729  -0.0000   0.08057000
  0.404280  -0.0000   0.08689000
  0.406789  -0.0000   0.09321000
  0.409254  -0.0000   0.10000000
  0.409528  -0.0000   0.10000000
  0.409801  -0.0000   0.10100000
  0.410074  -0.0000   0.10200000
  0.410482  -0.0000   0.10300000
  0.410664  -0.0000   0.10300000
  0.410803  -0.0000   0.10400000
  0.410940  -0.0000   0.10400000
  0.411146  -0.0000   0.10500000
  0.411355  -0.0000   0.10600000
  0.411669  -0.0000   0.10700000
  0.412142  -0.0000   0.10900000
  0.412849  -0.0000   0.11100000
  0.413903  -0.0000   0.11500000
  0.415468  -0.0000   0.12100000
  0.417781  -0.0000   0.13000000
  0.420062  -0.0000   0.13900000
  0.422310  -0.0000   0.14800000
  0.424525  -0.0000   0.15700000
  0.426966  -0.0000   0.16700000
  0.427150  -0.0000   0.16800000
  0.427333  -0.0000   0.16800000
  0.427497  -0.0000   0.16900000
  0.427687  -0.0000   0.17000000
  0.427877  -0.0000   0.17100000
  0.428070  -0.0000   0.17300000
  0.428263  -0.0000   0.17400000
  0.428555  -0.0000   0.17500000
  0.428992  -0.0000   0.17800000
  0.429646  -0.0000   0.18200000
  0.430622  -0.0000   0.18800000
  0.432071  -0.0000   0.19600000
  0.433744  -0.0000   0.20600000
  0.435400  -0.0000   0.21600000
  0.437039  -0.0000   0.22600000
  0.438662  -0.0000   0.23600000
  0.440267  -0.0000   0.24600000
  0.441855  -0.0000   0.25600000
  0.443425  -0.0000   0.26600000
  0.443757  -0.0000   0.26800000
  0.444087  -0.0000   0.27000000
  0.444384  -0.0000   0.27200000
  0.444553  -0.0000   0.27400000
  0.444722  -0.0000   0.27500000
  0.444892  -0.0000   0.27700000
  0.445064  -0.0000   0.27900000
  0.445322  -0.0000   0.28100000
  0.445710  -0.0000   0.28400000
  0.446291  -0.0000   0.28900000
  0.447157  -0.0000   0.29700000
  0.448265  -0.0000   0.30700000
  0.449365  -0.0000   0.31700000
  0.450457  -0.0000   0.32700000
  0.451543  -0.0000   0.33700000
  0.452620  -0.0000   0.34700000
  0.453691  -0.0000   0.35700000
  0.454755  -0.0000   0.36700000
  0.455811  -0.0000   0.37700000
  0.456861  -0.0000   0.38700000
  0.457903  -0.0000   0.39700000
  0.458937  -0.0000   0.40700000
  0.459965  -0.0000   0.41700000
  0.460985  -0.0000   0.42700000
  0.461176  -0.0000   0.42900000
  0.461318  -0.0000   0.43100000
  0.461455  -0.0000   0.43300000
  0.461593  -0.0000   0.43500000
  0.461732  -0.0000   0.43700000
  0.461943  -0.0000   0.43900000
  0.462259  -0.0000   0.44400000
  0.462732  -0.0000   0.45000000
  0.463441  -0.0000   0.46000000
  0.464180  -0.0000   0.47000000
  0.464915  -0.0000   0.48000000
  0.465647  -0.0000   0.49000000
  0.466376  -0.0000   0.50000000
  0.467101  -0.0000   0.51000000
  0.467823  -0.0000   0.52000000
  0.468542  -0.0000   0.53000000
  0.469258  -0.0000   0.54000000
  0.469970  -0.0000   0.55000000
  0.470680  -0.0000   0.56000000
  0.471386  -0.0000   0.57000000
  0.472089  -0.0000   0.58000000
  0.472789  -0.0000   0.59000000
  0.473486  -0.0000   0.60000000
  0.474180  -0.0000   0.61000000
  0.474871  -0.0000   0.62000000
  0.475558  -0.0000   0.63000000
  0.476243  -0.0000   0.64000000
  0.476924  -0.0000   0.65000000
  0.477601  -0.0000   0.66000000
  0.478020  -0.0000   0.66600000
  0.478154  -0.0000   0.66800000
  0.478281  -0.0000   0.67100000
  0.478410  -0.0000   0.67400000
  0.478604  -0.0000   0.67800000
  0.478898  -0.0000   0.68300000
  0.479339  -0.0000   0.69200000
  0.479840  -0.0000   0.70200000
  0.480340  -0.0000   0.71200000
  0.480838  -0.0000   0.72200000
  0.481334  -0.0000   0.73200000
  0.481829  -0.0000   0.74200000
  0.482322  -0.0000   0.75200000
  0.482813  -0.0000   0.76200000
  0.483303  -0.0000   0.77200000
  0.483792  -0.0000   0.78200000
  0.484279  -0.0000   0.79200000
  0.484764  -0.0000   0.80200000
  0.485248  -0.0000   0.81200000
  0.485731  -0.0000   0.82200000
  0.486212  -0.0000   0.83200000
  0.486692  -0.0000   0.84200000
  0.487171  -0.0000   0.85200000
  0.487648  -0.0000   0.86200000
  0.488123  -0.0000   0.87200000
  0.488597  -0.0000   0.88200000
  0.489070  -0.0000   0.89200000
  0.489542  -0.0000   0.90200000
  0.490012  -0.0000   0.91200000
  0.490480  -0.0000   0.92200000
  0.490948  -0.0000   0.93200000
  0.491414  -0.0000   0.94200000
  0.491878  -0.0000   0.95200000
  0.492341  -0.0000   0.96200000
  0.492802  -0.0000   0.97200000
  0.493262  -0.0000   0.98200000
  0.493721  -0.0000   0.99200000
  0.494078  -0.0000   1.00000000
  0.492497  -0.0000   1.00000000
  0.492497  -0.0000   1.00000000
  0.492497  -0.0000   1.00000000
  0.492497  -0.0000   1.00000000
  0.492497  -0.0000   1.00000000
  0.492497  -0.0000   1.00000000
  0.492496  -0.0000   1.00000000
  0.492495  -0.0000   1.00000000
  0.492492  -0.0000   1.00000000
  0.492486  -0.0000   1.00000000
  0.492475  -0.0000   1.00000000
  0.492459  -0.0000   1.00000000
  0.492454  -0.0000   1.00000000
