  0.000146  -0.0000   0.00000010
  0.000320  -0.0000   0.00000020
  0.000877  -0.0000   0.00000030
  0.005100  -0.0000   0.00000038
  0.006696  -0.0000   0.00000040
  0.006759  -0.0000   0.00000042
  0.006837  -0.0000   0.00000045
  0.006971  -0.0000   0.00000050
  0.007215  -0.0000   0.00000056
  0.007414  -0.0000   0.00000061
  0.007639  -0.0000   0.00000066
  0.007893  -0.0000   0.00000071
  0.008228  -0.0000   0.00000076
  0.008615  -0.0000   0.00000082
  0.009064  -0.0000   0.00000087
  0.009454  -0.0000   0.00000092
  0.009894  -0.0000   0.00000096
  0.010393  -0.0000   0.00000100
  0.010954  -0.0000   0.00000104
  0.011472  -0.0000   0.00000108
  0.012040  -0.0000   0.00000112
  0.012659  -0.0000   0.00000115
  0.013328  -0.0000   0.00000119
  0.014048  -0.0000   0.00000122
  0.014818  -0.0000   0.00000126
  0.015636  -0.0000   0.00000130
  0.016500  -0.0000   0.00000133
  0.017409  -0.0000   0.00000137
  0.018359  -0.0000   0.00000140
  0.019466  -0.0000   0.00000144
  0.019642  -0.0000   0.00000145
  0.019818  -0.0000   0.00000146
  0.019996  -0.0000   0.00000146
  0.020063  -0.0000   0.00000147
  0.020085  -0.0000   0.00000148
  0.020104  -0.0000   0.00000148
  0.020127  -0.0000   0.00000149
  0.020148  -0.0000   0.00000150
  0.020175  -0.0000   0.00000152
  0.020209  -0.0000   0.00000154
  0.020252  -0.0000   0.00000157
  0.020291  -0.0000   0.00000160
  0.020344  -0.0000   0.00000165
  0.020393  -0.0000   0.00000169
  0.020464  -0.0000   0.00000177
  0.020565  -0.0000   0.00000187
  0.020716  -0.0000   0.00000203
  0.020943  -0.0000   0.00000226
  0.021189  -0.0000   0.00000249
  0.021549  -0.0000   0.00000277
  0.021861  -0.0000   0.00000298
  0.022234  -0.0000   0.00000320
  0.022684  -0.0000   0.00000341
  0.023073  -0.0000   0.00000357
  0.023520  -0.0000   0.00000372
  0.024032  -0.0000   0.00000388
  0.024613  -0.0000   0.00000404
  0.025134  -0.0000   0.00000417
  0.025708  -0.0000   0.00000430
  0.026336  -0.0000   0.00000442
  0.027023  -0.0000   0.00000455
  0.027769  -0.0000   0.00000468
  0.028578  -0.0000   0.00000481
  0.029306  -0.0000   0.00000492
  0.030080  -0.0000   0.00000503
  0.030901  -0.0000   0.00000514
  0.031769  -0.0000   0.00000524
  0.032685  -0.0000   0.00000535
  0.033647  -0.0000   0.00000546
  0.034658  -0.0000   0.00000557
  0.035715  -0.0000   0.00000568
  0.036775  -0.0000   0.00000579
  0.036796  -0.0000   0.00000580
  0.036816  -0.0000   0.00000580
  0.036834  -0.0000   0.00000581
  0.036858  -0.0000   0.00000582
  0.036889  -0.0000   0.00000584
  0.036931  -0.0000   0.00000587
  0.036987  -0.0000   0.00000591
  0.037060  -0.0000   0.00000596
  0.037157  -0.0000   0.00000605
  0.037289  -0.0000   0.00000618
  0.037413  -0.0000   0.00000632
  0.037594  -0.0000   0.00000651
  0.037871  -0.0000   0.00000681
  0.038333  -0.0000   0.00000726
  0.038590  -0.0000   0.00000748
  0.038870  -0.0000   0.00000771
  0.039180  -0.0000   0.00000794
  0.039717  -0.0000   0.00000828
  0.040337  -0.0000   0.00000862
  0.041048  -0.0000   0.00000896
  0.041859  -0.0000   0.00000930
  0.042583  -0.0000   0.00000958
  0.043381  -0.0000   0.00000985
  0.044256  -0.0000   0.00001013
  0.045211  -0.0000   0.00001041
  0.046249  -0.0000   0.00001068
  0.047374  -0.0000   0.00001096
  0.048589  -0.0000   0.00001124
  0.049895  -0.0000   0.00001151
  0.051043  -0.0000   0.00001174
  0.052257  -0.0000   0.00001197
  0.053537  -0.0000   0.00001220
  0.054060  -0.0000   0.00001229
  0.054593  -0.0000   0.00001238
  0.054685  -0.0000   0.00001241
  0.054739  -0.0000   0.00001244
  0.054787  -0.0000   0.00001246
  0.054851  -0.0000   0.00001251
  0.054935  -0.0000   0.00001257
  0.055047  -0.0000   0.00001266
  0.055196  -0.0000   0.00001280
  0.055402  -0.0000   0.00001300
  0.055699  -0.0000   0.00001331
  0.056160  -0.0000   0.00001378
  0.056568  -0.0000   0.00001416
  0.057016  -0.0000   0.00001454
  0.057510  -0.0000   0.00001493
  0.058072  -0.0000   0.00001532
  0.058691  -0.0000   0.00001571
  0.059371  -0.0000   0.00001610
  0.060172  -0.0000   0.00001652
  0.061050  -0.0000   0.00001694
  0.062007  -0.0000   0.00001736
  0.063000  -0.0000   0.00001777
  0.064071  -0.0000   0.00001817
  0.065223  -0.0000   0.00001857
  0.066460  -0.0000   0.00001898
  0.067782  -0.0000   0.00001938
  0.069193  -0.0000   0.00001978
  0.070693  -0.0000   0.00002018
  0.072283  -0.0000   0.00002059
  0.072420  -0.0000   0.00002062
  0.072485  -0.0000   0.00002066
  0.072541  -0.0000   0.00002069
  0.072617  -0.0000   0.00002074
  0.072718  -0.0000   0.00002082
  0.072852  -0.0000   0.00002094
  0.073033  -0.0000   0.00002111
  0.073285  -0.0000   0.00002137
  0.073653  -0.0000   0.00002176
  0.074230  -0.0000   0.00002235
  0.074678  -0.0000   0.00002278
  0.075161  -0.0000   0.00002321
  0.075681  -0.0000   0.00002364
  0.076553  -0.0000   0.00002428
  0.077519  -0.0000   0.00002492
  0.078584  -0.0000   0.00002556
  0.079752  -0.0000   0.00002621
  0.081027  -0.0000   0.00002685
  0.082412  -0.0000   0.00002749
  0.083629  -0.0000   0.00002802
  0.084925  -0.0000   0.00002855
  0.086302  -0.0000   0.00002907
  0.087921  -0.0000   0.00002966
  0.089642  -0.0000   0.00003024
  0.089826  -0.0000   0.00003030
  0.090012  -0.0000   0.00003036
  0.090173  -0.0000   0.00003042
  0.090304  -0.0000   0.00003052
  0.090420  -0.0000   0.00003061
  0.090526  -0.0000   0.00003070
  0.090625  -0.0000   0.00003079
  0.090764  -0.0000   0.00003093
  0.090961  -0.0000   0.00003114
  0.091245  -0.0000   0.00003146
  0.091673  -0.0000   0.00003193
  0.092358  -0.0000   0.00003263
  0.093107  -0.0000   0.00003334
  0.093928  -0.0000   0.00003404
  0.094823  -0.0000   0.00003475
  0.095794  -0.0000   0.00003545
  0.096843  -0.0000   0.00003616
  0.098219  -0.0000   0.00003701
  0.099469  -0.0000   0.00003772
  0.100807  -0.0000   0.00003844
  0.102235  -0.0000   0.00003916
  0.103755  -0.0000   0.00003988
  0.105369  -0.0000   0.00004060
  0.107078  -0.0000   0.00004131
  0.107371  -0.0000   0.00004144
  0.107667  -0.0000   0.00004156
  0.107966  -0.0000   0.00004168
  0.108095  -0.0000   0.00004177
  0.108202  -0.0000   0.00004186
  0.108300  -0.0000   0.00004194
  0.108436  -0.0000   0.00004207
  0.108624  -0.0000   0.00004227
  0.108890  -0.0000   0.00004257
  0.109276  -0.0000   0.00004301
  0.109873  -0.0000   0.00004367
  0.110397  -0.0000   0.00004423
  0.110952  -0.0000   0.00004479
  0.111538  -0.0000   0.00004534
  0.112491  -0.0000   0.00004618
  0.113518  -0.0000   0.00004701
  0.114866  -0.0000   0.00004802
  0.116325  -0.0000   0.00004902
  0.117898  -0.0000   0.00005003
  0.119590  -0.0000   0.00005104
  0.121093  -0.0000   0.00005188
  0.122683  -0.0000   0.00005273
  0.124360  -0.0000   0.00005357
  0.125643  -0.0000   0.00005419
  0.125827  -0.0000   0.00005428
  0.125937  -0.0000   0.00005437
  0.126038  -0.0000   0.00005446
  0.126175  -0.0000   0.00005459
  0.126364  -0.0000   0.00005479
  0.126627  -0.0000   0.00005509
  0.127007  -0.0000   0.00005554
  0.127581  -0.0000   0.00005622
  0.128139  -0.0000   0.00005685
  0.128726  -0.0000   0.00005748
  0.129344  -0.0000   0.00005811
  0.130341  -0.0000   0.00005905
  0.131408  -0.0000   0.00006000
  0.132788  -0.0000   0.00006113
  0.134270  -0.0000   0.00006226
  0.135857  -0.0000   0.00006340
  0.137551  -0.0000   0.00006453
  0.139353  -0.0000   0.00006566
  0.141266  -0.0000   0.00006679
  0.143291  -0.0000   0.00006793
  0.143477  -0.0000   0.00006803
  0.143663  -0.0000   0.00006813
  0.143783  -0.0000   0.00006824
  0.143941  -0.0000   0.00006839
  0.144155  -0.0000   0.00006863
  0.144356  -0.0000   0.00006886
  0.144643  -0.0000   0.00006921
  0.145066  -0.0000   0.00006973
  0.145718  -0.0000   0.00007052
  0.146402  -0.0000   0.00007131
  0.147124  -0.0000   0.00007209
  0.147883  -0.0000   0.00007288
  0.148680  -0.0000   0.00007366
  0.149958  -0.0000   0.00007484
  0.151391  -0.0000   0.00007608
  0.152916  -0.0000   0.00007732
  0.154536  -0.0000   0.00007855
  0.156447  -0.0000   0.00007992
  0.158478  -0.0000   0.00008129
  0.160290  -0.0000   0.00008246
  0.160758  -0.0000   0.00008275
  0.161232  -0.0000   0.00008305
  0.161630  -0.0000   0.00008335
  0.161826  -0.0000   0.00008356
  0.162008  -0.0000   0.00008376
  0.162180  -0.0000   0.00008397
  0.162427  -0.0000   0.00008428
  0.162789  -0.0000   0.00008474
  0.163336  -0.0000   0.00008544
  0.163966  -0.0000   0.00008621
  0.164623  -0.0000   0.00008699
  0.165309  -0.0000   0.00008776
  0.166316  -0.0000   0.00008883
  0.167378  -0.0000   0.00008990
  0.169019  -0.0000   0.00009144
  0.170773  -0.0000   0.00009299
  0.172640  -0.0000   0.00009453
  0.174622  -0.0000   0.00009607
  0.176721  -0.0000   0.00009761
  0.178938  -0.0000   0.00009916
  0.179133  -0.0000   0.00009929
  0.179330  -0.0000   0.00009943
  0.179470  -0.0000   0.00009956
  0.179652  -0.0000   0.00009977
  0.179897  -0.0000   0.00010010
  0.180116  -0.0000   0.00010040
  0.180424  -0.0000   0.00010080
  0.180868  -0.0000   0.00010150
  0.181523  -0.0000   0.00010250
  0.182431  -0.0000   0.00010400
  0.183342  -0.0000   0.00010540
  0.184251  -0.0000   0.00010680
  0.185158  -0.0000   0.00010830
  0.186509  -0.0000   0.00011040
  0.188511  -0.0000   0.00011360
  0.191454  -0.0000   0.00011840
  0.194334  -0.0000   0.00012320
  0.194974  -0.0000   0.00012430
  0.195611  -0.0000   0.00012540
  0.196244  -0.0000   0.00012650
  0.196516  -0.0000   0.00012690
  0.196726  -0.0000   0.00012740
  0.196892  -0.0000   0.00012790
  0.197119  -0.0000   0.00012860
  0.197331  -0.0000   0.00012930
  0.197636  -0.0000   0.00013030
  0.198082  -0.0000   0.00013190
  0.198749  -0.0000   0.00013420
  0.199419  -0.0000   0.00013660
  0.200092  -0.0000   0.00013890
  0.200766  -0.0000   0.00014130
  0.201777  -0.0000   0.00014480
  0.203286  -0.0000   0.00015010
  0.205524  -0.0000   0.00015800
  0.208818  -0.0000   0.00016990
  0.212042  -0.0000   0.00018180
  0.212344  -0.0000   0.00018290
  0.212645  -0.0000   0.00018400
  0.212946  -0.0000   0.00018510
  0.213395  -0.0000   0.00018680
  0.213818  -0.0000   0.00018840
  0.213970  -0.0000   0.00018930
  0.214109  -0.0000   0.00019010
  0.214241  -0.0000   0.00019100
  0.214428  -0.0000   0.00019230
  0.214697  -0.0000   0.00019420
  0.215093  -0.0000   0.00019710
  0.215687  -0.0000   0.00020140
  0.216512  -0.0000   0.00020730
  0.217340  -0.0000   0.00021330
  0.218170  -0.0000   0.00021920
  0.218999  -0.0000   0.00022520
  0.220238  -0.0000   0.00023410
  0.222082  -0.0000   0.00024750
  0.224809  -0.0000   0.00026750
  0.227677  -0.0000   0.00028900
  0.230494  -0.0000   0.00031050
  0.230674  -0.0000   0.00031190
  0.230854  -0.0000   0.00031320
  0.231001  -0.0000   0.00031460
  0.231174  -0.0000   0.00031670
  0.231410  -0.0000   0.00031980
  0.231636  -0.0000   0.00032290
  0.231856  -0.0000   0.00032590
  0.232185  -0.0000   0.00033060
  0.232679  -0.0000   0.00033750
  0.233426  -0.0000   0.00034800
  0.234177  -0.0000   0.00035840
  0.234929  -0.0000   0.00036890
  0.236055  -0.0000   0.00038450
  0.237735  -0.0000   0.00040800
  0.240227  -0.0000   0.00044330
  0.243128  -0.0000   0.00048490
  0.245981  -0.0000   0.00052660
  0.246475  -0.0000   0.00053380
  0.246968  -0.0000   0.00054100
  0.247458  -0.0000   0.00054830
  0.248127  -0.0000   0.00055910
  0.248285  -0.0000   0.00056260
  0.248432  -0.0000   0.00056610
  0.248572  -0.0000   0.00056970
  0.248777  -0.0000   0.00057490
  0.249079  -0.0000   0.00058290
  0.249534  -0.0000   0.00059470
  0.250222  -0.0000   0.00061250
  0.250914  -0.0000   0.00063030
  0.251608  -0.0000   0.00064820
  0.252649  -0.0000   0.00067490
  0.254203  -0.0000   0.00071490
  0.256513  -0.0000   0.00077500
  0.259921  -0.0000   0.00086520
  0.263269  -0.0000   0.00095540
  0.263596  -0.0000   0.00096420
  0.263922  -0.0000   0.00097300
  0.264247  -0.0000   0.00098180
  0.264733  -0.0000   0.00099500
  0.265130  -0.0000   0.00100600
  0.265291  -0.0000   0.00101200
  0.265436  -0.0000   0.00101800
  0.265574  -0.0000   0.00102400
  0.265773  -0.0000   0.00103300
  0.266068  -0.0000   0.00104700
  0.266512  -0.0000   0.00106700
  0.267185  -0.0000   0.00109800
  0.267861  -0.0000   0.00112900
  0.268539  -0.0000   0.00116000
  0.269555  -0.0000   0.00120600
  0.271073  -0.0000   0.00127500
  0.273329  -0.0000   0.00137900
  0.276663  -0.0000   0.00153500
  0.279941  -0.0000   0.00169000
  0.280413  -0.0000   0.00171300
  0.280884  -0.0000   0.00173500
  0.281353  -0.0000   0.00175800
  0.282054  -0.0000   0.00179200
  0.282250  -0.0000   0.00180200
  0.282394  -0.0000   0.00181100
  0.282528  -0.0000   0.00182100
  0.282720  -0.0000   0.00183600
  0.282908  -0.0000   0.00185100
  0.283189  -0.0000   0.00187300
  0.283614  -0.0000   0.00190700
  0.284257  -0.0000   0.00195700
  0.285093  -0.0000   0.00202200
  0.285930  -0.0000   0.00208700
  0.287183  -0.0000   0.00218400
  0.289051  -0.0000   0.00233000
  0.291821  -0.0000   0.00254900
  0.294717  -0.0000   0.00278100
  0.297572  -0.0000   0.00301300
  0.297965  -0.0000   0.00304500
  0.298358  -0.0000   0.00307700
  0.298749  -0.0000   0.00310900
  0.299335  -0.0000   0.00315700
  0.299476  -0.0000   0.00317300
  0.299603  -0.0000   0.00318800
  0.299725  -0.0000   0.00320400
  0.299903  -0.0000   0.00322700
  0.300168  -0.0000   0.00326200
  0.300568  -0.0000   0.00331400
  0.301173  -0.0000   0.00339200
  0.301942  -0.0000   0.00349000
  0.302713  -0.0000   0.00358900
  0.303867  -0.0000   0.00373700
  0.305589  -0.0000   0.00395900
  0.308146  -0.0000   0.00429200
  0.311123  -0.0000   0.00468500
  0.314059  -0.0000   0.00507800
  0.314887  -0.0000   0.00519000
  0.315712  -0.0000   0.00530100
  0.316511  -0.0000   0.00541200
  0.316677  -0.0000   0.00544400
  0.316834  -0.0000   0.00547600
  0.316986  -0.0000   0.00550800
  0.317138  -0.0000   0.00554000
  0.317365  -0.0000   0.00558800
  0.317709  -0.0000   0.00566000
  0.318229  -0.0000   0.00576800
  0.319013  -0.0000   0.00592900
  0.320189  -0.0000   0.00617200
  0.321947  -0.0000   0.00653500
  0.324560  -0.0000   0.00708100
  0.327532  -0.0000   0.00770900
  0.330465  -0.0000   0.00833700
  0.333357  -0.0000   0.00896500
  0.333537  -0.0000   0.00900400
  0.333692  -0.0000   0.00904300
  0.333820  -0.0000   0.00908200
  0.334000  -0.0000   0.00914100
  0.334267  -0.0000   0.00922800
  0.334534  -0.0000   0.00931600
  0.334939  -0.0000   0.00944800
  0.335551  -0.0000   0.00964600
  0.336470  -0.0000   0.00994200
  0.337390  -0.0000   0.01024000
  0.338764  -0.0000   0.01068000
  0.340811  -0.0000   0.01135000
  0.343846  -0.0000   0.01235000
  0.346841  -0.0000   0.01335000
  0.349796  -0.0000   0.01435000
  0.350029  -0.0000   0.01443000
  0.350262  -0.0000   0.01451000
  0.350494  -0.0000   0.01459000
  0.350809  -0.0000   0.01471000
  0.351002  -0.0000   0.01480000
  0.351188  -0.0000   0.01489000
  0.351372  -0.0000   0.01499000
  0.351651  -0.0000   0.01513000
  0.352072  -0.0000   0.01533000
  0.352708  -0.0000   0.01565000
  0.353664  -0.0000   0.01612000
  0.354618  -0.0000   0.01659000
  0.356044  -0.0000   0.01730000
  0.358168  -0.0000   0.01836000
  0.361316  -0.0000   0.01995000
  0.364423  -0.0000   0.02154000
  0.367486  -0.0000   0.02313000
  0.367680  -0.0000   0.02323000
  0.367875  -0.0000   0.02333000
  0.368029  -0.0000   0.02344000
  0.368233  -0.0000   0.02359000
  0.368433  -0.0000   0.02374000
  0.368634  -0.0000   0.02389000
  0.368938  -0.0000   0.02412000
  0.369397  -0.0000   0.02446000
  0.370088  -0.0000   0.02497000
  0.371125  -0.0000   0.02574000
  0.372676  -0.0000   0.02689000
  0.374983  -0.0000   0.02861000
  0.378399  -0.0000   0.03120000
  0.381769  -0.0000   0.03379000
  0.385083  -0.0000   0.03638000
  0.385237  -0.0000   0.03654000
  0.385383  -0.0000   0.03670000
  0.385528  -0.0000   0.03686000
  0.385673  -0.0000   0.03703000
  0.385891  -0.0000   0.03727000
  0.386222  -0.0000   0.03763000
  0.386720  -0.0000   0.03818000
  0.387470  -0.0000   0.03900000
  0.388594  -0.0000   0.04023000
  0.390276  -0.0000   0.04207000
  0.392779  -0.0000   0.04483000
  0.396485  -0.0000   0.04898000
  0.400136  -0.0000   0.05313000
  0.400531  -0.0000   0.05358000
  0.400925  -0.0000   0.05403000
  0.401319  -0.0000   0.05448000
  0.401907  -0.0000   0.05515000
  0.402227  -0.0000   0.05552000
  0.402483  -0.0000   0.05588000
  0.402712  -0.0000   0.05625000
  0.402941  -0.0000   0.05662000
  0.403172  -0.0000   0.05699000
  0.403520  -0.0000   0.05754000
  0.404045  -0.0000   0.05836000
  0.404834  -0.0000   0.05960000
  0.406015  -0.0000   0.06146000
  0.407777  -0.0000   0.06425000
  0.410397  -0.0000   0.06843000
  0.413602  -0.0000   0.07361000
  0.416766  -0.0000   0.07878000
  0.417606  -0.0000   0.08016000
  0.418442  -0.0000   0.08154000
  0.419276  -0.0000   0.08292000
  0.419436  -0.0000   0.08324000
  0.419577  -0.0000   0.08355000
  0.419715  -0.0000   0.08387000
  0.419923  -0.0000   0.08435000
  0.420238  -0.0000   0.08506000
  0.420713  -0.0000   0.08613000
  0.421428  -0.0000   0.08773000
  0.422500  -0.0000   0.09013000
  0.424102  -0.0000   0.09373000
  0.426485  -0.0000   0.09914000
  0.430016  -0.0000   0.10700000
  0.433499  -0.0000   0.11500000
  0.434904  -0.0000   0.11900000
  0.436300  -0.0000   0.12200000
  0.436528  -0.0000   0.12200000
  0.436721  -0.0000   0.12300000
  0.436890  -0.0000   0.12400000
  0.437141  -0.0000   0.12400000
  0.437394  -0.0000   0.12500000
  0.437776  -0.0000   0.12600000
  0.438351  -0.0000   0.12800000
  0.439215  -0.0000   0.13100000
  0.440508  -0.0000   0.13500000
  0.442435  -0.0000   0.14100000
  0.445298  -0.0000   0.15000000
  0.448385  -0.0000   0.16000000
  0.451434  -0.0000   0.17000000
  0.452154  -0.0000   0.17300000
  0.452872  -0.0000   0.17500000
  0.453588  -0.0000   0.17700000
  0.453814  -0.0000   0.17800000
  0.453987  -0.0000   0.17900000
  0.454156  -0.0000   0.18000000
  0.454325  -0.0000   0.18000000
  0.454495  -0.0000   0.18100000
  0.454752  -0.0000   0.18200000
  0.455138  -0.0000   0.18400000
  0.455720  -0.0000   0.18600000
  0.456591  -0.0000   0.19000000
  0.457894  -0.0000   0.19600000
  0.459836  -0.0000   0.20500000
  0.462092  -0.0000   0.21500000
  0.464329  -0.0000   0.22500000
  0.466548  -0.0000   0.23500000
  0.468748  -0.0000   0.24500000
  0.470927  -0.0000   0.25500000
  0.471095  -0.0000   0.25500000
  0.471239  -0.0000   0.25600000
  0.471382  -0.0000   0.25700000
  0.471598  -0.0000   0.25800000
  0.471925  -0.0000   0.26000000
  0.472417  -0.0000   0.26300000
  0.473157  -0.0000   0.26800000
  0.474265  -0.0000   0.27400000
  0.475920  -0.0000   0.28400000
  0.477577  -0.0000   0.29400000
  0.479225  -0.0000   0.30400000
  0.480863  -0.0000   0.31400000
  0.482491  -0.0000   0.32400000
  0.484110  -0.0000   0.33400000
  0.485719  -0.0000   0.34400000
  0.487317  -0.0000   0.35400000
  0.487716  -0.0000   0.35700000
  0.488114  -0.0000   0.35900000
  0.488357  -0.0000   0.36100000
  0.488572  -0.0000   0.36300000
  0.488788  -0.0000   0.36500000
  0.489115  -0.0000   0.36700000
  0.489443  -0.0000   0.37000000
  0.489937  -0.0000   0.37400000
  0.490677  -0.0000   0.38000000
  0.491785  -0.0000   0.38900000
  0.493016  -0.0000   0.39900000
  0.494243  -0.0000   0.40900000
  0.495465  -0.0000   0.41900000
  0.496681  -0.0000   0.42900000
  0.497892  -0.0000   0.43900000
  0.499098  -0.0000   0.44900000
  0.500299  -0.0000   0.45900000
  0.501494  -0.0000   0.46900000
  0.502684  -0.0000   0.47900000
  0.503868  -0.0000   0.48900000
  0.505047  -0.0000   0.49900000
  0.505316  -0.0000   0.50100000
  0.505555  -0.0000   0.50300000
  0.505762  -0.0000   0.50600000
  0.506076  -0.0000   0.50900000
  0.506391  -0.0000   0.51300000
  0.506709  -0.0000   0.51600000
  0.507185  -0.0000   0.52100000
  0.507899  -0.0000   0.52900000
  0.508823  -0.0000   0.53900000
  0.509744  -0.0000   0.54900000
  0.510662  -0.0000   0.55900000
  0.511577  -0.0000   0.56900000
  0.512490  -0.0000   0.57900000
  0.513400  -0.0000   0.58900000
  0.514307  -0.0000   0.59900000
  0.515211  -0.0000   0.60900000
  0.516112  -0.0000   0.61900000
  0.517011  -0.0000   0.62900000
  0.517906  -0.0000   0.63900000
  0.518798  -0.0000   0.64900000
  0.519688  -0.0000   0.65900000
  0.520574  -0.0000   0.66900000
  0.521457  -0.0000   0.67900000
  0.522337  -0.0000   0.68900000
  0.522630  -0.0000   0.69200000
  0.522868  -0.0000   0.69600000
  0.523096  -0.0000   0.69900000
  0.523326  -0.0000   0.70200000
  0.523558  -0.0000   0.70600000
  0.523906  -0.0000   0.71100000
  0.524429  -0.0000   0.71800000
  0.525127  -0.0000   0.72800000
  0.525824  -0.0000   0.73800000
  0.526520  -0.0000   0.74800000
  0.527214  -0.0000   0.75800000
  0.527906  -0.0000   0.76800000
  0.528597  -0.0000   0.77800000
  0.529286  -0.0000   0.78800000
  0.529974  -0.0000   0.79800000
  0.530660  -0.0000   0.80800000
  0.531344  -0.0000   0.81800000
  0.532027  -0.0000   0.82800000
  0.532708  -0.0000   0.83800000
  0.533388  -0.0000   0.84800000
  0.534066  -0.0000   0.85800000
  0.534742  -0.0000   0.86800000
  0.535417  -0.0000   0.87800000
  0.536090  -0.0000   0.88800000
  0.536761  -0.0000   0.89800000
  0.537430  -0.0000   0.90800000
  0.538098  -0.0000   0.91800000
  0.538764  -0.0000   0.92800000
  0.539428  -0.0000   0.93800000
  0.540040  -0.0000   0.94800000
  0.540171  -0.0000   0.95000000
  0.540367  -0.0000   0.95400000
  0.540664  -0.0000   0.96000000
  0.540962  -0.0000   0.96500000
  0.541410  -0.0000   0.97400000
  0.541941  -0.0000   0.98400000
  0.542472  -0.0000   0.99400000
  0.542794  -0.0000   1.00000000
  0.541023  -0.0000   1.00000000
  0.541023  -0.0000   1.00000000
  0.541023  -0.0000   1.00000000
  0.541023  -0.0000   1.00000000
  0.541023  -0.0000   1.00000000
  0.541023  -0.0000   1.00000000
  0.541022  -0.0000   1.00000000
  0.541021  -0.0000   1.00000000
  0.541018  -0.0000   1.00000000
  0.541012  -0.0000   1.00000000
  0.541000  -0.0000   1.00000000
  0.540977  -0.0000   1.00000000
