  0.000022  -0.0000   0.00000010
  0.000048  -0.0000   0.00000020
  0.000129  -0.0000   0.00000030
  0.001502  -0.0000   0.00000045
  0.006137  -0.0000   0.00000067
  0.006201  -0.0000   0.00000090
  0.006262  -0.0000   0.00000113
  0.006362  -0.0000   0.00000146
  0.006536  -0.0000   0.00000197
  0.006761  -0.0000   0.00000251
  0.007038  -0.0000   0.00000305
  0.007377  -0.0000   0.00000359
  0.007703  -0.0000   0.00000403
  0.008086  -0.0000   0.00000447
  0.008533  -0.0000   0.00000491
  0.009053  -0.0000   0.00000536
  0.009498  -0.0000   0.00000569
  0.009992  -0.0000   0.00000603
  0.010541  -0.0000   0.00000637
  0.011099  -0.0000   0.00000668
  0.011708  -0.0000   0.00000699
  0.012369  -0.0000   0.00000731
  0.013179  -0.0000   0.00000766
  0.014059  -0.0000   0.00000801
  0.014854  -0.0000   0.00000831
  0.015701  -0.0000   0.00000861
  0.016599  -0.0000   0.00000891
  0.017652  -0.0000   0.00000924
  0.018769  -0.0000   0.00000957
  0.019948  -0.0000   0.00000989
  0.020124  -0.0000   0.00000994
  0.020301  -0.0000   0.00000999
  0.020380  -0.0000   0.00001004
  0.020423  -0.0000   0.00001012
  0.020476  -0.0000   0.00001023
  0.020523  -0.0000   0.00001034
  0.020565  -0.0000   0.00001045
  0.020605  -0.0000   0.00001056
  0.020658  -0.0000   0.00001072
  0.020732  -0.0000   0.00001097
  0.020822  -0.0000   0.00001130
  0.020907  -0.0000   0.00001163
  0.020989  -0.0000   0.00001196
  0.021109  -0.0000   0.00001245
  0.021291  -0.0000   0.00001319
  0.021582  -0.0000   0.00001430
  0.022096  -0.0000   0.00001596
  0.022482  -0.0000   0.00001706
  0.022921  -0.0000   0.00001816
  0.023418  -0.0000   0.00001926
  0.023928  -0.0000   0.00002027
  0.024494  -0.0000   0.00002128
  0.025122  -0.0000   0.00002229
  0.025726  -0.0000   0.00002318
  0.026382  -0.0000   0.00002407
  0.027093  -0.0000   0.00002496
  0.027807  -0.0000   0.00002579
  0.028572  -0.0000   0.00002662
  0.029388  -0.0000   0.00002745
  0.030228  -0.0000   0.00002826
  0.031118  -0.0000   0.00002906
  0.032060  -0.0000   0.00002986
  0.033222  -0.0000   0.00003079
  0.034237  -0.0000   0.00003157
  0.035301  -0.0000   0.00003234
  0.036416  -0.0000   0.00003311
  0.037716  -0.0000   0.00003397
  0.037838  -0.0000   0.00003405
  0.037961  -0.0000   0.00003413
  0.038042  -0.0000   0.00003421
  0.038101  -0.0000   0.00003433
  0.038178  -0.0000   0.00003451
  0.038249  -0.0000   0.00003469
  0.038314  -0.0000   0.00003488
  0.038404  -0.0000   0.00003515
  0.038530  -0.0000   0.00003556
  0.038707  -0.0000   0.00003617
  0.038963  -0.0000   0.00003709
  0.039222  -0.0000   0.00003800
  0.039631  -0.0000   0.00003938
  0.040313  -0.0000   0.00004145
  0.041078  -0.0000   0.00004352
  0.041932  -0.0000   0.00004558
  0.042880  -0.0000   0.00004765
  0.043926  -0.0000   0.00004972
  0.045074  -0.0000   0.00005178
  0.046330  -0.0000   0.00005385
  0.047695  -0.0000   0.00005591
  0.049176  -0.0000   0.00005798
  0.050476  -0.0000   0.00005968
  0.051857  -0.0000   0.00006139
  0.053321  -0.0000   0.00006309
  0.055043  -0.0000   0.00006497
  0.056755  -0.0000   0.00006685
  0.056828  -0.0000   0.00006702
  0.056896  -0.0000   0.00006719
  0.056959  -0.0000   0.00006736
  0.057048  -0.0000   0.00006761
  0.057173  -0.0000   0.00006799
  0.057348  -0.0000   0.00006855
  0.057598  -0.0000   0.00006940
  0.057970  -0.0000   0.00007067
  0.058550  -0.0000   0.00007258
  0.059183  -0.0000   0.00007454
  0.059859  -0.0000   0.00007650
  0.060580  -0.0000   0.00007845
  0.061737  -0.0000   0.00008132
  0.062997  -0.0000   0.00008419
  0.064362  -0.0000   0.00008706
  0.065835  -0.0000   0.00008992
  0.067420  -0.0000   0.00009279
  0.069118  -0.0000   0.00009566
  0.070933  -0.0000   0.00009853
  0.072756  -0.0000   0.00010140
  0.074508  -0.0000   0.00010430
  0.074766  -0.0000   0.00010470
  0.075024  -0.0000   0.00010510
  0.075249  -0.0000   0.00010550
  0.075398  -0.0000   0.00010600
  0.075533  -0.0000   0.00010660
  0.075658  -0.0000   0.00010710
  0.075777  -0.0000   0.00010760
  0.075946  -0.0000   0.00010830
  0.076187  -0.0000   0.00010950
  0.076538  -0.0000   0.00011120
  0.077056  -0.0000   0.00011370
  0.077831  -0.0000   0.00011760
  0.078992  -0.0000   0.00012340
  0.080148  -0.0000   0.00012920
  0.081298  -0.0000   0.00013490
  0.083005  -0.0000   0.00014360
  0.085525  -0.0000   0.00015660
  0.088634  -0.0000   0.00017300
  0.091681  -0.0000   0.00018930
  0.092011  -0.0000   0.00019110
  0.092340  -0.0000   0.00019290
  0.092668  -0.0000   0.00019460
  0.093158  -0.0000   0.00019730
  0.093399  -0.0000   0.00019880
  0.093546  -0.0000   0.00020030
  0.093679  -0.0000   0.00020180
  0.093865  -0.0000   0.00020400
  0.094043  -0.0000   0.00020620
  0.094304  -0.0000   0.00020960
  0.094690  -0.0000   0.00021460
  0.095271  -0.0000   0.00022210
  0.096144  -0.0000   0.00023340
  0.097426  -0.0000   0.00025000
  0.098702  -0.0000   0.00026660
  0.100598  -0.0000   0.00029150
  0.103401  -0.0000   0.00032880
  0.106467  -0.0000   0.00037040
  0.109482  -0.0000   0.00041190
  0.110063  -0.0000   0.00041990
  0.110641  -0.0000   0.00042790
  0.111217  -0.0000   0.00043600
  0.111632  -0.0000   0.00044180
  0.111823  -0.0000   0.00044570
  0.111978  -0.0000   0.00044970
  0.112124  -0.0000   0.00045370
  0.112336  -0.0000   0.00045970
  0.112650  -0.0000   0.00046860
  0.113120  -0.0000   0.00048200
  0.113829  -0.0000   0.00050220
  0.114892  -0.0000   0.00053240
  0.115951  -0.0000   0.00056250
  0.117530  -0.0000   0.00060780
  0.119872  -0.0000   0.00067580
  0.123328  -0.0000   0.00077770
  0.126728  -0.0000   0.00087960
  0.130032  -0.0000   0.00098150
  0.130150  -0.0000   0.00098720
  0.130260  -0.0000   0.00099290
  0.130365  -0.0000   0.00099860
  0.130519  -0.0000   0.00100700
  0.130747  -0.0000   0.00102000
  0.131089  -0.0000   0.00103900
  0.131603  -0.0000   0.00106800
  0.132378  -0.0000   0.00111100
  0.133538  -0.0000   0.00117600
  0.135270  -0.0000   0.00127300
  0.137842  -0.0000   0.00141900
  0.141641  -0.0000   0.00163800
  0.145380  -0.0000   0.00185600
  0.146272  -0.0000   0.00190900
  0.147159  -0.0000   0.00196100
  0.148042  -0.0000   0.00201400
  0.148308  -0.0000   0.00202900
  0.148508  -0.0000   0.00204500
  0.148672  -0.0000   0.00206100
  0.148909  -0.0000   0.00208500
  0.149145  -0.0000   0.00210800
  0.149501  -0.0000   0.00214400
  0.150036  -0.0000   0.00219700
  0.150838  -0.0000   0.00227700
  0.152037  -0.0000   0.00239600
  0.153822  -0.0000   0.00257600
  0.156469  -0.0000   0.00284500
  0.160378  -0.0000   0.00324900
  0.164226  -0.0000   0.00365300
  0.164729  -0.0000   0.00370600
  0.165231  -0.0000   0.00375900
  0.165732  -0.0000   0.00381200
  0.166481  -0.0000   0.00389200
  0.166725  -0.0000   0.00391900
  0.166895  -0.0000   0.00394600
  0.167058  -0.0000   0.00397400
  0.167301  -0.0000   0.00401500
  0.167544  -0.0000   0.00405500
  0.167910  -0.0000   0.00411700
  0.168460  -0.0000   0.00420900
  0.169284  -0.0000   0.00434700
  0.170514  -0.0000   0.00455300
  0.172345  -0.0000   0.00486400
  0.175060  -0.0000   0.00532900
  0.179071  -0.0000   0.00602700
  0.183021  -0.0000   0.00672500
  0.183439  -0.0000   0.00679900
  0.183857  -0.0000   0.00687400
  0.184274  -0.0000   0.00694800
  0.184897  -0.0000   0.00705900
  0.185196  -0.0000   0.00711300
  0.185405  -0.0000   0.00716800
  0.185609  -0.0000   0.00722300
  0.185812  -0.0000   0.00727700
  0.186017  -0.0000   0.00733200
  0.186324  -0.0000   0.00741400
  0.186786  -0.0000   0.00753700
  0.187478  -0.0000   0.00772200
  0.188511  -0.0000   0.00799800
  0.190050  -0.0000   0.00841400
  0.192338  -0.0000   0.00903600
  0.195726  -0.0000   0.00997000
  0.198832  -0.0000   0.01084000
  0.201901  -0.0000   0.01170000
  0.202351  -0.0000   0.01183000
  0.202800  -0.0000   0.01196000
  0.203248  -0.0000   0.01208000
  0.203703  -0.0000   0.01222000
  0.203936  -0.0000   0.01232000
  0.204167  -0.0000   0.01241000
  0.204399  -0.0000   0.01251000
  0.204631  -0.0000   0.01260000
  0.204980  -0.0000   0.01274000
  0.205504  -0.0000   0.01296000
  0.206286  -0.0000   0.01328000
  0.207454  -0.0000   0.01376000
  0.209193  -0.0000   0.01447000
  0.211775  -0.0000   0.01555000
  0.215597  -0.0000   0.01717000
  0.219369  -0.0000   0.01878000
  0.220065  -0.0000   0.01908000
  0.220760  -0.0000   0.01938000
  0.221452  -0.0000   0.01968000
  0.221999  -0.0000   0.01992000
  0.222232  -0.0000   0.02005000
  0.222441  -0.0000   0.02017000
  0.222651  -0.0000   0.02030000
  0.222966  -0.0000   0.02049000
  0.223439  -0.0000   0.02077000
  0.224148  -0.0000   0.02119000
  0.225207  -0.0000   0.02183000
  0.226783  -0.0000   0.02279000
  0.229127  -0.0000   0.02422000
  0.232600  -0.0000   0.02638000
  0.236032  -0.0000   0.02853000
  0.239425  -0.0000   0.03068000
  0.239745  -0.0000   0.03089000
  0.240065  -0.0000   0.03109000
  0.240384  -0.0000   0.03129000
  0.240700  -0.0000   0.03153000
  0.240977  -0.0000   0.03177000
  0.241255  -0.0000   0.03201000
  0.241672  -0.0000   0.03237000
  0.242090  -0.0000   0.03272000
  0.242715  -0.0000   0.03326000
  0.243648  -0.0000   0.03406000
  0.245040  -0.0000   0.03527000
  0.247111  -0.0000   0.03708000
  0.250184  -0.0000   0.03980000
  0.253231  -0.0000   0.04252000
  0.256249  -0.0000   0.04524000
  0.258658  -0.0000   0.04743000
  0.258931  -0.0000   0.04767000
  0.259161  -0.0000   0.04792000
  0.259367  -0.0000   0.04817000
  0.259679  -0.0000   0.04854000
  0.259991  -0.0000   0.04891000
  0.260459  -0.0000   0.04947000
  0.261159  -0.0000   0.05031000
  0.262204  -0.0000   0.05157000
  0.263762  -0.0000   0.05345000
  0.266078  -0.0000   0.05628000
  0.269513  -0.0000   0.06051000
  0.272910  -0.0000   0.06475000
  0.276271  -0.0000   0.06899000
  0.276628  -0.0000   0.06944000
  0.276984  -0.0000   0.06989000
  0.277339  -0.0000   0.07034000
  0.277668  -0.0000   0.07082000
  0.277961  -0.0000   0.07130000
  0.278255  -0.0000   0.07178000
  0.278696  -0.0000   0.07250000
  0.279138  -0.0000   0.07321000
  0.279798  -0.0000   0.07429000
  0.280783  -0.0000   0.07590000
  0.282252  -0.0000   0.07833000
  0.284438  -0.0000   0.08196000
  0.287683  -0.0000   0.08741000
  0.290895  -0.0000   0.09286000
  0.294076  -0.0000   0.09831000
  0.294654  -0.0000   0.09930000
  0.295231  -0.0000   0.10000000
  0.295806  -0.0000   0.10100000
  0.296104  -0.0000   0.10200000
  0.296360  -0.0000   0.10200000
  0.296618  -0.0000   0.10300000
  0.297005  -0.0000   0.10400000
  0.297393  -0.0000   0.10500000
  0.297972  -0.0000   0.10600000
  0.298838  -0.0000   0.10800000
  0.300130  -0.0000   0.11100000
  0.302053  -0.0000   0.11500000
  0.304911  -0.0000   0.12100000
  0.307954  -0.0000   0.12800000
  0.310971  -0.0000   0.13500000
  0.313959  -0.0000   0.14200000
  0.314242  -0.0000   0.14300000
  0.314522  -0.0000   0.14300000
  0.314749  -0.0000   0.14400000
  0.314977  -0.0000   0.14400000
  0.315205  -0.0000   0.14500000
  0.315433  -0.0000   0.14600000
  0.315776  -0.0000   0.14700000
  0.316289  -0.0000   0.14800000
  0.317055  -0.0000   0.15000000
  0.318199  -0.0000   0.15400000
  0.319903  -0.0000   0.15900000
  0.322437  -0.0000   0.16600000
  0.325820  -0.0000   0.17600000
  0.329169  -0.0000   0.18600000
  0.332485  -0.0000   0.19600000
  0.332782  -0.0000   0.19700000
  0.333064  -0.0000   0.19800000
  0.333305  -0.0000   0.19900000
  0.333669  -0.0000   0.20000000
  0.334033  -0.0000   0.20100000
  0.334397  -0.0000   0.20300000
  0.334941  -0.0000   0.20500000
  0.335755  -0.0000   0.20800000
  0.336969  -0.0000   0.21200000
  0.338779  -0.0000   0.21900000
  0.341417  -0.0000   0.22900000
  0.344035  -0.0000   0.23900000
  0.346633  -0.0000   0.24900000
  0.349211  -0.0000   0.25900000
  0.351026  -0.0000   0.26600000
  0.351368  -0.0000   0.26800000
  0.351670  -0.0000   0.26900000
  0.351952  -0.0000   0.27000000
  0.352378  -0.0000   0.27200000
  0.352803  -0.0000   0.27400000
  0.353227  -0.0000   0.27600000
  0.353862  -0.0000   0.27900000
  0.354809  -0.0000   0.28400000
  0.356223  -0.0000   0.29000000
  0.358302  -0.0000   0.30000000
  0.360367  -0.0000   0.31000000
  0.362420  -0.0000   0.32000000
  0.364461  -0.0000   0.33000000
  0.366489  -0.0000   0.34000000
  0.368506  -0.0000   0.35000000
  0.369445  -0.0000   0.35500000
  0.370054  -0.0000   0.35800000
  0.370321  -0.0000   0.36000000
  0.370589  -0.0000   0.36100000
  0.370858  -0.0000   0.36300000
  0.371127  -0.0000   0.36500000
  0.371529  -0.0000   0.36700000
  0.372131  -0.0000   0.37100000
  0.373030  -0.0000   0.37600000
  0.374371  -0.0000   0.38400000
  0.376024  -0.0000   0.39400000
  0.377668  -0.0000   0.40400000
  0.379305  -0.0000   0.41400000
  0.380934  -0.0000   0.42400000
  0.382555  -0.0000   0.43400000
  0.384168  -0.0000   0.44400000
  0.385775  -0.0000   0.45400000
  0.387374  -0.0000   0.46400000
  0.388253  -0.0000   0.47000000
  0.388617  -0.0000   0.47200000
  0.388942  -0.0000   0.47400000
  0.389268  -0.0000   0.47700000
  0.389594  -0.0000   0.47900000
  0.389920  -0.0000   0.48200000
  0.390407  -0.0000   0.48500000
  0.391136  -0.0000   0.49100000
  0.392225  -0.0000   0.49900000
  0.393556  -0.0000   0.50900000
  0.394881  -0.0000   0.51900000
  0.396201  -0.0000   0.52900000
  0.397515  -0.0000   0.53900000
  0.398825  -0.0000   0.54900000
  0.400129  -0.0000   0.55900000
  0.401429  -0.0000   0.56900000
  0.402724  -0.0000   0.57900000
  0.404015  -0.0000   0.58900000
  0.405300  -0.0000   0.59900000
  0.406581  -0.0000   0.60900000
  0.406981  -0.0000   0.61200000
  0.407266  -0.0000   0.61400000
  0.407548  -0.0000   0.61700000
  0.407831  -0.0000   0.62000000
  0.408113  -0.0000   0.62200000
  0.408536  -0.0000   0.62600000
  0.409168  -0.0000   0.63200000
  0.410112  -0.0000   0.64100000
  0.411195  -0.0000   0.65100000
  0.412273  -0.0000   0.66100000
  0.413347  -0.0000   0.67100000
  0.414418  -0.0000   0.68100000
  0.415485  -0.0000   0.69100000
  0.416548  -0.0000   0.70100000
  0.417609  -0.0000   0.71100000
  0.418666  -0.0000   0.72100000
  0.419720  -0.0000   0.73100000
  0.420772  -0.0000   0.74100000
  0.421820  -0.0000   0.75100000
  0.422865  -0.0000   0.76100000
  0.423907  -0.0000   0.77100000
  0.424946  -0.0000   0.78100000
  0.425529  -0.0000   0.78600000
  0.425794  -0.0000   0.78900000
  0.426061  -0.0000   0.79200000
  0.426328  -0.0000   0.79500000
  0.426595  -0.0000   0.79800000
  0.426995  -0.0000   0.80300000
  0.427593  -0.0000   0.80900000
  0.428482  -0.0000   0.81900000
  0.429368  -0.0000   0.82900000
  0.430251  -0.0000   0.83900000
  0.431131  -0.0000   0.84900000
  0.432009  -0.0000   0.85900000
  0.432884  -0.0000   0.86900000
  0.433758  -0.0000   0.87900000
  0.434629  -0.0000   0.88900000
  0.435497  -0.0000   0.89900000
  0.436364  -0.0000   0.90900000
  0.437229  -0.0000   0.91900000
  0.438091  -0.0000   0.92900000
  0.438952  -0.0000   0.93900000
  0.439810  -0.0000   0.94900000
  0.440667  -0.0000   0.95900000
  0.441522  -0.0000   0.96900000
  0.442374  -0.0000   0.97900000
  0.443225  -0.0000   0.98900000
  0.444070  -0.0000   0.99900000
  0.444125  -0.0000   1.00000000
  0.443782  -0.0000   1.00000000
  0.443782  -0.0000   1.00000000
  0.443782  -0.0000   1.00000000
  0.443782  -0.0000   1.00000000
  0.443782  -0.0000   1.00000000
  0.443782  -0.0000   1.00000000
  0.443782  -0.0000   1.00000000
  0.443782  -0.0000   1.00000000
  0.443782  -0.0000   1.00000000
  0.443782  -0.0000   1.00000000
  0.443781  -0.0000   1.00000000
  0.443779  -0.0000   1.00000000
