  0.000251  -0.0000   0.00000010
  0.000307  -0.0000   0.00000012
  0.000424  -0.0000   0.00000014
  0.001162  -0.0000   0.00000016
  0.006592  -0.0000   0.00000019
  0.006849  -0.0000   0.00000022
  0.007125  -0.0000   0.00000024
  0.007371  -0.0000   0.00000027
  0.007675  -0.0000   0.00000029
  0.007905  -0.0000   0.00000030
  0.008180  -0.0000   0.00000031
  0.008512  -0.0000   0.00000033
  0.008909  -0.0000   0.00000034
  0.009246  -0.0000   0.00000035
  0.009628  -0.0000   0.00000036
  0.010056  -0.0000   0.00000037
  0.010509  -0.0000   0.00000038
  0.011007  -0.0000   0.00000039
  0.011549  -0.0000   0.00000040
  0.012228  -0.0000   0.00000041
  0.012959  -0.0000   0.00000042
  0.013740  -0.0000   0.00000044
  0.014565  -0.0000   0.00000045
  0.015427  -0.0000   0.00000046
  0.016323  -0.0000   0.00000047
  0.017434  -0.0000   0.00000048
  0.018574  -0.0000   0.00000050
  0.018953  -0.0000   0.00000050
  0.019334  -0.0000   0.00000051
  0.019717  -0.0000   0.00000051
  0.019727  -0.0000   0.00000051
  0.019735  -0.0000   0.00000051
  0.019741  -0.0000   0.00000051
  0.019749  -0.0000   0.00000051
  0.019759  -0.0000   0.00000052
  0.019770  -0.0000   0.00000052
  0.019784  -0.0000   0.00000053
  0.019802  -0.0000   0.00000053
  0.019824  -0.0000   0.00000054
  0.019852  -0.0000   0.00000056
  0.019891  -0.0000   0.00000059
  0.019945  -0.0000   0.00000063
  0.019997  -0.0000   0.00000066
  0.020076  -0.0000   0.00000072
  0.020200  -0.0000   0.00000081
  0.020415  -0.0000   0.00000094
  0.020552  -0.0000   0.00000101
  0.020715  -0.0000   0.00000108
  0.020918  -0.0000   0.00000115
  0.021098  -0.0000   0.00000121
  0.021313  -0.0000   0.00000126
  0.021572  -0.0000   0.00000132
  0.021810  -0.0000   0.00000136
  0.022084  -0.0000   0.00000140
  0.022397  -0.0000   0.00000145
  0.022709  -0.0000   0.00000148
  0.023058  -0.0000   0.00000152
  0.023445  -0.0000   0.00000156
  0.023821  -0.0000   0.00000159
  0.024232  -0.0000   0.00000163
  0.024677  -0.0000   0.00000166
  0.025132  -0.0000   0.00000170
  0.025621  -0.0000   0.00000173
  0.026144  -0.0000   0.00000176
  0.026702  -0.0000   0.00000179
  0.027295  -0.0000   0.00000182
  0.027923  -0.0000   0.00000186
  0.028619  -0.0000   0.00000189
  0.029352  -0.0000   0.00000192
  0.030122  -0.0000   0.00000196
  0.031096  -0.0000   0.00000200
  0.032119  -0.0000   0.00000204
  0.033192  -0.0000   0.00000208
  0.034313  -0.0000   0.00000212
  0.035480  -0.0000   0.00000216
  0.035543  -0.0000   0.00000216
  0.035566  -0.0000   0.00000216
  0.035577  -0.0000   0.00000217
  0.035592  -0.0000   0.00000217
  0.035610  -0.0000   0.00000217
  0.035631  -0.0000   0.00000218
  0.035659  -0.0000   0.00000219
  0.035693  -0.0000   0.00000221
  0.035737  -0.0000   0.00000224
  0.035794  -0.0000   0.00000227
  0.035871  -0.0000   0.00000233
  0.035980  -0.0000   0.00000241
  0.036144  -0.0000   0.00000254
  0.036428  -0.0000   0.00000273
  0.036597  -0.0000   0.00000283
  0.036792  -0.0000   0.00000293
  0.037019  -0.0000   0.00000303
  0.037334  -0.0000   0.00000315
  0.037711  -0.0000   0.00000326
  0.038155  -0.0000   0.00000338
  0.038677  -0.0000   0.00000349
  0.039282  -0.0000   0.00000361
  0.039860  -0.0000   0.00000371
  0.040507  -0.0000   0.00000381
  0.041228  -0.0000   0.00000391
  0.042027  -0.0000   0.00000400
  0.042909  -0.0000   0.00000410
  0.043718  -0.0000   0.00000419
  0.044591  -0.0000   0.00000427
  0.045530  -0.0000   0.00000435
  0.046536  -0.0000   0.00000444
  0.047610  -0.0000   0.00000452
  0.048752  -0.0000   0.00000460
  0.049965  -0.0000   0.00000469
  0.051246  -0.0000   0.00000477
  0.052596  -0.0000   0.00000485
  0.052701  -0.0000   0.00000486
  0.052806  -0.0000   0.00000487
  0.052843  -0.0000   0.00000487
  0.052880  -0.0000   0.00000488
  0.052912  -0.0000   0.00000489
  0.052939  -0.0000   0.00000490
  0.052975  -0.0000   0.00000492
  0.053022  -0.0000   0.00000494
  0.053083  -0.0000   0.00000497
  0.053164  -0.0000   0.00000502
  0.053275  -0.0000   0.00000509
  0.053433  -0.0000   0.00000520
  0.053678  -0.0000   0.00000537
  0.054110  -0.0000   0.00000561
  0.054423  -0.0000   0.00000577
  0.054783  -0.0000   0.00000593
  0.055198  -0.0000   0.00000608
  0.055692  -0.0000   0.00000624
  0.056254  -0.0000   0.00000641
  0.056889  -0.0000   0.00000657
  0.057604  -0.0000   0.00000673
  0.058402  -0.0000   0.00000689
  0.059290  -0.0000   0.00000705
  0.060112  -0.0000   0.00000719
  0.061004  -0.0000   0.00000733
  0.061971  -0.0000   0.00000746
  0.063014  -0.0000   0.00000760
  0.064136  -0.0000   0.00000774
  0.065339  -0.0000   0.00000788
  0.066624  -0.0000   0.00000801
  0.067993  -0.0000   0.00000815
  0.069444  -0.0000   0.00000829
  0.069602  -0.0000   0.00000830
  0.069762  -0.0000   0.00000832
  0.069922  -0.0000   0.00000833
  0.070079  -0.0000   0.00000836
  0.070150  -0.0000   0.00000838
  0.070208  -0.0000   0.00000840
  0.070258  -0.0000   0.00000842
  0.070305  -0.0000   0.00000844
  0.070367  -0.0000   0.00000848
  0.070452  -0.0000   0.00000853
  0.070569  -0.0000   0.00000860
  0.070737  -0.0000   0.00000872
  0.070994  -0.0000   0.00000889
  0.071424  -0.0000   0.00000914
  0.071731  -0.0000   0.00000931
  0.072070  -0.0000   0.00000947
  0.072446  -0.0000   0.00000964
  0.073093  -0.0000   0.00000988
  0.073832  -0.0000   0.00001013
  0.074669  -0.0000   0.00001038
  0.075427  -0.0000   0.00001058
  0.076260  -0.0000   0.00001079
  0.077170  -0.0000   0.00001099
  0.078162  -0.0000   0.00001119
  0.079239  -0.0000   0.00001140
  0.080404  -0.0000   0.00001160
  0.081661  -0.0000   0.00001181
  0.083012  -0.0000   0.00001201
  0.084222  -0.0000   0.00001218
  0.085501  -0.0000   0.00001235
  0.086849  -0.0000   0.00001253
  0.086971  -0.0000   0.00001254
  0.087095  -0.0000   0.00001256
  0.087150  -0.0000   0.00001257
  0.087215  -0.0000   0.00001260
  0.087271  -0.0000   0.00001262
  0.087322  -0.0000   0.00001264
  0.087389  -0.0000   0.00001268
  0.087481  -0.0000   0.00001273
  0.087605  -0.0000   0.00001281
  0.087782  -0.0000   0.00001293
  0.088046  -0.0000   0.00001311
  0.088475  -0.0000   0.00001337
  0.088857  -0.0000   0.00001359
  0.089277  -0.0000   0.00001381
  0.089739  -0.0000   0.00001403
  0.090528  -0.0000   0.00001435
  0.091418  -0.0000   0.00001468
  0.092235  -0.0000   0.00001495
  0.093129  -0.0000   0.00001522
  0.094106  -0.0000   0.00001549
  0.095168  -0.0000   0.00001576
  0.096320  -0.0000   0.00001603
  0.097565  -0.0000   0.00001631
  0.098906  -0.0000   0.00001658
  0.100346  -0.0000   0.00001685
  0.101627  -0.0000   0.00001708
  0.102980  -0.0000   0.00001731
  0.104339  -0.0000   0.00001753
  0.104405  -0.0000   0.00001756
  0.104462  -0.0000   0.00001758
  0.104513  -0.0000   0.00001760
  0.104581  -0.0000   0.00001764
  0.104672  -0.0000   0.00001769
  0.104796  -0.0000   0.00001776
  0.104970  -0.0000   0.00001788
  0.105223  -0.0000   0.00001805
  0.105620  -0.0000   0.00001831
  0.106080  -0.0000   0.00001859
  0.106584  -0.0000   0.00001886
  0.107137  -0.0000   0.00001914
  0.107964  -0.0000   0.00001951
  0.108883  -0.0000   0.00001988
  0.109897  -0.0000   0.00002025
  0.111010  -0.0000   0.00002062
  0.112227  -0.0000   0.00002099
  0.113315  -0.0000   0.00002129
  0.114480  -0.0000   0.00002160
  0.115725  -0.0000   0.00002191
  0.117051  -0.0000   0.00002222
  0.118461  -0.0000   0.00002252
  0.119955  -0.0000   0.00002283
  0.121534  -0.0000   0.00002314
  0.121619  -0.0000   0.00002316
  0.121677  -0.0000   0.00002318
  0.121730  -0.0000   0.00002321
  0.121800  -0.0000   0.00002324
  0.121894  -0.0000   0.00002329
  0.122021  -0.0000   0.00002337
  0.122197  -0.0000   0.00002349
  0.122452  -0.0000   0.00002367
  0.122846  -0.0000   0.00002393
  0.123353  -0.0000   0.00002425
  0.123904  -0.0000   0.00002457
  0.124502  -0.0000   0.00002488
  0.125332  -0.0000   0.00002528
  0.126238  -0.0000   0.00002568
  0.127406  -0.0000   0.00002615
  0.128467  -0.0000   0.00002655
  0.129609  -0.0000   0.00002694
  0.130836  -0.0000   0.00002733
  0.132152  -0.0000   0.00002773
  0.133557  -0.0000   0.00002812
  0.135056  -0.0000   0.00002851
  0.136648  -0.0000   0.00002891
  0.138336  -0.0000   0.00002930
  0.138498  -0.0000   0.00002934
  0.138662  -0.0000   0.00002937
  0.138825  -0.0000   0.00002941
  0.138912  -0.0000   0.00002945
  0.138988  -0.0000   0.00002948
  0.139056  -0.0000   0.00002952
  0.139150  -0.0000   0.00002958
  0.139278  -0.0000   0.00002966
  0.139457  -0.0000   0.00002978
  0.139717  -0.0000   0.00002997
  0.140118  -0.0000   0.00003025
  0.140642  -0.0000   0.00003059
  0.141207  -0.0000   0.00003093
  0.141814  -0.0000   0.00003128
  0.142662  -0.0000   0.00003171
  0.143581  -0.0000   0.00003215
  0.144646  -0.0000   0.00003263
  0.145796  -0.0000   0.00003310
  0.147032  -0.0000   0.00003357
  0.148358  -0.0000   0.00003404
  0.149775  -0.0000   0.00003451
  0.151288  -0.0000   0.00003498
  0.152897  -0.0000   0.00003545
  0.154604  -0.0000   0.00003592
  0.155908  -0.0000   0.00003627
  0.156060  -0.0000   0.00003631
  0.156183  -0.0000   0.00003635
  0.156266  -0.0000   0.00003639
  0.156374  -0.0000   0.00003645
  0.156517  -0.0000   0.00003654
  0.156650  -0.0000   0.00003663
  0.156839  -0.0000   0.00003677
  0.157116  -0.0000   0.00003697
  0.157546  -0.0000   0.00003728
  0.158078  -0.0000   0.00003763
  0.158647  -0.0000   0.00003799
  0.159252  -0.0000   0.00003835
  0.160168  -0.0000   0.00003884
  0.161155  -0.0000   0.00003934
  0.162280  -0.0000   0.00003987
  0.163486  -0.0000   0.00004040
  0.164776  -0.0000   0.00004093
  0.166348  -0.0000   0.00004153
  0.167739  -0.0000   0.00004203
  0.169211  -0.0000   0.00004253
  0.170765  -0.0000   0.00004303
  0.172402  -0.0000   0.00004353
  0.172739  -0.0000   0.00004363
  0.173079  -0.0000   0.00004374
  0.173423  -0.0000   0.00004384
  0.173531  -0.0000   0.00004389
  0.173619  -0.0000   0.00004393
  0.173700  -0.0000   0.00004398
  0.173810  -0.0000   0.00004405
  0.173963  -0.0000   0.00004416
  0.174180  -0.0000   0.00004433
  0.174501  -0.0000   0.00004457
  0.175003  -0.0000   0.00004493
  0.175519  -0.0000   0.00004529
  0.176065  -0.0000   0.00004564
  0.176640  -0.0000   0.00004600
  0.177566  -0.0000   0.00004653
  0.178926  -0.0000   0.00004725
  0.180402  -0.0000   0.00004797
  0.181710  -0.0000   0.00004856
  0.183102  -0.0000   0.00004916
  0.184581  -0.0000   0.00004975
  0.186148  -0.0000   0.00005035
  0.187804  -0.0000   0.00005095
  0.189552  -0.0000   0.00005154
  0.189952  -0.0000   0.00005168
  0.190357  -0.0000   0.00005181
  0.190765  -0.0000   0.00005195
  0.190855  -0.0000   0.00005199
  0.190937  -0.0000   0.00005204
  0.191012  -0.0000   0.00005209
  0.191117  -0.0000   0.00005216
  0.191263  -0.0000   0.00005227
  0.191472  -0.0000   0.00005243
  0.191780  -0.0000   0.00005267
  0.192257  -0.0000   0.00005303
  0.192783  -0.0000   0.00005341
  0.193336  -0.0000   0.00005379
  0.193917  -0.0000   0.00005417
  0.194847  -0.0000   0.00005474
  0.195836  -0.0000   0.00005531
  0.197066  -0.0000   0.00005597
  0.198377  -0.0000   0.00005663
  0.199771  -0.0000   0.00005729
  0.201514  -0.0000   0.00005806
  0.203024  -0.0000   0.00005870
  0.204613  -0.0000   0.00005933
  0.206284  -0.0000   0.00005997
  0.208153  -0.0000   0.00006067
  0.208261  -0.0000   0.00006074
  0.208359  -0.0000   0.00006080
  0.208451  -0.0000   0.00006086
  0.208579  -0.0000   0.00006096
  0.208761  -0.0000   0.00006110
  0.209027  -0.0000   0.00006132
  0.209430  -0.0000   0.00006164
  0.210069  -0.0000   0.00006212
  0.210747  -0.0000   0.00006260
  0.211462  -0.0000   0.00006309
  0.212213  -0.0000   0.00006357
  0.213000  -0.0000   0.00006405
  0.214258  -0.0000   0.00006477
  0.215394  -0.0000   0.00006539
  0.216588  -0.0000   0.00006601
  0.217842  -0.0000   0.00006663
  0.219273  -0.0000   0.00006730
  0.220777  -0.0000   0.00006797
  0.222355  -0.0000   0.00006864
  0.224068  -0.0000   0.00006934
  0.224629  -0.0000   0.00006956
  0.225198  -0.0000   0.00006979
  0.225412  -0.0000   0.00006988
  0.225555  -0.0000   0.00006997
  0.225683  -0.0000   0.00007006
  0.225803  -0.0000   0.00007015
  0.225918  -0.0000   0.00007024
  0.226084  -0.0000   0.00007038
  0.226328  -0.0000   0.00007058
  0.226700  -0.0000   0.00007088
  0.227284  -0.0000   0.00007134
  0.227898  -0.0000   0.00007180
  0.228540  -0.0000   0.00007226
  0.229210  -0.0000   0.00007272
  0.230274  -0.0000   0.00007340
  0.231620  -0.0000   0.00007422
  0.233049  -0.0000   0.00007504
  0.234563  -0.0000   0.00007585
  0.236422  -0.0000   0.00007679
  0.238070  -0.0000   0.00007758
  0.239802  -0.0000   0.00007838
  0.241618  -0.0000   0.00007917
  0.241912  -0.0000   0.00007930
  0.242208  -0.0000   0.00007942
  0.242505  -0.0000   0.00007955
  0.242699  -0.0000   0.00007965
  0.242842  -0.0000   0.00007975
  0.242973  -0.0000   0.00007985
  0.243155  -0.0000   0.00007999
  0.243330  -0.0000   0.00008014
  0.243588  -0.0000   0.00008036
  0.243980  -0.0000   0.00008070
  0.244596  -0.0000   0.00008120
  0.245242  -0.0000   0.00008170
  0.245917  -0.0000   0.00008219
  0.246619  -0.0000   0.00008269
  0.247732  -0.0000   0.00008344
  0.249154  -0.0000   0.00008434
  0.250661  -0.0000   0.00008524
  0.252255  -0.0000   0.00008614
  0.254181  -0.0000   0.00008717
  0.256222  -0.0000   0.00008819
  0.257995  -0.0000   0.00008904
  0.259847  -0.0000   0.00008989
  0.259989  -0.0000   0.00008996
  0.260092  -0.0000   0.00009003
  0.260187  -0.0000   0.00009010
  0.260319  -0.0000   0.00009020
  0.260505  -0.0000   0.00009036
  0.260772  -0.0000   0.00009060
  0.261173  -0.0000   0.00009095
  0.261698  -0.0000   0.00009140
  0.262244  -0.0000   0.00009184
  0.262812  -0.0000   0.00009229
  0.263399  -0.0000   0.00009274
  0.264321  -0.0000   0.00009341
  0.265796  -0.0000   0.00009442
  0.267185  -0.0000   0.00009532
  0.268648  -0.0000   0.00009622
  0.270184  -0.0000   0.00009712
  0.271843  -0.0000   0.00009804
  0.273580  -0.0000   0.00009897
  0.275399  -0.0000   0.00009989
  0.276433  -0.0000   0.00010040
  0.277007  -0.0000   0.00010070
  0.277246  -0.0000   0.00010090
  0.277407  -0.0000   0.00010100
  0.277552  -0.0000   0.00010110
  0.277688  -0.0000   0.00010130
  0.277817  -0.0000   0.00010140
  0.278004  -0.0000   0.00010160
  0.278279  -0.0000   0.00010190
  0.278689  -0.0000   0.00010240
  0.279307  -0.0000   0.00010300
  0.279929  -0.0000   0.00010370
  0.280552  -0.0000   0.00010440
  0.281175  -0.0000   0.00010500
  0.282105  -0.0000   0.00010610
  0.283488  -0.0000   0.00010760
  0.285531  -0.0000   0.00010980
  0.287903  -0.0000   0.00011250
  0.290228  -0.0000   0.00011520
  0.292507  -0.0000   0.00011790
  0.292787  -0.0000   0.00011830
  0.293066  -0.0000   0.00011860
  0.293345  -0.0000   0.00011890
  0.293761  -0.0000   0.00011940
  0.294092  -0.0000   0.00011980
  0.294227  -0.0000   0.00012000
  0.294346  -0.0000   0.00012030
  0.294458  -0.0000   0.00012050
  0.294615  -0.0000   0.00012080
  0.294840  -0.0000   0.00012140
  0.295171  -0.0000   0.00012210
  0.295670  -0.0000   0.00012330
  0.296382  -0.0000   0.00012500
  0.297097  -0.0000   0.00012660
  0.297813  -0.0000   0.00012830
  0.298528  -0.0000   0.00012990
  0.299594  -0.0000   0.00013240
  0.301179  -0.0000   0.00013610
  0.303516  -0.0000   0.00014160
  0.305752  -0.0000   0.00014710
  0.307949  -0.0000   0.00015250
  0.310106  -0.0000   0.00015790
  0.310280  -0.0000   0.00015830
  0.310453  -0.0000   0.00015880
  0.310626  -0.0000   0.00015920
  0.310885  -0.0000   0.00015980
  0.311019  -0.0000   0.00016030
  0.311136  -0.0000   0.00016080
  0.311245  -0.0000   0.00016120
  0.311400  -0.0000   0.00016190
  0.311623  -0.0000   0.00016300
  0.311953  -0.0000   0.00016460
  0.312453  -0.0000   0.00016690
  0.313123  -0.0000   0.00017010
  0.313796  -0.0000   0.00017320
  0.314470  -0.0000   0.00017640
  0.315477  -0.0000   0.00018110
  0.316977  -0.0000   0.00018810
  0.319194  -0.0000   0.00019870
  0.321400  -0.0000   0.00020940
  0.323572  -0.0000   0.00022020
  0.325707  -0.0000   0.00023090
  0.326048  -0.0000   0.00023260
  0.326387  -0.0000   0.00023430
  0.326726  -0.0000   0.00023600
  0.327232  -0.0000   0.00023860
  0.327567  -0.0000   0.00024030
  0.327767  -0.0000   0.00024160
  0.327923  -0.0000   0.00024280
  0.328069  -0.0000   0.00024410
  0.328276  -0.0000   0.00024600
  0.328481  -0.0000   0.00024790
  0.328788  -0.0000   0.00025070
  0.329253  -0.0000   0.00025500
  0.329956  -0.0000   0.00026140
  0.330662  -0.0000   0.00026780
  0.331367  -0.0000   0.00027420
  0.332421  -0.0000   0.00028380
  0.333988  -0.0000   0.00029820
  0.336306  -0.0000   0.00031990
  0.338513  -0.0000   0.00034080
  0.340686  -0.0000   0.00036170
  0.342823  -0.0000   0.00038260
  0.343073  -0.0000   0.00038500
  0.343322  -0.0000   0.00038740
  0.343570  -0.0000   0.00038990
  0.343942  -0.0000   0.00039360
  0.344456  -0.0000   0.00039910
  0.344583  -0.0000   0.00040090
  0.344700  -0.0000   0.00040280
  0.344811  -0.0000   0.00040470
  0.344973  -0.0000   0.00040750
  0.345213  -0.0000   0.00041170
  0.345574  -0.0000   0.00041790
  0.346122  -0.0000   0.00042740
  0.346674  -0.0000   0.00043680
  0.347227  -0.0000   0.00044630
  0.348056  -0.0000   0.00046040
  0.349293  -0.0000   0.00048170
  0.351132  -0.0000   0.00051360
  0.353844  -0.0000   0.00056140
  0.356508  -0.0000   0.00060920
  0.359122  -0.0000   0.00065700
  0.359623  -0.0000   0.00066620
  0.360122  -0.0000   0.00067540
  0.360618  -0.0000   0.00068460
  0.361002  -0.0000   0.00069170
  0.361177  -0.0000   0.00069570
  0.361317  -0.0000   0.00069970
  0.361448  -0.0000   0.00070370
  0.361637  -0.0000   0.00070970
  0.361919  -0.0000   0.00071870
  0.362345  -0.0000   0.00073210
  0.362958  -0.0000   0.00075130
  0.363574  -0.0000   0.00077050
  0.364190  -0.0000   0.00078970
  0.365113  -0.0000   0.00081850
  0.366488  -0.0000   0.00086160
  0.368528  -0.0000   0.00092640
  0.370830  -0.0000   0.00100000
  0.373097  -0.0000   0.00107500
  0.375329  -0.0000   0.00114900
  0.375981  -0.0000   0.00117000
  0.376629  -0.0000   0.00119200
  0.377274  -0.0000   0.00121400
  0.377545  -0.0000   0.00122300
  0.377793  -0.0000   0.00123200
  0.377972  -0.0000   0.00124100
  0.378139  -0.0000   0.00125100
  0.378302  -0.0000   0.00126000
  0.378463  -0.0000   0.00126900
  0.378708  -0.0000   0.00128300
  0.379078  -0.0000   0.00130300
  0.379637  -0.0000   0.00133400
  0.380478  -0.0000   0.00138100
  0.381319  -0.0000   0.00142700
  0.382573  -0.0000   0.00149700
  0.384437  -0.0000   0.00160100
  0.387187  -0.0000   0.00175800
  0.389891  -0.0000   0.00191500
  0.392546  -0.0000   0.00207100
  0.392980  -0.0000   0.00209700
  0.393413  -0.0000   0.00212300
  0.393845  -0.0000   0.00214900
  0.394465  -0.0000   0.00218700
  0.394606  -0.0000   0.00219900
  0.394737  -0.0000   0.00221200
  0.394864  -0.0000   0.00222400
  0.394989  -0.0000   0.00223600
  0.395177  -0.0000   0.00225500
  0.395461  -0.0000   0.00228200
  0.395891  -0.0000   0.00232400
  0.396541  -0.0000   0.00238600
  0.397192  -0.0000   0.00244800
  0.398166  -0.0000   0.00254100
  0.399619  -0.0000   0.00268100
  0.401773  -0.0000   0.00289000
  0.404071  -0.0000   0.00311700
  0.406336  -0.0000   0.00334300
  0.408568  -0.0000   0.00357000
  0.409244  -0.0000   0.00363900
  0.409916  -0.0000   0.00370800
  0.410585  -0.0000   0.00377700
  0.410867  -0.0000   0.00380600
  0.411129  -0.0000   0.00383500
  0.411281  -0.0000   0.00385800
  0.411423  -0.0000   0.00388100
  0.411562  -0.0000   0.00390400
  0.411701  -0.0000   0.00392600
  0.411909  -0.0000   0.00396100
  0.412226  -0.0000   0.00401200
  0.412704  -0.0000   0.00409000
  0.413424  -0.0000   0.00420600
  0.414503  -0.0000   0.00438000
  0.416111  -0.0000   0.00464000
  0.418493  -0.0000   0.00503200
  0.420842  -0.0000   0.00542300
  0.423159  -0.0000   0.00581500
  0.425441  -0.0000   0.00620600
  0.427688  -0.0000   0.00659800
  0.427808  -0.0000   0.00662400
  0.427911  -0.0000   0.00665000
  0.428009  -0.0000   0.00667600
  0.428152  -0.0000   0.00671500
  0.428366  -0.0000   0.00677300
  0.428691  -0.0000   0.00686100
  0.429183  -0.0000   0.00699300
  0.429830  -0.0000   0.00716500
  0.430477  -0.0000   0.00733700
  0.431445  -0.0000   0.00759500
  0.432888  -0.0000   0.00798300
  0.435028  -0.0000   0.00856400
  0.437274  -0.0000   0.00918200
  0.439489  -0.0000   0.00980000
  0.441675  -0.0000   0.01042000
  0.442625  -0.0000   0.01069000
  0.443568  -0.0000   0.01096000
  0.444461  -0.0000   0.01123000
  0.444598  -0.0000   0.01128000
  0.444726  -0.0000   0.01134000
  0.444852  -0.0000   0.01140000
  0.444978  -0.0000   0.01145000
  0.445169  -0.0000   0.01154000
  0.445457  -0.0000   0.01166000
  0.445893  -0.0000   0.01185000
  0.446549  -0.0000   0.01213000
  0.447532  -0.0000   0.01256000
  0.448999  -0.0000   0.01320000
  0.451176  -0.0000   0.01415000
  0.453445  -0.0000   0.01516000
  0.455684  -0.0000   0.01617000
  0.457894  -0.0000   0.01718000
  0.460993  -0.0000   0.01862000
  0.461133  -0.0000   0.01870000
  0.461243  -0.0000   0.01877000
  0.461347  -0.0000   0.01884000
  0.461500  -0.0000   0.01895000
  0.461731  -0.0000   0.01911000
  0.462080  -0.0000   0.01935000
  0.462609  -0.0000   0.01972000
  0.463140  -0.0000   0.02008000
  0.463935  -0.0000   0.02063000
  0.465123  -0.0000   0.02145000
  0.466891  -0.0000   0.02268000
  0.469505  -0.0000   0.02452000
  0.472083  -0.0000   0.02636000
  0.474621  -0.0000   0.02821000
  0.477119  -0.0000   0.03005000
  0.477304  -0.0000   0.03019000
  0.477489  -0.0000   0.03033000
  0.477674  -0.0000   0.03046000
  0.477830  -0.0000   0.03061000
  0.477969  -0.0000   0.03076000
  0.478105  -0.0000   0.03091000
  0.478241  -0.0000   0.03106000
  0.478447  -0.0000   0.03129000
  0.478758  -0.0000   0.03163000
  0.479229  -0.0000   0.03213000
  0.479936  -0.0000   0.03289000
  0.480994  -0.0000   0.03403000
  0.482570  -0.0000   0.03574000
  0.484906  -0.0000   0.03830000
  0.487214  -0.0000   0.04087000
  0.489492  -0.0000   0.04343000
  0.491739  -0.0000   0.04599000
  0.492648  -0.0000   0.04704000
  0.493552  -0.0000   0.04808000
  0.494433  -0.0000   0.04912000
  0.494562  -0.0000   0.04933000
  0.494685  -0.0000   0.04954000
  0.494806  -0.0000   0.04974000
  0.494928  -0.0000   0.04995000
  0.495112  -0.0000   0.05026000
  0.495390  -0.0000   0.05073000
  0.495810  -0.0000   0.05143000
  0.496443  -0.0000   0.05247000
  0.497389  -0.0000   0.05405000
  0.498802  -0.0000   0.05641000
  0.500901  -0.0000   0.05994000
  0.503282  -0.0000   0.06401000
  0.505632  -0.0000   0.06807000
  0.507950  -0.0000   0.07213000
  0.510971  -0.0000   0.07753000
  0.511126  -0.0000   0.07781000
  0.511243  -0.0000   0.07809000
  0.511353  -0.0000   0.07838000
  0.511518  -0.0000   0.07880000
  0.511683  -0.0000   0.07923000
  0.511934  -0.0000   0.07986000
  0.512313  -0.0000   0.08082000
  0.512883  -0.0000   0.08225000
  0.513738  -0.0000   0.08441000
  0.515015  -0.0000   0.08763000
  0.516913  -0.0000   0.09247000
  0.519146  -0.0000   0.09823000
  0.521352  -0.0000   0.10400000
  0.523532  -0.0000   0.11000000
  0.526478  -0.0000   0.11800000
  0.526720  -0.0000   0.11800000
  0.526962  -0.0000   0.11900000
  0.527203  -0.0000   0.12000000
  0.527564  -0.0000   0.12100000
  0.527783  -0.0000   0.12100000
  0.527949  -0.0000   0.12200000
  0.528112  -0.0000   0.12200000
  0.528275  -0.0000   0.12300000
  0.528440  -0.0000   0.12400000
  0.528689  -0.0000   0.12500000
  0.529065  -0.0000   0.12600000
  0.529630  -0.0000   0.12800000
  0.530476  -0.0000   0.13100000
  0.531738  -0.0000   0.13600000
  0.533615  -0.0000   0.14300000
  0.536197  -0.0000   0.15300000
  0.538744  -0.0000   0.16300000
  0.541256  -0.0000   0.17300000
  0.543729  -0.0000   0.18300000
  0.543932  -0.0000   0.18400000
  0.544134  -0.0000   0.18500000
  0.544335  -0.0000   0.18600000
  0.544586  -0.0000   0.18700000
  0.544801  -0.0000   0.18800000
  0.545018  -0.0000   0.19000000
  0.545236  -0.0000   0.19100000
  0.545566  -0.0000   0.19300000
  0.546063  -0.0000   0.19500000
  0.546807  -0.0000   0.20000000
  0.547920  -0.0000   0.20600000
  0.549577  -0.0000   0.21500000
  0.551336  -0.0000   0.22500000
  0.553079  -0.0000   0.23500000
  0.554807  -0.0000   0.24500000
  0.556519  -0.0000   0.25500000
  0.558214  -0.0000   0.26500000
  0.559892  -0.0000   0.27500000
  0.560458  -0.0000   0.27800000
  0.561023  -0.0000   0.28200000
  0.561208  -0.0000   0.28300000
  0.561357  -0.0000   0.28400000
  0.561504  -0.0000   0.28600000
  0.561726  -0.0000   0.28700000
  0.561950  -0.0000   0.28900000
  0.562289  -0.0000   0.29200000
  0.562798  -0.0000   0.29600000
  0.563561  -0.0000   0.30200000
  0.564700  -0.0000   0.31200000
  0.565917  -0.0000   0.32200000
  0.567125  -0.0000   0.33200000
  0.568327  -0.0000   0.34200000
  0.569522  -0.0000   0.35200000
  0.570709  -0.0000   0.36200000
  0.571888  -0.0000   0.37200000
  0.573060  -0.0000   0.38200000
  0.574224  -0.0000   0.39200000
  0.575381  -0.0000   0.40200000
  0.576529  -0.0000   0.41200000
  0.577669  -0.0000   0.42200000
  0.577851  -0.0000   0.42300000
  0.577988  -0.0000   0.42500000
  0.578120  -0.0000   0.42600000
  0.578252  -0.0000   0.42800000
  0.578386  -0.0000   0.43000000
  0.578588  -0.0000   0.43200000
  0.578893  -0.0000   0.43600000
  0.579351  -0.0000   0.44100000
  0.580038  -0.0000   0.44900000
  0.580886  -0.0000   0.45900000
  0.581731  -0.0000   0.46900000
  0.582573  -0.0000   0.47900000
  0.583411  -0.0000   0.48900000
  0.584246  -0.0000   0.49900000
  0.585077  -0.0000   0.50900000
  0.585905  -0.0000   0.51900000
  0.586729  -0.0000   0.52900000
  0.587549  -0.0000   0.53900000
  0.588367  -0.0000   0.54900000
  0.589180  -0.0000   0.55900000
  0.589990  -0.0000   0.56900000
  0.590796  -0.0000   0.57900000
  0.591599  -0.0000   0.58900000
  0.592398  -0.0000   0.59900000
  0.593193  -0.0000   0.60900000
  0.593984  -0.0000   0.61900000
  0.594490  -0.0000   0.62600000
  0.594640  -0.0000   0.62800000
  0.594775  -0.0000   0.63000000
  0.594909  -0.0000   0.63200000
  0.595113  -0.0000   0.63600000
  0.595421  -0.0000   0.64100000
  0.595885  -0.0000   0.64900000
  0.596480  -0.0000   0.65900000
  0.597075  -0.0000   0.66900000
  0.597668  -0.0000   0.67900000
  0.598259  -0.0000   0.68900000
  0.598849  -0.0000   0.69900000
  0.599437  -0.0000   0.70900000
  0.600023  -0.0000   0.71900000
  0.600608  -0.0000   0.72900000
  0.601190  -0.0000   0.73900000
  0.601772  -0.0000   0.74900000
  0.602351  -0.0000   0.75900000
  0.602929  -0.0000   0.76900000
  0.603505  -0.0000   0.77900000
  0.604079  -0.0000   0.78900000
  0.604652  -0.0000   0.79900000
  0.605223  -0.0000   0.80900000
  0.605792  -0.0000   0.81900000
  0.606360  -0.0000   0.82900000
  0.606926  -0.0000   0.83900000
  0.607489  -0.0000   0.84900000
  0.608052  -0.0000   0.85900000
  0.608612  -0.0000   0.86900000
  0.609170  -0.0000   0.87900000
  0.609727  -0.0000   0.88900000
  0.610281  -0.0000   0.89900000
  0.610834  -0.0000   0.90900000
  0.611345  -0.0000   0.91900000
  0.611450  -0.0000   0.92100000
  0.611603  -0.0000   0.92500000
  0.611836  -0.0000   0.93100000
  0.612071  -0.0000   0.93600000
  0.612425  -0.0000   0.94500000
  0.612845  -0.0000   0.95500000
  0.613266  -0.0000   0.96500000
  0.613685  -0.0000   0.97500000
  0.614105  -0.0000   0.98500000
  0.614523  -0.0000   0.99500000
  0.614737  -0.0000   1.00000000
  0.612161  -0.0000   1.00000000
  0.612160  -0.0000   1.00000000
  0.612160  -0.0000   1.00000000
  0.612160  -0.0000   1.00000000
  0.612160  -0.0000   1.00000000
  0.612159  -0.0000   1.00000000
  0.612158  -0.0000   1.00000000
  0.612156  -0.0000   1.00000000
  0.612152  -0.0000   1.00000000
  0.612143  -0.0000   1.00000000
  0.612126  -0.0000   1.00000000
  0.612093  -0.0000   1.00000000
