  0.000147  -0.0000   0.00000010
  0.000370  -0.0000   0.00000020
  0.000494  -0.0000   0.00000022
  0.001323  -0.0000   0.00000025
  0.006550  -0.0000   0.00000027
  0.006773  -0.0000   0.00000030
  0.006945  -0.0000   0.00000033
  0.007152  -0.0000   0.00000036
  0.007412  -0.0000   0.00000039
  0.007638  -0.0000   0.00000041
  0.007916  -0.0000   0.00000043
  0.008258  -0.0000   0.00000045
  0.008555  -0.0000   0.00000047
  0.008899  -0.0000   0.00000048
  0.009293  -0.0000   0.00000050
  0.009739  -0.0000   0.00000051
  0.010240  -0.0000   0.00000053
  0.010796  -0.0000   0.00000054
  0.011406  -0.0000   0.00000056
  0.012067  -0.0000   0.00000057
  0.012776  -0.0000   0.00000059
  0.013530  -0.0000   0.00000060
  0.014322  -0.0000   0.00000062
  0.015149  -0.0000   0.00000063
  0.016172  -0.0000   0.00000065
  0.017228  -0.0000   0.00000067
  0.018492  -0.0000   0.00000069
  0.019368  -0.0000   0.00000071
  0.019464  -0.0000   0.00000071
  0.019561  -0.0000   0.00000071
  0.019657  -0.0000   0.00000071
  0.019671  -0.0000   0.00000071
  0.019679  -0.0000   0.00000071
  0.019686  -0.0000   0.00000072
  0.019691  -0.0000   0.00000072
  0.019698  -0.0000   0.00000072
  0.019707  -0.0000   0.00000072
  0.019718  -0.0000   0.00000073
  0.019731  -0.0000   0.00000074
  0.019749  -0.0000   0.00000075
  0.019771  -0.0000   0.00000077
  0.019801  -0.0000   0.00000081
  0.019843  -0.0000   0.00000085
  0.019904  -0.0000   0.00000092
  0.019996  -0.0000   0.00000103
  0.020148  -0.0000   0.00000119
  0.020374  -0.0000   0.00000138
  0.020537  -0.0000   0.00000148
  0.020747  -0.0000   0.00000159
  0.021023  -0.0000   0.00000170
  0.021267  -0.0000   0.00000178
  0.021563  -0.0000   0.00000186
  0.021919  -0.0000   0.00000194
  0.022344  -0.0000   0.00000202
  0.022703  -0.0000   0.00000207
  0.023107  -0.0000   0.00000213
  0.023560  -0.0000   0.00000219
  0.024010  -0.0000   0.00000224
  0.024503  -0.0000   0.00000230
  0.025040  -0.0000   0.00000235
  0.025606  -0.0000   0.00000240
  0.026215  -0.0000   0.00000245
  0.026868  -0.0000   0.00000250
  0.027633  -0.0000   0.00000256
  0.028449  -0.0000   0.00000261
  0.029318  -0.0000   0.00000267
  0.030236  -0.0000   0.00000272
  0.031204  -0.0000   0.00000278
  0.032220  -0.0000   0.00000283
  0.033284  -0.0000   0.00000289
  0.034392  -0.0000   0.00000295
  0.034999  -0.0000   0.00000298
  0.035168  -0.0000   0.00000298
  0.035338  -0.0000   0.00000299
  0.035401  -0.0000   0.00000300
  0.035419  -0.0000   0.00000300
  0.035434  -0.0000   0.00000301
  0.035452  -0.0000   0.00000302
  0.035467  -0.0000   0.00000302
  0.035487  -0.0000   0.00000304
  0.035513  -0.0000   0.00000305
  0.035546  -0.0000   0.00000308
  0.035589  -0.0000   0.00000312
  0.035647  -0.0000   0.00000318
  0.035727  -0.0000   0.00000328
  0.035846  -0.0000   0.00000341
  0.036040  -0.0000   0.00000362
  0.036293  -0.0000   0.00000385
  0.036617  -0.0000   0.00000407
  0.036896  -0.0000   0.00000423
  0.037230  -0.0000   0.00000439
  0.037628  -0.0000   0.00000455
  0.038060  -0.0000   0.00000470
  0.038559  -0.0000   0.00000485
  0.039131  -0.0000   0.00000499
  0.039781  -0.0000   0.00000514
  0.040516  -0.0000   0.00000529
  0.041182  -0.0000   0.00000541
  0.041913  -0.0000   0.00000554
  0.042710  -0.0000   0.00000566
  0.043576  -0.0000   0.00000578
  0.044513  -0.0000   0.00000591
  0.045524  -0.0000   0.00000603
  0.046610  -0.0000   0.00000615
  0.047772  -0.0000   0.00000627
  0.049011  -0.0000   0.00000640
  0.050328  -0.0000   0.00000652
  0.051721  -0.0000   0.00000664
  0.051935  -0.0000   0.00000666
  0.052151  -0.0000   0.00000668
  0.052368  -0.0000   0.00000670
  0.052579  -0.0000   0.00000672
  0.052617  -0.0000   0.00000673
  0.052647  -0.0000   0.00000674
  0.052673  -0.0000   0.00000676
  0.052706  -0.0000   0.00000678
  0.052749  -0.0000   0.00000680
  0.052804  -0.0000   0.00000684
  0.052877  -0.0000   0.00000691
  0.052976  -0.0000   0.00000700
  0.053117  -0.0000   0.00000715
  0.053338  -0.0000   0.00000736
  0.053730  -0.0000   0.00000768
  0.054061  -0.0000   0.00000791
  0.054447  -0.0000   0.00000814
  0.054895  -0.0000   0.00000837
  0.055410  -0.0000   0.00000860
  0.055998  -0.0000   0.00000883
  0.056663  -0.0000   0.00000906
  0.057412  -0.0000   0.00000929
  0.058250  -0.0000   0.00000952
  0.059026  -0.0000   0.00000971
  0.059874  -0.0000   0.00000991
  0.060795  -0.0000   0.00001010
  0.061794  -0.0000   0.00001030
  0.062873  -0.0000   0.00001049
  0.064035  -0.0000   0.00001069
  0.065281  -0.0000   0.00001088
  0.066612  -0.0000   0.00001108
  0.068031  -0.0000   0.00001127
  0.069535  -0.0000   0.00001147
  0.069641  -0.0000   0.00001148
  0.069719  -0.0000   0.00001149
  0.069756  -0.0000   0.00001151
  0.069800  -0.0000   0.00001153
  0.069854  -0.0000   0.00001156
  0.069901  -0.0000   0.00001159
  0.069963  -0.0000   0.00001163
  0.070046  -0.0000   0.00001170
  0.070160  -0.0000   0.00001181
  0.070324  -0.0000   0.00001196
  0.070576  -0.0000   0.00001220
  0.071008  -0.0000   0.00001255
  0.071512  -0.0000   0.00001290
  0.072099  -0.0000   0.00001325
  0.072774  -0.0000   0.00001360
  0.073545  -0.0000   0.00001395
  0.074263  -0.0000   0.00001425
  0.075057  -0.0000   0.00001454
  0.075931  -0.0000   0.00001484
  0.076890  -0.0000   0.00001513
  0.077936  -0.0000   0.00001542
  0.079076  -0.0000   0.00001572
  0.080312  -0.0000   0.00001601
  0.081410  -0.0000   0.00001626
  0.082579  -0.0000   0.00001650
  0.083820  -0.0000   0.00001675
  0.085269  -0.0000   0.00001702
  0.086711  -0.0000   0.00001729
  0.086766  -0.0000   0.00001731
  0.086812  -0.0000   0.00001733
  0.086853  -0.0000   0.00001736
  0.086907  -0.0000   0.00001740
  0.086978  -0.0000   0.00001745
  0.087074  -0.0000   0.00001753
  0.087207  -0.0000   0.00001765
  0.087399  -0.0000   0.00001784
  0.087698  -0.0000   0.00001811
  0.088204  -0.0000   0.00001852
  0.088782  -0.0000   0.00001893
  0.089437  -0.0000   0.00001934
  0.090173  -0.0000   0.00001975
  0.090995  -0.0000   0.00002017
  0.091907  -0.0000   0.00002058
  0.092915  -0.0000   0.00002099
  0.094022  -0.0000   0.00002140
  0.095021  -0.0000   0.00002174
  0.096096  -0.0000   0.00002209
  0.097249  -0.0000   0.00002243
  0.098484  -0.0000   0.00002277
  0.099801  -0.0000   0.00002312
  0.101204  -0.0000   0.00002346
  0.102691  -0.0000   0.00002381
  0.103129  -0.0000   0.00002391
  0.103574  -0.0000   0.00002401
  0.103833  -0.0000   0.00002407
  0.103904  -0.0000   0.00002410
  0.103965  -0.0000   0.00002414
  0.104018  -0.0000   0.00002417
  0.104090  -0.0000   0.00002423
  0.104187  -0.0000   0.00002431
  0.104320  -0.0000   0.00002443
  0.104512  -0.0000   0.00002461
  0.104806  -0.0000   0.00002489
  0.105287  -0.0000   0.00002529
  0.105745  -0.0000   0.00002565
  0.106243  -0.0000   0.00002601
  0.106782  -0.0000   0.00002636
  0.107685  -0.0000   0.00002690
  0.108686  -0.0000   0.00002743
  0.109791  -0.0000   0.00002796
  0.110803  -0.0000   0.00002841
  0.111896  -0.0000   0.00002886
  0.113073  -0.0000   0.00002932
  0.114337  -0.0000   0.00002977
  0.115691  -0.0000   0.00003022
  0.117137  -0.0000   0.00003067
  0.118677  -0.0000   0.00003112
  0.120312  -0.0000   0.00003157
  0.120495  -0.0000   0.00003162
  0.120680  -0.0000   0.00003167
  0.120865  -0.0000   0.00003172
  0.121052  -0.0000   0.00003180
  0.121165  -0.0000   0.00003187
  0.121262  -0.0000   0.00003195
  0.121351  -0.0000   0.00003202
  0.121435  -0.0000   0.00003210
  0.121555  -0.0000   0.00003221
  0.121731  -0.0000   0.00003238
  0.122000  -0.0000   0.00003264
  0.122431  -0.0000   0.00003302
  0.122989  -0.0000   0.00003347
  0.123595  -0.0000   0.00003392
  0.124251  -0.0000   0.00003438
  0.125264  -0.0000   0.00003501
  0.126376  -0.0000   0.00003564
  0.127594  -0.0000   0.00003627
  0.128921  -0.0000   0.00003691
  0.130089  -0.0000   0.00003743
  0.131336  -0.0000   0.00003794
  0.132665  -0.0000   0.00003846
  0.134077  -0.0000   0.00003898
  0.135576  -0.0000   0.00003950
  0.137160  -0.0000   0.00004002
  0.137492  -0.0000   0.00004013
  0.137828  -0.0000   0.00004024
  0.138167  -0.0000   0.00004035
  0.138266  -0.0000   0.00004039
  0.138338  -0.0000   0.00004044
  0.138403  -0.0000   0.00004049
  0.138490  -0.0000   0.00004056
  0.138609  -0.0000   0.00004067
  0.138776  -0.0000   0.00004083
  0.139021  -0.0000   0.00004107
  0.139401  -0.0000   0.00004143
  0.140021  -0.0000   0.00004198
  0.140696  -0.0000   0.00004252
  0.141425  -0.0000   0.00004306
  0.142209  -0.0000   0.00004360
  0.143394  -0.0000   0.00004435
  0.144688  -0.0000   0.00004510
  0.146094  -0.0000   0.00004585
  0.147324  -0.0000   0.00004647
  0.148634  -0.0000   0.00004708
  0.150027  -0.0000   0.00004769
  0.151506  -0.0000   0.00004831
  0.153070  -0.0000   0.00004892
  0.154722  -0.0000   0.00004954
  0.154929  -0.0000   0.00004961
  0.155137  -0.0000   0.00004969
  0.155346  -0.0000   0.00004976
  0.155509  -0.0000   0.00004985
  0.155619  -0.0000   0.00004993
  0.155716  -0.0000   0.00005001
  0.155847  -0.0000   0.00005013
  0.155971  -0.0000   0.00005025
  0.156152  -0.0000   0.00005043
  0.156424  -0.0000   0.00005071
  0.156852  -0.0000   0.00005112
  0.157549  -0.0000   0.00005173
  0.158302  -0.0000   0.00005235
  0.159109  -0.0000   0.00005296
  0.159971  -0.0000   0.00005358
  0.161114  -0.0000   0.00005434
  0.162342  -0.0000   0.00005509
  0.163658  -0.0000   0.00005585
  0.165065  -0.0000   0.00005661
  0.166566  -0.0000   0.00005737
  0.168164  -0.0000   0.00005812
  0.169859  -0.0000   0.00005888
  0.171653  -0.0000   0.00005964
  0.171933  -0.0000   0.00005975
  0.172214  -0.0000   0.00005987
  0.172498  -0.0000   0.00005999
  0.172729  -0.0000   0.00006010
  0.172868  -0.0000   0.00006020
  0.172990  -0.0000   0.00006031
  0.173102  -0.0000   0.00006042
  0.173210  -0.0000   0.00006053
  0.173366  -0.0000   0.00006069
  0.173600  -0.0000   0.00006094
  0.173962  -0.0000   0.00006130
  0.174540  -0.0000   0.00006185
  0.175155  -0.0000   0.00006240
  0.175806  -0.0000   0.00006294
  0.176491  -0.0000   0.00006349
  0.177595  -0.0000   0.00006431
  0.178642  -0.0000   0.00006505
  0.179752  -0.0000   0.00006578
  0.180928  -0.0000   0.00006651
  0.182182  -0.0000   0.00006725
  0.183507  -0.0000   0.00006799
  0.184902  -0.0000   0.00006874
  0.186393  -0.0000   0.00006949
  0.187961  -0.0000   0.00007024
  0.189604  -0.0000   0.00007099
  0.189756  -0.0000   0.00007106
  0.189909  -0.0000   0.00007113
  0.190013  -0.0000   0.00007120
  0.190135  -0.0000   0.00007130
  0.190246  -0.0000   0.00007141
  0.190350  -0.0000   0.00007151
  0.190498  -0.0000   0.00007167
  0.190716  -0.0000   0.00007190
  0.191047  -0.0000   0.00007225
  0.191570  -0.0000   0.00007278
  0.192238  -0.0000   0.00007341
  0.192945  -0.0000   0.00007404
  0.193690  -0.0000   0.00007467
  0.194471  -0.0000   0.00007530
  0.195727  -0.0000   0.00007625
  0.196822  -0.0000   0.00007703
  0.197977  -0.0000   0.00007782
  0.199192  -0.0000   0.00007860
  0.200581  -0.0000   0.00007945
  0.202044  -0.0000   0.00008030
  0.203582  -0.0000   0.00008114
  0.205233  -0.0000   0.00008201
  0.206963  -0.0000   0.00008288
  0.207113  -0.0000   0.00008295
  0.207232  -0.0000   0.00008303
  0.207321  -0.0000   0.00008310
  0.207440  -0.0000   0.00008322
  0.207602  -0.0000   0.00008338
  0.207757  -0.0000   0.00008355
  0.207985  -0.0000   0.00008381
  0.208333  -0.0000   0.00008418
  0.208881  -0.0000   0.00008475
  0.209458  -0.0000   0.00008532
  0.210062  -0.0000   0.00008589
  0.210692  -0.0000   0.00008646
  0.211692  -0.0000   0.00008731
  0.213035  -0.0000   0.00008839
  0.214467  -0.0000   0.00008946
  0.215990  -0.0000   0.00009053
  0.217605  -0.0000   0.00009160
  0.219316  -0.0000   0.00009267
  0.221124  -0.0000   0.00009374
  0.223029  -0.0000   0.00009482
  0.223499  -0.0000   0.00009508
  0.223974  -0.0000   0.00009534
  0.224442  -0.0000   0.00009560
  0.224543  -0.0000   0.00009568
  0.224635  -0.0000   0.00009577
  0.224720  -0.0000   0.00009586
  0.224841  -0.0000   0.00009599
  0.225013  -0.0000   0.00009618
  0.225267  -0.0000   0.00009647
  0.225656  -0.0000   0.00009691
  0.226273  -0.0000   0.00009757
  0.226921  -0.0000   0.00009822
  0.227599  -0.0000   0.00009888
  0.228306  -0.0000   0.00009953
  0.229366  -0.0000   0.00010050
  0.230897  -0.0000   0.00010200
  0.233133  -0.0000   0.00010420
  0.235181  -0.0000   0.00010630
  0.237184  -0.0000   0.00010840
  0.239143  -0.0000   0.00011040
  0.239729  -0.0000   0.00011110
  0.240311  -0.0000   0.00011170
  0.240889  -0.0000   0.00011230
  0.241242  -0.0000   0.00011270
  0.241528  -0.0000   0.00011310
  0.241686  -0.0000   0.00011340
  0.241828  -0.0000   0.00011370
  0.241963  -0.0000   0.00011400
  0.242093  -0.0000   0.00011430
  0.242286  -0.0000   0.00011470
  0.242575  -0.0000   0.00011540
  0.243011  -0.0000   0.00011650
  0.243670  -0.0000   0.00011800
  0.244524  -0.0000   0.00012000
  0.245374  -0.0000   0.00012200
  0.246637  -0.0000   0.00012500
  0.248503  -0.0000   0.00012950
  0.250717  -0.0000   0.00013490
  0.252887  -0.0000   0.00014030
  0.255011  -0.0000   0.00014580
  0.257559  -0.0000   0.00015250
  0.257730  -0.0000   0.00015290
  0.257901  -0.0000   0.00015340
  0.258072  -0.0000   0.00015380
  0.258304  -0.0000   0.00015450
  0.258430  -0.0000   0.00015500
  0.258543  -0.0000   0.00015560
  0.258649  -0.0000   0.00015610
  0.258801  -0.0000   0.00015690
  0.259024  -0.0000   0.00015810
  0.259359  -0.0000   0.00016000
  0.259867  -0.0000   0.00016270
  0.260576  -0.0000   0.00016650
  0.261285  -0.0000   0.00017030
  0.261993  -0.0000   0.00017420
  0.263046  -0.0000   0.00017990
  0.264607  -0.0000   0.00018840
  0.266902  -0.0000   0.00020130
  0.269151  -0.0000   0.00021420
  0.271355  -0.0000   0.00022700
  0.273514  -0.0000   0.00023990
  0.273782  -0.0000   0.00024150
  0.274049  -0.0000   0.00024310
  0.274315  -0.0000   0.00024470
  0.274713  -0.0000   0.00024710
  0.275039  -0.0000   0.00024910
  0.275159  -0.0000   0.00025010
  0.275263  -0.0000   0.00025120
  0.275360  -0.0000   0.00025230
  0.275498  -0.0000   0.00025390
  0.275700  -0.0000   0.00025630
  0.276002  -0.0000   0.00025990
  0.276462  -0.0000   0.00026530
  0.277150  -0.0000   0.00027330
  0.277838  -0.0000   0.00028140
  0.278525  -0.0000   0.00028940
  0.279549  -0.0000   0.00030150
  0.281066  -0.0000   0.00031960
  0.283301  -0.0000   0.00034670
  0.285494  -0.0000   0.00037390
  0.287647  -0.0000   0.00040100
  0.289758  -0.0000   0.00042820
  0.290182  -0.0000   0.00043370
  0.290604  -0.0000   0.00043910
  0.291025  -0.0000   0.00044460
  0.291652  -0.0000   0.00045280
  0.291814  -0.0000   0.00045500
  0.291922  -0.0000   0.00045720
  0.292021  -0.0000   0.00045940
  0.292158  -0.0000   0.00046270
  0.292292  -0.0000   0.00046600
  0.292490  -0.0000   0.00047090
  0.292790  -0.0000   0.00047830
  0.293244  -0.0000   0.00048940
  0.293929  -0.0000   0.00050600
  0.294614  -0.0000   0.00052260
  0.295636  -0.0000   0.00054750
  0.297154  -0.0000   0.00058490
  0.299390  -0.0000   0.00064110
  0.301587  -0.0000   0.00069720
  0.303745  -0.0000   0.00075330
  0.305863  -0.0000   0.00080940
  0.308557  -0.0000   0.00088300
  0.308656  -0.0000   0.00088700
  0.308745  -0.0000   0.00089100
  0.308830  -0.0000   0.00089500
  0.308952  -0.0000   0.00090100
  0.309133  -0.0000   0.00091000
  0.309406  -0.0000   0.00092350
  0.309820  -0.0000   0.00094370
  0.310446  -0.0000   0.00097410
  0.311073  -0.0000   0.00100500
  0.312011  -0.0000   0.00105000
  0.313406  -0.0000   0.00111800
  0.315471  -0.0000   0.00122100
  0.317893  -0.0000   0.00134300
  0.320270  -0.0000   0.00146600
  0.322601  -0.0000   0.00158800
  0.324921  -0.0000   0.00171300
  0.325082  -0.0000   0.00172200
  0.325242  -0.0000   0.00173000
  0.325364  -0.0000   0.00173900
  0.325510  -0.0000   0.00175200
  0.325648  -0.0000   0.00176500
  0.325785  -0.0000   0.00177700
  0.325990  -0.0000   0.00179700
  0.326302  -0.0000   0.00182600
  0.326773  -0.0000   0.00186900
  0.327480  -0.0000   0.00193500
  0.328187  -0.0000   0.00200000
  0.329240  -0.0000   0.00209800
  0.330803  -0.0000   0.00224500
  0.333108  -0.0000   0.00246600
  0.335373  -0.0000   0.00268700
  0.337599  -0.0000   0.00290700
  0.339785  -0.0000   0.00312800
  0.340240  -0.0000   0.00317400
  0.340694  -0.0000   0.00322000
  0.341146  -0.0000   0.00326700
  0.341820  -0.0000   0.00333600
  0.341941  -0.0000   0.00335200
  0.342040  -0.0000   0.00336700
  0.342133  -0.0000   0.00338300
  0.342268  -0.0000   0.00340700
  0.342471  -0.0000   0.00344300
  0.342778  -0.0000   0.00349600
  0.343244  -0.0000   0.00357600
  0.343936  -0.0000   0.00369500
  0.344626  -0.0000   0.00381300
  0.345655  -0.0000   0.00399100
  0.347183  -0.0000   0.00425800
  0.349438  -0.0000   0.00465800
  0.351656  -0.0000   0.00505900
  0.353837  -0.0000   0.00545900
  0.355981  -0.0000   0.00585900
  0.357565  -0.0000   0.00615900
  0.357971  -0.0000   0.00623600
  0.358376  -0.0000   0.00631300
  0.358728  -0.0000   0.00639100
  0.358882  -0.0000   0.00643700
  0.359029  -0.0000   0.00648300
  0.359175  -0.0000   0.00653000
  0.359322  -0.0000   0.00657600
  0.359545  -0.0000   0.00664600
  0.359881  -0.0000   0.00675000
  0.360388  -0.0000   0.00690600
  0.361146  -0.0000   0.00714100
  0.362275  -0.0000   0.00749300
  0.363951  -0.0000   0.00802100
  0.366421  -0.0000   0.00881300
  0.368848  -0.0000   0.00960500
  0.371231  -0.0000   0.01040000
  0.373571  -0.0000   0.01119000
  0.374124  -0.0000   0.01138000
  0.374675  -0.0000   0.01156000
  0.375222  -0.0000   0.01175000
  0.375392  -0.0000   0.01181000
  0.375512  -0.0000   0.01188000
  0.375624  -0.0000   0.01194000
  0.375789  -0.0000   0.01203000
  0.375955  -0.0000   0.01212000
  0.376207  -0.0000   0.01226000
  0.376587  -0.0000   0.01246000
  0.377159  -0.0000   0.01277000
  0.378015  -0.0000   0.01324000
  0.379290  -0.0000   0.01394000
  0.381176  -0.0000   0.01498000
  0.383224  -0.0000   0.01613000
  0.385243  -0.0000   0.01729000
  0.387232  -0.0000   0.01844000
  0.389996  -0.0000   0.02007000
  0.390509  -0.0000   0.02038000
  0.391021  -0.0000   0.02068000
  0.391530  -0.0000   0.02099000
  0.392004  -0.0000   0.02127000
  0.392148  -0.0000   0.02138000
  0.392267  -0.0000   0.02149000
  0.392382  -0.0000   0.02160000
  0.392554  -0.0000   0.02176000
  0.392815  -0.0000   0.02201000
  0.393209  -0.0000   0.02237000
  0.393803  -0.0000   0.02292000
  0.394397  -0.0000   0.02347000
  0.395282  -0.0000   0.02430000
  0.396599  -0.0000   0.02554000
  0.398548  -0.0000   0.02740000
  0.400717  -0.0000   0.02949000
  0.402853  -0.0000   0.03159000
  0.404957  -0.0000   0.03369000
  0.407776  -0.0000   0.03656000
  0.407986  -0.0000   0.03678000
  0.408194  -0.0000   0.03699000
  0.408403  -0.0000   0.03720000
  0.408715  -0.0000   0.03752000
  0.408866  -0.0000   0.03772000
  0.408989  -0.0000   0.03791000
  0.409109  -0.0000   0.03810000
  0.409290  -0.0000   0.03838000
  0.409564  -0.0000   0.03881000
  0.409979  -0.0000   0.03945000
  0.410602  -0.0000   0.04042000
  0.411223  -0.0000   0.04138000
  0.412150  -0.0000   0.04283000
  0.413528  -0.0000   0.04500000
  0.415566  -0.0000   0.04826000
  0.418313  -0.0000   0.05273000
  0.421007  -0.0000   0.05719000
  0.423649  -0.0000   0.06166000
  0.424100  -0.0000   0.06243000
  0.424549  -0.0000   0.06319000
  0.424996  -0.0000   0.06396000
  0.425607  -0.0000   0.06511000
  0.425722  -0.0000   0.06539000
  0.425887  -0.0000   0.06582000
  0.426054  -0.0000   0.06625000
  0.426221  -0.0000   0.06668000
  0.426475  -0.0000   0.06733000
  0.426857  -0.0000   0.06830000
  0.427429  -0.0000   0.06975000
  0.428284  -0.0000   0.07193000
  0.429556  -0.0000   0.07520000
  0.431440  -0.0000   0.08010000
  0.433676  -0.0000   0.08600000
  0.435878  -0.0000   0.09190000
  0.438047  -0.0000   0.09781000
  0.440764  -0.0000   0.10500000
  0.441064  -0.0000   0.10600000
  0.441363  -0.0000   0.10700000
  0.441661  -0.0000   0.10800000
  0.442106  -0.0000   0.10900000
  0.442293  -0.0000   0.11000000
  0.442429  -0.0000   0.11000000
  0.442561  -0.0000   0.11100000
  0.442694  -0.0000   0.11100000
  0.442828  -0.0000   0.11200000
  0.443031  -0.0000   0.11300000
  0.443336  -0.0000   0.11400000
  0.443795  -0.0000   0.11600000
  0.444481  -0.0000   0.11900000
  0.445504  -0.0000   0.12300000
  0.447023  -0.0000   0.12900000
  0.449268  -0.0000   0.13900000
  0.451480  -0.0000   0.14800000
  0.453660  -0.0000   0.15700000
  0.455807  -0.0000   0.16700000
  0.458042  -0.0000   0.17700000
  0.458276  -0.0000   0.17800000
  0.458510  -0.0000   0.17900000
  0.458743  -0.0000   0.18000000
  0.459050  -0.0000   0.18200000
  0.459218  -0.0000   0.18300000
  0.459384  -0.0000   0.18400000
  0.459552  -0.0000   0.18500000
  0.459722  -0.0000   0.18600000
  0.459977  -0.0000   0.18800000
  0.460360  -0.0000   0.19000000
  0.460934  -0.0000   0.19400000
  0.461791  -0.0000   0.19900000
  0.463065  -0.0000   0.20800000
  0.464585  -0.0000   0.21800000
  0.466089  -0.0000   0.22800000
  0.467579  -0.0000   0.23800000
  0.469054  -0.0000   0.24800000
  0.470515  -0.0000   0.25800000
  0.471960  -0.0000   0.26800000
  0.473391  -0.0000   0.27800000
  0.474807  -0.0000   0.28800000
  0.475190  -0.0000   0.29000000
  0.475572  -0.0000   0.29300000
  0.475784  -0.0000   0.29500000
  0.475955  -0.0000   0.29700000
  0.476126  -0.0000   0.29800000
  0.476382  -0.0000   0.30100000
  0.476639  -0.0000   0.30300000
  0.477026  -0.0000   0.30700000
  0.477606  -0.0000   0.31300000
  0.478471  -0.0000   0.32200000
  0.479462  -0.0000   0.33200000
  0.480446  -0.0000   0.34200000
  0.481424  -0.0000   0.35200000
  0.482396  -0.0000   0.36200000
  0.483361  -0.0000   0.37200000
  0.484321  -0.0000   0.38200000
  0.485274  -0.0000   0.39200000
  0.486222  -0.0000   0.40200000
  0.487163  -0.0000   0.41200000
  0.488099  -0.0000   0.42200000
  0.489028  -0.0000   0.43200000
  0.489951  -0.0000   0.44200000
  0.490868  -0.0000   0.45200000
  0.491778  -0.0000   0.46200000
  0.492298  -0.0000   0.46700000
  0.492489  -0.0000   0.47000000
  0.492638  -0.0000   0.47200000
  0.492787  -0.0000   0.47400000
  0.493013  -0.0000   0.47800000
  0.493241  -0.0000   0.48100000
  0.493584  -0.0000   0.48700000
  0.494098  -0.0000   0.49400000
  0.494752  -0.0000   0.50400000
  0.495403  -0.0000   0.51400000
  0.496052  -0.0000   0.52400000
  0.496698  -0.0000   0.53400000
  0.497340  -0.0000   0.54400000
  0.497981  -0.0000   0.55400000
  0.498618  -0.0000   0.56400000
  0.499253  -0.0000   0.57400000
  0.499885  -0.0000   0.58400000
  0.500515  -0.0000   0.59400000
  0.501142  -0.0000   0.60400000
  0.501767  -0.0000   0.61400000
  0.502389  -0.0000   0.62400000
  0.503009  -0.0000   0.63400000
  0.503625  -0.0000   0.64400000
  0.504240  -0.0000   0.65400000
  0.504852  -0.0000   0.66400000
  0.505461  -0.0000   0.67400000
  0.506068  -0.0000   0.68400000
  0.506672  -0.0000   0.69400000
  0.507273  -0.0000   0.70400000
  0.507872  -0.0000   0.71400000
  0.508468  -0.0000   0.72400000
  0.509061  -0.0000   0.73400000
  0.509232  -0.0000   0.73800000
  0.509370  -0.0000   0.74100000
  0.509508  -0.0000   0.74400000
  0.509718  -0.0000   0.74900000
  0.509929  -0.0000   0.75400000
  0.510247  -0.0000   0.76100000
  0.510683  -0.0000   0.77100000
  0.511118  -0.0000   0.78100000
  0.511552  -0.0000   0.79100000
  0.511985  -0.0000   0.80100000
  0.512416  -0.0000   0.81100000
  0.512846  -0.0000   0.82100000
  0.513275  -0.0000   0.83100000
  0.513703  -0.0000   0.84100000
  0.514129  -0.0000   0.85100000
  0.514554  -0.0000   0.86100000
  0.514978  -0.0000   0.87100000
  0.515401  -0.0000   0.88100000
  0.515823  -0.0000   0.89100000
  0.516243  -0.0000   0.90100000
  0.516663  -0.0000   0.91100000
  0.517081  -0.0000   0.92100000
  0.517498  -0.0000   0.93100000
  0.517914  -0.0000   0.94100000
  0.518329  -0.0000   0.95100000
  0.518743  -0.0000   0.96100000
  0.519156  -0.0000   0.97100000
  0.519567  -0.0000   0.98100000
  0.519978  -0.0000   0.99100000
  0.520340  -0.0000   1.00000000
  0.518486  -0.0000   1.00000000
  0.518486  -0.0000   1.00000000
  0.518486  -0.0000   1.00000000
  0.518486  -0.0000   1.00000000
  0.518485  -0.0000   1.00000000
  0.518485  -0.0000   1.00000000
  0.518484  -0.0000   1.00000000
  0.518482  -0.0000   1.00000000
  0.518479  -0.0000   1.00000000
  0.518472  -0.0000   1.00000000
  0.518459  -0.0000   1.00000000
  0.518438  -0.0000   1.00000000
  0.518433  -0.0000   1.00000000
