  0.000018  -0.0000   0.00000010
  0.000040  -0.0000   0.00000020
  0.000107  -0.0000   0.00000030
  0.001251  -0.0000   0.00000045
  0.006107  -0.0000   0.00000067
  0.006183  -0.0000   0.00000101
  0.006290  -0.0000   0.00000152
  0.006452  -0.0000   0.00000228
  0.006695  -0.0000   0.00000342
  0.007061  -0.0000   0.00000513
  0.007613  -0.0000   0.00000769
  0.008447  -0.0000   0.00001153
  0.009714  -0.0000   0.00001730
  0.011646  -0.0000   0.00002595
  0.014612  -0.0000   0.00003892
  0.019179  -0.0000   0.00005839
  0.021958  -0.0000   0.00007785
  0.023133  -0.0000   0.00009731
  0.023416  -0.0000   0.00011680
  0.023624  -0.0000   0.00014600
  0.023935  -0.0000   0.00018980
  0.024397  -0.0000   0.00025540
  0.024849  -0.0000   0.00032020
  0.025298  -0.0000   0.00038510
  0.025744  -0.0000   0.00044990
  0.026407  -0.0000   0.00054710
  0.027064  -0.0000   0.00064430
  0.027717  -0.0000   0.00074150
  0.028367  -0.0000   0.00083870
  0.029013  -0.0000   0.00093590
  0.029860  -0.0000   0.00106400
  0.030704  -0.0000   0.00119300
  0.031544  -0.0000   0.00132100
  0.032381  -0.0000   0.00144900
  0.033631  -0.0000   0.00164200
  0.034875  -0.0000   0.00183400
  0.036438  -0.0000   0.00207700
  0.037994  -0.0000   0.00231900
  0.040149  -0.0000   0.00265600
  0.042295  -0.0000   0.00299400
  0.045496  -0.0000   0.00349900
  0.046373  -0.0000   0.00363800
  0.047248  -0.0000   0.00377700
  0.047894  -0.0000   0.00391600
  0.048255  -0.0000   0.00401900
  0.048614  -0.0000   0.00412300
  0.048970  -0.0000   0.00422600
  0.049500  -0.0000   0.00438100
  0.050194  -0.0000   0.00458600
  0.050883  -0.0000   0.00479100
  0.051569  -0.0000   0.00499600
  0.052252  -0.0000   0.00520100
  0.053272  -0.0000   0.00550900
  0.054288  -0.0000   0.00581600
  0.055798  -0.0000   0.00627500
  0.057303  -0.0000   0.00673300
  0.059828  -0.0000   0.00750500
  0.062346  -0.0000   0.00827600
  0.066108  -0.0000   0.00943400
  0.071721  -0.0000   0.01117000
  0.072129  -0.0000   0.01130000
  0.072537  -0.0000   0.01142000
  0.072911  -0.0000   0.01155000
  0.073477  -0.0000   0.01180000
  0.074314  -0.0000   0.01218000
  0.075143  -0.0000   0.01256000
  0.075965  -0.0000   0.01294000
  0.076781  -0.0000   0.01332000
  0.077998  -0.0000   0.01388000
  0.079819  -0.0000   0.01474000
  0.082539  -0.0000   0.01602000
  0.086113  -0.0000   0.01770000
  0.089676  -0.0000   0.01938000
  0.094999  -0.0000   0.02191000
  0.095803  -0.0000   0.02229000
  0.096606  -0.0000   0.02267000
  0.097408  -0.0000   0.02306000
  0.098611  -0.0000   0.02363000
  0.099282  -0.0000   0.02401000
  0.099884  -0.0000   0.02439000
  0.100481  -0.0000   0.02477000
  0.101372  -0.0000   0.02533000
  0.102702  -0.0000   0.02619000
  0.104689  -0.0000   0.02746000
  0.106671  -0.0000   0.02874000
  0.109636  -0.0000   0.03066000
  0.114069  -0.0000   0.03353000
  0.120693  -0.0000   0.03785000
  0.121461  -0.0000   0.03835000
  0.122229  -0.0000   0.03885000
  0.122997  -0.0000   0.03935000
  0.124147  -0.0000   0.04010000
  0.125049  -0.0000   0.04076000
  0.125855  -0.0000   0.04141000
  0.126657  -0.0000   0.04207000
  0.127854  -0.0000   0.04306000
  0.129047  -0.0000   0.04404000
  0.130834  -0.0000   0.04552000
  0.133506  -0.0000   0.04774000
  0.137505  -0.0000   0.05106000
  0.143483  -0.0000   0.05605000
  0.145799  -0.0000   0.05799000
  0.148111  -0.0000   0.05993000
  0.150421  -0.0000   0.06186000
  0.151000  -0.0000   0.06243000
  0.151566  -0.0000   0.06300000
  0.152130  -0.0000   0.06357000
  0.152974  -0.0000   0.06443000
  0.154237  -0.0000   0.06571000
  0.156126  -0.0000   0.06763000
  0.158954  -0.0000   0.07052000
  0.163183  -0.0000   0.07485000
  0.169508  -0.0000   0.08134000
  0.171441  -0.0000   0.08333000
  0.173371  -0.0000   0.08531000
  0.175300  -0.0000   0.08730000
  0.176355  -0.0000   0.08840000
  0.177269  -0.0000   0.08950000
  0.178179  -0.0000   0.09059000
  0.179086  -0.0000   0.09169000
  0.179991  -0.0000   0.09279000
  0.181348  -0.0000   0.09444000
  0.183378  -0.0000   0.09691000
  0.186419  -0.0000   0.10100000
  0.190969  -0.0000   0.10600000
  0.197774  -0.0000   0.11500000
  0.199091  -0.0000   0.11600000
  0.200407  -0.0000   0.11800000
  0.201722  -0.0000   0.11900000
  0.202676  -0.0000   0.12100000
  0.203580  -0.0000   0.12200000
  0.204482  -0.0000   0.12300000
  0.205832  -0.0000   0.12500000
  0.207853  -0.0000   0.12800000
  0.210877  -0.0000   0.13200000
  0.215404  -0.0000   0.13900000
  0.222174  -0.0000   0.14800000
  0.225837  -0.0000   0.15400000
  0.227514  -0.0000   0.15600000
  0.228610  -0.0000   0.15800000
  0.229660  -0.0000   0.15900000
  0.230708  -0.0000   0.16100000
  0.232276  -0.0000   0.16400000
  0.233842  -0.0000   0.16600000
  0.236188  -0.0000   0.17000000
  0.239699  -0.0000   0.17600000
  0.244956  -0.0000   0.18400000
  0.251057  -0.0000   0.19400000
  0.252357  -0.0000   0.19600000
  0.253656  -0.0000   0.19900000
  0.254650  -0.0000   0.20000000
  0.255636  -0.0000   0.20200000
  0.256621  -0.0000   0.20400000
  0.257604  -0.0000   0.20600000
  0.259076  -0.0000   0.20900000
  0.261282  -0.0000   0.21300000
  0.264585  -0.0000   0.21900000
  0.269528  -0.0000   0.22800000
  0.274930  -0.0000   0.23800000
  0.280242  -0.0000   0.24800000
  0.281142  -0.0000   0.25000000
  0.282040  -0.0000   0.25200000
  0.282936  -0.0000   0.25300000
  0.284279  -0.0000   0.25600000
  0.286291  -0.0000   0.26000000
  0.289303  -0.0000   0.26600000
  0.293814  -0.0000   0.27600000
  0.298651  -0.0000   0.28600000
  0.303482  -0.0000   0.29600000
  0.304849  -0.0000   0.29900000
  0.306139  -0.0000   0.30100000
  0.307388  -0.0000   0.30400000
  0.309257  -0.0000   0.30900000
  0.311124  -0.0000   0.31300000
  0.312989  -0.0000   0.31700000
  0.315781  -0.0000   0.32300000
  0.319964  -0.0000   0.33300000
  0.324334  -0.0000   0.34300000
  0.328698  -0.0000   0.35300000
  0.330574  -0.0000   0.35700000
  0.331889  -0.0000   0.36000000
  0.333164  -0.0000   0.36400000
  0.334438  -0.0000   0.36700000
  0.336345  -0.0000   0.37200000
  0.338249  -0.0000   0.37600000
  0.341102  -0.0000   0.38300000
  0.345087  -0.0000   0.39300000
  0.349067  -0.0000   0.40300000
  0.353042  -0.0000   0.41300000
  0.357003  -0.0000   0.42300000
  0.358007  -0.0000   0.42600000
  0.359010  -0.0000   0.42900000
  0.360011  -0.0000   0.43200000
  0.361511  -0.0000   0.43600000
  0.363759  -0.0000   0.44200000
  0.367125  -0.0000   0.45100000
  0.370777  -0.0000   0.46100000
  0.374426  -0.0000   0.47100000
  0.378070  -0.0000   0.48100000
  0.381711  -0.0000   0.49100000
  0.383039  -0.0000   0.49500000
  0.384303  -0.0000   0.49900000
  0.385566  -0.0000   0.50200000
  0.386827  -0.0000   0.50600000
  0.388087  -0.0000   0.51000000
  0.389975  -0.0000   0.51500000
  0.392803  -0.0000   0.52400000
  0.396171  -0.0000   0.53400000
  0.399536  -0.0000   0.54400000
  0.402898  -0.0000   0.55400000
  0.406257  -0.0000   0.56400000
  0.408886  -0.0000   0.57200000
  0.409992  -0.0000   0.57500000
  0.411097  -0.0000   0.57900000
  0.412200  -0.0000   0.58200000
  0.413854  -0.0000   0.58700000
  0.416331  -0.0000   0.59500000
  0.419455  -0.0000   0.60500000
  0.422576  -0.0000   0.61500000
  0.425694  -0.0000   0.62500000
  0.428809  -0.0000   0.63500000
  0.431921  -0.0000   0.64500000
  0.434979  -0.0000   0.65500000
  0.436125  -0.0000   0.65900000
  0.437270  -0.0000   0.66300000
  0.438414  -0.0000   0.66700000
  0.440128  -0.0000   0.67300000
  0.442695  -0.0000   0.68200000
  0.445603  -0.0000   0.69200000
  0.448508  -0.0000   0.70200000
  0.451410  -0.0000   0.71200000
  0.454310  -0.0000   0.72200000
  0.457209  -0.0000   0.73200000
  0.460094  -0.0000   0.74200000
  0.461199  -0.0000   0.74600000
  0.462302  -0.0000   0.75000000
  0.463404  -0.0000   0.75400000
  0.465056  -0.0000   0.76000000
  0.467530  -0.0000   0.76900000
  0.470248  -0.0000   0.77900000
  0.472964  -0.0000   0.78900000
  0.475678  -0.0000   0.79900000
  0.478390  -0.0000   0.80900000
  0.481100  -0.0000   0.81900000
  0.483808  -0.0000   0.82900000
  0.486468  -0.0000   0.83900000
  0.487720  -0.0000   0.84400000
  0.488971  -0.0000   0.84900000
  0.490220  -0.0000   0.85400000
  0.492092  -0.0000   0.86100000
  0.494643  -0.0000   0.87100000
  0.497192  -0.0000   0.88100000
  0.499739  -0.0000   0.89100000
  0.502284  -0.0000   0.90100000
  0.504827  -0.0000   0.91100000
  0.507369  -0.0000   0.92100000
  0.509909  -0.0000   0.93100000
  0.512394  -0.0000   0.94100000
  0.513817  -0.0000   0.94700000
  0.515238  -0.0000   0.95300000
  0.516658  -0.0000   0.95900000
  0.518076  -0.0000   0.96500000
  0.520202  -0.0000   0.97400000
  0.522601  -0.0000   0.98400000
  0.524998  -0.0000   0.99400000
  0.526543  -0.0000   1.00000000
  0.526230  -0.0000   1.00000000
  0.526230  -0.0000   1.00000000
  0.526230  -0.0000   1.00000000
  0.526230  -0.0000   1.00000000
  0.526230  -0.0000   1.00000000
  0.526230  -0.0000   1.00000000
  0.526230  -0.0000   1.00000000
  0.526230  -0.0000   1.00000000
  0.526229  -0.0000   1.00000000
  0.526228  -0.0000   1.00000000
  0.526226  -0.0000   1.00000000
  0.526223  -0.0000   1.00000000
  0.526222  -0.0000   1.00000000
