  0.000276  -0.0000   0.00000010
  0.000327  -0.0000   0.00000012
  0.000430  -0.0000   0.00000013
  0.001068  -0.0000   0.00000015
  0.006562  -0.0000   0.00000017
  0.006747  -0.0000   0.00000019
  0.006919  -0.0000   0.00000021
  0.007121  -0.0000   0.00000023
  0.007372  -0.0000   0.00000025
  0.007676  -0.0000   0.00000027
  0.007919  -0.0000   0.00000029
  0.008213  -0.0000   0.00000030
  0.008572  -0.0000   0.00000031
  0.008868  -0.0000   0.00000033
  0.009208  -0.0000   0.00000034
  0.009597  -0.0000   0.00000035
  0.009985  -0.0000   0.00000035
  0.010417  -0.0000   0.00000036
  0.010891  -0.0000   0.00000037
  0.011423  -0.0000   0.00000038
  0.011999  -0.0000   0.00000039
  0.012619  -0.0000   0.00000040
  0.013368  -0.0000   0.00000041
  0.014164  -0.0000   0.00000042
  0.015000  -0.0000   0.00000043
  0.015871  -0.0000   0.00000044
  0.016771  -0.0000   0.00000045
  0.017983  -0.0000   0.00000047
  0.019222  -0.0000   0.00000048
  0.019328  -0.0000   0.00000048
  0.019435  -0.0000   0.00000048
  0.019542  -0.0000   0.00000048
  0.019703  -0.0000   0.00000048
  0.019735  -0.0000   0.00000049
  0.019744  -0.0000   0.00000049
  0.019752  -0.0000   0.00000049
  0.019761  -0.0000   0.00000049
  0.019772  -0.0000   0.00000049
  0.019785  -0.0000   0.00000050
  0.019801  -0.0000   0.00000050
  0.019821  -0.0000   0.00000051
  0.019847  -0.0000   0.00000052
  0.019880  -0.0000   0.00000054
  0.019911  -0.0000   0.00000056
  0.019955  -0.0000   0.00000059
  0.020020  -0.0000   0.00000064
  0.020117  -0.0000   0.00000071
  0.020274  -0.0000   0.00000081
  0.020561  -0.0000   0.00000096
  0.020644  -0.0000   0.00000100
  0.020737  -0.0000   0.00000104
  0.020841  -0.0000   0.00000108
  0.021030  -0.0000   0.00000114
  0.021243  -0.0000   0.00000119
  0.021503  -0.0000   0.00000125
  0.021819  -0.0000   0.00000131
  0.022201  -0.0000   0.00000136
  0.022545  -0.0000   0.00000141
  0.022940  -0.0000   0.00000145
  0.023390  -0.0000   0.00000149
  0.023899  -0.0000   0.00000154
  0.024375  -0.0000   0.00000157
  0.024897  -0.0000   0.00000161
  0.025469  -0.0000   0.00000165
  0.026090  -0.0000   0.00000169
  0.026762  -0.0000   0.00000172
  0.027485  -0.0000   0.00000176
  0.028259  -0.0000   0.00000180
  0.029083  -0.0000   0.00000183
  0.029957  -0.0000   0.00000187
  0.030879  -0.0000   0.00000191
  0.031849  -0.0000   0.00000195
  0.032864  -0.0000   0.00000198
  0.033924  -0.0000   0.00000202
  0.035027  -0.0000   0.00000206
  0.035137  -0.0000   0.00000206
  0.035246  -0.0000   0.00000206
  0.035357  -0.0000   0.00000207
  0.035523  -0.0000   0.00000207
  0.035562  -0.0000   0.00000208
  0.035577  -0.0000   0.00000208
  0.035589  -0.0000   0.00000208
  0.035604  -0.0000   0.00000208
  0.035624  -0.0000   0.00000209
  0.035648  -0.0000   0.00000210
  0.035679  -0.0000   0.00000211
  0.035718  -0.0000   0.00000213
  0.035769  -0.0000   0.00000217
  0.035838  -0.0000   0.00000221
  0.035932  -0.0000   0.00000228
  0.036069  -0.0000   0.00000239
  0.036290  -0.0000   0.00000255
  0.036582  -0.0000   0.00000272
  0.036870  -0.0000   0.00000286
  0.037231  -0.0000   0.00000300
  0.037547  -0.0000   0.00000311
  0.037921  -0.0000   0.00000321
  0.038359  -0.0000   0.00000332
  0.038841  -0.0000   0.00000342
  0.039392  -0.0000   0.00000352
  0.040019  -0.0000   0.00000362
  0.040727  -0.0000   0.00000372
  0.041520  -0.0000   0.00000381
  0.042219  -0.0000   0.00000390
  0.042979  -0.0000   0.00000398
  0.043803  -0.0000   0.00000406
  0.044693  -0.0000   0.00000414
  0.045651  -0.0000   0.00000422
  0.046678  -0.0000   0.00000430
  0.047774  -0.0000   0.00000438
  0.048942  -0.0000   0.00000446
  0.050181  -0.0000   0.00000454
  0.051491  -0.0000   0.00000462
  0.052819  -0.0000   0.00000470
  0.052852  -0.0000   0.00000471
  0.052880  -0.0000   0.00000471
  0.052903  -0.0000   0.00000472
  0.052934  -0.0000   0.00000473
  0.052973  -0.0000   0.00000474
  0.053024  -0.0000   0.00000477
  0.053089  -0.0000   0.00000480
  0.053175  -0.0000   0.00000485
  0.053293  -0.0000   0.00000493
  0.053460  -0.0000   0.00000504
  0.053718  -0.0000   0.00000522
  0.054178  -0.0000   0.00000548
  0.054469  -0.0000   0.00000562
  0.054803  -0.0000   0.00000576
  0.055186  -0.0000   0.00000590
  0.055628  -0.0000   0.00000605
  0.056130  -0.0000   0.00000619
  0.056697  -0.0000   0.00000634
  0.057271  -0.0000   0.00000647
  0.057905  -0.0000   0.00000660
  0.058603  -0.0000   0.00000673
  0.059319  -0.0000   0.00000686
  0.060098  -0.0000   0.00000698
  0.060941  -0.0000   0.00000710
  0.061826  -0.0000   0.00000723
  0.062777  -0.0000   0.00000735
  0.063796  -0.0000   0.00000747
  0.064884  -0.0000   0.00000759
  0.066042  -0.0000   0.00000771
  0.067271  -0.0000   0.00000783
  0.068572  -0.0000   0.00000795
  0.069943  -0.0000   0.00000807
  0.070044  -0.0000   0.00000808
  0.070083  -0.0000   0.00000809
  0.070116  -0.0000   0.00000810
  0.070158  -0.0000   0.00000811
  0.070211  -0.0000   0.00000813
  0.070279  -0.0000   0.00000816
  0.070367  -0.0000   0.00000821
  0.070483  -0.0000   0.00000828
  0.070641  -0.0000   0.00000838
  0.070873  -0.0000   0.00000854
  0.071244  -0.0000   0.00000877
  0.071581  -0.0000   0.00000896
  0.071960  -0.0000   0.00000915
  0.072388  -0.0000   0.00000934
  0.072896  -0.0000   0.00000954
  0.073467  -0.0000   0.00000974
  0.074105  -0.0000   0.00000994
  0.074772  -0.0000   0.00001013
  0.075506  -0.0000   0.00001032
  0.076310  -0.0000   0.00001051
  0.077142  -0.0000   0.00001069
  0.078043  -0.0000   0.00001087
  0.079017  -0.0000   0.00001105
  0.080203  -0.0000   0.00001125
  0.081251  -0.0000   0.00001141
  0.082368  -0.0000   0.00001158
  0.083555  -0.0000   0.00001175
  0.084949  -0.0000   0.00001193
  0.086429  -0.0000   0.00001211
  0.086601  -0.0000   0.00001214
  0.086774  -0.0000   0.00001216
  0.086948  -0.0000   0.00001218
  0.087116  -0.0000   0.00001221
  0.087203  -0.0000   0.00001224
  0.087277  -0.0000   0.00001227
  0.087342  -0.0000   0.00001230
  0.087402  -0.0000   0.00001234
  0.087483  -0.0000   0.00001238
  0.087597  -0.0000   0.00001246
  0.087757  -0.0000   0.00001256
  0.087994  -0.0000   0.00001272
  0.088372  -0.0000   0.00001296
  0.088787  -0.0000   0.00001321
  0.089252  -0.0000   0.00001345
  0.089770  -0.0000   0.00001369
  0.090558  -0.0000   0.00001401
  0.091287  -0.0000   0.00001427
  0.092093  -0.0000   0.00001454
  0.092980  -0.0000   0.00001480
  0.093952  -0.0000   0.00001507
  0.095013  -0.0000   0.00001533
  0.096167  -0.0000   0.00001560
  0.097419  -0.0000   0.00001586
  0.098552  -0.0000   0.00001609
  0.099759  -0.0000   0.00001631
  0.101041  -0.0000   0.00001654
  0.102400  -0.0000   0.00001676
  0.103835  -0.0000   0.00001699
  0.103991  -0.0000   0.00001701
  0.104148  -0.0000   0.00001704
  0.104298  -0.0000   0.00001706
  0.104370  -0.0000   0.00001709
  0.104431  -0.0000   0.00001711
  0.104486  -0.0000   0.00001713
  0.104558  -0.0000   0.00001717
  0.104656  -0.0000   0.00001722
  0.104787  -0.0000   0.00001731
  0.104971  -0.0000   0.00001743
  0.105240  -0.0000   0.00001761
  0.105663  -0.0000   0.00001789
  0.106096  -0.0000   0.00001814
  0.106570  -0.0000   0.00001840
  0.107088  -0.0000   0.00001866
  0.107940  -0.0000   0.00001904
  0.108894  -0.0000   0.00001941
  0.109953  -0.0000   0.00001979
  0.110893  -0.0000   0.00002010
  0.111909  -0.0000   0.00002040
  0.113006  -0.0000   0.00002071
  0.114186  -0.0000   0.00002102
  0.115451  -0.0000   0.00002133
  0.116806  -0.0000   0.00002163
  0.118250  -0.0000   0.00002194
  0.119787  -0.0000   0.00002225
  0.121416  -0.0000   0.00002256
  0.121540  -0.0000   0.00002258
  0.121610  -0.0000   0.00002260
  0.121668  -0.0000   0.00002263
  0.121743  -0.0000   0.00002266
  0.121842  -0.0000   0.00002271
  0.121973  -0.0000   0.00002279
  0.122152  -0.0000   0.00002291
  0.122408  -0.0000   0.00002309
  0.122798  -0.0000   0.00002335
  0.123304  -0.0000   0.00002367
  0.123859  -0.0000   0.00002399
  0.124463  -0.0000   0.00002431
  0.125248  -0.0000   0.00002469
  0.126107  -0.0000   0.00002507
  0.127208  -0.0000   0.00002551
  0.128416  -0.0000   0.00002595
  0.129500  -0.0000   0.00002632
  0.130664  -0.0000   0.00002668
  0.131911  -0.0000   0.00002705
  0.133243  -0.0000   0.00002742
  0.134662  -0.0000   0.00002778
  0.136170  -0.0000   0.00002815
  0.137768  -0.0000   0.00002852
  0.138102  -0.0000   0.00002859
  0.138439  -0.0000   0.00002867
  0.138781  -0.0000   0.00002874
  0.138886  -0.0000   0.00002878
  0.138962  -0.0000   0.00002881
  0.139031  -0.0000   0.00002885
  0.139123  -0.0000   0.00002890
  0.139247  -0.0000   0.00002897
  0.139419  -0.0000   0.00002909
  0.139663  -0.0000   0.00002926
  0.140032  -0.0000   0.00002952
  0.140627  -0.0000   0.00002991
  0.141276  -0.0000   0.00003030
  0.141984  -0.0000   0.00003069
  0.142750  -0.0000   0.00003108
  0.143576  -0.0000   0.00003147
  0.144807  -0.0000   0.00003200
  0.145904  -0.0000   0.00003244
  0.147083  -0.0000   0.00003288
  0.148346  -0.0000   0.00003332
  0.149695  -0.0000   0.00003376
  0.151133  -0.0000   0.00003420
  0.152662  -0.0000   0.00003463
  0.154283  -0.0000   0.00003507
  0.155997  -0.0000   0.00003551
  0.156124  -0.0000   0.00003554
  0.156199  -0.0000   0.00003558
  0.156267  -0.0000   0.00003561
  0.156358  -0.0000   0.00003566
  0.156480  -0.0000   0.00003574
  0.156646  -0.0000   0.00003585
  0.156880  -0.0000   0.00003602
  0.157228  -0.0000   0.00003627
  0.157776  -0.0000   0.00003666
  0.158366  -0.0000   0.00003704
  0.159000  -0.0000   0.00003742
  0.159678  -0.0000   0.00003780
  0.160399  -0.0000   0.00003818
  0.161580  -0.0000   0.00003876
  0.162862  -0.0000   0.00003933
  0.164248  -0.0000   0.00003990
  0.165743  -0.0000   0.00004048
  0.167087  -0.0000   0.00004096
  0.168512  -0.0000   0.00004145
  0.170020  -0.0000   0.00004193
  0.171612  -0.0000   0.00004241
  0.173289  -0.0000   0.00004290
  0.173424  -0.0000   0.00004294
  0.173506  -0.0000   0.00004298
  0.173580  -0.0000   0.00004302
  0.173680  -0.0000   0.00004308
  0.173814  -0.0000   0.00004317
  0.174000  -0.0000   0.00004330
  0.174265  -0.0000   0.00004350
  0.174664  -0.0000   0.00004380
  0.175299  -0.0000   0.00004425
  0.175983  -0.0000   0.00004470
  0.176716  -0.0000   0.00004515
  0.177498  -0.0000   0.00004559
  0.178329  -0.0000   0.00004604
  0.179683  -0.0000   0.00004672
  0.181149  -0.0000   0.00004739
  0.182463  -0.0000   0.00004796
  0.183861  -0.0000   0.00004852
  0.185344  -0.0000   0.00004909
  0.186914  -0.0000   0.00004966
  0.188572  -0.0000   0.00005022
  0.190320  -0.0000   0.00005079
  0.190483  -0.0000   0.00005084
  0.190646  -0.0000   0.00005090
  0.190776  -0.0000   0.00005095
  0.190912  -0.0000   0.00005103
  0.191090  -0.0000   0.00005115
  0.191253  -0.0000   0.00005126
  0.191408  -0.0000   0.00005138
  0.191636  -0.0000   0.00005156
  0.191978  -0.0000   0.00005183
  0.192517  -0.0000   0.00005222
  0.193071  -0.0000   0.00005261
  0.193656  -0.0000   0.00005300
  0.194270  -0.0000   0.00005339
  0.195257  -0.0000   0.00005397
  0.196452  -0.0000   0.00005463
  0.197731  -0.0000   0.00005528
  0.199096  -0.0000   0.00005594
  0.200719  -0.0000   0.00005666
  0.202452  -0.0000   0.00005739
  0.203981  -0.0000   0.00005800
  0.205590  -0.0000   0.00005861
  0.207279  -0.0000   0.00005922
  0.207487  -0.0000   0.00005929
  0.207697  -0.0000   0.00005937
  0.207907  -0.0000   0.00005944
  0.208140  -0.0000   0.00005955
  0.208311  -0.0000   0.00005966
  0.208467  -0.0000   0.00005978
  0.208613  -0.0000   0.00005989
  0.208824  -0.0000   0.00006006
  0.209135  -0.0000   0.00006031
  0.209618  -0.0000   0.00006068
  0.210154  -0.0000   0.00006108
  0.210718  -0.0000   0.00006148
  0.211309  -0.0000   0.00006188
  0.212253  -0.0000   0.00006248
  0.213254  -0.0000   0.00006308
  0.214525  -0.0000   0.00006379
  0.215879  -0.0000   0.00006451
  0.217316  -0.0000   0.00006522
  0.219075  -0.0000   0.00006604
  0.220631  -0.0000   0.00006672
  0.222270  -0.0000   0.00006741
  0.223991  -0.0000   0.00006809
  0.224427  -0.0000   0.00006826
  0.224868  -0.0000   0.00006843
  0.225314  -0.0000   0.00006861
  0.225422  -0.0000   0.00006867
  0.225516  -0.0000   0.00006873
  0.225604  -0.0000   0.00006879
  0.225727  -0.0000   0.00006888
  0.225899  -0.0000   0.00006902
  0.226147  -0.0000   0.00006922
  0.226517  -0.0000   0.00006953
  0.227094  -0.0000   0.00006999
  0.227701  -0.0000   0.00007045
  0.228340  -0.0000   0.00007091
  0.229009  -0.0000   0.00007137
  0.229706  -0.0000   0.00007183
  0.230815  -0.0000   0.00007252
  0.232094  -0.0000   0.00007327
  0.233447  -0.0000   0.00007402
  0.234877  -0.0000   0.00007477
  0.236407  -0.0000   0.00007553
  0.238019  -0.0000   0.00007629
  0.239713  -0.0000   0.00007705
  0.241715  -0.0000   0.00007790
  0.241948  -0.0000   0.00007800
  0.242183  -0.0000   0.00007810
  0.242418  -0.0000   0.00007820
  0.242713  -0.0000   0.00007835
  0.242886  -0.0000   0.00007847
  0.243044  -0.0000   0.00007859
  0.243193  -0.0000   0.00007871
  0.243337  -0.0000   0.00007883
  0.243549  -0.0000   0.00007901
  0.243868  -0.0000   0.00007929
  0.244361  -0.0000   0.00007969
  0.244956  -0.0000   0.00008016
  0.245577  -0.0000   0.00008063
  0.246226  -0.0000   0.00008110
  0.247254  -0.0000   0.00008180
  0.248817  -0.0000   0.00008280
  0.250491  -0.0000   0.00008379
  0.252277  -0.0000   0.00008478
  0.254178  -0.0000   0.00008578
  0.255842  -0.0000   0.00008660
  0.257587  -0.0000   0.00008743
  0.259415  -0.0000   0.00008826
  0.259593  -0.0000   0.00008834
  0.259771  -0.0000   0.00008842
  0.259938  -0.0000   0.00008850
  0.260109  -0.0000   0.00008862
  0.260264  -0.0000   0.00008874
  0.260410  -0.0000   0.00008886
  0.260550  -0.0000   0.00008898
  0.260754  -0.0000   0.00008916
  0.261059  -0.0000   0.00008943
  0.261529  -0.0000   0.00008983
  0.262098  -0.0000   0.00009030
  0.262691  -0.0000   0.00009078
  0.263308  -0.0000   0.00009125
  0.264282  -0.0000   0.00009195
  0.265304  -0.0000   0.00009266
  0.266944  -0.0000   0.00009372
  0.268692  -0.0000   0.00009478
  0.270550  -0.0000   0.00009583
  0.272518  -0.0000   0.00009689
  0.274599  -0.0000   0.00009795
  0.276425  -0.0000   0.00009884
  0.276654  -0.0000   0.00009895
  0.276885  -0.0000   0.00009906
  0.277117  -0.0000   0.00009917
  0.277293  -0.0000   0.00009928
  0.277437  -0.0000   0.00009939
  0.277571  -0.0000   0.00009950
  0.277759  -0.0000   0.00009967
  0.278030  -0.0000   0.00009991
  0.278411  -0.0000   0.00010030
  0.278971  -0.0000   0.00010080
  0.279534  -0.0000   0.00010140
  0.280098  -0.0000   0.00010190
  0.280663  -0.0000   0.00010250
  0.281507  -0.0000   0.00010330
  0.282762  -0.0000   0.00010460
  0.284618  -0.0000   0.00010640
  0.287338  -0.0000   0.00010920
  0.289993  -0.0000   0.00011200
  0.292583  -0.0000   0.00011480
  0.292863  -0.0000   0.00011510
  0.293143  -0.0000   0.00011540
  0.293421  -0.0000   0.00011580
  0.293838  -0.0000   0.00011620
  0.294068  -0.0000   0.00011650
  0.294222  -0.0000   0.00011670
  0.294361  -0.0000   0.00011700
  0.294490  -0.0000   0.00011720
  0.294613  -0.0000   0.00011750
  0.294791  -0.0000   0.00011790
  0.295052  -0.0000   0.00011840
  0.295441  -0.0000   0.00011930
  0.296030  -0.0000   0.00012060
  0.296622  -0.0000   0.00012190
  0.297216  -0.0000   0.00012320
  0.297811  -0.0000   0.00012450
  0.298700  -0.0000   0.00012640
  0.300024  -0.0000   0.00012940
  0.301984  -0.0000   0.00013370
  0.304340  -0.0000   0.00013910
  0.306652  -0.0000   0.00014440
  0.308919  -0.0000   0.00014980
  0.309304  -0.0000   0.00015070
  0.309687  -0.0000   0.00015160
  0.310068  -0.0000   0.00015250
  0.310638  -0.0000   0.00015390
  0.310825  -0.0000   0.00015430
  0.310956  -0.0000   0.00015480
  0.311073  -0.0000   0.00015520
  0.311233  -0.0000   0.00015590
  0.311385  -0.0000   0.00015660
  0.311605  -0.0000   0.00015760
  0.311931  -0.0000   0.00015910
  0.312422  -0.0000   0.00016140
  0.313128  -0.0000   0.00016460
  0.313837  -0.0000   0.00016790
  0.314547  -0.0000   0.00017110
  0.315255  -0.0000   0.00017440
  0.316311  -0.0000   0.00017930
  0.317881  -0.0000   0.00018660
  0.320197  -0.0000   0.00019750
  0.322389  -0.0000   0.00020810
  0.324542  -0.0000   0.00021860
  0.326657  -0.0000   0.00022910
  0.326834  -0.0000   0.00023000
  0.327011  -0.0000   0.00023090
  0.327188  -0.0000   0.00023180
  0.327452  -0.0000   0.00023310
  0.327621  -0.0000   0.00023420
  0.327756  -0.0000   0.00023520
  0.327880  -0.0000   0.00023630
  0.328055  -0.0000   0.00023790
  0.328309  -0.0000   0.00024020
  0.328687  -0.0000   0.00024380
  0.329260  -0.0000   0.00024910
  0.329838  -0.0000   0.00025450
  0.330417  -0.0000   0.00025980
  0.330997  -0.0000   0.00026520
  0.331865  -0.0000   0.00027320
  0.333159  -0.0000   0.00028520
  0.335076  -0.0000   0.00030320
  0.337419  -0.0000   0.00032560
  0.339722  -0.0000   0.00034800
  0.341985  -0.0000   0.00037040
  0.344206  -0.0000   0.00039280
  0.344307  -0.0000   0.00039420
  0.344399  -0.0000   0.00039560
  0.344485  -0.0000   0.00039700
  0.344608  -0.0000   0.00039910
  0.344785  -0.0000   0.00040230
  0.345045  -0.0000   0.00040710
  0.345438  -0.0000   0.00041430
  0.346034  -0.0000   0.00042500
  0.346634  -0.0000   0.00043570
  0.347234  -0.0000   0.00044650
  0.347835  -0.0000   0.00045720
  0.348733  -0.0000   0.00047330
  0.350071  -0.0000   0.00049750
  0.352053  -0.0000   0.00053370
  0.354370  -0.0000   0.00057680
  0.356649  -0.0000   0.00061980
  0.358889  -0.0000   0.00066290
  0.359266  -0.0000   0.00067010
  0.359642  -0.0000   0.00067740
  0.360016  -0.0000   0.00068470
  0.360575  -0.0000   0.00069560
  0.360784  -0.0000   0.00069960
  0.360945  -0.0000   0.00070370
  0.361079  -0.0000   0.00070780
  0.361264  -0.0000   0.00071390
  0.361443  -0.0000   0.00072000
  0.361709  -0.0000   0.00072920
  0.362112  -0.0000   0.00074290
  0.362723  -0.0000   0.00076360
  0.363336  -0.0000   0.00078420
  0.363951  -0.0000   0.00080480
  0.364871  -0.0000   0.00083580
  0.366241  -0.0000   0.00088220
  0.368273  -0.0000   0.00095180
  0.370489  -0.0000   0.00102900
  0.372671  -0.0000   0.00110600
  0.374820  -0.0000   0.00118300
  0.375984  -0.0000   0.00122500
  0.377136  -0.0000   0.00126700
  0.377331  -0.0000   0.00127400
  0.377506  -0.0000   0.00128100
  0.377638  -0.0000   0.00128900
  0.377816  -0.0000   0.00129900
  0.377988  -0.0000   0.00131000
  0.378158  -0.0000   0.00132100
  0.378414  -0.0000   0.00133700
  0.378801  -0.0000   0.00136100
  0.379387  -0.0000   0.00139700
  0.380147  -0.0000   0.00144300
  0.380906  -0.0000   0.00149000
  0.382039  -0.0000   0.00156000
  0.383725  -0.0000   0.00166400
  0.386216  -0.0000   0.00182100
  0.388667  -0.0000   0.00197800
  0.391078  -0.0000   0.00213500
  0.393446  -0.0000   0.00229200
  0.393627  -0.0000   0.00230400
  0.393808  -0.0000   0.00231700
  0.393989  -0.0000   0.00232900
  0.394197  -0.0000   0.00234700
  0.394370  -0.0000   0.00236500
  0.394534  -0.0000   0.00238300
  0.394696  -0.0000   0.00240100
  0.394939  -0.0000   0.00242800
  0.395308  -0.0000   0.00246900
  0.395867  -0.0000   0.00253000
  0.396595  -0.0000   0.00260900
  0.397323  -0.0000   0.00268800
  0.398410  -0.0000   0.00280700
  0.400029  -0.0000   0.00298500
  0.402422  -0.0000   0.00325200
  0.404781  -0.0000   0.00352000
  0.407102  -0.0000   0.00378700
  0.409386  -0.0000   0.00405400
  0.409610  -0.0000   0.00408100
  0.409834  -0.0000   0.00410700
  0.410058  -0.0000   0.00413300
  0.410392  -0.0000   0.00417300
  0.410701  -0.0000   0.00421100
  0.410841  -0.0000   0.00423600
  0.410971  -0.0000   0.00426000
  0.411096  -0.0000   0.00428400
  0.411221  -0.0000   0.00430800
  0.411408  -0.0000   0.00434400
  0.411690  -0.0000   0.00439800
  0.412119  -0.0000   0.00448000
  0.412765  -0.0000   0.00460200
  0.413412  -0.0000   0.00472400
  0.414380  -0.0000   0.00490700
  0.415824  -0.0000   0.00518100
  0.417964  -0.0000   0.00559300
  0.420130  -0.0000   0.00601500
  0.422268  -0.0000   0.00643700
  0.424375  -0.0000   0.00686000
  0.426368  -0.0000   0.00726500
  0.426609  -0.0000   0.00731400
  0.426849  -0.0000   0.00736300
  0.427089  -0.0000   0.00741200
  0.427387  -0.0000   0.00748500
  0.427618  -0.0000   0.00755900
  0.427842  -0.0000   0.00763300
  0.428067  -0.0000   0.00770600
  0.428294  -0.0000   0.00778000
  0.428637  -0.0000   0.00789000
  0.429154  -0.0000   0.00805500
  0.429932  -0.0000   0.00830400
  0.431094  -0.0000   0.00867600
  0.432823  -0.0000   0.00923400
  0.435380  -0.0000   0.01007000
  0.437898  -0.0000   0.01091000
  0.440377  -0.0000   0.01175000
  0.442815  -0.0000   0.01259000
  0.443046  -0.0000   0.01267000
  0.443278  -0.0000   0.01274000
  0.443509  -0.0000   0.01282000
  0.443854  -0.0000   0.01294000
  0.443975  -0.0000   0.01300000
  0.444086  -0.0000   0.01306000
  0.444192  -0.0000   0.01312000
  0.444349  -0.0000   0.01320000
  0.444585  -0.0000   0.01333000
  0.444944  -0.0000   0.01352000
  0.445486  -0.0000   0.01381000
  0.446031  -0.0000   0.01410000
  0.446847  -0.0000   0.01453000
  0.448066  -0.0000   0.01518000
  0.449878  -0.0000   0.01616000
  0.452080  -0.0000   0.01736000
  0.454254  -0.0000   0.01855000
  0.456399  -0.0000   0.01975000
  0.459186  -0.0000   0.02134000
  0.459428  -0.0000   0.02148000
  0.459669  -0.0000   0.02162000
  0.459910  -0.0000   0.02175000
  0.460271  -0.0000   0.02196000
  0.460487  -0.0000   0.02209000
  0.460646  -0.0000   0.02222000
  0.460796  -0.0000   0.02236000
  0.460944  -0.0000   0.02249000
  0.461093  -0.0000   0.02262000
  0.461318  -0.0000   0.02282000
  0.461658  -0.0000   0.02311000
  0.462172  -0.0000   0.02356000
  0.462945  -0.0000   0.02422000
  0.464099  -0.0000   0.02523000
  0.465817  -0.0000   0.02673000
  0.468360  -0.0000   0.02898000
  0.470866  -0.0000   0.03123000
  0.473334  -0.0000   0.03348000
  0.475763  -0.0000   0.03573000
  0.476049  -0.0000   0.03600000
  0.476335  -0.0000   0.03626000
  0.476621  -0.0000   0.03653000
  0.477047  -0.0000   0.03693000
  0.477174  -0.0000   0.03708000
  0.477286  -0.0000   0.03723000
  0.477395  -0.0000   0.03739000
  0.477557  -0.0000   0.03762000
  0.477802  -0.0000   0.03796000
  0.478174  -0.0000   0.03848000
  0.478736  -0.0000   0.03926000
  0.479299  -0.0000   0.04004000
  0.480143  -0.0000   0.04121000
  0.481401  -0.0000   0.04296000
  0.483271  -0.0000   0.04558000
  0.485467  -0.0000   0.04870000
  0.487635  -0.0000   0.05182000
  0.489776  -0.0000   0.05494000
  0.492645  -0.0000   0.05920000
  0.492855  -0.0000   0.05951000
  0.493065  -0.0000   0.05983000
  0.493274  -0.0000   0.06014000
  0.493588  -0.0000   0.06061000
  0.493748  -0.0000   0.06089000
  0.493881  -0.0000   0.06118000
  0.494010  -0.0000   0.06147000
  0.494202  -0.0000   0.06190000
  0.494493  -0.0000   0.06254000
  0.494935  -0.0000   0.06351000
  0.495538  -0.0000   0.06482000
  0.496141  -0.0000   0.06613000
  0.497044  -0.0000   0.06810000
  0.498390  -0.0000   0.07105000
  0.500388  -0.0000   0.07548000
  0.502621  -0.0000   0.08049000
  0.504826  -0.0000   0.08550000
  0.507002  -0.0000   0.09052000
  0.510002  -0.0000   0.09756000
  0.510163  -0.0000   0.09794000
  0.510316  -0.0000   0.09832000
  0.510432  -0.0000   0.09869000
  0.510597  -0.0000   0.09926000
  0.510760  -0.0000   0.10000000
  0.510924  -0.0000   0.10000000
  0.511174  -0.0000   0.10100000
  0.511550  -0.0000   0.10300000
  0.512118  -0.0000   0.10400000
  0.512968  -0.0000   0.10700000
  0.514237  -0.0000   0.11200000
  0.516123  -0.0000   0.11800000
  0.518254  -0.0000   0.12500000
  0.520360  -0.0000   0.13300000
  0.522440  -0.0000   0.14000000
  0.525214  -0.0000   0.15000000
  0.525560  -0.0000   0.15100000
  0.525904  -0.0000   0.15300000
  0.526248  -0.0000   0.15400000
  0.526762  -0.0000   0.15600000
  0.526941  -0.0000   0.15600000
  0.527077  -0.0000   0.15700000
  0.527207  -0.0000   0.15800000
  0.527401  -0.0000   0.15900000
  0.527597  -0.0000   0.16000000
  0.527894  -0.0000   0.16100000
  0.528342  -0.0000   0.16400000
  0.529016  -0.0000   0.16700000
  0.530024  -0.0000   0.17200000
  0.531526  -0.0000   0.18000000
  0.533431  -0.0000   0.19000000
  0.535318  -0.0000   0.20000000
  0.537185  -0.0000   0.21000000
  0.539032  -0.0000   0.22000000
  0.540859  -0.0000   0.23000000
  0.542664  -0.0000   0.24000000
  0.542932  -0.0000   0.24200000
  0.543199  -0.0000   0.24300000
  0.543466  -0.0000   0.24500000
  0.543630  -0.0000   0.24600000
  0.543770  -0.0000   0.24700000
  0.543908  -0.0000   0.24800000
  0.544117  -0.0000   0.25000000
  0.544433  -0.0000   0.25200000
  0.544911  -0.0000   0.25600000
  0.545390  -0.0000   0.26000000
  0.546109  -0.0000   0.26500000
  0.547181  -0.0000   0.27400000
  0.548455  -0.0000   0.28400000
  0.549721  -0.0000   0.29400000
  0.550978  -0.0000   0.30400000
  0.552227  -0.0000   0.31400000
  0.553468  -0.0000   0.32400000
  0.554700  -0.0000   0.33400000
  0.555923  -0.0000   0.34400000
  0.557137  -0.0000   0.35400000
  0.558342  -0.0000   0.36400000
  0.559538  -0.0000   0.37400000
  0.559834  -0.0000   0.37600000
  0.560131  -0.0000   0.37900000
  0.560281  -0.0000   0.38000000
  0.560417  -0.0000   0.38200000
  0.560553  -0.0000   0.38300000
  0.560758  -0.0000   0.38600000
  0.561068  -0.0000   0.38900000
  0.561538  -0.0000   0.39500000
  0.562007  -0.0000   0.40000000
  0.562712  -0.0000   0.40800000
  0.563573  -0.0000   0.41800000
  0.564431  -0.0000   0.42800000
  0.565286  -0.0000   0.43800000
  0.566137  -0.0000   0.44800000
  0.566984  -0.0000   0.45800000
  0.567827  -0.0000   0.46800000
  0.568666  -0.0000   0.47800000
  0.569502  -0.0000   0.48800000
  0.570334  -0.0000   0.49800000
  0.571162  -0.0000   0.50800000
  0.571986  -0.0000   0.51800000
  0.572806  -0.0000   0.52800000
  0.573623  -0.0000   0.53800000
  0.574435  -0.0000   0.54800000
  0.575243  -0.0000   0.55800000
  0.576046  -0.0000   0.56800000
  0.576832  -0.0000   0.57800000
  0.576978  -0.0000   0.58100000
  0.577121  -0.0000   0.58300000
  0.577264  -0.0000   0.58600000
  0.577408  -0.0000   0.58800000
  0.577627  -0.0000   0.59200000
  0.577956  -0.0000   0.59800000
  0.578452  -0.0000   0.60600000
  0.579039  -0.0000   0.61600000
  0.579625  -0.0000   0.62600000
  0.580210  -0.0000   0.63600000
  0.580794  -0.0000   0.64600000
  0.581376  -0.0000   0.65600000
  0.581956  -0.0000   0.66600000
  0.582535  -0.0000   0.67600000
  0.583112  -0.0000   0.68600000
  0.583687  -0.0000   0.69600000
  0.584261  -0.0000   0.70600000
  0.584833  -0.0000   0.71600000
  0.585403  -0.0000   0.72600000
  0.585971  -0.0000   0.73600000
  0.586538  -0.0000   0.74600000
  0.587103  -0.0000   0.75600000
  0.587666  -0.0000   0.76600000
  0.588227  -0.0000   0.77600000
  0.588787  -0.0000   0.78600000
  0.589344  -0.0000   0.79600000
  0.589900  -0.0000   0.80600000
  0.590454  -0.0000   0.81600000
  0.591006  -0.0000   0.82600000
  0.591557  -0.0000   0.83600000
  0.592105  -0.0000   0.84600000
  0.592651  -0.0000   0.85600000
  0.593196  -0.0000   0.86600000
  0.593493  -0.0000   0.87200000
  0.593631  -0.0000   0.87500000
  0.593764  -0.0000   0.87900000
  0.593899  -0.0000   0.88200000
  0.594035  -0.0000   0.88500000
  0.594240  -0.0000   0.89100000
  0.594549  -0.0000   0.89800000
  0.594953  -0.0000   0.90800000
  0.595358  -0.0000   0.91800000
  0.595762  -0.0000   0.92800000
  0.596165  -0.0000   0.93800000
  0.596568  -0.0000   0.94800000
  0.596971  -0.0000   0.95800000
  0.597372  -0.0000   0.96800000
  0.597773  -0.0000   0.97800000
  0.598173  -0.0000   0.98800000
  0.598572  -0.0000   0.99800000
  0.598642  -0.0000   1.00000000
  0.595721  -0.0000   1.00000000
  0.595721  -0.0000   1.00000000
  0.595721  -0.0000   1.00000000
  0.595721  -0.0000   1.00000000
  0.595720  -0.0000   1.00000000
  0.595719  -0.0000   1.00000000
  0.595718  -0.0000   1.00000000
  0.595714  -0.0000   1.00000000
  0.595707  -0.0000   1.00000000
  0.595693  -0.0000   1.00000000
  0.595664  -0.0000   1.00000000
  0.595622  -0.0000   1.00000000
  0.595610  -0.0000   1.00000000
