  0.000147  -0.0000   0.00000010
  0.000324  -0.0000   0.00000018
  0.000468  -0.0000   0.00000021
  0.001447  -0.0000   0.00000024
  0.006572  -0.0000   0.00000027
  0.006847  -0.0000   0.00000031
  0.007055  -0.0000   0.00000034
  0.007320  -0.0000   0.00000037
  0.007518  -0.0000   0.00000039
  0.007759  -0.0000   0.00000041
  0.008056  -0.0000   0.00000043
  0.008418  -0.0000   0.00000045
  0.008728  -0.0000   0.00000046
  0.009082  -0.0000   0.00000047
  0.009484  -0.0000   0.00000049
  0.009907  -0.0000   0.00000050
  0.010374  -0.0000   0.00000051
  0.010885  -0.0000   0.00000053
  0.011533  -0.0000   0.00000054
  0.012235  -0.0000   0.00000056
  0.012986  -0.0000   0.00000057
  0.013782  -0.0000   0.00000059
  0.014616  -0.0000   0.00000060
  0.015483  -0.0000   0.00000062
  0.016376  -0.0000   0.00000063
  0.017630  -0.0000   0.00000065
  0.018910  -0.0000   0.00000067
  0.019051  -0.0000   0.00000067
  0.019192  -0.0000   0.00000068
  0.019333  -0.0000   0.00000068
  0.019545  -0.0000   0.00000068
  0.019644  -0.0000   0.00000068
  0.019654  -0.0000   0.00000069
  0.019662  -0.0000   0.00000069
  0.019671  -0.0000   0.00000069
  0.019678  -0.0000   0.00000069
  0.019687  -0.0000   0.00000070
  0.019698  -0.0000   0.00000070
  0.019711  -0.0000   0.00000071
  0.019727  -0.0000   0.00000073
  0.019749  -0.0000   0.00000075
  0.019778  -0.0000   0.00000078
  0.019818  -0.0000   0.00000082
  0.019877  -0.0000   0.00000089
  0.019967  -0.0000   0.00000099
  0.020114  -0.0000   0.00000115
  0.020341  -0.0000   0.00000134
  0.020491  -0.0000   0.00000144
  0.020682  -0.0000   0.00000154
  0.020933  -0.0000   0.00000164
  0.021184  -0.0000   0.00000172
  0.021494  -0.0000   0.00000180
  0.021874  -0.0000   0.00000188
  0.022192  -0.0000   0.00000194
  0.022556  -0.0000   0.00000200
  0.022970  -0.0000   0.00000206
  0.023437  -0.0000   0.00000212
  0.023960  -0.0000   0.00000217
  0.024542  -0.0000   0.00000223
  0.025081  -0.0000   0.00000228
  0.025664  -0.0000   0.00000233
  0.026292  -0.0000   0.00000238
  0.026965  -0.0000   0.00000243
  0.027683  -0.0000   0.00000248
  0.028446  -0.0000   0.00000253
  0.029253  -0.0000   0.00000258
  0.030103  -0.0000   0.00000263
  0.030996  -0.0000   0.00000268
  0.031929  -0.0000   0.00000273
  0.032903  -0.0000   0.00000278
  0.034031  -0.0000   0.00000284
  0.035206  -0.0000   0.00000289
  0.035270  -0.0000   0.00000289
  0.035319  -0.0000   0.00000290
  0.035332  -0.0000   0.00000290
  0.035346  -0.0000   0.00000291
  0.035363  -0.0000   0.00000291
  0.035377  -0.0000   0.00000292
  0.035395  -0.0000   0.00000293
  0.035418  -0.0000   0.00000295
  0.035447  -0.0000   0.00000297
  0.035485  -0.0000   0.00000300
  0.035535  -0.0000   0.00000305
  0.035603  -0.0000   0.00000313
  0.035700  -0.0000   0.00000325
  0.035851  -0.0000   0.00000342
  0.036127  -0.0000   0.00000368
  0.036265  -0.0000   0.00000379
  0.036424  -0.0000   0.00000391
  0.036607  -0.0000   0.00000402
  0.036945  -0.0000   0.00000420
  0.037359  -0.0000   0.00000437
  0.037858  -0.0000   0.00000454
  0.038330  -0.0000   0.00000468
  0.038870  -0.0000   0.00000482
  0.039485  -0.0000   0.00000496
  0.040181  -0.0000   0.00000511
  0.040962  -0.0000   0.00000525
  0.041649  -0.0000   0.00000536
  0.042397  -0.0000   0.00000547
  0.043209  -0.0000   0.00000559
  0.044198  -0.0000   0.00000572
  0.045273  -0.0000   0.00000584
  0.046229  -0.0000   0.00000595
  0.047245  -0.0000   0.00000605
  0.048324  -0.0000   0.00000616
  0.049593  -0.0000   0.00000628
  0.050937  -0.0000   0.00000639
  0.052356  -0.0000   0.00000651
  0.052448  -0.0000   0.00000652
  0.052475  -0.0000   0.00000653
  0.052497  -0.0000   0.00000653
  0.052524  -0.0000   0.00000655
  0.052558  -0.0000   0.00000656
  0.052600  -0.0000   0.00000659
  0.052652  -0.0000   0.00000663
  0.052721  -0.0000   0.00000668
  0.052812  -0.0000   0.00000677
  0.052939  -0.0000   0.00000690
  0.053135  -0.0000   0.00000709
  0.053473  -0.0000   0.00000739
  0.053695  -0.0000   0.00000756
  0.053947  -0.0000   0.00000773
  0.054231  -0.0000   0.00000790
  0.054738  -0.0000   0.00000815
  0.055332  -0.0000   0.00000841
  0.055902  -0.0000   0.00000863
  0.056546  -0.0000   0.00000884
  0.057269  -0.0000   0.00000906
  0.058076  -0.0000   0.00000927
  0.058973  -0.0000   0.00000949
  0.059790  -0.0000   0.00000967
  0.060676  -0.0000   0.00000985
  0.061635  -0.0000   0.00001003
  0.062667  -0.0000   0.00001021
  0.063776  -0.0000   0.00001039
  0.064963  -0.0000   0.00001058
  0.066230  -0.0000   0.00001076
  0.067577  -0.0000   0.00001094
  0.069004  -0.0000   0.00001112
  0.069151  -0.0000   0.00001114
  0.069299  -0.0000   0.00001115
  0.069447  -0.0000   0.00001117
  0.069585  -0.0000   0.00001120
  0.069646  -0.0000   0.00001123
  0.069696  -0.0000   0.00001126
  0.069740  -0.0000   0.00001128
  0.069779  -0.0000   0.00001131
  0.069832  -0.0000   0.00001135
  0.069905  -0.0000   0.00001142
  0.070006  -0.0000   0.00001151
  0.070152  -0.0000   0.00001165
  0.070376  -0.0000   0.00001186
  0.070755  -0.0000   0.00001218
  0.071082  -0.0000   0.00001242
  0.071449  -0.0000   0.00001267
  0.071858  -0.0000   0.00001291
  0.072445  -0.0000   0.00001322
  0.073107  -0.0000   0.00001352
  0.073851  -0.0000   0.00001383
  0.074681  -0.0000   0.00001414
  0.075604  -0.0000   0.00001444
  0.076624  -0.0000   0.00001475
  0.077519  -0.0000   0.00001500
  0.078484  -0.0000   0.00001525
  0.079523  -0.0000   0.00001550
  0.080770  -0.0000   0.00001577
  0.082113  -0.0000   0.00001605
  0.083298  -0.0000   0.00001628
  0.084551  -0.0000   0.00001651
  0.085873  -0.0000   0.00001674
  0.086038  -0.0000   0.00001677
  0.086205  -0.0000   0.00001680
  0.086372  -0.0000   0.00001682
  0.086533  -0.0000   0.00001687
  0.086614  -0.0000   0.00001691
  0.086680  -0.0000   0.00001695
  0.086739  -0.0000   0.00001700
  0.086794  -0.0000   0.00001704
  0.086868  -0.0000   0.00001710
  0.086973  -0.0000   0.00001720
  0.087125  -0.0000   0.00001735
  0.087356  -0.0000   0.00001756
  0.087735  -0.0000   0.00001789
  0.088156  -0.0000   0.00001821
  0.088626  -0.0000   0.00001854
  0.089145  -0.0000   0.00001886
  0.089819  -0.0000   0.00001924
  0.090566  -0.0000   0.00001961
  0.091391  -0.0000   0.00001999
  0.092299  -0.0000   0.00002037
  0.093293  -0.0000   0.00002074
  0.094379  -0.0000   0.00002112
  0.095560  -0.0000   0.00002149
  0.096840  -0.0000   0.00002187
  0.097984  -0.0000   0.00002219
  0.099201  -0.0000   0.00002250
  0.100494  -0.0000   0.00002282
  0.101863  -0.0000   0.00002313
  0.103308  -0.0000   0.00002345
  0.103438  -0.0000   0.00002347
  0.103568  -0.0000   0.00002350
  0.103633  -0.0000   0.00002353
  0.103706  -0.0000   0.00002357
  0.103769  -0.0000   0.00002361
  0.103826  -0.0000   0.00002366
  0.103903  -0.0000   0.00002372
  0.104010  -0.0000   0.00002381
  0.104161  -0.0000   0.00002396
  0.104385  -0.0000   0.00002417
  0.104741  -0.0000   0.00002449
  0.105229  -0.0000   0.00002489
  0.105768  -0.0000   0.00002528
  0.106361  -0.0000   0.00002568
  0.107203  -0.0000   0.00002619
  0.108137  -0.0000   0.00002669
  0.109169  -0.0000   0.00002720
  0.110301  -0.0000   0.00002770
  0.111541  -0.0000   0.00002821
  0.112615  -0.0000   0.00002861
  0.113765  -0.0000   0.00002902
  0.114993  -0.0000   0.00002943
  0.116466  -0.0000   0.00002989
  0.118041  -0.0000   0.00003034
  0.119441  -0.0000   0.00003073
  0.120787  -0.0000   0.00003111
  0.120862  -0.0000   0.00003115
  0.120927  -0.0000   0.00003119
  0.120985  -0.0000   0.00003124
  0.121063  -0.0000   0.00003130
  0.121170  -0.0000   0.00003139
  0.121320  -0.0000   0.00003154
  0.121541  -0.0000   0.00003175
  0.121885  -0.0000   0.00003207
  0.122452  -0.0000   0.00003255
  0.123077  -0.0000   0.00003303
  0.123761  -0.0000   0.00003351
  0.124505  -0.0000   0.00003399
  0.125309  -0.0000   0.00003447
  0.126217  -0.0000   0.00003497
  0.127196  -0.0000   0.00003547
  0.128248  -0.0000   0.00003598
  0.129361  -0.0000   0.00003647
  0.130550  -0.0000   0.00003697
  0.131818  -0.0000   0.00003746
  0.133348  -0.0000   0.00003802
  0.134984  -0.0000   0.00003857
  0.136426  -0.0000   0.00003904
  0.137920  -0.0000   0.00003951
  0.137996  -0.0000   0.00003955
  0.138062  -0.0000   0.00003960
  0.138122  -0.0000   0.00003964
  0.138203  -0.0000   0.00003971
  0.138314  -0.0000   0.00003981
  0.138471  -0.0000   0.00003996
  0.138700  -0.0000   0.00004019
  0.139056  -0.0000   0.00004053
  0.139637  -0.0000   0.00004104
  0.140269  -0.0000   0.00004156
  0.140952  -0.0000   0.00004207
  0.141687  -0.0000   0.00004258
  0.142827  -0.0000   0.00004330
  0.144074  -0.0000   0.00004403
  0.145210  -0.0000   0.00004464
  0.146428  -0.0000   0.00004525
  0.147732  -0.0000   0.00004586
  0.149123  -0.0000   0.00004647
  0.150603  -0.0000   0.00004708
  0.152176  -0.0000   0.00004770
  0.153840  -0.0000   0.00004831
  0.154268  -0.0000   0.00004846
  0.154702  -0.0000   0.00004862
  0.155098  -0.0000   0.00004877
  0.155184  -0.0000   0.00004883
  0.155259  -0.0000   0.00004889
  0.155328  -0.0000   0.00004895
  0.155423  -0.0000   0.00004903
  0.155556  -0.0000   0.00004916
  0.155748  -0.0000   0.00004936
  0.156037  -0.0000   0.00004965
  0.156494  -0.0000   0.00005008
  0.157061  -0.0000   0.00005059
  0.157667  -0.0000   0.00005109
  0.158312  -0.0000   0.00005159
  0.159364  -0.0000   0.00005235
  0.160441  -0.0000   0.00005306
  0.161598  -0.0000   0.00005378
  0.162839  -0.0000   0.00005450
  0.164353  -0.0000   0.00005531
  0.165694  -0.0000   0.00005598
  0.167115  -0.0000   0.00005666
  0.168620  -0.0000   0.00005733
  0.170208  -0.0000   0.00005801
  0.171881  -0.0000   0.00005869
  0.172036  -0.0000   0.00005875
  0.172192  -0.0000   0.00005881
  0.172306  -0.0000   0.00005887
  0.172426  -0.0000   0.00005897
  0.172579  -0.0000   0.00005911
  0.172720  -0.0000   0.00005925
  0.172857  -0.0000   0.00005939
  0.173058  -0.0000   0.00005960
  0.173366  -0.0000   0.00005991
  0.173855  -0.0000   0.00006039
  0.174523  -0.0000   0.00006099
  0.175237  -0.0000   0.00006159
  0.175993  -0.0000   0.00006220
  0.176793  -0.0000   0.00006280
  0.178092  -0.0000   0.00006370
  0.179492  -0.0000   0.00006461
  0.180998  -0.0000   0.00006551
  0.182612  -0.0000   0.00006642
  0.184337  -0.0000   0.00006732
  0.185843  -0.0000   0.00006807
  0.187427  -0.0000   0.00006882
  0.189091  -0.0000   0.00006956
  0.189248  -0.0000   0.00006963
  0.189405  -0.0000   0.00006970
  0.189531  -0.0000   0.00006977
  0.189658  -0.0000   0.00006988
  0.189823  -0.0000   0.00007004
  0.189976  -0.0000   0.00007020
  0.190124  -0.0000   0.00007035
  0.190344  -0.0000   0.00007059
  0.190682  -0.0000   0.00007094
  0.191219  -0.0000   0.00007148
  0.192044  -0.0000   0.00007224
  0.192928  -0.0000   0.00007300
  0.193867  -0.0000   0.00007375
  0.194863  -0.0000   0.00007451
  0.196126  -0.0000   0.00007542
  0.197472  -0.0000   0.00007632
  0.198903  -0.0000   0.00007722
  0.200640  -0.0000   0.00007825
  0.202169  -0.0000   0.00007910
  0.203779  -0.0000   0.00007996
  0.205470  -0.0000   0.00008081
  0.205832  -0.0000   0.00008099
  0.206197  -0.0000   0.00008117
  0.206566  -0.0000   0.00008135
  0.206737  -0.0000   0.00008145
  0.206851  -0.0000   0.00008154
  0.206952  -0.0000   0.00008164
  0.207091  -0.0000   0.00008178
  0.207223  -0.0000   0.00008192
  0.207415  -0.0000   0.00008213
  0.207706  -0.0000   0.00008245
  0.208159  -0.0000   0.00008293
  0.208886  -0.0000   0.00008365
  0.209657  -0.0000   0.00008437
  0.210471  -0.0000   0.00008509
  0.211327  -0.0000   0.00008581
  0.212704  -0.0000   0.00008689
  0.214176  -0.0000   0.00008797
  0.215746  -0.0000   0.00008905
  0.217416  -0.0000   0.00009013
  0.219188  -0.0000   0.00009120
  0.221065  -0.0000   0.00009228
  0.223047  -0.0000   0.00009336
  0.223268  -0.0000   0.00009348
  0.223491  -0.0000   0.00009360
  0.223714  -0.0000   0.00009372
  0.223994  -0.0000   0.00009390
  0.224132  -0.0000   0.00009403
  0.224258  -0.0000   0.00009416
  0.224376  -0.0000   0.00009429
  0.224546  -0.0000   0.00009448
  0.224799  -0.0000   0.00009477
  0.225187  -0.0000   0.00009520
  0.225804  -0.0000   0.00009585
  0.226452  -0.0000   0.00009650
  0.227131  -0.0000   0.00009715
  0.227839  -0.0000   0.00009780
  0.228965  -0.0000   0.00009877
  0.230756  -0.0000   0.00010020
  0.232453  -0.0000   0.00010170
  0.234111  -0.0000   0.00010320
  0.235736  -0.0000   0.00010460
  0.238105  -0.0000   0.00010680
  0.240459  -0.0000   0.00010910
  0.240615  -0.0000   0.00010920
  0.240769  -0.0000   0.00010940
  0.240924  -0.0000   0.00010950
  0.241074  -0.0000   0.00010970
  0.241200  -0.0000   0.00010990
  0.241316  -0.0000   0.00011020
  0.241426  -0.0000   0.00011040
  0.241586  -0.0000   0.00011070
  0.241820  -0.0000   0.00011120
  0.242172  -0.0000   0.00011200
  0.242705  -0.0000   0.00011310
  0.243468  -0.0000   0.00011470
  0.244231  -0.0000   0.00011630
  0.244991  -0.0000   0.00011790
  0.246119  -0.0000   0.00012030
  0.247786  -0.0000   0.00012390
  0.250227  -0.0000   0.00012940
  0.252610  -0.0000   0.00013480
  0.254936  -0.0000   0.00014020
  0.257205  -0.0000   0.00014560
  0.257369  -0.0000   0.00014600
  0.257533  -0.0000   0.00014640
  0.257696  -0.0000   0.00014680
  0.257872  -0.0000   0.00014740
  0.258009  -0.0000   0.00014800
  0.258134  -0.0000   0.00014860
  0.258255  -0.0000   0.00014910
  0.258430  -0.0000   0.00015000
  0.258691  -0.0000   0.00015140
  0.259086  -0.0000   0.00015330
  0.259684  -0.0000   0.00015630
  0.260440  -0.0000   0.00016010
  0.261193  -0.0000   0.00016380
  0.262316  -0.0000   0.00016950
  0.263975  -0.0000   0.00017790
  0.266410  -0.0000   0.00019060
  0.268791  -0.0000   0.00020330
  0.271118  -0.0000   0.00021600
  0.273392  -0.0000   0.00022870
  0.273632  -0.0000   0.00023000
  0.273871  -0.0000   0.00023130
  0.274109  -0.0000   0.00023270
  0.274466  -0.0000   0.00023470
  0.274598  -0.0000   0.00023570
  0.274700  -0.0000   0.00023660
  0.274794  -0.0000   0.00023760
  0.274926  -0.0000   0.00023900
  0.275116  -0.0000   0.00024110
  0.275401  -0.0000   0.00024440
  0.275832  -0.0000   0.00024920
  0.276484  -0.0000   0.00025650
  0.277137  -0.0000   0.00026370
  0.277788  -0.0000   0.00027100
  0.278759  -0.0000   0.00028180
  0.280199  -0.0000   0.00029820
  0.282320  -0.0000   0.00032260
  0.284365  -0.0000   0.00034660
  0.286372  -0.0000   0.00037070
  0.288342  -0.0000   0.00039470
  0.291108  -0.0000   0.00042940
  0.291248  -0.0000   0.00043110
  0.291344  -0.0000   0.00043290
  0.291429  -0.0000   0.00043460
  0.291545  -0.0000   0.00043730
  0.291658  -0.0000   0.00043990
  0.291822  -0.0000   0.00044390
  0.292069  -0.0000   0.00044980
  0.292444  -0.0000   0.00045880
  0.293010  -0.0000   0.00047210
  0.293761  -0.0000   0.00048990
  0.294510  -0.0000   0.00050760
  0.295625  -0.0000   0.00053420
  0.297275  -0.0000   0.00057410
  0.299701  -0.0000   0.00063390
  0.302077  -0.0000   0.00069380
  0.304404  -0.0000   0.00075360
  0.306683  -0.0000   0.00081340
  0.306957  -0.0000   0.00082070
  0.307231  -0.0000   0.00082790
  0.307503  -0.0000   0.00083510
  0.307911  -0.0000   0.00084600
  0.308030  -0.0000   0.00085020
  0.308127  -0.0000   0.00085440
  0.308218  -0.0000   0.00085860
  0.308349  -0.0000   0.00086500
  0.308542  -0.0000   0.00087450
  0.308834  -0.0000   0.00088870
  0.309276  -0.0000   0.00091010
  0.309942  -0.0000   0.00094210
  0.310608  -0.0000   0.00097420
  0.311600  -0.0000   0.00102200
  0.313073  -0.0000   0.00109400
  0.315245  -0.0000   0.00120200
  0.317378  -0.0000   0.00131000
  0.319474  -0.0000   0.00141800
  0.321532  -0.0000   0.00152600
  0.324205  -0.0000   0.00167000
  0.324362  -0.0000   0.00167900
  0.324519  -0.0000   0.00168700
  0.324664  -0.0000   0.00169600
  0.324811  -0.0000   0.00170800
  0.324947  -0.0000   0.00172100
  0.325079  -0.0000   0.00173400
  0.325210  -0.0000   0.00174600
  0.325409  -0.0000   0.00176500
  0.325710  -0.0000   0.00179400
  0.326164  -0.0000   0.00183700
  0.326846  -0.0000   0.00190100
  0.327865  -0.0000   0.00199700
  0.329376  -0.0000   0.00214200
  0.331605  -0.0000   0.00235900
  0.333794  -0.0000   0.00257500
  0.335946  -0.0000   0.00279200
  0.338059  -0.0000   0.00300900
  0.340134  -0.0000   0.00322600
  0.340340  -0.0000   0.00324700
  0.340546  -0.0000   0.00326900
  0.340752  -0.0000   0.00329100
  0.341059  -0.0000   0.00332300
  0.341361  -0.0000   0.00335800
  0.341490  -0.0000   0.00337900
  0.341611  -0.0000   0.00340100
  0.341728  -0.0000   0.00342200
  0.341846  -0.0000   0.00344400
  0.342022  -0.0000   0.00347600
  0.342290  -0.0000   0.00352400
  0.342695  -0.0000   0.00359600
  0.343304  -0.0000   0.00370500
  0.344213  -0.0000   0.00386700
  0.345566  -0.0000   0.00411200
  0.347564  -0.0000   0.00447800
  0.349534  -0.0000   0.00484500
  0.351474  -0.0000   0.00521100
  0.353385  -0.0000   0.00557800
  0.356159  -0.0000   0.00612300
  0.356525  -0.0000   0.00619500
  0.356889  -0.0000   0.00626700
  0.357252  -0.0000   0.00633900
  0.357794  -0.0000   0.00644700
  0.357981  -0.0000   0.00648400
  0.358111  -0.0000   0.00652200
  0.358226  -0.0000   0.00655900
  0.358338  -0.0000   0.00659600
  0.358449  -0.0000   0.00663400
  0.358617  -0.0000   0.00669000
  0.358871  -0.0000   0.00677400
  0.359255  -0.0000   0.00689900
  0.359833  -0.0000   0.00708800
  0.360696  -0.0000   0.00737200
  0.361980  -0.0000   0.00779700
  0.363879  -0.0000   0.00843400
  0.365821  -0.0000   0.00909600
  0.367734  -0.0000   0.00975700
  0.369619  -0.0000   0.01042000
  0.372356  -0.0000   0.01140000
  0.373134  -0.0000   0.01168000
  0.373907  -0.0000   0.01196000
  0.374668  -0.0000   0.01224000
  0.374777  -0.0000   0.01230000
  0.374877  -0.0000   0.01236000
  0.374975  -0.0000   0.01242000
  0.375121  -0.0000   0.01251000
  0.375343  -0.0000   0.01264000
  0.375679  -0.0000   0.01284000
  0.376185  -0.0000   0.01313000
  0.376945  -0.0000   0.01358000
  0.378077  -0.0000   0.01425000
  0.379756  -0.0000   0.01525000
  0.382230  -0.0000   0.01675000
  0.384660  -0.0000   0.01825000
  0.387046  -0.0000   0.01976000
  0.389387  -0.0000   0.02126000
  0.390199  -0.0000   0.02178000
  0.391005  -0.0000   0.02231000
  0.391254  -0.0000   0.02247000
  0.391455  -0.0000   0.02263000
  0.391614  -0.0000   0.02280000
  0.391848  -0.0000   0.02304000
  0.392085  -0.0000   0.02329000
  0.392323  -0.0000   0.02353000
  0.392683  -0.0000   0.02390000
  0.393223  -0.0000   0.02444000
  0.394030  -0.0000   0.02527000
  0.395231  -0.0000   0.02650000
  0.397009  -0.0000   0.02835000
  0.399062  -0.0000   0.03053000
  0.401085  -0.0000   0.03270000
  0.403077  -0.0000   0.03487000
  0.405741  -0.0000   0.03783000
  0.406592  -0.0000   0.03879000
  0.407437  -0.0000   0.03974000
  0.407855  -0.0000   0.04021000
  0.408061  -0.0000   0.04048000
  0.408216  -0.0000   0.04075000
  0.408366  -0.0000   0.04101000
  0.408516  -0.0000   0.04128000
  0.408669  -0.0000   0.04154000
  0.408899  -0.0000   0.04194000
  0.409245  -0.0000   0.04254000
  0.409765  -0.0000   0.04344000
  0.410542  -0.0000   0.04479000
  0.411698  -0.0000   0.04681000
  0.413411  -0.0000   0.04984000
  0.415482  -0.0000   0.05356000
  0.417522  -0.0000   0.05727000
  0.419532  -0.0000   0.06099000
  0.422151  -0.0000   0.06593000
  0.424715  -0.0000   0.07088000
  0.424827  -0.0000   0.07118000
  0.424931  -0.0000   0.07149000
  0.425035  -0.0000   0.07180000
  0.425140  -0.0000   0.07211000
  0.425298  -0.0000   0.07257000
  0.425537  -0.0000   0.07327000
  0.425898  -0.0000   0.07431000
  0.426439  -0.0000   0.07588000
  0.427249  -0.0000   0.07822000
  0.428454  -0.0000   0.08174000
  0.430242  -0.0000   0.08702000
  0.432877  -0.0000   0.09494000
  0.435464  -0.0000   0.10300000
  0.438002  -0.0000   0.11100000
  0.440490  -0.0000   0.11900000
  0.440711  -0.0000   0.11900000
  0.440930  -0.0000   0.12000000
  0.441150  -0.0000   0.12100000
  0.441473  -0.0000   0.12200000
  0.441588  -0.0000   0.12200000
  0.441698  -0.0000   0.12300000
  0.441807  -0.0000   0.12300000
  0.441917  -0.0000   0.12400000
  0.442084  -0.0000   0.12500000
  0.442336  -0.0000   0.12600000
  0.442716  -0.0000   0.12800000
  0.443284  -0.0000   0.13000000
  0.444133  -0.0000   0.13400000
  0.445395  -0.0000   0.14000000
  0.447264  -0.0000   0.14900000
  0.449313  -0.0000   0.15900000
  0.451333  -0.0000   0.16900000
  0.453324  -0.0000   0.17900000
  0.455286  -0.0000   0.18900000
  0.457218  -0.0000   0.19900000
  0.457449  -0.0000   0.20100000
  0.457680  -0.0000   0.20200000
  0.457910  -0.0000   0.20300000
  0.458097  -0.0000   0.20400000
  0.458249  -0.0000   0.20500000
  0.458401  -0.0000   0.20600000
  0.458632  -0.0000   0.20800000
  0.458865  -0.0000   0.21000000
  0.459215  -0.0000   0.21300000
  0.459740  -0.0000   0.21700000
  0.460523  -0.0000   0.22200000
  0.461690  -0.0000   0.23100000
  0.462994  -0.0000   0.24100000
  0.464287  -0.0000   0.25100000
  0.465568  -0.0000   0.26100000
  0.466838  -0.0000   0.27100000
  0.468097  -0.0000   0.28100000
  0.469344  -0.0000   0.29100000
  0.470581  -0.0000   0.30100000
  0.471806  -0.0000   0.31100000
  0.473019  -0.0000   0.32100000
  0.474221  -0.0000   0.33100000
  0.474473  -0.0000   0.33300000
  0.474723  -0.0000   0.33500000
  0.474867  -0.0000   0.33700000
  0.474999  -0.0000   0.33900000
  0.475132  -0.0000   0.34000000
  0.475265  -0.0000   0.34200000
  0.475467  -0.0000   0.34400000
  0.475772  -0.0000   0.34800000
  0.476228  -0.0000   0.35300000
  0.476911  -0.0000   0.36100000
  0.477750  -0.0000   0.37100000
  0.478584  -0.0000   0.38100000
  0.479414  -0.0000   0.39100000
  0.480238  -0.0000   0.40100000
  0.481058  -0.0000   0.41100000
  0.481873  -0.0000   0.42100000
  0.482683  -0.0000   0.43100000
  0.483490  -0.0000   0.44100000
  0.484291  -0.0000   0.45100000
  0.485088  -0.0000   0.46100000
  0.485881  -0.0000   0.47100000
  0.486669  -0.0000   0.48100000
  0.487453  -0.0000   0.49100000
  0.488232  -0.0000   0.50100000
  0.489007  -0.0000   0.51100000
  0.489777  -0.0000   0.52100000
  0.490542  -0.0000   0.53100000
  0.491302  -0.0000   0.54100000
  0.491484  -0.0000   0.54400000
  0.491618  -0.0000   0.54600000
  0.491750  -0.0000   0.54900000
  0.491884  -0.0000   0.55100000
  0.492018  -0.0000   0.55400000
  0.492221  -0.0000   0.55700000
  0.492527  -0.0000   0.56300000
  0.492985  -0.0000   0.57100000
  0.493529  -0.0000   0.58100000
  0.494072  -0.0000   0.59100000
  0.494612  -0.0000   0.60100000
  0.495151  -0.0000   0.61100000
  0.495687  -0.0000   0.62100000
  0.496221  -0.0000   0.63100000
  0.496754  -0.0000   0.64100000
  0.497284  -0.0000   0.65100000
  0.497812  -0.0000   0.66100000
  0.498339  -0.0000   0.67100000
  0.498863  -0.0000   0.68100000
  0.499386  -0.0000   0.69100000
  0.499907  -0.0000   0.70100000
  0.500426  -0.0000   0.71100000
  0.500943  -0.0000   0.72100000
  0.501458  -0.0000   0.73100000
  0.501971  -0.0000   0.74100000
  0.502483  -0.0000   0.75100000
  0.502993  -0.0000   0.76100000
  0.503501  -0.0000   0.77100000
  0.504007  -0.0000   0.78100000
  0.504511  -0.0000   0.79100000
  0.505013  -0.0000   0.80100000
  0.505513  -0.0000   0.81100000
  0.506012  -0.0000   0.82100000
  0.506508  -0.0000   0.83100000
  0.507003  -0.0000   0.84100000
  0.507496  -0.0000   0.85100000
  0.507987  -0.0000   0.86100000
  0.508215  -0.0000   0.86600000
  0.508390  -0.0000   0.87100000
  0.508565  -0.0000   0.87600000
  0.508743  -0.0000   0.88100000
  0.508921  -0.0000   0.88600000
  0.509189  -0.0000   0.89400000
  0.509547  -0.0000   0.90400000
  0.509904  -0.0000   0.91400000
  0.510261  -0.0000   0.92400000
  0.510616  -0.0000   0.93400000
  0.510971  -0.0000   0.94400000
  0.511325  -0.0000   0.95400000
  0.511678  -0.0000   0.96400000
  0.512030  -0.0000   0.97400000
  0.512381  -0.0000   0.98400000
  0.512731  -0.0000   0.99400000
  0.512943  -0.0000   1.00000000
  0.511080  -0.0000   1.00000000
  0.511080  -0.0000   1.00000000
  0.511080  -0.0000   1.00000000
  0.511080  -0.0000   1.00000000
  0.511079  -0.0000   1.00000000
  0.511079  -0.0000   1.00000000
  0.511078  -0.0000   1.00000000
  0.511076  -0.0000   1.00000000
  0.511073  -0.0000   1.00000000
  0.511066  -0.0000   1.00000000
  0.511052  -0.0000   1.00000000
  0.511031  -0.0000   1.00000000
  0.511026  -0.0000   1.00000000
