  0.000049  -0.0000   0.00000010
  0.000106  -0.0000   0.00000020
  0.000287  -0.0000   0.00000030
  0.003338  -0.0000   0.00000045
  0.006348  -0.0000   0.00000067
  0.006543  -0.0000   0.00000101
  0.006835  -0.0000   0.00000152
  0.007284  -0.0000   0.00000228
  0.007987  -0.0000   0.00000342
  0.008715  -0.0000   0.00000453
  0.009493  -0.0000   0.00000564
  0.010330  -0.0000   0.00000675
  0.011234  -0.0000   0.00000787
  0.012212  -0.0000   0.00000898
  0.013048  -0.0000   0.00000987
  0.013937  -0.0000   0.00001077
  0.014884  -0.0000   0.00001166
  0.015889  -0.0000   0.00001255
  0.016954  -0.0000   0.00001345
  0.018083  -0.0000   0.00001434
  0.019276  -0.0000   0.00001523
  0.020537  -0.0000   0.00001613
  0.021309  -0.0000   0.00001702
  0.021486  -0.0000   0.00001756
  0.021659  -0.0000   0.00001810
  0.021830  -0.0000   0.00001864
  0.022084  -0.0000   0.00001945
  0.022335  -0.0000   0.00002026
  0.022584  -0.0000   0.00002107
  0.022834  -0.0000   0.00002188
  0.023209  -0.0000   0.00002309
  0.023587  -0.0000   0.00002430
  0.024064  -0.0000   0.00002581
  0.024550  -0.0000   0.00002731
  0.025216  -0.0000   0.00002929
  0.025909  -0.0000   0.00003128
  0.027022  -0.0000   0.00003426
  0.028222  -0.0000   0.00003723
  0.029159  -0.0000   0.00003943
  0.030152  -0.0000   0.00004162
  0.031205  -0.0000   0.00004382
  0.032347  -0.0000   0.00004606
  0.033559  -0.0000   0.00004830
  0.034843  -0.0000   0.00005055
  0.036001  -0.0000   0.00005247
  0.037215  -0.0000   0.00005440
  0.038486  -0.0000   0.00005633
  0.039720  -0.0000   0.00005813
  0.041006  -0.0000   0.00005992
  0.041494  -0.0000   0.00006067
  0.041725  -0.0000   0.00006141
  0.041950  -0.0000   0.00006215
  0.042281  -0.0000   0.00006326
  0.042606  -0.0000   0.00006438
  0.042927  -0.0000   0.00006549
  0.043246  -0.0000   0.00006660
  0.043700  -0.0000   0.00006820
  0.044155  -0.0000   0.00006980
  0.044801  -0.0000   0.00007205
  0.045457  -0.0000   0.00007430
  0.046415  -0.0000   0.00007748
  0.047410  -0.0000   0.00008067
  0.049001  -0.0000   0.00008545
  0.050704  -0.0000   0.00009023
  0.052531  -0.0000   0.00009501
  0.054489  -0.0000   0.00009978
  0.056072  -0.0000   0.00010460
  0.057613  -0.0000   0.00010930
  0.059131  -0.0000   0.00011410
  0.061370  -0.0000   0.00012130
  0.061616  -0.0000   0.00012210
  0.061749  -0.0000   0.00012290
  0.061879  -0.0000   0.00012370
  0.062068  -0.0000   0.00012490
  0.062339  -0.0000   0.00012670
  0.062725  -0.0000   0.00012950
  0.063179  -0.0000   0.00013280
  0.063615  -0.0000   0.00013620
  0.064036  -0.0000   0.00013960
  0.064647  -0.0000   0.00014460
  0.065438  -0.0000   0.00015140
  0.066373  -0.0000   0.00015970
  0.067293  -0.0000   0.00016790
  0.068654  -0.0000   0.00018020
  0.070003  -0.0000   0.00019260
  0.072009  -0.0000   0.00021110
  0.074602  -0.0000   0.00023520
  0.077869  -0.0000   0.00026600
  0.080977  -0.0000   0.00029670
  0.081140  -0.0000   0.00029930
  0.081297  -0.0000   0.00030190
  0.081451  -0.0000   0.00030440
  0.081674  -0.0000   0.00030830
  0.081996  -0.0000   0.00031400
  0.082460  -0.0000   0.00032270
  0.083129  -0.0000   0.00033560
  0.083963  -0.0000   0.00035220
  0.084786  -0.0000   0.00036880
  0.086009  -0.0000   0.00039360
  0.087663  -0.0000   0.00042740
  0.089313  -0.0000   0.00046120
  0.090958  -0.0000   0.00049490
  0.093416  -0.0000   0.00054560
  0.097074  -0.0000   0.00062160
  0.097581  -0.0000   0.00063220
  0.098088  -0.0000   0.00064270
  0.098594  -0.0000   0.00065330
  0.099352  -0.0000   0.00066910
  0.100378  -0.0000   0.00069290
  0.100623  -0.0000   0.00070090
  0.100860  -0.0000   0.00070890
  0.101090  -0.0000   0.00071690
  0.101425  -0.0000   0.00072900
  0.101915  -0.0000   0.00074700
  0.102634  -0.0000   0.00077400
  0.103700  -0.0000   0.00081460
  0.105077  -0.0000   0.00086720
  0.106452  -0.0000   0.00091980
  0.107825  -0.0000   0.00097240
  0.109881  -0.0000   0.00105100
  0.112950  -0.0000   0.00117000
  0.117514  -0.0000   0.00134700
  0.117850  -0.0000   0.00136000
  0.118186  -0.0000   0.00137300
  0.118522  -0.0000   0.00138700
  0.119025  -0.0000   0.00140600
  0.119741  -0.0000   0.00143600
  0.120022  -0.0000   0.00145200
  0.120293  -0.0000   0.00146800
  0.120558  -0.0000   0.00148400
  0.120945  -0.0000   0.00150800
  0.121515  -0.0000   0.00154400
  0.122363  -0.0000   0.00159800
  0.123631  -0.0000   0.00168000
  0.125120  -0.0000   0.00177500
  0.126609  -0.0000   0.00187100
  0.128095  -0.0000   0.00196600
  0.130319  -0.0000   0.00211000
  0.133638  -0.0000   0.00232500
  0.138574  -0.0000   0.00264800
  0.138856  -0.0000   0.00266600
  0.139137  -0.0000   0.00268500
  0.139378  -0.0000   0.00270300
  0.139678  -0.0000   0.00273100
  0.140110  -0.0000   0.00277200
  0.140742  -0.0000   0.00283500
  0.141368  -0.0000   0.00289700
  0.142305  -0.0000   0.00299000
  0.143642  -0.0000   0.00312300
  0.144979  -0.0000   0.00325700
  0.146981  -0.0000   0.00345600
  0.149974  -0.0000   0.00375600
  0.154433  -0.0000   0.00420600
  0.155166  -0.0000   0.00428000
  0.155897  -0.0000   0.00435400
  0.156627  -0.0000   0.00442800
  0.157721  -0.0000   0.00453900
  0.158827  -0.0000   0.00465100
  0.159150  -0.0000   0.00469300
  0.159445  -0.0000   0.00473400
  0.159733  -0.0000   0.00477500
  0.160159  -0.0000   0.00483700
  0.160794  -0.0000   0.00492900
  0.161744  -0.0000   0.00506800
  0.163169  -0.0000   0.00527700
  0.164594  -0.0000   0.00548500
  0.166728  -0.0000   0.00579800
  0.169915  -0.0000   0.00626700
  0.174665  -0.0000   0.00697000
  0.175239  -0.0000   0.00705500
  0.175813  -0.0000   0.00714000
  0.176386  -0.0000   0.00722500
  0.177244  -0.0000   0.00735300
  0.178528  -0.0000   0.00754500
  0.178818  -0.0000   0.00759700
  0.179081  -0.0000   0.00764900
  0.179339  -0.0000   0.00770100
  0.179721  -0.0000   0.00777900
  0.180291  -0.0000   0.00789600
  0.181146  -0.0000   0.00807100
  0.182429  -0.0000   0.00833400
  0.183710  -0.0000   0.00859800
  0.185630  -0.0000   0.00899300
  0.188500  -0.0000   0.00958500
  0.192782  -0.0000   0.01047000
  0.194809  -0.0000   0.01090000
  0.196830  -0.0000   0.01132000
  0.198068  -0.0000   0.01158000
  0.198497  -0.0000   0.01167000
  0.198858  -0.0000   0.01177000
  0.199214  -0.0000   0.01187000
  0.199743  -0.0000   0.01202000
  0.200271  -0.0000   0.01217000
  0.201064  -0.0000   0.01239000
  0.202253  -0.0000   0.01272000
  0.204035  -0.0000   0.01321000
  0.206700  -0.0000   0.01396000
  0.210680  -0.0000   0.01508000
  0.216605  -0.0000   0.01675000
  0.217000  -0.0000   0.01686000
  0.217395  -0.0000   0.01698000
  0.217790  -0.0000   0.01709000
  0.218325  -0.0000   0.01726000
  0.218806  -0.0000   0.01743000
  0.219282  -0.0000   0.01761000
  0.219758  -0.0000   0.01778000
  0.220233  -0.0000   0.01795000
  0.220947  -0.0000   0.01822000
  0.222017  -0.0000   0.01861000
  0.223620  -0.0000   0.01920000
  0.226018  -0.0000   0.02008000
  0.229600  -0.0000   0.02141000
  0.234940  -0.0000   0.02340000
  0.235403  -0.0000   0.02357000
  0.235866  -0.0000   0.02374000
  0.236329  -0.0000   0.02391000
  0.237022  -0.0000   0.02417000
  0.238028  -0.0000   0.02456000
  0.238369  -0.0000   0.02472000
  0.238706  -0.0000   0.02488000
  0.239042  -0.0000   0.02504000
  0.239545  -0.0000   0.02527000
  0.240300  -0.0000   0.02563000
  0.241433  -0.0000   0.02617000
  0.243130  -0.0000   0.02697000
  0.245668  -0.0000   0.02817000
  0.249460  -0.0000   0.02998000
  0.255113  -0.0000   0.03269000
  0.255554  -0.0000   0.03291000
  0.255994  -0.0000   0.03312000
  0.256434  -0.0000   0.03333000
  0.257094  -0.0000   0.03365000
  0.258009  -0.0000   0.03412000
  0.258507  -0.0000   0.03442000
  0.259002  -0.0000   0.03471000
  0.259498  -0.0000   0.03501000
  0.260241  -0.0000   0.03545000
  0.261356  -0.0000   0.03612000
  0.263025  -0.0000   0.03711000
  0.265523  -0.0000   0.03861000
  0.269254  -0.0000   0.04086000
  0.274817  -0.0000   0.04423000
  0.275280  -0.0000   0.04451000
  0.275743  -0.0000   0.04479000
  0.276205  -0.0000   0.04507000
  0.276898  -0.0000   0.04549000
  0.277860  -0.0000   0.04612000
  0.278385  -0.0000   0.04651000
  0.278908  -0.0000   0.04689000
  0.279431  -0.0000   0.04728000
  0.279955  -0.0000   0.04767000
  0.280740  -0.0000   0.04825000
  0.281916  -0.0000   0.04912000
  0.283677  -0.0000   0.05043000
  0.286311  -0.0000   0.05239000
  0.290245  -0.0000   0.05534000
  0.296112  -0.0000   0.05975000
  0.296539  -0.0000   0.06008000
  0.296966  -0.0000   0.06040000
  0.297392  -0.0000   0.06072000
  0.297757  -0.0000   0.06105000
  0.298119  -0.0000   0.06137000
  0.298480  -0.0000   0.06170000
  0.299023  -0.0000   0.06219000
  0.299836  -0.0000   0.06293000
  0.301056  -0.0000   0.06404000
  0.302882  -0.0000   0.06570000
  0.305613  -0.0000   0.06818000
  0.309692  -0.0000   0.07192000
  0.315773  -0.0000   0.07751000
  0.316219  -0.0000   0.07793000
  0.316666  -0.0000   0.07834000
  0.317112  -0.0000   0.07875000
  0.317574  -0.0000   0.07924000
  0.318020  -0.0000   0.07972000
  0.318465  -0.0000   0.08021000
  0.318911  -0.0000   0.08070000
  0.319580  -0.0000   0.08143000
  0.320583  -0.0000   0.08253000
  0.322084  -0.0000   0.08418000
  0.324330  -0.0000   0.08664000
  0.327688  -0.0000   0.09035000
  0.332699  -0.0000   0.09591000
  0.333483  -0.0000   0.09678000
  0.334266  -0.0000   0.09765000
  0.335048  -0.0000   0.09852000
  0.336220  -0.0000   0.10000000
  0.336921  -0.0000   0.10100000
  0.337417  -0.0000   0.10100000
  0.337892  -0.0000   0.10200000
  0.338367  -0.0000   0.10200000
  0.338843  -0.0000   0.10300000
  0.339556  -0.0000   0.10400000
  0.340625  -0.0000   0.10500000
  0.342226  -0.0000   0.10800000
  0.344620  -0.0000   0.11100000
  0.348198  -0.0000   0.11500000
  0.353537  -0.0000   0.12200000
  0.354156  -0.0000   0.12300000
  0.354773  -0.0000   0.12400000
  0.355391  -0.0000   0.12500000
  0.356316  -0.0000   0.12600000
  0.356998  -0.0000   0.12700000
  0.357438  -0.0000   0.12800000
  0.357877  -0.0000   0.12800000
  0.358316  -0.0000   0.12900000
  0.358756  -0.0000   0.13000000
  0.359416  -0.0000   0.13100000
  0.360404  -0.0000   0.13200000
  0.361884  -0.0000   0.13500000
  0.364099  -0.0000   0.13800000
  0.367410  -0.0000   0.14300000
  0.372354  -0.0000   0.15100000
  0.373506  -0.0000   0.15300000
  0.374656  -0.0000   0.15500000
  0.375805  -0.0000   0.15600000
  0.376705  -0.0000   0.15800000
  0.377152  -0.0000   0.15900000
  0.377584  -0.0000   0.15900000
  0.378017  -0.0000   0.16000000
  0.378666  -0.0000   0.16100000
  0.379640  -0.0000   0.16300000
  0.381098  -0.0000   0.16600000
  0.383279  -0.0000   0.17000000
  0.386540  -0.0000   0.17600000
  0.391409  -0.0000   0.18500000
  0.396811  -0.0000   0.19500000
  0.397167  -0.0000   0.19500000
  0.397521  -0.0000   0.19600000
  0.397876  -0.0000   0.19700000
  0.398409  -0.0000   0.19800000
  0.399209  -0.0000   0.20000000
  0.400407  -0.0000   0.20200000
  0.402202  -0.0000   0.20600000
  0.404888  -0.0000   0.21200000
  0.408904  -0.0000   0.22000000
  0.413584  -0.0000   0.23000000
  0.414650  -0.0000   0.23300000
  0.415715  -0.0000   0.23500000
  0.416760  -0.0000   0.23700000
  0.417193  -0.0000   0.23800000
  0.417627  -0.0000   0.23900000
  0.418061  -0.0000   0.24000000
  0.418712  -0.0000   0.24200000
  0.419688  -0.0000   0.24400000
  0.421150  -0.0000   0.24800000
  0.423337  -0.0000   0.25300000
  0.426608  -0.0000   0.26100000
  0.430676  -0.0000   0.27100000
  0.434730  -0.0000   0.28100000
  0.435380  -0.0000   0.28300000
  0.436031  -0.0000   0.28400000
  0.436651  -0.0000   0.28600000
  0.437163  -0.0000   0.28700000
  0.437676  -0.0000   0.28900000
  0.438190  -0.0000   0.29000000
  0.438959  -0.0000   0.29200000
  0.440112  -0.0000   0.29600000
  0.441838  -0.0000   0.30000000
  0.444420  -0.0000   0.30800000
  0.447975  -0.0000   0.31800000
  0.451519  -0.0000   0.32800000
  0.455052  -0.0000   0.33800000
  0.455681  -0.0000   0.33900000
  0.456310  -0.0000   0.34100000
  0.456878  -0.0000   0.34300000
  0.457438  -0.0000   0.34500000
  0.457999  -0.0000   0.34700000
  0.458560  -0.0000   0.34800000
  0.459401  -0.0000   0.35100000
  0.460660  -0.0000   0.35500000
  0.462545  -0.0000   0.36100000
  0.465363  -0.0000   0.37000000
  0.468480  -0.0000   0.38000000
  0.471589  -0.0000   0.39000000
  0.474690  -0.0000   0.40000000
  0.475498  -0.0000   0.40300000
  0.476303  -0.0000   0.40500000
  0.476741  -0.0000   0.40700000
  0.477179  -0.0000   0.40800000
  0.477617  -0.0000   0.41000000
  0.478055  -0.0000   0.41200000
  0.478713  -0.0000   0.41400000
  0.479697  -0.0000   0.41700000
  0.481172  -0.0000   0.42300000
  0.483378  -0.0000   0.43100000
  0.486133  -0.0000   0.44100000
  0.488882  -0.0000   0.45100000
  0.491624  -0.0000   0.46100000
  0.494360  -0.0000   0.47100000
  0.495603  -0.0000   0.47500000
  0.496427  -0.0000   0.47800000
  0.496943  -0.0000   0.48100000
  0.497460  -0.0000   0.48300000
  0.497978  -0.0000   0.48500000
  0.498495  -0.0000   0.48700000
  0.499270  -0.0000   0.49000000
  0.500431  -0.0000   0.49500000
  0.502169  -0.0000   0.50200000
  0.504616  -0.0000   0.51200000
  0.507057  -0.0000   0.52200000
  0.509493  -0.0000   0.53200000
  0.511924  -0.0000   0.54200000
  0.514351  -0.0000   0.55200000
  0.515909  -0.0000   0.55800000
  0.516408  -0.0000   0.56000000
  0.516887  -0.0000   0.56300000
  0.517367  -0.0000   0.56500000
  0.518086  -0.0000   0.56800000
  0.518804  -0.0000   0.57100000
  0.519881  -0.0000   0.57600000
  0.521492  -0.0000   0.58400000
  0.523674  -0.0000   0.59400000
  0.525851  -0.0000   0.60400000
  0.528024  -0.0000   0.61400000
  0.530193  -0.0000   0.62400000
  0.532358  -0.0000   0.63400000
  0.534520  -0.0000   0.64400000
  0.536017  -0.0000   0.65100000
  0.536470  -0.0000   0.65300000
  0.536917  -0.0000   0.65500000
  0.537365  -0.0000   0.65700000
  0.538036  -0.0000   0.66100000
  0.539042  -0.0000   0.66600000
  0.540548  -0.0000   0.67400000
  0.542502  -0.0000   0.68400000
  0.544453  -0.0000   0.69400000
  0.546400  -0.0000   0.70400000
  0.548343  -0.0000   0.71400000
  0.550284  -0.0000   0.72400000
  0.552222  -0.0000   0.73400000
  0.554157  -0.0000   0.74400000
  0.556083  -0.0000   0.75400000
  0.556506  -0.0000   0.75600000
  0.556929  -0.0000   0.75800000
  0.557353  -0.0000   0.76100000
  0.557988  -0.0000   0.76400000
  0.558941  -0.0000   0.77000000
  0.560367  -0.0000   0.77800000
  0.562122  -0.0000   0.78800000
  0.563874  -0.0000   0.79800000
  0.565624  -0.0000   0.80800000
  0.567371  -0.0000   0.81800000
  0.569116  -0.0000   0.82800000
  0.570859  -0.0000   0.83800000
  0.572599  -0.0000   0.84800000
  0.574337  -0.0000   0.85800000
  0.576068  -0.0000   0.86800000
  0.576498  -0.0000   0.87100000
  0.576930  -0.0000   0.87300000
  0.577362  -0.0000   0.87600000
  0.578009  -0.0000   0.88000000
  0.578979  -0.0000   0.88600000
  0.580432  -0.0000   0.89500000
  0.582016  -0.0000   0.90500000
  0.583596  -0.0000   0.91500000
  0.585175  -0.0000   0.92500000
  0.586752  -0.0000   0.93500000
  0.588327  -0.0000   0.94500000
  0.589899  -0.0000   0.95500000
  0.591470  -0.0000   0.96500000
  0.593040  -0.0000   0.97500000
  0.594607  -0.0000   0.98500000
  0.596152  -0.0000   0.99500000
  0.596678  -0.0000   0.99900000
  0.596806  -0.0000   1.00000000
  0.596228  -0.0000   1.00000000
  0.596228  -0.0000   1.00000000
  0.596228  -0.0000   1.00000000
  0.596228  -0.0000   1.00000000
  0.596228  -0.0000   1.00000000
  0.596228  -0.0000   1.00000000
  0.596228  -0.0000   1.00000000
  0.596228  -0.0000   1.00000000
  0.596227  -0.0000   1.00000000
  0.596226  -0.0000   1.00000000
  0.596225  -0.0000   1.00000000
  0.596222  -0.0000   1.00000000
