  0.000057  -0.0000   0.00000010
  0.000144  -0.0000   0.00000020
  0.000341  -0.0000   0.00000027
  0.001799  -0.0000   0.00000035
  0.006475  -0.0000   0.00000039
  0.006644  -0.0000   0.00000043
  0.006839  -0.0000   0.00000046
  0.006967  -0.0000   0.00000048
  0.007116  -0.0000   0.00000051
  0.007290  -0.0000   0.00000053
  0.007617  -0.0000   0.00000056
  0.007913  -0.0000   0.00000058
  0.008257  -0.0000   0.00000061
  0.008652  -0.0000   0.00000063
  0.009099  -0.0000   0.00000066
  0.009600  -0.0000   0.00000068
  0.010155  -0.0000   0.00000071
  0.010764  -0.0000   0.00000073
  0.011424  -0.0000   0.00000075
  0.012133  -0.0000   0.00000078
  0.012887  -0.0000   0.00000080
  0.013683  -0.0000   0.00000083
  0.014518  -0.0000   0.00000085
  0.015387  -0.0000   0.00000088
  0.016522  -0.0000   0.00000091
  0.017701  -0.0000   0.00000094
  0.018918  -0.0000   0.00000097
  0.019054  -0.0000   0.00000097
  0.019191  -0.0000   0.00000098
  0.019327  -0.0000   0.00000098
  0.019533  -0.0000   0.00000099
  0.019602  -0.0000   0.00000099
  0.019611  -0.0000   0.00000099
  0.019618  -0.0000   0.00000099
  0.019626  -0.0000   0.00000100
  0.019632  -0.0000   0.00000100
  0.019640  -0.0000   0.00000100
  0.019649  -0.0000   0.00000101
  0.019661  -0.0000   0.00000102
  0.019676  -0.0000   0.00000104
  0.019695  -0.0000   0.00000107
  0.019720  -0.0000   0.00000111
  0.019755  -0.0000   0.00000117
  0.019806  -0.0000   0.00000126
  0.019893  -0.0000   0.00000140
  0.020082  -0.0000   0.00000161
  0.020227  -0.0000   0.00000173
  0.020412  -0.0000   0.00000186
  0.020647  -0.0000   0.00000198
  0.020854  -0.0000   0.00000207
  0.021096  -0.0000   0.00000216
  0.021378  -0.0000   0.00000225
  0.021682  -0.0000   0.00000234
  0.022027  -0.0000   0.00000242
  0.022418  -0.0000   0.00000251
  0.022815  -0.0000   0.00000259
  0.023254  -0.0000   0.00000266
  0.023737  -0.0000   0.00000274
  0.024244  -0.0000   0.00000282
  0.024795  -0.0000   0.00000289
  0.025389  -0.0000   0.00000297
  0.026035  -0.0000   0.00000305
  0.026727  -0.0000   0.00000312
  0.027465  -0.0000   0.00000320
  0.028416  -0.0000   0.00000329
  0.029435  -0.0000   0.00000338
  0.030522  -0.0000   0.00000347
  0.031676  -0.0000   0.00000357
  0.032898  -0.0000   0.00000366
  0.034188  -0.0000   0.00000375
  0.035547  -0.0000   0.00000384
  0.035610  -0.0000   0.00000384
  0.035625  -0.0000   0.00000385
  0.035636  -0.0000   0.00000385
  0.035651  -0.0000   0.00000386
  0.035663  -0.0000   0.00000387
  0.035679  -0.0000   0.00000388
  0.035700  -0.0000   0.00000389
  0.035726  -0.0000   0.00000391
  0.035761  -0.0000   0.00000395
  0.035809  -0.0000   0.00000400
  0.035877  -0.0000   0.00000407
  0.035982  -0.0000   0.00000419
  0.036160  -0.0000   0.00000436
  0.036491  -0.0000   0.00000462
  0.036898  -0.0000   0.00000487
  0.037389  -0.0000   0.00000513
  0.037974  -0.0000   0.00000539
  0.038502  -0.0000   0.00000559
  0.039100  -0.0000   0.00000580
  0.039773  -0.0000   0.00000600
  0.040528  -0.0000   0.00000620
  0.041367  -0.0000   0.00000640
  0.042298  -0.0000   0.00000661
  0.043325  -0.0000   0.00000681
  0.044451  -0.0000   0.00000702
  0.045446  -0.0000   0.00000718
  0.046512  -0.0000   0.00000735
  0.047652  -0.0000   0.00000752
  0.049009  -0.0000   0.00000770
  0.050460  -0.0000   0.00000789
  0.052006  -0.0000   0.00000807
  0.052215  -0.0000   0.00000810
  0.052427  -0.0000   0.00000812
  0.052640  -0.0000   0.00000815
  0.052894  -0.0000   0.00000818
  0.052932  -0.0000   0.00000820
  0.052962  -0.0000   0.00000822
  0.052988  -0.0000   0.00000823
  0.053022  -0.0000   0.00000826
  0.053068  -0.0000   0.00000829
  0.053132  -0.0000   0.00000835
  0.053224  -0.0000   0.00000843
  0.053367  -0.0000   0.00000856
  0.053600  -0.0000   0.00000875
  0.054000  -0.0000   0.00000903
  0.054505  -0.0000   0.00000934
  0.055078  -0.0000   0.00000965
  0.055721  -0.0000   0.00000996
  0.056404  -0.0000   0.00001026
  0.057160  -0.0000   0.00001055
  0.057996  -0.0000   0.00001085
  0.058874  -0.0000   0.00001113
  0.059833  -0.0000   0.00001142
  0.060877  -0.0000   0.00001170
  0.062010  -0.0000   0.00001199
  0.063237  -0.0000   0.00001227
  0.064559  -0.0000   0.00001255
  0.065980  -0.0000   0.00001284
  0.067501  -0.0000   0.00001312
  0.069124  -0.0000   0.00001340
  0.069366  -0.0000   0.00001345
  0.069611  -0.0000   0.00001349
  0.069858  -0.0000   0.00001353
  0.070093  -0.0000   0.00001358
  0.070148  -0.0000   0.00001361
  0.070192  -0.0000   0.00001363
  0.070232  -0.0000   0.00001366
  0.070285  -0.0000   0.00001370
  0.070361  -0.0000   0.00001377
  0.070472  -0.0000   0.00001386
  0.070643  -0.0000   0.00001400
  0.070918  -0.0000   0.00001421
  0.071373  -0.0000   0.00001453
  0.072149  -0.0000   0.00001501
  0.073024  -0.0000   0.00001548
  0.074005  -0.0000   0.00001596
  0.075098  -0.0000   0.00001644
  0.076060  -0.0000   0.00001682
  0.077104  -0.0000   0.00001721
  0.078235  -0.0000   0.00001759
  0.079604  -0.0000   0.00001802
  0.080839  -0.0000   0.00001838
  0.082157  -0.0000   0.00001874
  0.083563  -0.0000   0.00001910
  0.085057  -0.0000   0.00001946
  0.086640  -0.0000   0.00001982
  0.086811  -0.0000   0.00001986
  0.086984  -0.0000   0.00001990
  0.087157  -0.0000   0.00001994
  0.087264  -0.0000   0.00001998
  0.087327  -0.0000   0.00002002
  0.087383  -0.0000   0.00002006
  0.087457  -0.0000   0.00002012
  0.087565  -0.0000   0.00002021
  0.087726  -0.0000   0.00002034
  0.087980  -0.0000   0.00002054
  0.088390  -0.0000   0.00002085
  0.089064  -0.0000   0.00002130
  0.089977  -0.0000   0.00002186
  0.090982  -0.0000   0.00002242
  0.092085  -0.0000   0.00002298
  0.093289  -0.0000   0.00002353
  0.094602  -0.0000   0.00002409
  0.096029  -0.0000   0.00002465
  0.097576  -0.0000   0.00002521
  0.098932  -0.0000   0.00002567
  0.100375  -0.0000   0.00002613
  0.101905  -0.0000   0.00002659
  0.103701  -0.0000   0.00002709
  0.103907  -0.0000   0.00002715
  0.104114  -0.0000   0.00002721
  0.104322  -0.0000   0.00002727
  0.104552  -0.0000   0.00002735
  0.104651  -0.0000   0.00002742
  0.104739  -0.0000   0.00002749
  0.104822  -0.0000   0.00002756
  0.104904  -0.0000   0.00002763
  0.105029  -0.0000   0.00002774
  0.105221  -0.0000   0.00002789
  0.105523  -0.0000   0.00002813
  0.106003  -0.0000   0.00002848
  0.106780  -0.0000   0.00002901
  0.107839  -0.0000   0.00002967
  0.108991  -0.0000   0.00003034
  0.110240  -0.0000   0.00003100
  0.111592  -0.0000   0.00003166
  0.113050  -0.0000   0.00003232
  0.114621  -0.0000   0.00003298
  0.116307  -0.0000   0.00003365
  0.118113  -0.0000   0.00003431
  0.119725  -0.0000   0.00003487
  0.121425  -0.0000   0.00003543
  0.121588  -0.0000   0.00003548
  0.121751  -0.0000   0.00003553
  0.121873  -0.0000   0.00003559
  0.121981  -0.0000   0.00003567
  0.122077  -0.0000   0.00003575
  0.122170  -0.0000   0.00003583
  0.122262  -0.0000   0.00003591
  0.122401  -0.0000   0.00003603
  0.122617  -0.0000   0.00003621
  0.122954  -0.0000   0.00003647
  0.123488  -0.0000   0.00003688
  0.124343  -0.0000   0.00003749
  0.125751  -0.0000   0.00003840
  0.127026  -0.0000   0.00003916
  0.128396  -0.0000   0.00003992
  0.129868  -0.0000   0.00004069
  0.131444  -0.0000   0.00004145
  0.133129  -0.0000   0.00004222
  0.134925  -0.0000   0.00004298
  0.136834  -0.0000   0.00004374
  0.138859  -0.0000   0.00004451
  0.139014  -0.0000   0.00004457
  0.139169  -0.0000   0.00004462
  0.139260  -0.0000   0.00004468
  0.139368  -0.0000   0.00004477
  0.139467  -0.0000   0.00004486
  0.139565  -0.0000   0.00004494
  0.139713  -0.0000   0.00004508
  0.139940  -0.0000   0.00004527
  0.140294  -0.0000   0.00004557
  0.140852  -0.0000   0.00004601
  0.141740  -0.0000   0.00004667
  0.143127  -0.0000   0.00004763
  0.144622  -0.0000   0.00004859
  0.146232  -0.0000   0.00004954
  0.147962  -0.0000   0.00005050
  0.149815  -0.0000   0.00005145
  0.151472  -0.0000   0.00005226
  0.153221  -0.0000   0.00005307
  0.155065  -0.0000   0.00005388
  0.155757  -0.0000   0.00005417
  0.156461  -0.0000   0.00005447
  0.156599  -0.0000   0.00005454
  0.156689  -0.0000   0.00005461
  0.156771  -0.0000   0.00005469
  0.156888  -0.0000   0.00005479
  0.157063  -0.0000   0.00005495
  0.157332  -0.0000   0.00005519
  0.157753  -0.0000   0.00005555
  0.158414  -0.0000   0.00005610
  0.159386  -0.0000   0.00005685
  0.160409  -0.0000   0.00005760
  0.162062  -0.0000   0.00005873
  0.163840  -0.0000   0.00005985
  0.165747  -0.0000   0.00006098
  0.167416  -0.0000   0.00006191
  0.169180  -0.0000   0.00006285
  0.171039  -0.0000   0.00006378
  0.172993  -0.0000   0.00006471
  0.173253  -0.0000   0.00006484
  0.173514  -0.0000   0.00006496
  0.173777  -0.0000   0.00006508
  0.174004  -0.0000   0.00006521
  0.174149  -0.0000   0.00006534
  0.174285  -0.0000   0.00006546
  0.174420  -0.0000   0.00006559
  0.174556  -0.0000   0.00006572
  0.174765  -0.0000   0.00006591
  0.175087  -0.0000   0.00006620
  0.175587  -0.0000   0.00006663
  0.176369  -0.0000   0.00006728
  0.177611  -0.0000   0.00006825
  0.179089  -0.0000   0.00006933
  0.180657  -0.0000   0.00007042
  0.182319  -0.0000   0.00007150
  0.184049  -0.0000   0.00007257
  0.185875  -0.0000   0.00007364
  0.187798  -0.0000   0.00007471
  0.189821  -0.0000   0.00007577
  0.190365  -0.0000   0.00007606
  0.190916  -0.0000   0.00007634
  0.191408  -0.0000   0.00007662
  0.191528  -0.0000   0.00007673
  0.191693  -0.0000   0.00007689
  0.191857  -0.0000   0.00007705
  0.192022  -0.0000   0.00007721
  0.192277  -0.0000   0.00007745
  0.192671  -0.0000   0.00007781
  0.193282  -0.0000   0.00007835
  0.194239  -0.0000   0.00007916
  0.195765  -0.0000   0.00008037
  0.197328  -0.0000   0.00008154
  0.198980  -0.0000   0.00008272
  0.200722  -0.0000   0.00008389
  0.202550  -0.0000   0.00008506
  0.204472  -0.0000   0.00008623
  0.206489  -0.0000   0.00008740
  0.208601  -0.0000   0.00008857
  0.208751  -0.0000   0.00008866
  0.208850  -0.0000   0.00008875
  0.208942  -0.0000   0.00008884
  0.209074  -0.0000   0.00008897
  0.209206  -0.0000   0.00008911
  0.209407  -0.0000   0.00008931
  0.209716  -0.0000   0.00008961
  0.210194  -0.0000   0.00009005
  0.210937  -0.0000   0.00009073
  0.212105  -0.0000   0.00009174
  0.213973  -0.0000   0.00009325
  0.215961  -0.0000   0.00009477
  0.218073  -0.0000   0.00009629
  0.220313  -0.0000   0.00009780
  0.222293  -0.0000   0.00009908
  0.224322  -0.0000   0.00010040
  0.225411  -0.0000   0.00010110
  0.225787  -0.0000   0.00010130
  0.226132  -0.0000   0.00010150
  0.226263  -0.0000   0.00010170
  0.226384  -0.0000   0.00010180
  0.226504  -0.0000   0.00010200
  0.226623  -0.0000   0.00010210
  0.226802  -0.0000   0.00010230
  0.227074  -0.0000   0.00010260
  0.227483  -0.0000   0.00010310
  0.228098  -0.0000   0.00010380
  0.229014  -0.0000   0.00010480
  0.230374  -0.0000   0.00010640
  0.232383  -0.0000   0.00010880
  0.234794  -0.0000   0.00011170
  0.237162  -0.0000   0.00011460
  0.239488  -0.0000   0.00011750
  0.242315  -0.0000   0.00012110
  0.242539  -0.0000   0.00012140
  0.242763  -0.0000   0.00012170
  0.242987  -0.0000   0.00012200
  0.243321  -0.0000   0.00012240
  0.243461  -0.0000   0.00012270
  0.243575  -0.0000   0.00012290
  0.243685  -0.0000   0.00012310
  0.243849  -0.0000   0.00012350
  0.244097  -0.0000   0.00012400
  0.244471  -0.0000   0.00012490
  0.245035  -0.0000   0.00012610
  0.245878  -0.0000   0.00012790
  0.247131  -0.0000   0.00013070
  0.248985  -0.0000   0.00013480
  0.251710  -0.0000   0.00014100
  0.254384  -0.0000   0.00014720
  0.257007  -0.0000   0.00015340
  0.259578  -0.0000   0.00015960
  0.259817  -0.0000   0.00016010
  0.260054  -0.0000   0.00016070
  0.260291  -0.0000   0.00016130
  0.260633  -0.0000   0.00016220
  0.260754  -0.0000   0.00016260
  0.260869  -0.0000   0.00016310
  0.260982  -0.0000   0.00016350
  0.261152  -0.0000   0.00016420
  0.261411  -0.0000   0.00016520
  0.261801  -0.0000   0.00016680
  0.262387  -0.0000   0.00016910
  0.263261  -0.0000   0.00017250
  0.264560  -0.0000   0.00017770
  0.266482  -0.0000   0.00018550
  0.269309  -0.0000   0.00019710
  0.272081  -0.0000   0.00020880
  0.274801  -0.0000   0.00022040
  0.277467  -0.0000   0.00023210
  0.277645  -0.0000   0.00023290
  0.277823  -0.0000   0.00023370
  0.277952  -0.0000   0.00023440
  0.278120  -0.0000   0.00023560
  0.278288  -0.0000   0.00023680
  0.278457  -0.0000   0.00023790
  0.278713  -0.0000   0.00023970
  0.279099  -0.0000   0.00024230
  0.279676  -0.0000   0.00024630
  0.280536  -0.0000   0.00025220
  0.281815  -0.0000   0.00026110
  0.283708  -0.0000   0.00027450
  0.286493  -0.0000   0.00029450
  0.289227  -0.0000   0.00031450
  0.291910  -0.0000   0.00033450
  0.294543  -0.0000   0.00035450
  0.294733  -0.0000   0.00035590
  0.294923  -0.0000   0.00035740
  0.295095  -0.0000   0.00035880
  0.295280  -0.0000   0.00036100
  0.295465  -0.0000   0.00036310
  0.295650  -0.0000   0.00036530
  0.295838  -0.0000   0.00036750
  0.296119  -0.0000   0.00037070
  0.296542  -0.0000   0.00037560
  0.297173  -0.0000   0.00038290
  0.298115  -0.0000   0.00039390
  0.299512  -0.0000   0.00041030
  0.301578  -0.0000   0.00043500
  0.304079  -0.0000   0.00046540
  0.306540  -0.0000   0.00049580
  0.308961  -0.0000   0.00052610
  0.311736  -0.0000   0.00056170
  0.311928  -0.0000   0.00056410
  0.312120  -0.0000   0.00056660
  0.312302  -0.0000   0.00056900
  0.312450  -0.0000   0.00057190
  0.312596  -0.0000   0.00057470
  0.312743  -0.0000   0.00057750
  0.312891  -0.0000   0.00058030
  0.313114  -0.0000   0.00058450
  0.313449  -0.0000   0.00059080
  0.313951  -0.0000   0.00060030
  0.314700  -0.0000   0.00061460
  0.315814  -0.0000   0.00063590
  0.317466  -0.0000   0.00066790
  0.319903  -0.0000   0.00071600
  0.322408  -0.0000   0.00076610
  0.324873  -0.0000   0.00081630
  0.327298  -0.0000   0.00086650
  0.327951  -0.0000   0.00088000
  0.328601  -0.0000   0.00089360
  0.329248  -0.0000   0.00090720
  0.329460  -0.0000   0.00091170
  0.329614  -0.0000   0.00091610
  0.329760  -0.0000   0.00092060
  0.329906  -0.0000   0.00092510
  0.330053  -0.0000   0.00092950
  0.330275  -0.0000   0.00093620
  0.330609  -0.0000   0.00094620
  0.331109  -0.0000   0.00096130
  0.331854  -0.0000   0.00098390
  0.332963  -0.0000   0.00101800
  0.334607  -0.0000   0.00106900
  0.337034  -0.0000   0.00114500
  0.339424  -0.0000   0.00122100
  0.341779  -0.0000   0.00129700
  0.344098  -0.0000   0.00137400
  0.345343  -0.0000   0.00141500
  0.346578  -0.0000   0.00145600
  0.346738  -0.0000   0.00146200
  0.346867  -0.0000   0.00146800
  0.346996  -0.0000   0.00147500
  0.347191  -0.0000   0.00148400
  0.347485  -0.0000   0.00149800
  0.347927  -0.0000   0.00151800
  0.348587  -0.0000   0.00154900
  0.349571  -0.0000   0.00159600
  0.351030  -0.0000   0.00166600
  0.353188  -0.0000   0.00177100
  0.355498  -0.0000   0.00188500
  0.357774  -0.0000   0.00199900
  0.360019  -0.0000   0.00211300
  0.362845  -0.0000   0.00225900
  0.363092  -0.0000   0.00227200
  0.363339  -0.0000   0.00228500
  0.363586  -0.0000   0.00229800
  0.363938  -0.0000   0.00231700
  0.364038  -0.0000   0.00232400
  0.364186  -0.0000   0.00233500
  0.364412  -0.0000   0.00235100
  0.364638  -0.0000   0.00236700
  0.364979  -0.0000   0.00239200
  0.365488  -0.0000   0.00242800
  0.366248  -0.0000   0.00248300
  0.367379  -0.0000   0.00256500
  0.369056  -0.0000   0.00268900
  0.371533  -0.0000   0.00287400
  0.373972  -0.0000   0.00305900
  0.376376  -0.0000   0.00324400
  0.378744  -0.0000   0.00342900
  0.381075  -0.0000   0.00361400
  0.381214  -0.0000   0.00362700
  0.381341  -0.0000   0.00364100
  0.381469  -0.0000   0.00365500
  0.381663  -0.0000   0.00367600
  0.381955  -0.0000   0.00370700
  0.382393  -0.0000   0.00375400
  0.383047  -0.0000   0.00382400
  0.384021  -0.0000   0.00393000
  0.385466  -0.0000   0.00408800
  0.387604  -0.0000   0.00432500
  0.389870  -0.0000   0.00458000
  0.392105  -0.0000   0.00483500
  0.394309  -0.0000   0.00509000
  0.397122  -0.0000   0.00542100
  0.397394  -0.0000   0.00545300
  0.397665  -0.0000   0.00548500
  0.397936  -0.0000   0.00551700
  0.398332  -0.0000   0.00556500
  0.398445  -0.0000   0.00558300
  0.398614  -0.0000   0.00561000
  0.398785  -0.0000   0.00563700
  0.398957  -0.0000   0.00566400
  0.399215  -0.0000   0.00570500
  0.399601  -0.0000   0.00576500
  0.400179  -0.0000   0.00585700
  0.401040  -0.0000   0.00599400
  0.402319  -0.0000   0.00619900
  0.404215  -0.0000   0.00650700
  0.406485  -0.0000   0.00688100
  0.408725  -0.0000   0.00725500
  0.410936  -0.0000   0.00762900
  0.413662  -0.0000   0.00809900
  0.414167  -0.0000   0.00818600
  0.414669  -0.0000   0.00827300
  0.415170  -0.0000   0.00836000
  0.415490  -0.0000   0.00841600
  0.415661  -0.0000   0.00845300
  0.415824  -0.0000   0.00849100
  0.415988  -0.0000   0.00852800
  0.416153  -0.0000   0.00856600
  0.416400  -0.0000   0.00862200
  0.416771  -0.0000   0.00870600
  0.417325  -0.0000   0.00883300
  0.418150  -0.0000   0.00902200
  0.419377  -0.0000   0.00930700
  0.421196  -0.0000   0.00973300
  0.423463  -0.0000   0.01027000
  0.425699  -0.0000   0.01081000
  0.427907  -0.0000   0.01135000
  0.430581  -0.0000   0.01201000
  0.431322  -0.0000   0.01220000
  0.432059  -0.0000   0.01238000
  0.432772  -0.0000   0.01257000
  0.432826  -0.0000   0.01259000
  0.432904  -0.0000   0.01261000
  0.433023  -0.0000   0.01265000
  0.433203  -0.0000   0.01271000
  0.433474  -0.0000   0.01280000
  0.433879  -0.0000   0.01293000
  0.434485  -0.0000   0.01313000
  0.435388  -0.0000   0.01342000
  0.436730  -0.0000   0.01387000
  0.438717  -0.0000   0.01453000
  0.440965  -0.0000   0.01530000
  0.443185  -0.0000   0.01606000
  0.445375  -0.0000   0.01682000
  0.448101  -0.0000   0.01779000
  0.448612  -0.0000   0.01797000
  0.449122  -0.0000   0.01815000
  0.449630  -0.0000   0.01834000
  0.449937  -0.0000   0.01845000
  0.450111  -0.0000   0.01852000
  0.450280  -0.0000   0.01860000
  0.450450  -0.0000   0.01868000
  0.450621  -0.0000   0.01876000
  0.450877  -0.0000   0.01887000
  0.451261  -0.0000   0.01905000
  0.451834  -0.0000   0.01931000
  0.452687  -0.0000   0.01970000
  0.453956  -0.0000   0.02029000
  0.455837  -0.0000   0.02118000
  0.458014  -0.0000   0.02221000
  0.460165  -0.0000   0.02325000
  0.462289  -0.0000   0.02429000
  0.465054  -0.0000   0.02566000
  0.465694  -0.0000   0.02598000
  0.466331  -0.0000   0.02630000
  0.466966  -0.0000   0.02662000
  0.467175  -0.0000   0.02673000
  0.467345  -0.0000   0.02684000
  0.467517  -0.0000   0.02695000
  0.467689  -0.0000   0.02706000
  0.467862  -0.0000   0.02717000
  0.468122  -0.0000   0.02733000
  0.468510  -0.0000   0.02758000
  0.469089  -0.0000   0.02794000
  0.469953  -0.0000   0.02850000
  0.471236  -0.0000   0.02932000
  0.473139  -0.0000   0.03057000
  0.475304  -0.0000   0.03200000
  0.477442  -0.0000   0.03343000
  0.479554  -0.0000   0.03487000
  0.482356  -0.0000   0.03680000
  0.482940  -0.0000   0.03720000
  0.483523  -0.0000   0.03761000
  0.484103  -0.0000   0.03801000
  0.484358  -0.0000   0.03819000
  0.484564  -0.0000   0.03837000
  0.484768  -0.0000   0.03855000
  0.484973  -0.0000   0.03872000
  0.485179  -0.0000   0.03890000
  0.485486  -0.0000   0.03917000
  0.485947  -0.0000   0.03957000
  0.486633  -0.0000   0.04017000
  0.487655  -0.0000   0.04107000
  0.489173  -0.0000   0.04242000
  0.491419  -0.0000   0.04444000
  0.493636  -0.0000   0.04647000
  0.495826  -0.0000   0.04849000
  0.497988  -0.0000   0.05052000
  0.500938  -0.0000   0.05333000
  0.501162  -0.0000   0.05354000
  0.501386  -0.0000   0.05376000
  0.501610  -0.0000   0.05397000
  0.501699  -0.0000   0.05408000
  0.501834  -0.0000   0.05424000
  0.502039  -0.0000   0.05448000
  0.502244  -0.0000   0.05472000
  0.502551  -0.0000   0.05508000
  0.503011  -0.0000   0.05562000
  0.503696  -0.0000   0.05643000
  0.504717  -0.0000   0.05765000
  0.506233  -0.0000   0.05948000
  0.508476  -0.0000   0.06222000
  0.510691  -0.0000   0.06496000
  0.512878  -0.0000   0.06771000
  0.515039  -0.0000   0.07045000
  0.517977  -0.0000   0.07424000
  0.518220  -0.0000   0.07456000
  0.518463  -0.0000   0.07487000
  0.518706  -0.0000   0.07519000
  0.518963  -0.0000   0.07557000
  0.519202  -0.0000   0.07594000
  0.519441  -0.0000   0.07632000
  0.519681  -0.0000   0.07670000
  0.519921  -0.0000   0.07708000
  0.520280  -0.0000   0.07765000
  0.520815  -0.0000   0.07850000
  0.521614  -0.0000   0.07977000
  0.522802  -0.0000   0.08169000
  0.524564  -0.0000   0.08456000
  0.527168  -0.0000   0.08887000
  0.529735  -0.0000   0.09318000
  0.532266  -0.0000   0.09749000
  0.534759  -0.0000   0.10200000
  0.535109  -0.0000   0.10200000
  0.535458  -0.0000   0.10300000
  0.535806  -0.0000   0.10400000
  0.536137  -0.0000   0.10400000
  0.536209  -0.0000   0.10400000
  0.536282  -0.0000   0.10500000
  0.536391  -0.0000   0.10500000
  0.536556  -0.0000   0.10500000
  0.536803  -0.0000   0.10600000
  0.537172  -0.0000   0.10600000
  0.537724  -0.0000   0.10800000
  0.538547  -0.0000   0.10900000
  0.539770  -0.0000   0.11200000
  0.541585  -0.0000   0.11600000
  0.544080  -0.0000   0.12100000
  0.546540  -0.0000   0.12700000
  0.548967  -0.0000   0.13200000
  0.551361  -0.0000   0.13800000
  0.552212  -0.0000   0.14000000
  0.553059  -0.0000   0.14200000
  0.553313  -0.0000   0.14200000
  0.553366  -0.0000   0.14200000
  0.553418  -0.0000   0.14300000
  0.553498  -0.0000   0.14300000
  0.553618  -0.0000   0.14300000
  0.553798  -0.0000   0.14400000
  0.554069  -0.0000   0.14400000
  0.554474  -0.0000   0.14600000
  0.555078  -0.0000   0.14700000
  0.555979  -0.0000   0.15000000
  0.557318  -0.0000   0.15400000
  0.559302  -0.0000   0.15900000
  0.561647  -0.0000   0.16600000
  0.563961  -0.0000   0.17300000
  0.566246  -0.0000   0.18000000
  0.568502  -0.0000   0.18600000
  0.568924  -0.0000   0.18800000
  0.569345  -0.0000   0.18900000
  0.569765  -0.0000   0.19000000
  0.570393  -0.0000   0.19200000
  0.570598  -0.0000   0.19300000
  0.570784  -0.0000   0.19400000
  0.570971  -0.0000   0.19400000
  0.571253  -0.0000   0.19500000
  0.571534  -0.0000   0.19600000
  0.571955  -0.0000   0.19800000
  0.572583  -0.0000   0.20000000
  0.573518  -0.0000   0.20300000
  0.574908  -0.0000   0.20900000
  0.576967  -0.0000   0.21600000
  0.579003  -0.0000   0.22400000
  0.581016  -0.0000   0.23200000
  0.583007  -0.0000   0.24000000
  0.585548  -0.0000   0.25000000
  0.586696  -0.0000   0.25400000
  0.587820  -0.0000   0.25900000
  0.587879  -0.0000   0.25900000
  0.587969  -0.0000   0.25900000
  0.588106  -0.0000   0.26000000
  0.588310  -0.0000   0.26100000
  0.588617  -0.0000   0.26200000
  0.589075  -0.0000   0.26500000
  0.589759  -0.0000   0.26800000
  0.590778  -0.0000   0.27300000
  0.592291  -0.0000   0.28000000
  0.594343  -0.0000   0.29000000
  0.596372  -0.0000   0.30000000
  0.598379  -0.0000   0.31000000
  0.600363  -0.0000   0.32000000
  0.602325  -0.0000   0.33000000
  0.604267  -0.0000   0.34000000
  0.604570  -0.0000   0.34100000
  0.604872  -0.0000   0.34300000
  0.605152  -0.0000   0.34500000
  0.605249  -0.0000   0.34500000
  0.605394  -0.0000   0.34600000
  0.605613  -0.0000   0.34700000
  0.605941  -0.0000   0.34900000
  0.606431  -0.0000   0.35200000
  0.607162  -0.0000   0.35700000
  0.608251  -0.0000   0.36300000
  0.609863  -0.0000   0.37300000
  0.611460  -0.0000   0.38300000
  0.613043  -0.0000   0.39300000
  0.614612  -0.0000   0.40300000
  0.616168  -0.0000   0.41300000
  0.617710  -0.0000   0.42300000
  0.619239  -0.0000   0.43300000
  0.620756  -0.0000   0.44300000
  0.622253  -0.0000   0.45300000
  0.622333  -0.0000   0.45400000
  0.622454  -0.0000   0.45500000
  0.622635  -0.0000   0.45600000
  0.622818  -0.0000   0.45800000
  0.623091  -0.0000   0.46000000
  0.623499  -0.0000   0.46300000
  0.624108  -0.0000   0.46800000
  0.625017  -0.0000   0.47500000
  0.626282  -0.0000   0.48500000
  0.627538  -0.0000   0.49500000
  0.628785  -0.0000   0.50500000
  0.630023  -0.0000   0.51500000
  0.631253  -0.0000   0.52500000
  0.632474  -0.0000   0.53500000
  0.633687  -0.0000   0.54500000
  0.634893  -0.0000   0.55500000
  0.636090  -0.0000   0.56500000
  0.637279  -0.0000   0.57500000
  0.638461  -0.0000   0.58500000
  0.639616  -0.0000   0.59500000
  0.639679  -0.0000   0.59600000
  0.639774  -0.0000   0.59700000
  0.639917  -0.0000   0.59800000
  0.640132  -0.0000   0.60000000
  0.640455  -0.0000   0.60300000
  0.640937  -0.0000   0.60800000
  0.641656  -0.0000   0.61500000
  0.642659  -0.0000   0.62500000
  0.643655  -0.0000   0.63500000
  0.644646  -0.0000   0.64500000
  0.645631  -0.0000   0.65500000
  0.646610  -0.0000   0.66500000
  0.647584  -0.0000   0.67500000
  0.648553  -0.0000   0.68500000
  0.649517  -0.0000   0.69500000
  0.650476  -0.0000   0.70500000
  0.651429  -0.0000   0.71500000
  0.652378  -0.0000   0.72500000
  0.653322  -0.0000   0.73500000
  0.654260  -0.0000   0.74500000
  0.655195  -0.0000   0.75500000
  0.656124  -0.0000   0.76500000
  0.656646  -0.0000   0.77100000
  0.656871  -0.0000   0.77300000
  0.657089  -0.0000   0.77600000
  0.657308  -0.0000   0.77900000
  0.657635  -0.0000   0.78300000
  0.658125  -0.0000   0.78900000
  0.658855  -0.0000   0.79800000
  0.659652  -0.0000   0.80800000
  0.660445  -0.0000   0.81800000
  0.661234  -0.0000   0.82800000
  0.662019  -0.0000   0.83800000
  0.662800  -0.0000   0.84800000
  0.663578  -0.0000   0.85800000
  0.664353  -0.0000   0.86800000
  0.665124  -0.0000   0.87800000
  0.665893  -0.0000   0.88800000
  0.666657  -0.0000   0.89800000
  0.667419  -0.0000   0.90800000
  0.668178  -0.0000   0.91800000
  0.668933  -0.0000   0.92800000
  0.669685  -0.0000   0.93800000
  0.670434  -0.0000   0.94800000
  0.671181  -0.0000   0.95800000
  0.671924  -0.0000   0.96800000
  0.672664  -0.0000   0.97800000
  0.673401  -0.0000   0.98800000
  0.673964  -0.0000   0.99600000
  0.674030  -0.0000   0.99700000
  0.674096  -0.0000   0.99800000
  0.674196  -0.0000   0.99900000
  0.674229  -0.0000   1.00000000
  0.673694  -0.0000   1.00000000
  0.673694  -0.0000   1.00000000
  0.673694  -0.0000   1.00000000
  0.673694  -0.0000   1.00000000
  0.673694  -0.0000   1.00000000
  0.673694  -0.0000   1.00000000
  0.673694  -0.0000   1.00000000
  0.673693  -0.0000   1.00000000
  0.673693  -0.0000   1.00000000
  0.673693  -0.0000   1.00000000
  0.673692  -0.0000   1.00000000
  0.673691  -0.0000   1.00000000
  0.673689  -0.0000   1.00000000
  0.673689  -0.0000   1.00000000
