  0.000035  -0.0000   0.00000010
  0.000076  -0.0000   0.00000020
  0.000206  -0.0000   0.00000030
  0.002403  -0.0000   0.00000045
  0.006161  -0.0000   0.00000051
  0.006209  -0.0000   0.00000059
  0.006261  -0.0000   0.00000072
  0.006340  -0.0000   0.00000091
  0.006460  -0.0000   0.00000119
  0.006647  -0.0000   0.00000162
  0.006952  -0.0000   0.00000226
  0.007287  -0.0000   0.00000289
  0.007669  -0.0000   0.00000351
  0.008108  -0.0000   0.00000414
  0.008614  -0.0000   0.00000477
  0.009064  -0.0000   0.00000527
  0.009566  -0.0000   0.00000577
  0.010124  -0.0000   0.00000626
  0.010743  -0.0000   0.00000676
  0.011426  -0.0000   0.00000726
  0.012178  -0.0000   0.00000776
  0.013003  -0.0000   0.00000826
  0.013723  -0.0000   0.00000866
  0.014496  -0.0000   0.00000907
  0.015321  -0.0000   0.00000947
  0.016317  -0.0000   0.00000993
  0.017384  -0.0000   0.00001038
  0.018336  -0.0000   0.00001077
  0.019342  -0.0000   0.00001115
  0.020402  -0.0000   0.00001153
  0.020657  -0.0000   0.00001162
  0.020732  -0.0000   0.00001171
  0.020780  -0.0000   0.00001181
  0.020847  -0.0000   0.00001194
  0.020937  -0.0000   0.00001215
  0.021022  -0.0000   0.00001235
  0.021101  -0.0000   0.00001256
  0.021177  -0.0000   0.00001276
  0.021285  -0.0000   0.00001307
  0.021423  -0.0000   0.00001348
  0.021555  -0.0000   0.00001390
  0.021685  -0.0000   0.00001431
  0.021875  -0.0000   0.00001493
  0.022133  -0.0000   0.00001577
  0.022446  -0.0000   0.00001678
  0.022770  -0.0000   0.00001779
  0.023293  -0.0000   0.00001931
  0.023849  -0.0000   0.00002078
  0.024464  -0.0000   0.00002226
  0.025147  -0.0000   0.00002373
  0.025907  -0.0000   0.00002520
  0.026750  -0.0000   0.00002668
  0.027683  -0.0000   0.00002815
  0.028480  -0.0000   0.00002931
  0.029339  -0.0000   0.00003048
  0.030262  -0.0000   0.00003164
  0.031252  -0.0000   0.00003281
  0.032309  -0.0000   0.00003397
  0.033437  -0.0000   0.00003514
  0.034636  -0.0000   0.00003630
  0.035701  -0.0000   0.00003729
  0.036819  -0.0000   0.00003827
  0.037989  -0.0000   0.00003925
  0.039111  -0.0000   0.00004024
  0.039165  -0.0000   0.00004036
  0.039217  -0.0000   0.00004048
  0.039267  -0.0000   0.00004060
  0.039339  -0.0000   0.00004077
  0.039440  -0.0000   0.00004104
  0.039583  -0.0000   0.00004144
  0.039775  -0.0000   0.00004202
  0.039959  -0.0000   0.00004259
  0.040138  -0.0000   0.00004317
  0.040398  -0.0000   0.00004403
  0.040785  -0.0000   0.00004533
  0.041378  -0.0000   0.00004727
  0.042001  -0.0000   0.00004921
  0.042761  -0.0000   0.00005141
  0.043582  -0.0000   0.00005361
  0.044473  -0.0000   0.00005581
  0.045606  -0.0000   0.00005837
  0.046843  -0.0000   0.00006092
  0.048191  -0.0000   0.00006347
  0.049653  -0.0000   0.00006602
  0.051232  -0.0000   0.00006857
  0.052618  -0.0000   0.00007068
  0.054088  -0.0000   0.00007279
  0.055642  -0.0000   0.00007489
  0.057459  -0.0000   0.00007721
  0.057792  -0.0000   0.00007764
  0.058130  -0.0000   0.00007806
  0.058346  -0.0000   0.00007848
  0.058574  -0.0000   0.00007912
  0.058787  -0.0000   0.00007975
  0.058990  -0.0000   0.00008038
  0.059186  -0.0000   0.00008102
  0.059470  -0.0000   0.00008197
  0.059888  -0.0000   0.00008339
  0.060517  -0.0000   0.00008553
  0.061508  -0.0000   0.00008874
  0.062569  -0.0000   0.00009195
  0.063711  -0.0000   0.00009516
  0.064940  -0.0000   0.00009837
  0.066145  -0.0000   0.00010160
  0.067273  -0.0000   0.00010480
  0.068387  -0.0000   0.00010800
  0.070033  -0.0000   0.00011280
  0.072454  -0.0000   0.00012000
  0.075991  -0.0000   0.00013090
  0.076209  -0.0000   0.00013150
  0.076426  -0.0000   0.00013220
  0.076644  -0.0000   0.00013290
  0.076929  -0.0000   0.00013390
  0.077124  -0.0000   0.00013500
  0.077303  -0.0000   0.00013620
  0.077472  -0.0000   0.00013730
  0.077709  -0.0000   0.00013910
  0.078042  -0.0000   0.00014170
  0.078516  -0.0000   0.00014560
  0.079171  -0.0000   0.00015120
  0.079818  -0.0000   0.00015680
  0.080783  -0.0000   0.00016510
  0.082136  -0.0000   0.00017690
  0.083484  -0.0000   0.00018870
  0.084826  -0.0000   0.00020050
  0.086821  -0.0000   0.00021810
  0.089773  -0.0000   0.00024460
  0.093135  -0.0000   0.00027530
  0.093565  -0.0000   0.00027920
  0.093995  -0.0000   0.00028320
  0.094423  -0.0000   0.00028710
  0.095063  -0.0000   0.00029300
  0.095286  -0.0000   0.00029560
  0.095444  -0.0000   0.00029820
  0.095592  -0.0000   0.00030070
  0.095800  -0.0000   0.00030460
  0.096094  -0.0000   0.00031030
  0.096518  -0.0000   0.00031900
  0.097141  -0.0000   0.00033190
  0.098032  -0.0000   0.00035060
  0.099080  -0.0000   0.00037250
  0.100127  -0.0000   0.00039440
  0.101173  -0.0000   0.00041630
  0.102735  -0.0000   0.00044910
  0.105059  -0.0000   0.00049840
  0.108498  -0.0000   0.00057230
  0.111724  -0.0000   0.00064260
  0.112151  -0.0000   0.00065190
  0.112576  -0.0000   0.00066130
  0.113001  -0.0000   0.00067060
  0.113635  -0.0000   0.00068450
  0.113791  -0.0000   0.00068990
  0.113935  -0.0000   0.00069530
  0.114073  -0.0000   0.00070060
  0.114270  -0.0000   0.00070870
  0.114557  -0.0000   0.00072080
  0.114978  -0.0000   0.00073890
  0.115608  -0.0000   0.00076600
  0.116553  -0.0000   0.00080680
  0.117743  -0.0000   0.00085800
  0.118930  -0.0000   0.00090920
  0.120705  -0.0000   0.00098600
  0.123344  -0.0000   0.00110100
  0.127251  -0.0000   0.00127400
  0.131100  -0.0000   0.00144700
  0.131354  -0.0000   0.00145800
  0.131607  -0.0000   0.00146900
  0.131860  -0.0000   0.00148100
  0.132190  -0.0000   0.00149800
  0.132425  -0.0000   0.00151500
  0.132648  -0.0000   0.00153200
  0.132865  -0.0000   0.00154900
  0.133186  -0.0000   0.00157500
  0.133666  -0.0000   0.00161300
  0.134386  -0.0000   0.00167100
  0.135470  -0.0000   0.00175700
  0.136553  -0.0000   0.00184300
  0.138172  -0.0000   0.00197200
  0.140584  -0.0000   0.00216600
  0.144163  -0.0000   0.00245800
  0.147728  -0.0000   0.00275100
  0.148759  -0.0000   0.00283600
  0.149785  -0.0000   0.00292100
  0.150747  -0.0000   0.00300600
  0.150926  -0.0000   0.00302900
  0.151096  -0.0000   0.00305100
  0.151262  -0.0000   0.00307300
  0.151507  -0.0000   0.00310700
  0.151874  -0.0000   0.00315700
  0.152424  -0.0000   0.00323200
  0.153252  -0.0000   0.00334500
  0.154494  -0.0000   0.00351400
  0.156352  -0.0000   0.00376700
  0.159119  -0.0000   0.00414800
  0.163222  -0.0000   0.00471900
  0.167274  -0.0000   0.00529000
  0.167655  -0.0000   0.00534300
  0.168034  -0.0000   0.00539700
  0.168414  -0.0000   0.00545100
  0.168982  -0.0000   0.00553100
  0.169298  -0.0000   0.00558000
  0.169534  -0.0000   0.00562900
  0.169761  -0.0000   0.00567800
  0.170096  -0.0000   0.00575200
  0.170432  -0.0000   0.00582600
  0.170936  -0.0000   0.00593600
  0.171694  -0.0000   0.00610200
  0.172831  -0.0000   0.00635000
  0.174531  -0.0000   0.00672300
  0.177065  -0.0000   0.00728300
  0.180826  -0.0000   0.00812100
  0.184469  -0.0000   0.00894200
  0.187082  -0.0000   0.00953600
  0.187384  -0.0000   0.00960500
  0.187685  -0.0000   0.00967300
  0.187942  -0.0000   0.00974200
  0.188254  -0.0000   0.00984500
  0.188560  -0.0000   0.00994800
  0.188867  -0.0000   0.01005000
  0.189174  -0.0000   0.01015000
  0.189635  -0.0000   0.01031000
  0.190328  -0.0000   0.01054000
  0.191366  -0.0000   0.01089000
  0.192918  -0.0000   0.01141000
  0.195232  -0.0000   0.01219000
  0.198672  -0.0000   0.01336000
  0.202637  -0.0000   0.01473000
  0.206532  -0.0000   0.01610000
  0.206705  -0.0000   0.01618000
  0.206872  -0.0000   0.01626000
  0.207037  -0.0000   0.01634000
  0.207283  -0.0000   0.01646000
  0.207653  -0.0000   0.01665000
  0.208210  -0.0000   0.01692000
  0.209047  -0.0000   0.01734000
  0.210301  -0.0000   0.01796000
  0.212176  -0.0000   0.01889000
  0.214973  -0.0000   0.02029000
  0.219128  -0.0000   0.02238000
  0.222338  -0.0000   0.02402000
  0.224319  -0.0000   0.02503000
  0.224727  -0.0000   0.02524000
  0.225135  -0.0000   0.02545000
  0.225449  -0.0000   0.02565000
  0.225746  -0.0000   0.02586000
  0.226042  -0.0000   0.02607000
  0.226340  -0.0000   0.02628000
  0.226787  -0.0000   0.02659000
  0.227458  -0.0000   0.02706000
  0.228463  -0.0000   0.02777000
  0.229964  -0.0000   0.02883000
  0.232204  -0.0000   0.03041000
  0.235537  -0.0000   0.03279000
  0.239610  -0.0000   0.03573000
  0.243642  -0.0000   0.03866000
  0.243860  -0.0000   0.03885000
  0.244051  -0.0000   0.03903000
  0.244239  -0.0000   0.03922000
  0.244521  -0.0000   0.03949000
  0.244947  -0.0000   0.03991000
  0.245585  -0.0000   0.04053000
  0.246542  -0.0000   0.04146000
  0.247973  -0.0000   0.04285000
  0.250108  -0.0000   0.04495000
  0.253285  -0.0000   0.04809000
  0.258000  -0.0000   0.05280000
  0.261577  -0.0000   0.05640000
  0.261899  -0.0000   0.05673000
  0.262222  -0.0000   0.05705000
  0.262536  -0.0000   0.05738000
  0.262797  -0.0000   0.05772000
  0.263055  -0.0000   0.05806000
  0.263314  -0.0000   0.05841000
  0.263573  -0.0000   0.05875000
  0.263963  -0.0000   0.05926000
  0.264548  -0.0000   0.06003000
  0.265424  -0.0000   0.06118000
  0.266734  -0.0000   0.06292000
  0.268689  -0.0000   0.06551000
  0.271601  -0.0000   0.06941000
  0.275927  -0.0000   0.07525000
  0.280212  -0.0000   0.08109000
  0.280529  -0.0000   0.08153000
  0.280846  -0.0000   0.08196000
  0.281163  -0.0000   0.08239000
  0.281431  -0.0000   0.08285000
  0.281689  -0.0000   0.08330000
  0.281948  -0.0000   0.08375000
  0.282207  -0.0000   0.08421000
  0.282597  -0.0000   0.08489000
  0.283181  -0.0000   0.08590000
  0.284056  -0.0000   0.08743000
  0.285364  -0.0000   0.08973000
  0.287317  -0.0000   0.09317000
  0.290225  -0.0000   0.09832000
  0.294546  -0.0000   0.10600000
  0.298827  -0.0000   0.11400000
  0.299159  -0.0000   0.11400000
  0.299490  -0.0000   0.11500000
  0.299821  -0.0000   0.11600000
  0.300122  -0.0000   0.11600000
  0.300408  -0.0000   0.11700000
  0.300694  -0.0000   0.11800000
  0.301124  -0.0000   0.11900000
  0.301769  -0.0000   0.12000000
  0.302735  -0.0000   0.12200000
  0.304179  -0.0000   0.12600000
  0.306332  -0.0000   0.13000000
  0.309540  -0.0000   0.13800000
  0.313821  -0.0000   0.14800000
  0.318063  -0.0000   0.15800000
  0.318364  -0.0000   0.15900000
  0.318658  -0.0000   0.15900000
  0.318901  -0.0000   0.16000000
  0.319265  -0.0000   0.16100000
  0.319630  -0.0000   0.16200000
  0.319995  -0.0000   0.16300000
  0.320543  -0.0000   0.16500000
  0.321364  -0.0000   0.16700000
  0.322590  -0.0000   0.17100000
  0.324422  -0.0000   0.17600000
  0.327153  -0.0000   0.18400000
  0.330505  -0.0000   0.19400000
  0.333833  -0.0000   0.20400000
  0.337138  -0.0000   0.21400000
  0.337415  -0.0000   0.21500000
  0.337653  -0.0000   0.21600000
  0.337892  -0.0000   0.21700000
  0.338251  -0.0000   0.21800000
  0.338610  -0.0000   0.22000000
  0.339150  -0.0000   0.22200000
  0.339957  -0.0000   0.22500000
  0.341164  -0.0000   0.22900000
  0.342966  -0.0000   0.23600000
  0.345636  -0.0000   0.24600000
  0.348291  -0.0000   0.25600000
  0.350932  -0.0000   0.26600000
  0.353558  -0.0000   0.27600000
  0.356148  -0.0000   0.28600000
  0.356391  -0.0000   0.28700000
  0.356633  -0.0000   0.28800000
  0.356876  -0.0000   0.28900000
  0.357241  -0.0000   0.29100000
  0.357789  -0.0000   0.29300000
  0.358610  -0.0000   0.29700000
  0.359837  -0.0000   0.30300000
  0.361672  -0.0000   0.31100000
  0.363810  -0.0000   0.32100000
  0.365939  -0.0000   0.33100000
  0.368060  -0.0000   0.34100000
  0.370171  -0.0000   0.35100000
  0.372274  -0.0000   0.36100000
  0.374368  -0.0000   0.37100000
  0.374726  -0.0000   0.37300000
  0.375044  -0.0000   0.37500000
  0.375344  -0.0000   0.37600000
  0.375796  -0.0000   0.37900000
  0.376248  -0.0000   0.38200000
  0.376700  -0.0000   0.38400000
  0.377377  -0.0000   0.38800000
  0.378389  -0.0000   0.39400000
  0.379901  -0.0000   0.40300000
  0.381638  -0.0000   0.41300000
  0.383369  -0.0000   0.42300000
  0.385093  -0.0000   0.43300000
  0.386811  -0.0000   0.44300000
  0.388524  -0.0000   0.45300000
  0.390230  -0.0000   0.46300000
  0.391931  -0.0000   0.47300000
  0.393600  -0.0000   0.48300000
  0.393871  -0.0000   0.48400000
  0.394143  -0.0000   0.48600000
  0.394415  -0.0000   0.48800000
  0.394824  -0.0000   0.49100000
  0.395438  -0.0000   0.49500000
  0.396355  -0.0000   0.50200000
  0.397728  -0.0000   0.51100000
  0.399151  -0.0000   0.52100000
  0.400569  -0.0000   0.53100000
  0.401984  -0.0000   0.54100000
  0.403394  -0.0000   0.55100000
  0.404801  -0.0000   0.56100000
  0.406203  -0.0000   0.57100000
  0.407602  -0.0000   0.58100000
  0.408997  -0.0000   0.59100000
  0.410389  -0.0000   0.60100000
  0.411776  -0.0000   0.61100000
  0.412230  -0.0000   0.61500000
  0.412625  -0.0000   0.61800000
  0.413013  -0.0000   0.62100000
  0.413402  -0.0000   0.62400000
  0.413790  -0.0000   0.62800000
  0.414372  -0.0000   0.63300000
  0.415244  -0.0000   0.64000000
  0.416423  -0.0000   0.65000000
  0.417600  -0.0000   0.66000000
  0.418773  -0.0000   0.67000000
  0.419943  -0.0000   0.68000000
  0.421110  -0.0000   0.69000000
  0.422275  -0.0000   0.70000000
  0.423436  -0.0000   0.71000000
  0.424596  -0.0000   0.72000000
  0.425752  -0.0000   0.73000000
  0.426906  -0.0000   0.74000000
  0.428058  -0.0000   0.75000000
  0.429207  -0.0000   0.76000000
  0.430353  -0.0000   0.77000000
  0.430974  -0.0000   0.77500000
  0.431258  -0.0000   0.77800000
  0.431542  -0.0000   0.78100000
  0.431826  -0.0000   0.78400000
  0.432111  -0.0000   0.78700000
  0.432537  -0.0000   0.79100000
  0.433175  -0.0000   0.79800000
  0.434131  -0.0000   0.80700000
  0.435112  -0.0000   0.81700000
  0.436092  -0.0000   0.82700000
  0.437069  -0.0000   0.83700000
  0.438044  -0.0000   0.84700000
  0.439017  -0.0000   0.85700000
  0.439988  -0.0000   0.86700000
  0.440957  -0.0000   0.87700000
  0.441924  -0.0000   0.88700000
  0.442890  -0.0000   0.89700000
  0.443853  -0.0000   0.90700000
  0.444816  -0.0000   0.91700000
  0.445776  -0.0000   0.92700000
  0.446734  -0.0000   0.93700000
  0.447691  -0.0000   0.94700000
  0.448646  -0.0000   0.95700000
  0.449600  -0.0000   0.96700000
  0.449930  -0.0000   0.97100000
  0.450244  -0.0000   0.97500000
  0.450560  -0.0000   0.97900000
  0.451033  -0.0000   0.98500000
  0.451506  -0.0000   0.99000000
  0.452213  -0.0000   0.99900000
  0.452315  -0.0000   1.00000000
  0.451785  -0.0000   1.00000000
  0.451785  -0.0000   1.00000000
  0.451785  -0.0000   1.00000000
  0.451785  -0.0000   1.00000000
  0.451785  -0.0000   1.00000000
  0.451785  -0.0000   1.00000000
  0.451785  -0.0000   1.00000000
  0.451784  -0.0000   1.00000000
  0.451784  -0.0000   1.00000000
  0.451783  -0.0000   1.00000000
  0.451782  -0.0000   1.00000000
  0.451779  -0.0000   1.00000000
