  0.000117  -0.0000   0.00000010
  0.000257  -0.0000   0.00000020
  0.000705  -0.0000   0.00000030
  0.006416  -0.0000   0.00000042
  0.006629  -0.0000   0.00000043
  0.006648  -0.0000   0.00000044
  0.006671  -0.0000   0.00000045
  0.006706  -0.0000   0.00000047
  0.006762  -0.0000   0.00000049
  0.006855  -0.0000   0.00000053
  0.007015  -0.0000   0.00000059
  0.007310  -0.0000   0.00000068
  0.007668  -0.0000   0.00000077
  0.007985  -0.0000   0.00000083
  0.008353  -0.0000   0.00000090
  0.008781  -0.0000   0.00000097
  0.009194  -0.0000   0.00000102
  0.009664  -0.0000   0.00000108
  0.010195  -0.0000   0.00000113
  0.010793  -0.0000   0.00000119
  0.011321  -0.0000   0.00000124
  0.011897  -0.0000   0.00000128
  0.012522  -0.0000   0.00000133
  0.013287  -0.0000   0.00000138
  0.014115  -0.0000   0.00000143
  0.015005  -0.0000   0.00000148
  0.015955  -0.0000   0.00000153
  0.016964  -0.0000   0.00000158
  0.018032  -0.0000   0.00000164
  0.019154  -0.0000   0.00000169
  0.019825  -0.0000   0.00000172
  0.020013  -0.0000   0.00000173
  0.020122  -0.0000   0.00000173
  0.020148  -0.0000   0.00000174
  0.020179  -0.0000   0.00000175
  0.020206  -0.0000   0.00000177
  0.020230  -0.0000   0.00000178
  0.020261  -0.0000   0.00000180
  0.020302  -0.0000   0.00000183
  0.020352  -0.0000   0.00000186
  0.020397  -0.0000   0.00000190
  0.020459  -0.0000   0.00000196
  0.020518  -0.0000   0.00000202
  0.020602  -0.0000   0.00000210
  0.020724  -0.0000   0.00000223
  0.020909  -0.0000   0.00000243
  0.021205  -0.0000   0.00000271
  0.021550  -0.0000   0.00000300
  0.021768  -0.0000   0.00000316
  0.022013  -0.0000   0.00000332
  0.022289  -0.0000   0.00000348
  0.022783  -0.0000   0.00000372
  0.023218  -0.0000   0.00000390
  0.023712  -0.0000   0.00000409
  0.024272  -0.0000   0.00000427
  0.024902  -0.0000   0.00000446
  0.025608  -0.0000   0.00000465
  0.026208  -0.0000   0.00000479
  0.026859  -0.0000   0.00000494
  0.027563  -0.0000   0.00000508
  0.028279  -0.0000   0.00000522
  0.029046  -0.0000   0.00000536
  0.029864  -0.0000   0.00000549
  0.030734  -0.0000   0.00000563
  0.031657  -0.0000   0.00000577
  0.032634  -0.0000   0.00000591
  0.033665  -0.0000   0.00000604
  0.034751  -0.0000   0.00000618
  0.035891  -0.0000   0.00000632
  0.037083  -0.0000   0.00000646
  0.037107  -0.0000   0.00000647
  0.037130  -0.0000   0.00000648
  0.037150  -0.0000   0.00000649
  0.037178  -0.0000   0.00000650
  0.037216  -0.0000   0.00000652
  0.037266  -0.0000   0.00000655
  0.037332  -0.0000   0.00000660
  0.037421  -0.0000   0.00000667
  0.037540  -0.0000   0.00000677
  0.037698  -0.0000   0.00000692
  0.037851  -0.0000   0.00000708
  0.038080  -0.0000   0.00000730
  0.038445  -0.0000   0.00000764
  0.038855  -0.0000   0.00000799
  0.039316  -0.0000   0.00000833
  0.039838  -0.0000   0.00000867
  0.040420  -0.0000   0.00000901
  0.041072  -0.0000   0.00000935
  0.041798  -0.0000   0.00000969
  0.042750  -0.0000   0.00001009
  0.043576  -0.0000   0.00001040
  0.044475  -0.0000   0.00001072
  0.045452  -0.0000   0.00001103
  0.046653  -0.0000   0.00001139
  0.047704  -0.0000   0.00001167
  0.048827  -0.0000   0.00001196
  0.050024  -0.0000   0.00001225
  0.051447  -0.0000   0.00001257
  0.052966  -0.0000   0.00001289
  0.054580  -0.0000   0.00001322
  0.054767  -0.0000   0.00001325
  0.054955  -0.0000   0.00001329
  0.055144  -0.0000   0.00001333
  0.055245  -0.0000   0.00001337
  0.055320  -0.0000   0.00001341
  0.055388  -0.0000   0.00001346
  0.055480  -0.0000   0.00001352
  0.055603  -0.0000   0.00001362
  0.055772  -0.0000   0.00001377
  0.056010  -0.0000   0.00001399
  0.056364  -0.0000   0.00001432
  0.056935  -0.0000   0.00001481
  0.057384  -0.0000   0.00001518
  0.057870  -0.0000   0.00001554
  0.058395  -0.0000   0.00001590
  0.059275  -0.0000   0.00001645
  0.060251  -0.0000   0.00001699
  0.061326  -0.0000   0.00001754
  0.062506  -0.0000   0.00001808
  0.063795  -0.0000   0.00001863
  0.065196  -0.0000   0.00001917
  0.066416  -0.0000   0.00001962
  0.067715  -0.0000   0.00002006
  0.069096  -0.0000   0.00002051
  0.070736  -0.0000   0.00002100
  0.072480  -0.0000   0.00002150
  0.072690  -0.0000   0.00002156
  0.072900  -0.0000   0.00002162
  0.073112  -0.0000   0.00002167
  0.073230  -0.0000   0.00002174
  0.073327  -0.0000   0.00002181
  0.073415  -0.0000   0.00002187
  0.073537  -0.0000   0.00002197
  0.073704  -0.0000   0.00002212
  0.073939  -0.0000   0.00002234
  0.074285  -0.0000   0.00002267
  0.074823  -0.0000   0.00002316
  0.075359  -0.0000   0.00002362
  0.075932  -0.0000   0.00002409
  0.076546  -0.0000   0.00002455
  0.077558  -0.0000   0.00002525
  0.078664  -0.0000   0.00002594
  0.079868  -0.0000   0.00002664
  0.081172  -0.0000   0.00002733
  0.082579  -0.0000   0.00002803
  0.084093  -0.0000   0.00002872
  0.085716  -0.0000   0.00002942
  0.087450  -0.0000   0.00003012
  0.089299  -0.0000   0.00003081
  0.091165  -0.0000   0.00003151
  0.091251  -0.0000   0.00003156
  0.091329  -0.0000   0.00003162
  0.091403  -0.0000   0.00003168
  0.091506  -0.0000   0.00003176
  0.091651  -0.0000   0.00003189
  0.091854  -0.0000   0.00003208
  0.092148  -0.0000   0.00003237
  0.092591  -0.0000   0.00003280
  0.093294  -0.0000   0.00003345
  0.094048  -0.0000   0.00003410
  0.094857  -0.0000   0.00003475
  0.095722  -0.0000   0.00003540
  0.096642  -0.0000   0.00003605
  0.098149  -0.0000   0.00003702
  0.099500  -0.0000   0.00003784
  0.100944  -0.0000   0.00003865
  0.102483  -0.0000   0.00003946
  0.104119  -0.0000   0.00004028
  0.105853  -0.0000   0.00004109
  0.107686  -0.0000   0.00004191
  0.108593  -0.0000   0.00004230
  0.109120  -0.0000   0.00004253
  0.109297  -0.0000   0.00004263
  0.109432  -0.0000   0.00004274
  0.109557  -0.0000   0.00004285
  0.109730  -0.0000   0.00004301
  0.109976  -0.0000   0.00004325
  0.110335  -0.0000   0.00004362
  0.110882  -0.0000   0.00004416
  0.111522  -0.0000   0.00004477
  0.112196  -0.0000   0.00004538
  0.112905  -0.0000   0.00004599
  0.113986  -0.0000   0.00004686
  0.115138  -0.0000   0.00004773
  0.116840  -0.0000   0.00004891
  0.118377  -0.0000   0.00004991
  0.120013  -0.0000   0.00005092
  0.121748  -0.0000   0.00005192
  0.123584  -0.0000   0.00005292
  0.125523  -0.0000   0.00005392
  0.126897  -0.0000   0.00005461
  0.127123  -0.0000   0.00005472
  0.127299  -0.0000   0.00005483
  0.127431  -0.0000   0.00005495
  0.127612  -0.0000   0.00005512
  0.127864  -0.0000   0.00005537
  0.128106  -0.0000   0.00005562
  0.128465  -0.0000   0.00005600
  0.129013  -0.0000   0.00005657
  0.129717  -0.0000   0.00005726
  0.130455  -0.0000   0.00005796
  0.131229  -0.0000   0.00005866
  0.132378  -0.0000   0.00005963
  0.133594  -0.0000   0.00006061
  0.135158  -0.0000   0.00006179
  0.136819  -0.0000   0.00006297
  0.138580  -0.0000   0.00006414
  0.140689  -0.0000   0.00006547
  0.142928  -0.0000   0.00006680
  0.144881  -0.0000   0.00006790
  0.145102  -0.0000   0.00006802
  0.145324  -0.0000   0.00006815
  0.145467  -0.0000   0.00006827
  0.145662  -0.0000   0.00006846
  0.145845  -0.0000   0.00006865
  0.146021  -0.0000   0.00006883
  0.146279  -0.0000   0.00006911
  0.146662  -0.0000   0.00006953
  0.147250  -0.0000   0.00007016
  0.147995  -0.0000   0.00007093
  0.148772  -0.0000   0.00007169
  0.149583  -0.0000   0.00007245
  0.150838  -0.0000   0.00007357
  0.152161  -0.0000   0.00007469
  0.153862  -0.0000   0.00007605
  0.155662  -0.0000   0.00007740
  0.157562  -0.0000   0.00007876
  0.159821  -0.0000   0.00008028
  0.162209  -0.0000   0.00008180
  0.162537  -0.0000   0.00008201
  0.162868  -0.0000   0.00008221
  0.163201  -0.0000   0.00008242
  0.163516  -0.0000   0.00008266
  0.163754  -0.0000   0.00008290
  0.163979  -0.0000   0.00008314
  0.164286  -0.0000   0.00008349
  0.164590  -0.0000   0.00008383
  0.165048  -0.0000   0.00008435
  0.165760  -0.0000   0.00008512
  0.166498  -0.0000   0.00008590
  0.167264  -0.0000   0.00008667
  0.168057  -0.0000   0.00008744
  0.169305  -0.0000   0.00008861
  0.171304  -0.0000   0.00009035
  0.173433  -0.0000   0.00009209
  0.175691  -0.0000   0.00009383
  0.178080  -0.0000   0.00009557
  0.180601  -0.0000   0.00009732
  0.180864  -0.0000   0.00009750
  0.181128  -0.0000   0.00009768
  0.181394  -0.0000   0.00009786
  0.181635  -0.0000   0.00009808
  0.181845  -0.0000   0.00009831
  0.182044  -0.0000   0.00009853
  0.182239  -0.0000   0.00009875
  0.182524  -0.0000   0.00009909
  0.182954  -0.0000   0.00009959
  0.183591  -0.0000   0.00010040
  0.184522  -0.0000   0.00010150
  0.185453  -0.0000   0.00010260
  0.186383  -0.0000   0.00010380
  0.187311  -0.0000   0.00010490
  0.188696  -0.0000   0.00010660
  0.190755  -0.0000   0.00010910
  0.193798  -0.0000   0.00011300
  0.197030  -0.0000   0.00011710
  0.197475  -0.0000   0.00011770
  0.197920  -0.0000   0.00011820
  0.198363  -0.0000   0.00011880
  0.199024  -0.0000   0.00011970
  0.199219  -0.0000   0.00012000
  0.199372  -0.0000   0.00012030
  0.199517  -0.0000   0.00012060
  0.199722  -0.0000   0.00012100
  0.200018  -0.0000   0.00012170
  0.200453  -0.0000   0.00012270
  0.201104  -0.0000   0.00012420
  0.201968  -0.0000   0.00012620
  0.202836  -0.0000   0.00012810
  0.203704  -0.0000   0.00013010
  0.205006  -0.0000   0.00013310
  0.206948  -0.0000   0.00013750
  0.209831  -0.0000   0.00014420
  0.213169  -0.0000   0.00015210
  0.216457  -0.0000   0.00015990
  0.216648  -0.0000   0.00016040
  0.216808  -0.0000   0.00016080
  0.216940  -0.0000   0.00016130
  0.217123  -0.0000   0.00016200
  0.217385  -0.0000   0.00016300
  0.217766  -0.0000   0.00016450
  0.218336  -0.0000   0.00016680
  0.219107  -0.0000   0.00017000
  0.219881  -0.0000   0.00017310
  0.220658  -0.0000   0.00017620
  0.221822  -0.0000   0.00018080
  0.223562  -0.0000   0.00018780
  0.226152  -0.0000   0.00019830
  0.229981  -0.0000   0.00021400
  0.233750  -0.0000   0.00022980
  0.233952  -0.0000   0.00023060
  0.234154  -0.0000   0.00023150
  0.234338  -0.0000   0.00023230
  0.234546  -0.0000   0.00023360
  0.234835  -0.0000   0.00023550
  0.235116  -0.0000   0.00023740
  0.235396  -0.0000   0.00023930
  0.235816  -0.0000   0.00024210
  0.236449  -0.0000   0.00024640
  0.237404  -0.0000   0.00025290
  0.238361  -0.0000   0.00025930
  0.239794  -0.0000   0.00026890
  0.241932  -0.0000   0.00028340
  0.245107  -0.0000   0.00030510
  0.248413  -0.0000   0.00032790
  0.251675  -0.0000   0.00035080
  0.251862  -0.0000   0.00035210
  0.252002  -0.0000   0.00035350
  0.252134  -0.0000   0.00035480
  0.252323  -0.0000   0.00035690
  0.252601  -0.0000   0.00035990
  0.253015  -0.0000   0.00036450
  0.253640  -0.0000   0.00037130
  0.254409  -0.0000   0.00037970
  0.255181  -0.0000   0.00038810
  0.255953  -0.0000   0.00039650
  0.257110  -0.0000   0.00040900
  0.258838  -0.0000   0.00042790
  0.261411  -0.0000   0.00045610
  0.265220  -0.0000   0.00049850
  0.268975  -0.0000   0.00054090
  0.269178  -0.0000   0.00054320
  0.269381  -0.0000   0.00054550
  0.269534  -0.0000   0.00054780
  0.269743  -0.0000   0.00055130
  0.269945  -0.0000   0.00055470
  0.270145  -0.0000   0.00055820
  0.270446  -0.0000   0.00056340
  0.270899  -0.0000   0.00057110
  0.271582  -0.0000   0.00058280
  0.272611  -0.0000   0.00060020
  0.273641  -0.0000   0.00061770
  0.275181  -0.0000   0.00064390
  0.277477  -0.0000   0.00068320
  0.280885  -0.0000   0.00074210
  0.284112  -0.0000   0.00079850
  0.285496  -0.0000   0.00082290
  0.286871  -0.0000   0.00084720
  0.287045  -0.0000   0.00085090
  0.287196  -0.0000   0.00085460
  0.287342  -0.0000   0.00085840
  0.287556  -0.0000   0.00086400
  0.287876  -0.0000   0.00087240
  0.288360  -0.0000   0.00088490
  0.289090  -0.0000   0.00090380
  0.289822  -0.0000   0.00092270
  0.290921  -0.0000   0.00095100
  0.292565  -0.0000   0.00099350
  0.295015  -0.0000   0.00105700
  0.298651  -0.0000   0.00115300
  0.302243  -0.0000   0.00124800
  0.302705  -0.0000   0.00126100
  0.303167  -0.0000   0.00127300
  0.303627  -0.0000   0.00128500
  0.304317  -0.0000   0.00130400
  0.304548  -0.0000   0.00131100
  0.304728  -0.0000   0.00131700
  0.304901  -0.0000   0.00132400
  0.305156  -0.0000   0.00133400
  0.305411  -0.0000   0.00134400
  0.305796  -0.0000   0.00135800
  0.306377  -0.0000   0.00138100
  0.307252  -0.0000   0.00141400
  0.308564  -0.0000   0.00146400
  0.310525  -0.0000   0.00154000
  0.313445  -0.0000   0.00165200
  0.317031  -0.0000   0.00179200
  0.320574  -0.0000   0.00193300
  0.320881  -0.0000   0.00194500
  0.321187  -0.0000   0.00195700
  0.321493  -0.0000   0.00196900
  0.321951  -0.0000   0.00198700
  0.322175  -0.0000   0.00199800
  0.322364  -0.0000   0.00200800
  0.322548  -0.0000   0.00201800
  0.322822  -0.0000   0.00203400
  0.323237  -0.0000   0.00205700
  0.323863  -0.0000   0.00209200
  0.324491  -0.0000   0.00212600
  0.325434  -0.0000   0.00217900
  0.326846  -0.0000   0.00225700
  0.328953  -0.0000   0.00237400
  0.332088  -0.0000   0.00255000
  0.335567  -0.0000   0.00274800
  0.339006  -0.0000   0.00294600
  0.339236  -0.0000   0.00295900
  0.339466  -0.0000   0.00297200
  0.339682  -0.0000   0.00298500
  0.339936  -0.0000   0.00300500
  0.340184  -0.0000   0.00302500
  0.340433  -0.0000   0.00304500
  0.340682  -0.0000   0.00306500
  0.341057  -0.0000   0.00309400
  0.341623  -0.0000   0.00313900
  0.342474  -0.0000   0.00320600
  0.343748  -0.0000   0.00330600
  0.345652  -0.0000   0.00345600
  0.348487  -0.0000   0.00368200
  0.352689  -0.0000   0.00402100
  0.356138  -0.0000   0.00430200
  0.356408  -0.0000   0.00432400
  0.356677  -0.0000   0.00434600
  0.356947  -0.0000   0.00436800
  0.357319  -0.0000   0.00440100
  0.357551  -0.0000   0.00442600
  0.357779  -0.0000   0.00445200
  0.358008  -0.0000   0.00447700
  0.358353  -0.0000   0.00451500
  0.358873  -0.0000   0.00457300
  0.359655  -0.0000   0.00465800
  0.360828  -0.0000   0.00478700
  0.362583  -0.0000   0.00498100
  0.365198  -0.0000   0.00527100
  0.369079  -0.0000   0.00570500
  0.372915  -0.0000   0.00614000
  0.373278  -0.0000   0.00618200
  0.373642  -0.0000   0.00622300
  0.374004  -0.0000   0.00626400
  0.374547  -0.0000   0.00632600
  0.374852  -0.0000   0.00636200
  0.375089  -0.0000   0.00639700
  0.375321  -0.0000   0.00643300
  0.375554  -0.0000   0.00646900
  0.375788  -0.0000   0.00650400
  0.376140  -0.0000   0.00655800
  0.376671  -0.0000   0.00663800
  0.377469  -0.0000   0.00675800
  0.378664  -0.0000   0.00693800
  0.380450  -0.0000   0.00720900
  0.383111  -0.0000   0.00761400
  0.387060  -0.0000   0.00822300
  0.390964  -0.0000   0.00883100
  0.391261  -0.0000   0.00887800
  0.391558  -0.0000   0.00892400
  0.391854  -0.0000   0.00897000
  0.392298  -0.0000   0.00904000
  0.392532  -0.0000   0.00908200
  0.392735  -0.0000   0.00912400
  0.392937  -0.0000   0.00916500
  0.393241  -0.0000   0.00922800
  0.393700  -0.0000   0.00932200
  0.394391  -0.0000   0.00946300
  0.395083  -0.0000   0.00960400
  0.396120  -0.0000   0.00981600
  0.397670  -0.0000   0.01013000
  0.399982  -0.0000   0.01061000
  0.403419  -0.0000   0.01132000
  0.406619  -0.0000   0.01200000
  0.409788  -0.0000   0.01267000
  0.410006  -0.0000   0.01271000
  0.410181  -0.0000   0.01276000
  0.410349  -0.0000   0.01281000
  0.410599  -0.0000   0.01287000
  0.410851  -0.0000   0.01294000
  0.411231  -0.0000   0.01305000
  0.411803  -0.0000   0.01320000
  0.412662  -0.0000   0.01344000
  0.413948  -0.0000   0.01379000
  0.415869  -0.0000   0.01431000
  0.418729  -0.0000   0.01510000
  0.422972  -0.0000   0.01629000
  0.426387  -0.0000   0.01725000
  0.426688  -0.0000   0.01734000
  0.426989  -0.0000   0.01742000
  0.427289  -0.0000   0.01751000
  0.427715  -0.0000   0.01763000
  0.427938  -0.0000   0.01771000
  0.428159  -0.0000   0.01779000
  0.428381  -0.0000   0.01788000
  0.428716  -0.0000   0.01800000
  0.429221  -0.0000   0.01818000
  0.429979  -0.0000   0.01845000
  0.431115  -0.0000   0.01886000
  0.432813  -0.0000   0.01947000
  0.435345  -0.0000   0.02039000
  0.439106  -0.0000   0.02177000
  0.442829  -0.0000   0.02315000
  0.443388  -0.0000   0.02336000
  0.443947  -0.0000   0.02357000
  0.444504  -0.0000   0.02377000
  0.445322  -0.0000   0.02409000
  0.445506  -0.0000   0.02417000
  0.445687  -0.0000   0.02426000
  0.445870  -0.0000   0.02435000
  0.446145  -0.0000   0.02448000
  0.446559  -0.0000   0.02467000
  0.447182  -0.0000   0.02496000
  0.448116  -0.0000   0.02540000
  0.449515  -0.0000   0.02606000
  0.451604  -0.0000   0.02705000
  0.454714  -0.0000   0.02853000
  0.458041  -0.0000   0.03013000
  0.461338  -0.0000   0.03172000
  0.461704  -0.0000   0.03190000
  0.462069  -0.0000   0.03208000
  0.462434  -0.0000   0.03226000
  0.462963  -0.0000   0.03252000
  0.463168  -0.0000   0.03265000
  0.463372  -0.0000   0.03277000
  0.463577  -0.0000   0.03290000
  0.463886  -0.0000   0.03309000
  0.464351  -0.0000   0.03337000
  0.465051  -0.0000   0.03379000
  0.466098  -0.0000   0.03443000
  0.467665  -0.0000   0.03538000
  0.470002  -0.0000   0.03681000
  0.473479  -0.0000   0.03895000
  0.476648  -0.0000   0.04092000
  0.479788  -0.0000   0.04289000
  0.480048  -0.0000   0.04305000
  0.480308  -0.0000   0.04322000
  0.480559  -0.0000   0.04338000
  0.480791  -0.0000   0.04356000
  0.481022  -0.0000   0.04375000
  0.481256  -0.0000   0.04393000
  0.481490  -0.0000   0.04411000
  0.481842  -0.0000   0.04438000
  0.482371  -0.0000   0.04479000
  0.483164  -0.0000   0.04541000
  0.484352  -0.0000   0.04633000
  0.486126  -0.0000   0.04771000
  0.488770  -0.0000   0.04978000
  0.492698  -0.0000   0.05289000
  0.496585  -0.0000   0.05600000
  0.496913  -0.0000   0.05626000
  0.497240  -0.0000   0.05653000
  0.497567  -0.0000   0.05679000
  0.498058  -0.0000   0.05718000
  0.498282  -0.0000   0.05739000
  0.498488  -0.0000   0.05759000
  0.498695  -0.0000   0.05780000
  0.499007  -0.0000   0.05811000
  0.499477  -0.0000   0.05857000
  0.500183  -0.0000   0.05926000
  0.501241  -0.0000   0.06030000
  0.502822  -0.0000   0.06186000
  0.505181  -0.0000   0.06420000
  0.508690  -0.0000   0.06770000
  0.512168  -0.0000   0.07121000
  0.515612  -0.0000   0.07472000
  0.515830  -0.0000   0.07495000
  0.516014  -0.0000   0.07518000
  0.516197  -0.0000   0.07540000
  0.516473  -0.0000   0.07575000
  0.516751  -0.0000   0.07609000
  0.517168  -0.0000   0.07661000
  0.517795  -0.0000   0.07738000
  0.518734  -0.0000   0.07854000
  0.520139  -0.0000   0.08028000
  0.522235  -0.0000   0.08289000
  0.525357  -0.0000   0.08680000
  0.528543  -0.0000   0.09083000
  0.531703  -0.0000   0.09486000
  0.532144  -0.0000   0.09542000
  0.532584  -0.0000   0.09598000
  0.533024  -0.0000   0.09654000
  0.533631  -0.0000   0.09739000
  0.533894  -0.0000   0.09780000
  0.534159  -0.0000   0.09821000
  0.534425  -0.0000   0.09862000
  0.534824  -0.0000   0.09924000
  0.535424  -0.0000   0.10000000
  0.536323  -0.0000   0.10200000
  0.537668  -0.0000   0.10400000
  0.539676  -0.0000   0.10700000
  0.542666  -0.0000   0.11100000
  0.545942  -0.0000   0.11700000
  0.549190  -0.0000   0.12200000
  0.549679  -0.0000   0.12300000
  0.550167  -0.0000   0.12300000
  0.550655  -0.0000   0.12400000
  0.551207  -0.0000   0.12500000
  0.551448  -0.0000   0.12500000
  0.551690  -0.0000   0.12600000
  0.551933  -0.0000   0.12600000
  0.552177  -0.0000   0.12700000
  0.552543  -0.0000   0.12800000
  0.553092  -0.0000   0.12900000
  0.553916  -0.0000   0.13000000
  0.555148  -0.0000   0.13300000
  0.556988  -0.0000   0.13600000
  0.559730  -0.0000   0.14100000
  0.563805  -0.0000   0.14900000
  0.567836  -0.0000   0.15700000
  0.568105  -0.0000   0.15800000
  0.568373  -0.0000   0.15800000
  0.568641  -0.0000   0.15900000
  0.568992  -0.0000   0.16000000
  0.569328  -0.0000   0.16000000
  0.569666  -0.0000   0.16100000
  0.570005  -0.0000   0.16200000
  0.570344  -0.0000   0.16300000
  0.570852  -0.0000   0.16400000
  0.571614  -0.0000   0.16600000
  0.572754  -0.0000   0.16900000
  0.574458  -0.0000   0.17300000
  0.576997  -0.0000   0.17900000
  0.580773  -0.0000   0.18800000
  0.584513  -0.0000   0.19700000
  0.584921  -0.0000   0.19800000
  0.585329  -0.0000   0.19900000
  0.585737  -0.0000   0.20000000
  0.586347  -0.0000   0.20100000
  0.586561  -0.0000   0.20200000
  0.586765  -0.0000   0.20200000
  0.586971  -0.0000   0.20300000
  0.587281  -0.0000   0.20400000
  0.587747  -0.0000   0.20500000
  0.588446  -0.0000   0.20700000
  0.589492  -0.0000   0.21000000
  0.591057  -0.0000   0.21500000
  0.593390  -0.0000   0.22100000
  0.596815  -0.0000   0.23100000
  0.600211  -0.0000   0.24100000
  0.603577  -0.0000   0.25100000
  0.603828  -0.0000   0.25200000
  0.604079  -0.0000   0.25300000
  0.604291  -0.0000   0.25400000
  0.604503  -0.0000   0.25400000
  0.604717  -0.0000   0.25500000
  0.604931  -0.0000   0.25600000
  0.605253  -0.0000   0.25700000
  0.605735  -0.0000   0.25900000
  0.606459  -0.0000   0.26100000
  0.607541  -0.0000   0.26500000
  0.609159  -0.0000   0.27100000
  0.611572  -0.0000   0.27900000
  0.614390  -0.0000   0.28900000
  0.617189  -0.0000   0.29900000
  0.619968  -0.0000   0.30900000
  0.620528  -0.0000   0.31100000
  0.621088  -0.0000   0.31300000
  0.621647  -0.0000   0.31500000
  0.621874  -0.0000   0.31600000
  0.622090  -0.0000   0.31700000
  0.622308  -0.0000   0.31800000
  0.622635  -0.0000   0.31900000
  0.622963  -0.0000   0.32100000
  0.623455  -0.0000   0.32300000
  0.624192  -0.0000   0.32600000
  0.625296  -0.0000   0.33100000
  0.626944  -0.0000   0.33800000
  0.629291  -0.0000   0.34800000
  0.631624  -0.0000   0.35800000
  0.633945  -0.0000   0.36800000
  0.636253  -0.0000   0.37800000
  0.638547  -0.0000   0.38800000
  0.638880  -0.0000   0.38900000
  0.639213  -0.0000   0.39000000
  0.639523  -0.0000   0.39200000
  0.639793  -0.0000   0.39300000
  0.640066  -0.0000   0.39500000
  0.640340  -0.0000   0.39600000
  0.640751  -0.0000   0.39800000
  0.641368  -0.0000   0.40100000
  0.642291  -0.0000   0.40600000
  0.643671  -0.0000   0.41300000
  0.645629  -0.0000   0.42300000
  0.647578  -0.0000   0.43300000
  0.649518  -0.0000   0.44300000
  0.651450  -0.0000   0.45300000
  0.653372  -0.0000   0.46300000
  0.655285  -0.0000   0.47300000
  0.657167  -0.0000   0.48300000
  0.657384  -0.0000   0.48400000
  0.657601  -0.0000   0.48600000
  0.657820  -0.0000   0.48700000
  0.658039  -0.0000   0.48800000
  0.658368  -0.0000   0.49000000
  0.658862  -0.0000   0.49300000
  0.659602  -0.0000   0.49800000
  0.660710  -0.0000   0.50500000
  0.662349  -0.0000   0.51500000
  0.663982  -0.0000   0.52500000
  0.665609  -0.0000   0.53500000
  0.667230  -0.0000   0.54500000
  0.668845  -0.0000   0.55500000
  0.670453  -0.0000   0.56500000
  0.672055  -0.0000   0.57500000
  0.673651  -0.0000   0.58500000
  0.674411  -0.0000   0.58900000
  0.674860  -0.0000   0.59200000
  0.675101  -0.0000   0.59400000
  0.675344  -0.0000   0.59600000
  0.675588  -0.0000   0.59700000
  0.675832  -0.0000   0.59900000
  0.676199  -0.0000   0.60200000
  0.676749  -0.0000   0.60600000
  0.677572  -0.0000   0.61200000
  0.678804  -0.0000   0.62100000
  0.680182  -0.0000   0.63100000
  0.681555  -0.0000   0.64100000
  0.682925  -0.0000   0.65100000
  0.684290  -0.0000   0.66100000
  0.685651  -0.0000   0.67100000
  0.687007  -0.0000   0.68100000
  0.688359  -0.0000   0.69100000
  0.689706  -0.0000   0.70100000
  0.691049  -0.0000   0.71100000
  0.692387  -0.0000   0.72100000
  0.692593  -0.0000   0.72200000
  0.692798  -0.0000   0.72400000
  0.693004  -0.0000   0.72600000
  0.693314  -0.0000   0.72900000
  0.693780  -0.0000   0.73300000
  0.694478  -0.0000   0.73900000
  0.695523  -0.0000   0.74700000
  0.696689  -0.0000   0.75700000
  0.697852  -0.0000   0.76700000
  0.699011  -0.0000   0.77700000
  0.700168  -0.0000   0.78700000
  0.701321  -0.0000   0.79700000
  0.702472  -0.0000   0.80700000
  0.703619  -0.0000   0.81700000
  0.704763  -0.0000   0.82700000
  0.705904  -0.0000   0.83700000
  0.707042  -0.0000   0.84700000
  0.708176  -0.0000   0.85700000
  0.709308  -0.0000   0.86700000
  0.709990  -0.0000   0.87400000
  0.710238  -0.0000   0.87600000
  0.710476  -0.0000   0.87800000
  0.710716  -0.0000   0.88100000
  0.711076  -0.0000   0.88400000
  0.711437  -0.0000   0.88800000
  0.711978  -0.0000   0.89300000
  0.712788  -0.0000   0.90200000
  0.713777  -0.0000   0.91200000
  0.714764  -0.0000   0.92200000
  0.715748  -0.0000   0.93200000
  0.716731  -0.0000   0.94200000
  0.717711  -0.0000   0.95200000
  0.718689  -0.0000   0.96200000
  0.719664  -0.0000   0.97200000
  0.720638  -0.0000   0.98200000
  0.721609  -0.0000   0.99200000
  0.722417  -0.0000   1.00000000
  0.721346  -0.0000   1.00000000
  0.721346  -0.0000   1.00000000
  0.721346  -0.0000   1.00000000
  0.721346  -0.0000   1.00000000
  0.721346  -0.0000   1.00000000
  0.721346  -0.0000   1.00000000
  0.721345  -0.0000   1.00000000
  0.721345  -0.0000   1.00000000
  0.721344  -0.0000   1.00000000
  0.721342  -0.0000   1.00000000
  0.721338  -0.0000   1.00000000
  0.721331  -0.0000   1.00000000
