  0.000205  -0.0000   0.00000010
  0.000465  -0.0000   0.00000020
  0.000699  -0.0000   0.00000023
  0.002500  -0.0000   0.00000027
  0.006619  -0.0000   0.00000028
  0.006768  -0.0000   0.00000029
  0.006858  -0.0000   0.00000031
  0.007019  -0.0000   0.00000034
  0.007266  -0.0000   0.00000037
  0.007556  -0.0000   0.00000041
  0.007896  -0.0000   0.00000045
  0.008221  -0.0000   0.00000048
  0.008611  -0.0000   0.00000051
  0.008899  -0.0000   0.00000052
  0.009230  -0.0000   0.00000054
  0.009609  -0.0000   0.00000056
  0.009945  -0.0000   0.00000058
  0.010317  -0.0000   0.00000059
  0.010727  -0.0000   0.00000061
  0.011157  -0.0000   0.00000062
  0.011624  -0.0000   0.00000064
  0.012128  -0.0000   0.00000065
  0.012704  -0.0000   0.00000067
  0.013320  -0.0000   0.00000068
  0.013974  -0.0000   0.00000070
  0.014846  -0.0000   0.00000072
  0.015767  -0.0000   0.00000074
  0.016732  -0.0000   0.00000076
  0.017735  -0.0000   0.00000078
  0.018770  -0.0000   0.00000080
  0.019831  -0.0000   0.00000082
  0.019849  -0.0000   0.00000082
  0.019857  -0.0000   0.00000082
  0.019864  -0.0000   0.00000082
  0.019873  -0.0000   0.00000082
  0.019884  -0.0000   0.00000082
  0.019897  -0.0000   0.00000083
  0.019914  -0.0000   0.00000084
  0.019935  -0.0000   0.00000084
  0.019960  -0.0000   0.00000086
  0.019983  -0.0000   0.00000087
  0.020014  -0.0000   0.00000090
  0.020055  -0.0000   0.00000093
  0.020113  -0.0000   0.00000098
  0.020195  -0.0000   0.00000105
  0.020316  -0.0000   0.00000116
  0.020441  -0.0000   0.00000127
  0.020645  -0.0000   0.00000143
  0.021026  -0.0000   0.00000168
  0.021189  -0.0000   0.00000177
  0.021378  -0.0000   0.00000186
  0.021600  -0.0000   0.00000196
  0.021860  -0.0000   0.00000205
  0.022168  -0.0000   0.00000214
  0.022534  -0.0000   0.00000223
  0.022966  -0.0000   0.00000232
  0.023364  -0.0000   0.00000239
  0.023814  -0.0000   0.00000247
  0.024322  -0.0000   0.00000254
  0.024889  -0.0000   0.00000262
  0.025411  -0.0000   0.00000268
  0.025979  -0.0000   0.00000274
  0.026596  -0.0000   0.00000280
  0.027262  -0.0000   0.00000286
  0.027978  -0.0000   0.00000293
  0.028745  -0.0000   0.00000299
  0.029562  -0.0000   0.00000305
  0.030430  -0.0000   0.00000311
  0.031348  -0.0000   0.00000317
  0.032314  -0.0000   0.00000323
  0.033328  -0.0000   0.00000330
  0.034389  -0.0000   0.00000336
  0.035496  -0.0000   0.00000342
  0.035602  -0.0000   0.00000343
  0.035708  -0.0000   0.00000343
  0.035815  -0.0000   0.00000344
  0.035969  -0.0000   0.00000345
  0.035987  -0.0000   0.00000345
  0.036003  -0.0000   0.00000346
  0.036016  -0.0000   0.00000346
  0.036034  -0.0000   0.00000347
  0.036056  -0.0000   0.00000348
  0.036085  -0.0000   0.00000349
  0.036123  -0.0000   0.00000352
  0.036171  -0.0000   0.00000355
  0.036234  -0.0000   0.00000360
  0.036319  -0.0000   0.00000368
  0.036436  -0.0000   0.00000380
  0.036605  -0.0000   0.00000397
  0.036873  -0.0000   0.00000423
  0.037229  -0.0000   0.00000453
  0.037550  -0.0000   0.00000476
  0.037940  -0.0000   0.00000498
  0.038298  -0.0000   0.00000516
  0.038717  -0.0000   0.00000534
  0.039205  -0.0000   0.00000552
  0.039768  -0.0000   0.00000570
  0.040413  -0.0000   0.00000587
  0.041146  -0.0000   0.00000605
  0.041815  -0.0000   0.00000620
  0.042551  -0.0000   0.00000635
  0.043358  -0.0000   0.00000649
  0.044238  -0.0000   0.00000664
  0.045196  -0.0000   0.00000679
  0.046232  -0.0000   0.00000693
  0.047351  -0.0000   0.00000708
  0.048552  -0.0000   0.00000723
  0.049615  -0.0000   0.00000735
  0.050737  -0.0000   0.00000747
  0.051918  -0.0000   0.00000760
  0.053297  -0.0000   0.00000773
  0.053401  -0.0000   0.00000774
  0.053460  -0.0000   0.00000775
  0.053491  -0.0000   0.00000776
  0.053530  -0.0000   0.00000778
  0.053579  -0.0000   0.00000780
  0.053640  -0.0000   0.00000784
  0.053718  -0.0000   0.00000789
  0.053819  -0.0000   0.00000797
  0.053953  -0.0000   0.00000808
  0.054140  -0.0000   0.00000826
  0.054417  -0.0000   0.00000852
  0.054879  -0.0000   0.00000892
  0.055108  -0.0000   0.00000910
  0.055358  -0.0000   0.00000928
  0.055633  -0.0000   0.00000946
  0.056110  -0.0000   0.00000973
  0.056529  -0.0000   0.00000994
  0.056994  -0.0000   0.00001016
  0.057510  -0.0000   0.00001037
  0.058127  -0.0000   0.00001060
  0.058809  -0.0000   0.00001083
  0.059558  -0.0000   0.00001106
  0.060325  -0.0000   0.00001127
  0.061157  -0.0000   0.00001149
  0.062058  -0.0000   0.00001170
  0.062993  -0.0000   0.00001191
  0.063996  -0.0000   0.00001212
  0.065069  -0.0000   0.00001233
  0.066214  -0.0000   0.00001253
  0.067433  -0.0000   0.00001274
  0.068726  -0.0000   0.00001295
  0.070093  -0.0000   0.00001316
  0.070323  -0.0000   0.00001319
  0.070556  -0.0000   0.00001323
  0.070790  -0.0000   0.00001326
  0.070905  -0.0000   0.00001329
  0.070965  -0.0000   0.00001331
  0.071017  -0.0000   0.00001334
  0.071083  -0.0000   0.00001338
  0.071142  -0.0000   0.00001341
  0.071222  -0.0000   0.00001347
  0.071329  -0.0000   0.00001356
  0.071474  -0.0000   0.00001369
  0.071679  -0.0000   0.00001388
  0.071983  -0.0000   0.00001417
  0.072482  -0.0000   0.00001460
  0.072790  -0.0000   0.00001485
  0.073127  -0.0000   0.00001510
  0.073495  -0.0000   0.00001535
  0.074124  -0.0000   0.00001573
  0.074836  -0.0000   0.00001610
  0.075637  -0.0000   0.00001647
  0.076531  -0.0000   0.00001685
  0.077524  -0.0000   0.00001722
  0.078423  -0.0000   0.00001753
  0.079396  -0.0000   0.00001784
  0.080447  -0.0000   0.00001816
  0.081579  -0.0000   0.00001847
  0.082794  -0.0000   0.00001878
  0.084095  -0.0000   0.00001909
  0.085482  -0.0000   0.00001940
  0.086957  -0.0000   0.00001971
  0.087500  -0.0000   0.00001982
  0.088054  -0.0000   0.00001994
  0.088168  -0.0000   0.00001997
  0.088232  -0.0000   0.00002000
  0.088288  -0.0000   0.00002003
  0.088362  -0.0000   0.00002008
  0.088459  -0.0000   0.00002014
  0.088587  -0.0000   0.00002025
  0.088760  -0.0000   0.00002040
  0.089002  -0.0000   0.00002064
  0.089363  -0.0000   0.00002099
  0.089953  -0.0000   0.00002151
  0.090439  -0.0000   0.00002191
  0.090978  -0.0000   0.00002230
  0.091573  -0.0000   0.00002270
  0.092404  -0.0000   0.00002319
  0.093332  -0.0000   0.00002368
  0.094361  -0.0000   0.00002417
  0.095495  -0.0000   0.00002466
  0.096492  -0.0000   0.00002506
  0.097564  -0.0000   0.00002546
  0.098715  -0.0000   0.00002586
  0.099947  -0.0000   0.00002625
  0.101261  -0.0000   0.00002665
  0.102660  -0.0000   0.00002705
  0.104145  -0.0000   0.00002745
  0.105604  -0.0000   0.00002785
  0.105669  -0.0000   0.00002788
  0.105726  -0.0000   0.00002792
  0.105778  -0.0000   0.00002795
  0.105849  -0.0000   0.00002800
  0.105946  -0.0000   0.00002808
  0.106077  -0.0000   0.00002819
  0.106257  -0.0000   0.00002836
  0.106513  -0.0000   0.00002861
  0.106896  -0.0000   0.00002899
  0.107516  -0.0000   0.00002956
  0.108057  -0.0000   0.00003001
  0.108649  -0.0000   0.00003047
  0.109295  -0.0000   0.00003092
  0.110178  -0.0000   0.00003148
  0.111150  -0.0000   0.00003205
  0.112212  -0.0000   0.00003261
  0.113369  -0.0000   0.00003317
  0.114624  -0.0000   0.00003373
  0.115981  -0.0000   0.00003430
  0.117443  -0.0000   0.00003486
  0.118727  -0.0000   0.00003532
  0.120086  -0.0000   0.00003579
  0.121520  -0.0000   0.00003625
  0.123075  -0.0000   0.00003677
  0.123148  -0.0000   0.00003681
  0.123213  -0.0000   0.00003685
  0.123273  -0.0000   0.00003690
  0.123356  -0.0000   0.00003696
  0.123469  -0.0000   0.00003705
  0.123624  -0.0000   0.00003720
  0.123840  -0.0000   0.00003741
  0.124155  -0.0000   0.00003774
  0.124638  -0.0000   0.00003822
  0.125134  -0.0000   0.00003869
  0.125669  -0.0000   0.00003915
  0.126244  -0.0000   0.00003962
  0.127122  -0.0000   0.00004027
  0.128084  -0.0000   0.00004092
  0.129131  -0.0000   0.00004157
  0.130265  -0.0000   0.00004222
  0.131489  -0.0000   0.00004286
  0.132807  -0.0000   0.00004351
  0.134220  -0.0000   0.00004416
  0.135731  -0.0000   0.00004481
  0.137342  -0.0000   0.00004546
  0.139054  -0.0000   0.00004611
  0.139693  -0.0000   0.00004634
  0.140345  -0.0000   0.00004658
  0.140481  -0.0000   0.00004664
  0.140573  -0.0000   0.00004670
  0.140656  -0.0000   0.00004677
  0.140768  -0.0000   0.00004686
  0.140920  -0.0000   0.00004700
  0.141128  -0.0000   0.00004721
  0.141426  -0.0000   0.00004752
  0.141871  -0.0000   0.00004799
  0.142435  -0.0000   0.00004856
  0.143041  -0.0000   0.00004912
  0.143692  -0.0000   0.00004969
  0.144499  -0.0000   0.00005034
  0.145367  -0.0000   0.00005098
  0.146548  -0.0000   0.00005179
  0.147828  -0.0000   0.00005260
  0.149210  -0.0000   0.00005341
  0.150697  -0.0000   0.00005422
  0.152293  -0.0000   0.00005503
  0.153726  -0.0000   0.00005571
  0.155239  -0.0000   0.00005640
  0.156833  -0.0000   0.00005708
  0.157203  -0.0000   0.00005724
  0.157576  -0.0000   0.00005740
  0.157923  -0.0000   0.00005755
  0.158030  -0.0000   0.00005763
  0.158126  -0.0000   0.00005771
  0.158215  -0.0000   0.00005779
  0.158339  -0.0000   0.00005790
  0.158510  -0.0000   0.00005808
  0.158753  -0.0000   0.00005834
  0.159108  -0.0000   0.00005873
  0.159657  -0.0000   0.00005932
  0.160152  -0.0000   0.00005982
  0.160675  -0.0000   0.00006033
  0.161227  -0.0000   0.00006083
  0.162121  -0.0000   0.00006159
  0.163080  -0.0000   0.00006235
  0.164427  -0.0000   0.00006333
  0.165886  -0.0000   0.00006430
  0.167459  -0.0000   0.00006528
  0.168835  -0.0000   0.00006609
  0.170293  -0.0000   0.00006689
  0.171833  -0.0000   0.00006770
  0.173639  -0.0000   0.00006859
  0.175465  -0.0000   0.00006948
  0.175554  -0.0000   0.00006954
  0.175636  -0.0000   0.00006961
  0.175713  -0.0000   0.00006968
  0.175820  -0.0000   0.00006978
  0.175969  -0.0000   0.00006993
  0.176179  -0.0000   0.00007016
  0.176481  -0.0000   0.00007051
  0.176936  -0.0000   0.00007102
  0.177503  -0.0000   0.00007164
  0.178103  -0.0000   0.00007225
  0.178739  -0.0000   0.00007287
  0.179563  -0.0000   0.00007361
  0.180439  -0.0000   0.00007436
  0.181749  -0.0000   0.00007540
  0.183157  -0.0000   0.00007643
  0.184668  -0.0000   0.00007746
  0.186281  -0.0000   0.00007850
  0.188000  -0.0000   0.00007953
  0.189825  -0.0000   0.00008056
  0.191759  -0.0000   0.00008160
  0.192062  -0.0000   0.00008176
  0.192368  -0.0000   0.00008192
  0.192676  -0.0000   0.00008208
  0.192931  -0.0000   0.00008223
  0.193102  -0.0000   0.00008239
  0.193257  -0.0000   0.00008254
  0.193401  -0.0000   0.00008269
  0.193538  -0.0000   0.00008284
  0.193736  -0.0000   0.00008307
  0.194026  -0.0000   0.00008341
  0.194466  -0.0000   0.00008393
  0.195161  -0.0000   0.00008470
  0.195899  -0.0000   0.00008547
  0.196683  -0.0000   0.00008624
  0.197512  -0.0000   0.00008701
  0.198385  -0.0000   0.00008778
  0.199792  -0.0000   0.00008893
  0.201299  -0.0000   0.00009009
  0.202907  -0.0000   0.00009125
  0.204618  -0.0000   0.00009240
  0.206435  -0.0000   0.00009356
  0.208357  -0.0000   0.00009471
  0.210341  -0.0000   0.00009587
  0.210436  -0.0000   0.00009595
  0.210525  -0.0000   0.00009603
  0.210609  -0.0000   0.00009612
  0.210726  -0.0000   0.00009624
  0.210891  -0.0000   0.00009643
  0.211125  -0.0000   0.00009671
  0.211467  -0.0000   0.00009712
  0.211985  -0.0000   0.00009775
  0.212501  -0.0000   0.00009836
  0.213040  -0.0000   0.00009896
  0.213603  -0.0000   0.00009956
  0.214442  -0.0000   0.00010050
  0.215249  -0.0000   0.00010140
  0.216444  -0.0000   0.00010270
  0.218202  -0.0000   0.00010480
  0.220768  -0.0000   0.00010780
  0.223264  -0.0000   0.00011090
  0.225693  -0.0000   0.00011390
  0.226091  -0.0000   0.00011440
  0.226486  -0.0000   0.00011490
  0.226880  -0.0000   0.00011540
  0.227436  -0.0000   0.00011620
  0.227545  -0.0000   0.00011640
  0.227644  -0.0000   0.00011660
  0.227738  -0.0000   0.00011690
  0.227867  -0.0000   0.00011720
  0.228048  -0.0000   0.00011770
  0.228303  -0.0000   0.00011840
  0.228673  -0.0000   0.00011950
  0.229223  -0.0000   0.00012120
  0.229889  -0.0000   0.00012320
  0.230558  -0.0000   0.00012520
  0.231228  -0.0000   0.00012720
  0.231897  -0.0000   0.00012920
  0.232896  -0.0000   0.00013220
  0.234378  -0.0000   0.00013670
  0.236563  -0.0000   0.00014340
  0.238859  -0.0000   0.00015060
  0.241107  -0.0000   0.00015790
  0.243305  -0.0000   0.00016510
  0.243481  -0.0000   0.00016570
  0.243657  -0.0000   0.00016630
  0.243833  -0.0000   0.00016690
  0.244096  -0.0000   0.00016770
  0.244253  -0.0000   0.00016840
  0.244378  -0.0000   0.00016910
  0.244494  -0.0000   0.00016980
  0.244653  -0.0000   0.00017080
  0.244876  -0.0000   0.00017240
  0.245197  -0.0000   0.00017470
  0.245674  -0.0000   0.00017820
  0.246393  -0.0000   0.00018350
  0.247117  -0.0000   0.00018870
  0.247842  -0.0000   0.00019400
  0.248566  -0.0000   0.00019920
  0.249647  -0.0000   0.00020710
  0.251251  -0.0000   0.00021890
  0.253613  -0.0000   0.00023660
  0.255772  -0.0000   0.00025310
  0.257889  -0.0000   0.00026960
  0.259966  -0.0000   0.00028610
  0.260147  -0.0000   0.00028750
  0.260329  -0.0000   0.00028900
  0.260509  -0.0000   0.00029040
  0.260780  -0.0000   0.00029260
  0.261000  -0.0000   0.00029470
  0.261160  -0.0000   0.00029680
  0.261304  -0.0000   0.00029890
  0.261504  -0.0000   0.00030200
  0.261697  -0.0000   0.00030520
  0.261979  -0.0000   0.00030990
  0.262402  -0.0000   0.00031700
  0.263042  -0.0000   0.00032760
  0.263686  -0.0000   0.00033820
  0.264332  -0.0000   0.00034890
  0.264977  -0.0000   0.00035950
  0.265940  -0.0000   0.00037540
  0.267373  -0.0000   0.00039930
  0.269489  -0.0000   0.00043520
  0.271814  -0.0000   0.00047530
  0.274095  -0.0000   0.00051550
  0.276331  -0.0000   0.00055560
  0.276555  -0.0000   0.00055960
  0.276777  -0.0000   0.00056370
  0.277000  -0.0000   0.00056770
  0.277332  -0.0000   0.00057370
  0.277684  -0.0000   0.00058070
  0.277823  -0.0000   0.00058460
  0.277949  -0.0000   0.00058860
  0.278068  -0.0000   0.00059260
  0.278238  -0.0000   0.00059850
  0.278486  -0.0000   0.00060740
  0.278854  -0.0000   0.00062080
  0.279413  -0.0000   0.00064090
  0.279976  -0.0000   0.00066090
  0.280540  -0.0000   0.00068100
  0.281105  -0.0000   0.00070110
  0.281951  -0.0000   0.00073120
  0.283212  -0.0000   0.00077630
  0.285080  -0.0000   0.00084410
  0.287828  -0.0000   0.00094570
  0.290517  -0.0000   0.00104700
  0.293148  -0.0000   0.00114900
  0.293371  -0.0000   0.00115700
  0.293593  -0.0000   0.00116600
  0.293814  -0.0000   0.00117500
  0.294145  -0.0000   0.00118800
  0.294344  -0.0000   0.00119600
  0.294488  -0.0000   0.00120500
  0.294619  -0.0000   0.00121400
  0.294802  -0.0000   0.00122700
  0.294980  -0.0000   0.00124000
  0.295244  -0.0000   0.00126000
  0.295643  -0.0000   0.00129000
  0.296247  -0.0000   0.00133400
  0.296854  -0.0000   0.00137800
  0.297462  -0.0000   0.00142300
  0.298372  -0.0000   0.00149000
  0.299729  -0.0000   0.00158900
  0.301738  -0.0000   0.00173900
  0.304062  -0.0000   0.00191600
  0.306347  -0.0000   0.00209200
  0.308591  -0.0000   0.00226800
  0.309234  -0.0000   0.00231900
  0.309873  -0.0000   0.00237000
  0.310508  -0.0000   0.00242000
  0.310760  -0.0000   0.00244000
  0.310986  -0.0000   0.00246100
  0.311147  -0.0000   0.00248100
  0.311294  -0.0000   0.00250100
  0.311434  -0.0000   0.00252100
  0.311572  -0.0000   0.00254100
  0.311776  -0.0000   0.00257200
  0.312085  -0.0000   0.00261700
  0.312552  -0.0000   0.00268500
  0.313258  -0.0000   0.00278700
  0.313965  -0.0000   0.00288900
  0.315023  -0.0000   0.00304200
  0.316599  -0.0000   0.00327200
  0.318927  -0.0000   0.00361600
  0.321046  -0.0000   0.00393400
  0.323134  -0.0000   0.00425200
  0.325189  -0.0000   0.00457000
  0.325727  -0.0000   0.00465400
  0.326263  -0.0000   0.00473800
  0.326797  -0.0000   0.00482100
  0.327590  -0.0000   0.00494700
  0.327706  -0.0000   0.00497400
  0.327813  -0.0000   0.00500000
  0.327913  -0.0000   0.00502700
  0.328058  -0.0000   0.00506700
  0.328270  -0.0000   0.00512700
  0.328590  -0.0000   0.00521700
  0.329076  -0.0000   0.00535200
  0.329720  -0.0000   0.00553000
  0.330367  -0.0000   0.00570800
  0.331014  -0.0000   0.00588600
  0.331982  -0.0000   0.00615200
  0.333422  -0.0000   0.00655300
  0.335555  -0.0000   0.00715300
  0.337970  -0.0000   0.00784400
  0.340345  -0.0000   0.00853500
  0.342679  -0.0000   0.00922500
  0.342943  -0.0000   0.00930400
  0.343206  -0.0000   0.00938200
  0.343469  -0.0000   0.00946000
  0.343862  -0.0000   0.00957800
  0.344259  -0.0000   0.00970000
  0.344383  -0.0000   0.00975400
  0.344497  -0.0000   0.00980900
  0.344605  -0.0000   0.00986300
  0.344763  -0.0000   0.00994400
  0.344998  -0.0000   0.01007000
  0.345354  -0.0000   0.01025000
  0.345895  -0.0000   0.01052000
  0.346438  -0.0000   0.01080000
  0.346982  -0.0000   0.01107000
  0.347797  -0.0000   0.01149000
  0.349012  -0.0000   0.01211000
  0.350818  -0.0000   0.01303000
  0.353482  -0.0000   0.01443000
  0.356100  -0.0000   0.01582000
  0.358671  -0.0000   0.01721000
  0.359523  -0.0000   0.01767000
  0.360369  -0.0000   0.01814000
  0.360707  -0.0000   0.01832000
  0.360980  -0.0000   0.01851000
  0.361190  -0.0000   0.01870000
  0.361391  -0.0000   0.01888000
  0.361592  -0.0000   0.01907000
  0.361793  -0.0000   0.01925000
  0.362098  -0.0000   0.01953000
  0.362559  -0.0000   0.01995000
  0.363252  -0.0000   0.02057000
  0.364290  -0.0000   0.02151000
  0.365836  -0.0000   0.02292000
  0.368126  -0.0000   0.02503000
  0.370384  -0.0000   0.02715000
  0.372609  -0.0000   0.02926000
  0.374801  -0.0000   0.03137000
  0.376228  -0.0000   0.03276000
  0.377594  -0.0000   0.03416000
  0.377720  -0.0000   0.03434000
  0.377837  -0.0000   0.03452000
  0.377950  -0.0000   0.03470000
  0.378117  -0.0000   0.03497000
  0.378369  -0.0000   0.03537000
  0.378751  -0.0000   0.03598000
  0.379329  -0.0000   0.03690000
  0.379910  -0.0000   0.03781000
  0.380780  -0.0000   0.03918000
  0.382078  -0.0000   0.04124000
  0.384007  -0.0000   0.04433000
  0.386853  -0.0000   0.04896000
  0.389649  -0.0000   0.05358000
  0.392393  -0.0000   0.05821000
  0.392789  -0.0000   0.05888000
  0.393183  -0.0000   0.05955000
  0.393576  -0.0000   0.06022000
  0.394164  -0.0000   0.06123000
  0.394304  -0.0000   0.06151000
  0.394418  -0.0000   0.06180000
  0.394526  -0.0000   0.06209000
  0.394683  -0.0000   0.06252000
  0.394919  -0.0000   0.06316000
  0.395277  -0.0000   0.06413000
  0.395820  -0.0000   0.06558000
  0.396364  -0.0000   0.06704000
  0.397180  -0.0000   0.06921000
  0.398398  -0.0000   0.07248000
  0.400209  -0.0000   0.07739000
  0.402884  -0.0000   0.08474000
  0.405515  -0.0000   0.09209000
  0.408103  -0.0000   0.09945000
  0.410645  -0.0000   0.10700000
  0.410803  -0.0000   0.10700000
  0.410929  -0.0000   0.10800000
  0.411036  -0.0000   0.10800000
  0.411188  -0.0000   0.10900000
  0.411339  -0.0000   0.11000000
  0.411567  -0.0000   0.11100000
  0.411913  -0.0000   0.11200000
  0.412436  -0.0000   0.11400000
  0.413217  -0.0000   0.11800000
  0.413997  -0.0000   0.12100000
  0.415161  -0.0000   0.12700000
  0.416891  -0.0000   0.13400000
  0.419086  -0.0000   0.14400000
  0.421252  -0.0000   0.15400000
  0.423389  -0.0000   0.16400000
  0.425497  -0.0000   0.17400000
  0.427569  -0.0000   0.18400000
  0.427683  -0.0000   0.18500000
  0.427790  -0.0000   0.18600000
  0.427893  -0.0000   0.18700000
  0.428048  -0.0000   0.18800000
  0.428281  -0.0000   0.19000000
  0.428635  -0.0000   0.19200000
  0.429171  -0.0000   0.19600000
  0.429707  -0.0000   0.20000000
  0.430512  -0.0000   0.20600000
  0.431714  -0.0000   0.21400000
  0.433082  -0.0000   0.22400000
  0.434440  -0.0000   0.23400000
  0.435789  -0.0000   0.24400000
  0.437127  -0.0000   0.25400000
  0.438454  -0.0000   0.26400000
  0.439771  -0.0000   0.27400000
  0.441077  -0.0000   0.28400000
  0.442372  -0.0000   0.29400000
  0.443655  -0.0000   0.30400000
  0.443938  -0.0000   0.30700000
  0.444221  -0.0000   0.30900000
  0.444412  -0.0000   0.31100000
  0.444574  -0.0000   0.31300000
  0.444732  -0.0000   0.31400000
  0.444892  -0.0000   0.31600000
  0.445133  -0.0000   0.31900000
  0.445498  -0.0000   0.32300000
  0.446047  -0.0000   0.33000000
  0.446872  -0.0000   0.33900000
  0.447739  -0.0000   0.34900000
  0.448603  -0.0000   0.35900000
  0.449464  -0.0000   0.36900000
  0.450320  -0.0000   0.37900000
  0.451173  -0.0000   0.38900000
  0.452021  -0.0000   0.39900000
  0.452865  -0.0000   0.40900000
  0.453705  -0.0000   0.41900000
  0.454542  -0.0000   0.42900000
  0.455373  -0.0000   0.43900000
  0.456201  -0.0000   0.44900000
  0.457025  -0.0000   0.45900000
  0.457844  -0.0000   0.46900000
  0.458659  -0.0000   0.47900000
  0.459469  -0.0000   0.48900000
  0.460275  -0.0000   0.49900000
  0.460879  -0.0000   0.50700000
  0.461002  -0.0000   0.50900000
  0.461116  -0.0000   0.51100000
  0.461227  -0.0000   0.51300000
  0.461395  -0.0000   0.51600000
  0.461649  -0.0000   0.52100000
  0.462033  -0.0000   0.52800000
  0.462588  -0.0000   0.53800000
  0.463144  -0.0000   0.54800000
  0.463698  -0.0000   0.55800000
  0.464252  -0.0000   0.56800000
  0.464804  -0.0000   0.57800000
  0.465354  -0.0000   0.58800000
  0.465903  -0.0000   0.59800000
  0.466450  -0.0000   0.60800000
  0.466995  -0.0000   0.61800000
  0.467539  -0.0000   0.62800000
  0.468082  -0.0000   0.63800000
  0.468622  -0.0000   0.64800000
  0.469161  -0.0000   0.65800000
  0.469698  -0.0000   0.66800000
  0.470234  -0.0000   0.67800000
  0.470768  -0.0000   0.68800000
  0.471300  -0.0000   0.69800000
  0.471831  -0.0000   0.70800000
  0.472360  -0.0000   0.71800000
  0.472887  -0.0000   0.72800000
  0.473413  -0.0000   0.73800000
  0.473936  -0.0000   0.74800000
  0.474459  -0.0000   0.75800000
  0.474979  -0.0000   0.76800000
  0.475498  -0.0000   0.77800000
  0.476015  -0.0000   0.78800000
  0.476530  -0.0000   0.79800000
  0.477043  -0.0000   0.80800000
  0.477555  -0.0000   0.81800000
  0.477721  -0.0000   0.82100000
  0.477859  -0.0000   0.82500000
  0.477993  -0.0000   0.82900000
  0.478195  -0.0000   0.83500000
  0.478503  -0.0000   0.84300000
  0.478861  -0.0000   0.85300000
  0.479221  -0.0000   0.86300000
  0.479581  -0.0000   0.87300000
  0.479941  -0.0000   0.88300000
  0.480300  -0.0000   0.89300000
  0.480659  -0.0000   0.90300000
  0.481018  -0.0000   0.91300000
  0.481376  -0.0000   0.92300000
  0.481733  -0.0000   0.93300000
  0.482089  -0.0000   0.94300000
  0.482445  -0.0000   0.95300000
  0.482800  -0.0000   0.96300000
  0.483155  -0.0000   0.97300000
  0.483508  -0.0000   0.98300000
  0.483861  -0.0000   0.99300000
  0.484094  -0.0000   1.00000000
  0.481301  -0.0000   1.00000000
  0.481301  -0.0000   1.00000000
  0.481300  -0.0000   1.00000000
  0.481300  -0.0000   1.00000000
  0.481300  -0.0000   1.00000000
  0.481298  -0.0000   1.00000000
  0.481296  -0.0000   1.00000000
  0.481292  -0.0000   1.00000000
  0.481283  -0.0000   1.00000000
  0.481266  -0.0000   1.00000000
  0.481231  -0.0000   1.00000000
  0.481165  -0.0000   1.00000000
