  0.000050  -0.0000   0.00000010
  0.000121  -0.0000   0.00000020
  0.000362  -0.0000   0.00000030
  0.001565  -0.0000   0.00000037
  0.006473  -0.0000   0.00000043
  0.006640  -0.0000   0.00000048
  0.006847  -0.0000   0.00000053
  0.007060  -0.0000   0.00000056
  0.007330  -0.0000   0.00000060
  0.007666  -0.0000   0.00000064
  0.007962  -0.0000   0.00000067
  0.008304  -0.0000   0.00000070
  0.008694  -0.0000   0.00000073
  0.009104  -0.0000   0.00000075
  0.009559  -0.0000   0.00000078
  0.010060  -0.0000   0.00000081
  0.010687  -0.0000   0.00000084
  0.011371  -0.0000   0.00000087
  0.012111  -0.0000   0.00000090
  0.012901  -0.0000   0.00000093
  0.013740  -0.0000   0.00000096
  0.014622  -0.0000   0.00000099
  0.015544  -0.0000   0.00000102
  0.016503  -0.0000   0.00000105
  0.017713  -0.0000   0.00000108
  0.018965  -0.0000   0.00000112
  0.019093  -0.0000   0.00000112
  0.019221  -0.0000   0.00000113
  0.019349  -0.0000   0.00000113
  0.019543  -0.0000   0.00000114
  0.019626  -0.0000   0.00000114
  0.019637  -0.0000   0.00000114
  0.019644  -0.0000   0.00000115
  0.019653  -0.0000   0.00000115
  0.019660  -0.0000   0.00000115
  0.019669  -0.0000   0.00000116
  0.019679  -0.0000   0.00000117
  0.019693  -0.0000   0.00000119
  0.019710  -0.0000   0.00000121
  0.019732  -0.0000   0.00000125
  0.019762  -0.0000   0.00000130
  0.019803  -0.0000   0.00000138
  0.019867  -0.0000   0.00000150
  0.019984  -0.0000   0.00000168
  0.020127  -0.0000   0.00000185
  0.020318  -0.0000   0.00000201
  0.020572  -0.0000   0.00000218
  0.020822  -0.0000   0.00000231
  0.021128  -0.0000   0.00000244
  0.021497  -0.0000   0.00000258
  0.021937  -0.0000   0.00000271
  0.022343  -0.0000   0.00000282
  0.022804  -0.0000   0.00000292
  0.023323  -0.0000   0.00000303
  0.023902  -0.0000   0.00000314
  0.024545  -0.0000   0.00000324
  0.025252  -0.0000   0.00000335
  0.026025  -0.0000   0.00000346
  0.026867  -0.0000   0.00000357
  0.027776  -0.0000   0.00000367
  0.028594  -0.0000   0.00000376
  0.029461  -0.0000   0.00000385
  0.030378  -0.0000   0.00000394
  0.031453  -0.0000   0.00000404
  0.032589  -0.0000   0.00000414
  0.033786  -0.0000   0.00000424
  0.035045  -0.0000   0.00000434
  0.035176  -0.0000   0.00000435
  0.035308  -0.0000   0.00000436
  0.035440  -0.0000   0.00000437
  0.035640  -0.0000   0.00000439
  0.035713  -0.0000   0.00000440
  0.035732  -0.0000   0.00000440
  0.035747  -0.0000   0.00000441
  0.035765  -0.0000   0.00000442
  0.035781  -0.0000   0.00000443
  0.035801  -0.0000   0.00000445
  0.035828  -0.0000   0.00000447
  0.035864  -0.0000   0.00000451
  0.035912  -0.0000   0.00000456
  0.035980  -0.0000   0.00000465
  0.036086  -0.0000   0.00000477
  0.036263  -0.0000   0.00000495
  0.036586  -0.0000   0.00000523
  0.036977  -0.0000   0.00000550
  0.037442  -0.0000   0.00000578
  0.037989  -0.0000   0.00000606
  0.038627  -0.0000   0.00000634
  0.039235  -0.0000   0.00000657
  0.039919  -0.0000   0.00000680
  0.040682  -0.0000   0.00000703
  0.041531  -0.0000   0.00000727
  0.042471  -0.0000   0.00000750
  0.043506  -0.0000   0.00000773
  0.044640  -0.0000   0.00000797
  0.045659  -0.0000   0.00000816
  0.046752  -0.0000   0.00000836
  0.047922  -0.0000   0.00000855
  0.049169  -0.0000   0.00000875
  0.050496  -0.0000   0.00000894
  0.051901  -0.0000   0.00000913
  0.052398  -0.0000   0.00000920
  0.052905  -0.0000   0.00000927
  0.053042  -0.0000   0.00000929
  0.053083  -0.0000   0.00000931
  0.053116  -0.0000   0.00000933
  0.053144  -0.0000   0.00000935
  0.053169  -0.0000   0.00000936
  0.053203  -0.0000   0.00000939
  0.053250  -0.0000   0.00000944
  0.053317  -0.0000   0.00000950
  0.053415  -0.0000   0.00000959
  0.053568  -0.0000   0.00000974
  0.053819  -0.0000   0.00000995
  0.054247  -0.0000   0.00001027
  0.054783  -0.0000   0.00001063
  0.055388  -0.0000   0.00001098
  0.056065  -0.0000   0.00001134
  0.056783  -0.0000   0.00001168
  0.057577  -0.0000   0.00001202
  0.058450  -0.0000   0.00001236
  0.059370  -0.0000   0.00001268
  0.060373  -0.0000   0.00001301
  0.061462  -0.0000   0.00001333
  0.062642  -0.0000   0.00001366
  0.063917  -0.0000   0.00001399
  0.065288  -0.0000   0.00001431
  0.066759  -0.0000   0.00001464
  0.068331  -0.0000   0.00001497
  0.070005  -0.0000   0.00001529
  0.070133  -0.0000   0.00001532
  0.070262  -0.0000   0.00001534
  0.070336  -0.0000   0.00001537
  0.070396  -0.0000   0.00001540
  0.070469  -0.0000   0.00001546
  0.070534  -0.0000   0.00001552
  0.070596  -0.0000   0.00001557
  0.070688  -0.0000   0.00001566
  0.070827  -0.0000   0.00001578
  0.071047  -0.0000   0.00001597
  0.071405  -0.0000   0.00001625
  0.071999  -0.0000   0.00001668
  0.072936  -0.0000   0.00001727
  0.073763  -0.0000   0.00001774
  0.074671  -0.0000   0.00001821
  0.075666  -0.0000   0.00001868
  0.076894  -0.0000   0.00001921
  0.077983  -0.0000   0.00001964
  0.079157  -0.0000   0.00002007
  0.080420  -0.0000   0.00002050
  0.081774  -0.0000   0.00002093
  0.083222  -0.0000   0.00002137
  0.084766  -0.0000   0.00002180
  0.086408  -0.0000   0.00002223
  0.086747  -0.0000   0.00002232
  0.087090  -0.0000   0.00002241
  0.087438  -0.0000   0.00002249
  0.087547  -0.0000   0.00002253
  0.087606  -0.0000   0.00002257
  0.087657  -0.0000   0.00002261
  0.087725  -0.0000   0.00002267
  0.087820  -0.0000   0.00002275
  0.087960  -0.0000   0.00002288
  0.088178  -0.0000   0.00002307
  0.088525  -0.0000   0.00002336
  0.089090  -0.0000   0.00002380
  0.089986  -0.0000   0.00002442
  0.090970  -0.0000   0.00002504
  0.092046  -0.0000   0.00002566
  0.093219  -0.0000   0.00002628
  0.094495  -0.0000   0.00002691
  0.095878  -0.0000   0.00002753
  0.097373  -0.0000   0.00002815
  0.098985  -0.0000   0.00002877
  0.100717  -0.0000   0.00002939
  0.102233  -0.0000   0.00002991
  0.103835  -0.0000   0.00003042
  0.104167  -0.0000   0.00003053
  0.104503  -0.0000   0.00003064
  0.104842  -0.0000   0.00003074
  0.104928  -0.0000   0.00003079
  0.104989  -0.0000   0.00003083
  0.105045  -0.0000   0.00003088
  0.105122  -0.0000   0.00003095
  0.105234  -0.0000   0.00003105
  0.105403  -0.0000   0.00003121
  0.105666  -0.0000   0.00003144
  0.106084  -0.0000   0.00003179
  0.106756  -0.0000   0.00003231
  0.107760  -0.0000   0.00003303
  0.108848  -0.0000   0.00003375
  0.110277  -0.0000   0.00003461
  0.111539  -0.0000   0.00003531
  0.112895  -0.0000   0.00003602
  0.114347  -0.0000   0.00003673
  0.115900  -0.0000   0.00003743
  0.117555  -0.0000   0.00003814
  0.119316  -0.0000   0.00003885
  0.121184  -0.0000   0.00003955
  0.121475  -0.0000   0.00003966
  0.121769  -0.0000   0.00003977
  0.122064  -0.0000   0.00003988
  0.122295  -0.0000   0.00003998
  0.122394  -0.0000   0.00004005
  0.122482  -0.0000   0.00004013
  0.122565  -0.0000   0.00004021
  0.122646  -0.0000   0.00004028
  0.122768  -0.0000   0.00004040
  0.122955  -0.0000   0.00004057
  0.123247  -0.0000   0.00004083
  0.123706  -0.0000   0.00004122
  0.124436  -0.0000   0.00004180
  0.125621  -0.0000   0.00004268
  0.126914  -0.0000   0.00004356
  0.128306  -0.0000   0.00004445
  0.129801  -0.0000   0.00004533
  0.131404  -0.0000   0.00004622
  0.133117  -0.0000   0.00004710
  0.134946  -0.0000   0.00004798
  0.136891  -0.0000   0.00004887
  0.138955  -0.0000   0.00004975
  0.139156  -0.0000   0.00004984
  0.139358  -0.0000   0.00004992
  0.139560  -0.0000   0.00005001
  0.139778  -0.0000   0.00005014
  0.139921  -0.0000   0.00005027
  0.140055  -0.0000   0.00005039
  0.140187  -0.0000   0.00005052
  0.140321  -0.0000   0.00005065
  0.140527  -0.0000   0.00005084
  0.140846  -0.0000   0.00005113
  0.141344  -0.0000   0.00005157
  0.142131  -0.0000   0.00005222
  0.143398  -0.0000   0.00005319
  0.144700  -0.0000   0.00005413
  0.146085  -0.0000   0.00005506
  0.147559  -0.0000   0.00005600
  0.149105  -0.0000   0.00005693
  0.150742  -0.0000   0.00005786
  0.152473  -0.0000   0.00005878
  0.154568  -0.0000   0.00005984
  0.156787  -0.0000   0.00006089
  0.156950  -0.0000   0.00006097
  0.157114  -0.0000   0.00006105
  0.157216  -0.0000   0.00006113
  0.157339  -0.0000   0.00006124
  0.157456  -0.0000   0.00006136
  0.157572  -0.0000   0.00006147
  0.157747  -0.0000   0.00006165
  0.158019  -0.0000   0.00006191
  0.158441  -0.0000   0.00006230
  0.159102  -0.0000   0.00006289
  0.160149  -0.0000   0.00006377
  0.161809  -0.0000   0.00006506
  0.163594  -0.0000   0.00006636
  0.165509  -0.0000   0.00006765
  0.167205  -0.0000   0.00006873
  0.168997  -0.0000   0.00006982
  0.170888  -0.0000   0.00007090
  0.172879  -0.0000   0.00007198
  0.173824  -0.0000   0.00007248
  0.174523  -0.0000   0.00007285
  0.174645  -0.0000   0.00007293
  0.174739  -0.0000   0.00007302
  0.174826  -0.0000   0.00007311
  0.174954  -0.0000   0.00007324
  0.175147  -0.0000   0.00007344
  0.175445  -0.0000   0.00007374
  0.175908  -0.0000   0.00007419
  0.176633  -0.0000   0.00007486
  0.177385  -0.0000   0.00007553
  0.178571  -0.0000   0.00007653
  0.180485  -0.0000   0.00007804
  0.182183  -0.0000   0.00007930
  0.183983  -0.0000   0.00008056
  0.185885  -0.0000   0.00008182
  0.187893  -0.0000   0.00008308
  0.190008  -0.0000   0.00008434
  0.192125  -0.0000   0.00008561
  0.192235  -0.0000   0.00008571
  0.192336  -0.0000   0.00008581
  0.192434  -0.0000   0.00008592
  0.192580  -0.0000   0.00008607
  0.192802  -0.0000   0.00008631
  0.193145  -0.0000   0.00008666
  0.193677  -0.0000   0.00008718
  0.194510  -0.0000   0.00008797
  0.195828  -0.0000   0.00008915
  0.197786  -0.0000   0.00009079
  0.199530  -0.0000   0.00009217
  0.201372  -0.0000   0.00009355
  0.203314  -0.0000   0.00009493
  0.205359  -0.0000   0.00009630
  0.207507  -0.0000   0.00009768
  0.209637  -0.0000   0.00009906
  0.209755  -0.0000   0.00009918
  0.209865  -0.0000   0.00009930
  0.209972  -0.0000   0.00009941
  0.210132  -0.0000   0.00009959
  0.210377  -0.0000   0.00009985
  0.210747  -0.0000   0.00010020
  0.211299  -0.0000   0.00010080
  0.212125  -0.0000   0.00010170
  0.213353  -0.0000   0.00010310
  0.215170  -0.0000   0.00010510
  0.217840  -0.0000   0.00010810
  0.220459  -0.0000   0.00011110
  0.223027  -0.0000   0.00011410
  0.225544  -0.0000   0.00011710
  0.225793  -0.0000   0.00011740
  0.226041  -0.0000   0.00011770
  0.226288  -0.0000   0.00011800
  0.226658  -0.0000   0.00011840
  0.226867  -0.0000   0.00011870
  0.227008  -0.0000   0.00011900
  0.227141  -0.0000   0.00011920
  0.227273  -0.0000   0.00011950
  0.227406  -0.0000   0.00011980
  0.227606  -0.0000   0.00012020
  0.227909  -0.0000   0.00012090
  0.228364  -0.0000   0.00012180
  0.229045  -0.0000   0.00012320
  0.230061  -0.0000   0.00012530
  0.231567  -0.0000   0.00012850
  0.233790  -0.0000   0.00013330
  0.236210  -0.0000   0.00013860
  0.238589  -0.0000   0.00014380
  0.240927  -0.0000   0.00014910
  0.243895  -0.0000   0.00015600
  0.244060  -0.0000   0.00015640
  0.244178  -0.0000   0.00015670
  0.244280  -0.0000   0.00015710
  0.244427  -0.0000   0.00015770
  0.244575  -0.0000   0.00015830
  0.244800  -0.0000   0.00015910
  0.245138  -0.0000   0.00016040
  0.245648  -0.0000   0.00016240
  0.246409  -0.0000   0.00016530
  0.247542  -0.0000   0.00016960
  0.249220  -0.0000   0.00017610
  0.251693  -0.0000   0.00018590
  0.254125  -0.0000   0.00019570
  0.256517  -0.0000   0.00020550
  0.258869  -0.0000   0.00021530
  0.259707  -0.0000   0.00021880
  0.260539  -0.0000   0.00022240
  0.261367  -0.0000   0.00022590
  0.261495  -0.0000   0.00022660
  0.261603  -0.0000   0.00022730
  0.261709  -0.0000   0.00022800
  0.261868  -0.0000   0.00022910
  0.262109  -0.0000   0.00023080
  0.262473  -0.0000   0.00023320
  0.263019  -0.0000   0.00023690
  0.263835  -0.0000   0.00024230
  0.265048  -0.0000   0.00025060
  0.266845  -0.0000   0.00026290
  0.269491  -0.0000   0.00028150
  0.272091  -0.0000   0.00030000
  0.274647  -0.0000   0.00031860
  0.277158  -0.0000   0.00033710
  0.277476  -0.0000   0.00033940
  0.277793  -0.0000   0.00034180
  0.278110  -0.0000   0.00034420
  0.278583  -0.0000   0.00034770
  0.278758  -0.0000   0.00034920
  0.278889  -0.0000   0.00035070
  0.279018  -0.0000   0.00035220
  0.279213  -0.0000   0.00035440
  0.279409  -0.0000   0.00035670
  0.279705  -0.0000   0.00036000
  0.280149  -0.0000   0.00036510
  0.280812  -0.0000   0.00037270
  0.281801  -0.0000   0.00038400
  0.283268  -0.0000   0.00040110
  0.285436  -0.0000   0.00042670
  0.287899  -0.0000   0.00045620
  0.290323  -0.0000   0.00048580
  0.292709  -0.0000   0.00051530
  0.295591  -0.0000   0.00055170
  0.295776  -0.0000   0.00055410
  0.295961  -0.0000   0.00055640
  0.296097  -0.0000   0.00055870
  0.296281  -0.0000   0.00056220
  0.296465  -0.0000   0.00056580
  0.296652  -0.0000   0.00056930
  0.296932  -0.0000   0.00057450
  0.297354  -0.0000   0.00058240
  0.297983  -0.0000   0.00059430
  0.298922  -0.0000   0.00061200
  0.300315  -0.0000   0.00063860
  0.302376  -0.0000   0.00067860
  0.304845  -0.0000   0.00072730
  0.307276  -0.0000   0.00077590
  0.309670  -0.0000   0.00082460
  0.312478  -0.0000   0.00088270
  0.312695  -0.0000   0.00088720
  0.312912  -0.0000   0.00089170
  0.313129  -0.0000   0.00089620
  0.313390  -0.0000   0.00090300
  0.313611  -0.0000   0.00090970
  0.313835  -0.0000   0.00091650
  0.314060  -0.0000   0.00092330
  0.314398  -0.0000   0.00093340
  0.314904  -0.0000   0.00094860
  0.315660  -0.0000   0.00097140
  0.316784  -0.0000   0.00100600
  0.318450  -0.0000   0.00105700
  0.320910  -0.0000   0.00113400
  0.323333  -0.0000   0.00121100
  0.325719  -0.0000   0.00128800
  0.328070  -0.0000   0.00136500
  0.328993  -0.0000   0.00139500
  0.329910  -0.0000   0.00142600
  0.330449  -0.0000   0.00144400
  0.330631  -0.0000   0.00145100
  0.330782  -0.0000   0.00145800
  0.330933  -0.0000   0.00146500
  0.331163  -0.0000   0.00147600
  0.331509  -0.0000   0.00149200
  0.332028  -0.0000   0.00151700
  0.332802  -0.0000   0.00155300
  0.333953  -0.0000   0.00160800
  0.335659  -0.0000   0.00169000
  0.338178  -0.0000   0.00181300
  0.340658  -0.0000   0.00193600
  0.343102  -0.0000   0.00205900
  0.345509  -0.0000   0.00218200
  0.347861  -0.0000   0.00230500
  0.347996  -0.0000   0.00231500
  0.348130  -0.0000   0.00232500
  0.348265  -0.0000   0.00233500
  0.348400  -0.0000   0.00234500
  0.348604  -0.0000   0.00235900
  0.348911  -0.0000   0.00238100
  0.349370  -0.0000   0.00241400
  0.350055  -0.0000   0.00246400
  0.351077  -0.0000   0.00253800
  0.352595  -0.0000   0.00265000
  0.354842  -0.0000   0.00281700
  0.357516  -0.0000   0.00301900
  0.360149  -0.0000   0.00322100
  0.362739  -0.0000   0.00342400
  0.365247  -0.0000   0.00362600
  0.365363  -0.0000   0.00363800
  0.365537  -0.0000   0.00365700
  0.365713  -0.0000   0.00367600
  0.365889  -0.0000   0.00369500
  0.366154  -0.0000   0.00372400
  0.366551  -0.0000   0.00376600
  0.367144  -0.0000   0.00383000
  0.368030  -0.0000   0.00392600
  0.369347  -0.0000   0.00407000
  0.371299  -0.0000   0.00428600
  0.373926  -0.0000   0.00458200
  0.376514  -0.0000   0.00487700
  0.379062  -0.0000   0.00517200
  0.381570  -0.0000   0.00546700
  0.381814  -0.0000   0.00549600
  0.382058  -0.0000   0.00552500
  0.382301  -0.0000   0.00555300
  0.382513  -0.0000   0.00558400
  0.382703  -0.0000   0.00561400
  0.382894  -0.0000   0.00564400
  0.383182  -0.0000   0.00568900
  0.383471  -0.0000   0.00573400
  0.383902  -0.0000   0.00580200
  0.384547  -0.0000   0.00590400
  0.385506  -0.0000   0.00605600
  0.386932  -0.0000   0.00628500
  0.389042  -0.0000   0.00662800
  0.391247  -0.0000   0.00699100
  0.393423  -0.0000   0.00735400
  0.395572  -0.0000   0.00771700
  0.398508  -0.0000   0.00822200
  0.398765  -0.0000   0.00826700
  0.399022  -0.0000   0.00831100
  0.399279  -0.0000   0.00835500
  0.399640  -0.0000   0.00842200
  0.399748  -0.0000   0.00844700
  0.399912  -0.0000   0.00848400
  0.400159  -0.0000   0.00854000
  0.400407  -0.0000   0.00859600
  0.400778  -0.0000   0.00868100
  0.401334  -0.0000   0.00880700
  0.402161  -0.0000   0.00899600
  0.403392  -0.0000   0.00928000
  0.405217  -0.0000   0.00970600
  0.407910  -0.0000   0.01035000
  0.410563  -0.0000   0.01098000
  0.413175  -0.0000   0.01162000
  0.415747  -0.0000   0.01226000
  0.416048  -0.0000   0.01234000
  0.416349  -0.0000   0.01241000
  0.416650  -0.0000   0.01249000
  0.417048  -0.0000   0.01260000
  0.417135  -0.0000   0.01263000
  0.417265  -0.0000   0.01267000
  0.417461  -0.0000   0.01273000
  0.417756  -0.0000   0.01283000
  0.418198  -0.0000   0.01297000
  0.418858  -0.0000   0.01319000
  0.419841  -0.0000   0.01351000
  0.421300  -0.0000   0.01399000
  0.423460  -0.0000   0.01471000
  0.425773  -0.0000   0.01549000
  0.428056  -0.0000   0.01628000
  0.430309  -0.0000   0.01706000
  0.433101  -0.0000   0.01805000
  0.433377  -0.0000   0.01814000
  0.433653  -0.0000   0.01824000
  0.433928  -0.0000   0.01834000
  0.434306  -0.0000   0.01849000
  0.434426  -0.0000   0.01854000
  0.434607  -0.0000   0.01862000
  0.434881  -0.0000   0.01875000
  0.435156  -0.0000   0.01887000
  0.435566  -0.0000   0.01906000
  0.436179  -0.0000   0.01934000
  0.437092  -0.0000   0.01975000
  0.438448  -0.0000   0.02038000
  0.440458  -0.0000   0.02132000
  0.442684  -0.0000   0.02237000
  0.444882  -0.0000   0.02343000
  0.447054  -0.0000   0.02448000
  0.449886  -0.0000   0.02588000
  0.450271  -0.0000   0.02607000
  0.450655  -0.0000   0.02626000
  0.451039  -0.0000   0.02645000
  0.451583  -0.0000   0.02674000
  0.451752  -0.0000   0.02685000
  0.452008  -0.0000   0.02701000
  0.452266  -0.0000   0.02717000
  0.452523  -0.0000   0.02733000
  0.452908  -0.0000   0.02757000
  0.453483  -0.0000   0.02793000
  0.454340  -0.0000   0.02848000
  0.455614  -0.0000   0.02929000
  0.457504  -0.0000   0.03051000
  0.459722  -0.0000   0.03197000
  0.461913  -0.0000   0.03342000
  0.464078  -0.0000   0.03487000
  0.466883  -0.0000   0.03678000
  0.467409  -0.0000   0.03714000
  0.467934  -0.0000   0.03750000
  0.468457  -0.0000   0.03787000
  0.468773  -0.0000   0.03808000
  0.468955  -0.0000   0.03824000
  0.469134  -0.0000   0.03839000
  0.469313  -0.0000   0.03854000
  0.469493  -0.0000   0.03870000
  0.469763  -0.0000   0.03893000
  0.470166  -0.0000   0.03927000
  0.470768  -0.0000   0.03979000
  0.471665  -0.0000   0.04057000
  0.472998  -0.0000   0.04173000
  0.474973  -0.0000   0.04348000
  0.477214  -0.0000   0.04549000
  0.479426  -0.0000   0.04749000
  0.481612  -0.0000   0.04950000
  0.484430  -0.0000   0.05213000
  0.484831  -0.0000   0.05250000
  0.485232  -0.0000   0.05288000
  0.485631  -0.0000   0.05326000
  0.486190  -0.0000   0.05382000
  0.486371  -0.0000   0.05403000
  0.486645  -0.0000   0.05435000
  0.486919  -0.0000   0.05466000
  0.487193  -0.0000   0.05498000
  0.487603  -0.0000   0.05546000
  0.488215  -0.0000   0.05617000
  0.489126  -0.0000   0.05724000
  0.490481  -0.0000   0.05884000
  0.492490  -0.0000   0.06125000
  0.495165  -0.0000   0.06450000
  0.497801  -0.0000   0.06775000
  0.500398  -0.0000   0.07101000
  0.502958  -0.0000   0.07426000
  0.503181  -0.0000   0.07454000
  0.503404  -0.0000   0.07483000
  0.503587  -0.0000   0.07511000
  0.503770  -0.0000   0.07539000
  0.503953  -0.0000   0.07568000
  0.504137  -0.0000   0.07596000
  0.504413  -0.0000   0.07639000
  0.504825  -0.0000   0.07703000
  0.505440  -0.0000   0.07798000
  0.506356  -0.0000   0.07942000
  0.507718  -0.0000   0.08158000
  0.509736  -0.0000   0.08481000
  0.512347  -0.0000   0.08905000
  0.514922  -0.0000   0.09330000
  0.517461  -0.0000   0.09754000
  0.519964  -0.0000   0.10200000
  0.520215  -0.0000   0.10200000
  0.520467  -0.0000   0.10300000
  0.520711  -0.0000   0.10300000
  0.520788  -0.0000   0.10300000
  0.520905  -0.0000   0.10300000
  0.521081  -0.0000   0.10400000
  0.521345  -0.0000   0.10400000
  0.521741  -0.0000   0.10500000
  0.522333  -0.0000   0.10600000
  0.523214  -0.0000   0.10800000
  0.524524  -0.0000   0.11100000
  0.526466  -0.0000   0.11500000
  0.528905  -0.0000   0.12000000
  0.531313  -0.0000   0.12600000
  0.533689  -0.0000   0.13100000
  0.536034  -0.0000   0.13600000
  0.536467  -0.0000   0.13700000
  0.536900  -0.0000   0.13800000
  0.537331  -0.0000   0.13900000
  0.537975  -0.0000   0.14000000
  0.538149  -0.0000   0.14100000
  0.538322  -0.0000   0.14100000
  0.538496  -0.0000   0.14200000
  0.538757  -0.0000   0.14200000
  0.539147  -0.0000   0.14400000
  0.539730  -0.0000   0.14500000
  0.540598  -0.0000   0.14700000
  0.541889  -0.0000   0.15100000
  0.543803  -0.0000   0.15600000
  0.546284  -0.0000   0.16300000
  0.548731  -0.0000   0.17000000
  0.551147  -0.0000   0.17700000
  0.553530  -0.0000   0.18400000
  0.553908  -0.0000   0.18500000
  0.554284  -0.0000   0.18600000
  0.554659  -0.0000   0.18800000
  0.555221  -0.0000   0.18900000
  0.555412  -0.0000   0.19000000
  0.555596  -0.0000   0.19100000
  0.555781  -0.0000   0.19100000
  0.556059  -0.0000   0.19200000
  0.556474  -0.0000   0.19400000
  0.557093  -0.0000   0.19600000
  0.558016  -0.0000   0.19900000
  0.559388  -0.0000   0.20400000
  0.561421  -0.0000   0.21100000
  0.563431  -0.0000   0.21900000
  0.565419  -0.0000   0.22600000
  0.567387  -0.0000   0.23300000
  0.570020  -0.0000   0.24300000
  0.572617  -0.0000   0.25300000
  0.572791  -0.0000   0.25400000
  0.572966  -0.0000   0.25500000
  0.573141  -0.0000   0.25600000
  0.573317  -0.0000   0.25700000
  0.573579  -0.0000   0.25800000
  0.573972  -0.0000   0.26000000
  0.574559  -0.0000   0.26200000
  0.575433  -0.0000   0.26600000
  0.576733  -0.0000   0.27200000
  0.578660  -0.0000   0.28100000
  0.580774  -0.0000   0.29100000
  0.582863  -0.0000   0.30100000
  0.584930  -0.0000   0.31100000
  0.586973  -0.0000   0.32100000
  0.588994  -0.0000   0.33100000
  0.589329  -0.0000   0.33300000
  0.589663  -0.0000   0.33500000
  0.589981  -0.0000   0.33600000
  0.590088  -0.0000   0.33700000
  0.590248  -0.0000   0.33800000
  0.590490  -0.0000   0.33900000
  0.590732  -0.0000   0.34100000
  0.591094  -0.0000   0.34300000
  0.591634  -0.0000   0.34600000
  0.592439  -0.0000   0.35100000
  0.593637  -0.0000   0.35800000
  0.595311  -0.0000   0.36800000
  0.596970  -0.0000   0.37800000
  0.598613  -0.0000   0.38800000
  0.600242  -0.0000   0.39800000
  0.601858  -0.0000   0.40800000
  0.603459  -0.0000   0.41800000
  0.605046  -0.0000   0.42800000
  0.606621  -0.0000   0.43800000
  0.606932  -0.0000   0.44000000
  0.607243  -0.0000   0.44200000
  0.607309  -0.0000   0.44200000
  0.607410  -0.0000   0.44300000
  0.607561  -0.0000   0.44400000
  0.607788  -0.0000   0.44600000
  0.608128  -0.0000   0.44800000
  0.608637  -0.0000   0.45200000
  0.609395  -0.0000   0.45800000
  0.610523  -0.0000   0.46600000
  0.611845  -0.0000   0.47600000
  0.613156  -0.0000   0.48600000
  0.614458  -0.0000   0.49600000
  0.615750  -0.0000   0.50600000
  0.617034  -0.0000   0.51600000
  0.618309  -0.0000   0.52600000
  0.619576  -0.0000   0.53600000
  0.620833  -0.0000   0.54600000
  0.622083  -0.0000   0.55600000
  0.623324  -0.0000   0.56600000
  0.624556  -0.0000   0.57600000
  0.624622  -0.0000   0.57700000
  0.624721  -0.0000   0.57800000
  0.624872  -0.0000   0.57900000
  0.625098  -0.0000   0.58100000
  0.625437  -0.0000   0.58400000
  0.625944  -0.0000   0.58900000
  0.626699  -0.0000   0.59600000
  0.627752  -0.0000   0.60600000
  0.628799  -0.0000   0.61600000
  0.629839  -0.0000   0.62600000
  0.630873  -0.0000   0.63600000
  0.631901  -0.0000   0.64600000
  0.632923  -0.0000   0.65600000
  0.633940  -0.0000   0.66600000
  0.634952  -0.0000   0.67600000
  0.635958  -0.0000   0.68600000
  0.636958  -0.0000   0.69600000
  0.637954  -0.0000   0.70600000
  0.638944  -0.0000   0.71600000
  0.639929  -0.0000   0.72600000
  0.640909  -0.0000   0.73600000
  0.641884  -0.0000   0.74600000
  0.642083  -0.0000   0.74800000
  0.642283  -0.0000   0.75100000
  0.642482  -0.0000   0.75300000
  0.642682  -0.0000   0.75500000
  0.642980  -0.0000   0.75900000
  0.643427  -0.0000   0.76400000
  0.644093  -0.0000   0.77200000
  0.644933  -0.0000   0.78200000
  0.645769  -0.0000   0.79200000
  0.646601  -0.0000   0.80200000
  0.647429  -0.0000   0.81200000
  0.648253  -0.0000   0.82200000
  0.649074  -0.0000   0.83200000
  0.649890  -0.0000   0.84200000
  0.650703  -0.0000   0.85200000
  0.651513  -0.0000   0.86200000
  0.652319  -0.0000   0.87200000
  0.653121  -0.0000   0.88200000
  0.653921  -0.0000   0.89200000
  0.654716  -0.0000   0.90200000
  0.655509  -0.0000   0.91200000
  0.656298  -0.0000   0.92200000
  0.657084  -0.0000   0.93200000
  0.657867  -0.0000   0.94200000
  0.658647  -0.0000   0.95200000
  0.659147  -0.0000   0.95900000
  0.659257  -0.0000   0.96000000
  0.659367  -0.0000   0.96200000
  0.659478  -0.0000   0.96300000
  0.659644  -0.0000   0.96600000
  0.659894  -0.0000   0.97000000
  0.660267  -0.0000   0.97500000
  0.660824  -0.0000   0.98300000
  0.661500  -0.0000   0.99300000
  0.661961  -0.0000   1.00000000
  0.661472  -0.0000   1.00000000
  0.661472  -0.0000   1.00000000
  0.661472  -0.0000   1.00000000
  0.661472  -0.0000   1.00000000
  0.661472  -0.0000   1.00000000
  0.661472  -0.0000   1.00000000
  0.661471  -0.0000   1.00000000
  0.661469  -0.0000   1.00000000
  0.661466  -0.0000   1.00000000
  0.661460  -0.0000   1.00000000
  0.661451  -0.0000   1.00000000
  0.661438  -0.0000   1.00000000
  0.661425  -0.0000   1.00000000
