  0.000037  -0.0000   0.00000010
  0.000079  -0.0000   0.00000020
  0.000215  -0.0000   0.00000030
  0.002503  -0.0000   0.00000045
  0.006169  -0.0000   0.00000051
  0.006218  -0.0000   0.00000059
  0.006272  -0.0000   0.00000072
  0.006380  -0.0000   0.00000097
  0.006595  -0.0000   0.00000148
  0.006919  -0.0000   0.00000224
  0.007406  -0.0000   0.00000337
  0.008139  -0.0000   0.00000508
  0.009243  -0.0000   0.00000765
  0.010913  -0.0000   0.00001149
  0.013440  -0.0000   0.00001726
  0.017260  -0.0000   0.00002591
  0.021731  -0.0000   0.00003888
  0.023841  -0.0000   0.00005834
  0.027038  -0.0000   0.00008754
  0.028505  -0.0000   0.00013130
  0.028701  -0.0000   0.00019700
  0.028995  -0.0000   0.00029550
  0.029435  -0.0000   0.00044330
  0.030095  -0.0000   0.00066500
  0.031082  -0.0000   0.00099750
  0.032240  -0.0000   0.00138800
  0.033396  -0.0000   0.00177900
  0.034549  -0.0000   0.00216900
  0.036044  -0.0000   0.00267700
  0.037535  -0.0000   0.00318400
  0.039022  -0.0000   0.00369100
  0.040506  -0.0000   0.00419800
  0.042425  -0.0000   0.00485700
  0.044339  -0.0000   0.00551500
  0.046246  -0.0000   0.00617300
  0.048146  -0.0000   0.00683100
  0.049219  -0.0000   0.00720400
  0.050067  -0.0000   0.00757600
  0.050701  -0.0000   0.00794900
  0.051367  -0.0000   0.00834100
  0.052031  -0.0000   0.00873400
  0.052695  -0.0000   0.00912600
  0.053646  -0.0000   0.00969100
  0.054594  -0.0000   0.01026000
  0.055540  -0.0000   0.01082000
  0.056484  -0.0000   0.01139000
  0.057719  -0.0000   0.01213000
  0.058950  -0.0000   0.01287000
  0.060409  -0.0000   0.01375000
  0.061865  -0.0000   0.01462000
  0.063627  -0.0000   0.01569000
  0.065386  -0.0000   0.01676000
  0.067752  -0.0000   0.01820000
  0.070112  -0.0000   0.01964000
  0.073459  -0.0000   0.02168000
  0.076797  -0.0000   0.02373000
  0.077368  -0.0000   0.02416000
  0.077880  -0.0000   0.02459000
  0.078391  -0.0000   0.02503000
  0.079154  -0.0000   0.02568000
  0.080667  -0.0000   0.02698000
  0.082175  -0.0000   0.02828000
  0.083679  -0.0000   0.02958000
  0.085178  -0.0000   0.03088000
  0.087422  -0.0000   0.03283000
  0.090722  -0.0000   0.03571000
  0.094824  -0.0000   0.03930000
  0.098916  -0.0000   0.04289000
  0.105036  -0.0000   0.04827000
  0.105572  -0.0000   0.04881000
  0.106059  -0.0000   0.04935000
  0.106546  -0.0000   0.04990000
  0.107274  -0.0000   0.05071000
  0.108361  -0.0000   0.05194000
  0.109987  -0.0000   0.05377000
  0.112417  -0.0000   0.05653000
  0.114840  -0.0000   0.05928000
  0.118461  -0.0000   0.06341000
  0.122075  -0.0000   0.06753000
  0.127483  -0.0000   0.07372000
  0.129515  -0.0000   0.07605000
  0.131546  -0.0000   0.07837000
  0.133468  -0.0000   0.08070000
  0.134429  -0.0000   0.08203000
  0.135386  -0.0000   0.08336000
  0.136341  -0.0000   0.08469000
  0.137770  -0.0000   0.08669000
  0.139907  -0.0000   0.08968000
  0.143104  -0.0000   0.09417000
  0.147888  -0.0000   0.10100000
  0.152664  -0.0000   0.10800000
  0.159740  -0.0000   0.11800000
  0.160664  -0.0000   0.11900000
  0.161472  -0.0000   0.12000000
  0.162263  -0.0000   0.12200000
  0.163445  -0.0000   0.12400000
  0.165212  -0.0000   0.12600000
  0.167855  -0.0000   0.13100000
  0.170493  -0.0000   0.13500000
  0.174443  -0.0000   0.14200000
  0.180357  -0.0000   0.15200000
  0.186308  -0.0000   0.16200000
  0.187656  -0.0000   0.16400000
  0.188943  -0.0000   0.16600000
  0.190123  -0.0000   0.16900000
  0.191888  -0.0000   0.17200000
  0.193647  -0.0000   0.17500000
  0.195404  -0.0000   0.17900000
  0.198035  -0.0000   0.18400000
  0.201976  -0.0000   0.19200000
  0.207117  -0.0000   0.20200000
  0.212251  -0.0000   0.21200000
  0.216276  -0.0000   0.21900000
  0.217236  -0.0000   0.22200000
  0.218193  -0.0000   0.22400000
  0.219148  -0.0000   0.22600000
  0.220578  -0.0000   0.22900000
  0.222719  -0.0000   0.23400000
  0.225925  -0.0000   0.24100000
  0.230448  -0.0000   0.25100000
  0.234965  -0.0000   0.26100000
  0.239477  -0.0000   0.27100000
  0.243974  -0.0000   0.28100000
  0.244985  -0.0000   0.28300000
  0.245994  -0.0000   0.28600000
  0.247001  -0.0000   0.28800000
  0.248508  -0.0000   0.29200000
  0.250765  -0.0000   0.29700000
  0.254147  -0.0000   0.30600000
  0.258180  -0.0000   0.31600000
  0.262209  -0.0000   0.32600000
  0.266234  -0.0000   0.33600000
  0.270257  -0.0000   0.34600000
  0.271827  -0.0000   0.35000000
  0.273290  -0.0000   0.35400000
  0.274749  -0.0000   0.35800000
  0.276932  -0.0000   0.36400000
  0.279113  -0.0000   0.37000000
  0.282381  -0.0000   0.37900000
  0.286019  -0.0000   0.38900000
  0.289655  -0.0000   0.39900000
  0.293287  -0.0000   0.40900000
  0.296917  -0.0000   0.41900000
  0.299741  -0.0000   0.42700000
  0.301259  -0.0000   0.43100000
  0.302775  -0.0000   0.43600000
  0.304288  -0.0000   0.44000000
  0.306554  -0.0000   0.44700000
  0.309871  -0.0000   0.45700000
  0.313185  -0.0000   0.46700000
  0.316496  -0.0000   0.47700000
  0.319805  -0.0000   0.48700000
  0.323112  -0.0000   0.49700000
  0.326417  -0.0000   0.50700000
  0.327758  -0.0000   0.51100000
  0.329077  -0.0000   0.51600000
  0.330394  -0.0000   0.52000000
  0.332366  -0.0000   0.52600000
  0.335321  -0.0000   0.53600000
  0.338365  -0.0000   0.54600000
  0.341407  -0.0000   0.55600000
  0.344446  -0.0000   0.56600000
  0.347483  -0.0000   0.57600000
  0.350519  -0.0000   0.58600000
  0.353553  -0.0000   0.59600000
  0.355199  -0.0000   0.60200000
  0.356796  -0.0000   0.60700000
  0.358390  -0.0000   0.61300000
  0.360778  -0.0000   0.62200000
  0.363164  -0.0000   0.63000000
  0.365977  -0.0000   0.64000000
  0.368787  -0.0000   0.65000000
  0.371595  -0.0000   0.66000000
  0.374402  -0.0000   0.67000000
  0.377208  -0.0000   0.68000000
  0.380012  -0.0000   0.69000000
  0.382750  -0.0000   0.70000000
  0.384479  -0.0000   0.70700000
  0.386206  -0.0000   0.71300000
  0.387931  -0.0000   0.72000000
  0.390515  -0.0000   0.73000000
  0.393129  -0.0000   0.74000000
  0.395740  -0.0000   0.75000000
  0.398350  -0.0000   0.76000000
  0.400959  -0.0000   0.77000000
  0.403567  -0.0000   0.78000000
  0.406173  -0.0000   0.79000000
  0.408779  -0.0000   0.80000000
  0.410516  -0.0000   0.80700000
  0.412221  -0.0000   0.81400000
  0.413924  -0.0000   0.82100000
  0.416368  -0.0000   0.83100000
  0.418810  -0.0000   0.84100000
  0.421250  -0.0000   0.85100000
  0.423689  -0.0000   0.86100000
  0.426126  -0.0000   0.87100000
  0.428562  -0.0000   0.88100000
  0.430998  -0.0000   0.89100000
  0.433432  -0.0000   0.90100000
  0.435865  -0.0000   0.91100000
  0.438213  -0.0000   0.92100000
  0.440509  -0.0000   0.93100000
  0.442801  -0.0000   0.94100000
  0.445092  -0.0000   0.95100000
  0.447381  -0.0000   0.96100000
  0.449669  -0.0000   0.97100000
  0.451956  -0.0000   0.98100000
  0.454241  -0.0000   0.99100000
  0.456382  -0.0000   1.00000000
  0.455589  -0.0000   1.00000000
  0.455589  -0.0000   1.00000000
  0.455589  -0.0000   1.00000000
  0.455588  -0.0000   1.00000000
  0.455587  -0.0000   1.00000000
  0.455584  -0.0000   1.00000000
  0.455579  -0.0000   1.00000000
  0.455569  -0.0000   1.00000000
  0.455548  -0.0000   1.00000000
  0.455508  -0.0000   1.00000000
  0.455426  -0.0000   1.00000000
  0.455271  -0.0000   1.00000000
