  0.000060  -0.0000   0.00000010
  0.000157  -0.0000   0.00000020
  0.000321  -0.0000   0.00000026
  0.001462  -0.0000   0.00000032
  0.006484  -0.0000   0.00000037
  0.006722  -0.0000   0.00000041
  0.006872  -0.0000   0.00000044
  0.007060  -0.0000   0.00000047
  0.007293  -0.0000   0.00000049
  0.007491  -0.0000   0.00000051
  0.007720  -0.0000   0.00000053
  0.007982  -0.0000   0.00000055
  0.008297  -0.0000   0.00000057
  0.008655  -0.0000   0.00000059
  0.009055  -0.0000   0.00000061
  0.009490  -0.0000   0.00000063
  0.009968  -0.0000   0.00000065
  0.010487  -0.0000   0.00000067
  0.011171  -0.0000   0.00000070
  0.011911  -0.0000   0.00000072
  0.012702  -0.0000   0.00000075
  0.013541  -0.0000   0.00000077
  0.014422  -0.0000   0.00000080
  0.015341  -0.0000   0.00000082
  0.016295  -0.0000   0.00000084
  0.017524  -0.0000   0.00000087
  0.018795  -0.0000   0.00000090
  0.018953  -0.0000   0.00000091
  0.019111  -0.0000   0.00000091
  0.019270  -0.0000   0.00000092
  0.019510  -0.0000   0.00000092
  0.019590  -0.0000   0.00000092
  0.019599  -0.0000   0.00000093
  0.019605  -0.0000   0.00000093
  0.019613  -0.0000   0.00000093
  0.019619  -0.0000   0.00000093
  0.019626  -0.0000   0.00000094
  0.019635  -0.0000   0.00000095
  0.019646  -0.0000   0.00000096
  0.019661  -0.0000   0.00000097
  0.019679  -0.0000   0.00000100
  0.019703  -0.0000   0.00000104
  0.019735  -0.0000   0.00000109
  0.019782  -0.0000   0.00000117
  0.019860  -0.0000   0.00000130
  0.020025  -0.0000   0.00000148
  0.020109  -0.0000   0.00000156
  0.020209  -0.0000   0.00000164
  0.020328  -0.0000   0.00000172
  0.020557  -0.0000   0.00000184
  0.020727  -0.0000   0.00000191
  0.020925  -0.0000   0.00000199
  0.021152  -0.0000   0.00000207
  0.021487  -0.0000   0.00000216
  0.021879  -0.0000   0.00000226
  0.022332  -0.0000   0.00000235
  0.022852  -0.0000   0.00000244
  0.023442  -0.0000   0.00000254
  0.023974  -0.0000   0.00000262
  0.024556  -0.0000   0.00000269
  0.025191  -0.0000   0.00000277
  0.025958  -0.0000   0.00000286
  0.026792  -0.0000   0.00000294
  0.027692  -0.0000   0.00000303
  0.028658  -0.0000   0.00000311
  0.029692  -0.0000   0.00000320
  0.030793  -0.0000   0.00000328
  0.031962  -0.0000   0.00000337
  0.033198  -0.0000   0.00000346
  0.034503  -0.0000   0.00000354
  0.034830  -0.0000   0.00000356
  0.035162  -0.0000   0.00000358
  0.035498  -0.0000   0.00000361
  0.035564  -0.0000   0.00000361
  0.035580  -0.0000   0.00000362
  0.035592  -0.0000   0.00000362
  0.035607  -0.0000   0.00000363
  0.035621  -0.0000   0.00000363
  0.035637  -0.0000   0.00000364
  0.035659  -0.0000   0.00000366
  0.035687  -0.0000   0.00000369
  0.035725  -0.0000   0.00000372
  0.035777  -0.0000   0.00000378
  0.035852  -0.0000   0.00000386
  0.035973  -0.0000   0.00000398
  0.036184  -0.0000   0.00000417
  0.036483  -0.0000   0.00000438
  0.036842  -0.0000   0.00000460
  0.037267  -0.0000   0.00000481
  0.037739  -0.0000   0.00000502
  0.038282  -0.0000   0.00000522
  0.038905  -0.0000   0.00000543
  0.039614  -0.0000   0.00000563
  0.040415  -0.0000   0.00000584
  0.041153  -0.0000   0.00000601
  0.041963  -0.0000   0.00000618
  0.042849  -0.0000   0.00000635
  0.043814  -0.0000   0.00000652
  0.044862  -0.0000   0.00000669
  0.045996  -0.0000   0.00000687
  0.047217  -0.0000   0.00000704
  0.048529  -0.0000   0.00000721
  0.049932  -0.0000   0.00000738
  0.051428  -0.0000   0.00000755
  0.052531  -0.0000   0.00000767
  0.052655  -0.0000   0.00000768
  0.052779  -0.0000   0.00000770
  0.052827  -0.0000   0.00000771
  0.052868  -0.0000   0.00000773
  0.052901  -0.0000   0.00000775
  0.052931  -0.0000   0.00000777
  0.052971  -0.0000   0.00000780
  0.053026  -0.0000   0.00000785
  0.053105  -0.0000   0.00000792
  0.053224  -0.0000   0.00000802
  0.053415  -0.0000   0.00000817
  0.053739  -0.0000   0.00000840
  0.054311  -0.0000   0.00000875
  0.054975  -0.0000   0.00000910
  0.055740  -0.0000   0.00000944
  0.056441  -0.0000   0.00000973
  0.057220  -0.0000   0.00001001
  0.058082  -0.0000   0.00001030
  0.059033  -0.0000   0.00001058
  0.060077  -0.0000   0.00001086
  0.061220  -0.0000   0.00001115
  0.062467  -0.0000   0.00001143
  0.063821  -0.0000   0.00001172
  0.065025  -0.0000   0.00001196
  0.066308  -0.0000   0.00001219
  0.067670  -0.0000   0.00001243
  0.069264  -0.0000   0.00001269
  0.069443  -0.0000   0.00001272
  0.069623  -0.0000   0.00001275
  0.069803  -0.0000   0.00001278
  0.069999  -0.0000   0.00001282
  0.070061  -0.0000   0.00001285
  0.070112  -0.0000   0.00001289
  0.070157  -0.0000   0.00001292
  0.070200  -0.0000   0.00001295
  0.070262  -0.0000   0.00001300
  0.070352  -0.0000   0.00001308
  0.070492  -0.0000   0.00001319
  0.070713  -0.0000   0.00001336
  0.071074  -0.0000   0.00001361
  0.071682  -0.0000   0.00001398
  0.072405  -0.0000   0.00001438
  0.073210  -0.0000   0.00001479
  0.074099  -0.0000   0.00001519
  0.075081  -0.0000   0.00001559
  0.076159  -0.0000   0.00001599
  0.077340  -0.0000   0.00001639
  0.078629  -0.0000   0.00001679
  0.080031  -0.0000   0.00001719
  0.081269  -0.0000   0.00001752
  0.082590  -0.0000   0.00001786
  0.083995  -0.0000   0.00001819
  0.085646  -0.0000   0.00001855
  0.086484  -0.0000   0.00001873
  0.086870  -0.0000   0.00001881
  0.087101  -0.0000   0.00001887
  0.087168  -0.0000   0.00001891
  0.087224  -0.0000   0.00001895
  0.087274  -0.0000   0.00001898
  0.087322  -0.0000   0.00001902
  0.087391  -0.0000   0.00001908
  0.087494  -0.0000   0.00001916
  0.087652  -0.0000   0.00001928
  0.087901  -0.0000   0.00001947
  0.088302  -0.0000   0.00001976
  0.088959  -0.0000   0.00002018
  0.089987  -0.0000   0.00002077
  0.091133  -0.0000   0.00002136
  0.092141  -0.0000   0.00002184
  0.093234  -0.0000   0.00002231
  0.094418  -0.0000   0.00002279
  0.095696  -0.0000   0.00002327
  0.097072  -0.0000   0.00002375
  0.098550  -0.0000   0.00002423
  0.100134  -0.0000   0.00002470
  0.101824  -0.0000   0.00002518
  0.103623  -0.0000   0.00002566
  0.103810  -0.0000   0.00002571
  0.103998  -0.0000   0.00002576
  0.104186  -0.0000   0.00002581
  0.104384  -0.0000   0.00002588
  0.104491  -0.0000   0.00002595
  0.104586  -0.0000   0.00002603
  0.104677  -0.0000   0.00002610
  0.104767  -0.0000   0.00002617
  0.104905  -0.0000   0.00002629
  0.105119  -0.0000   0.00002645
  0.105457  -0.0000   0.00002670
  0.105997  -0.0000   0.00002708
  0.106878  -0.0000   0.00002764
  0.107913  -0.0000   0.00002824
  0.109036  -0.0000   0.00002885
  0.110252  -0.0000   0.00002945
  0.111735  -0.0000   0.00003013
  0.113041  -0.0000   0.00003069
  0.114437  -0.0000   0.00003125
  0.115926  -0.0000   0.00003180
  0.117510  -0.0000   0.00003236
  0.119192  -0.0000   0.00003292
  0.120971  -0.0000   0.00003348
  0.121160  -0.0000   0.00003354
  0.121350  -0.0000   0.00003359
  0.121542  -0.0000   0.00003365
  0.121681  -0.0000   0.00003372
  0.121771  -0.0000   0.00003378
  0.121852  -0.0000   0.00003384
  0.121967  -0.0000   0.00003394
  0.122140  -0.0000   0.00003408
  0.122409  -0.0000   0.00003430
  0.122834  -0.0000   0.00003462
  0.123514  -0.0000   0.00003511
  0.124482  -0.0000   0.00003575
  0.125521  -0.0000   0.00003639
  0.126770  -0.0000   0.00003710
  0.128113  -0.0000   0.00003782
  0.129556  -0.0000   0.00003853
  0.131101  -0.0000   0.00003925
  0.132753  -0.0000   0.00003996
  0.134515  -0.0000   0.00004067
  0.136389  -0.0000   0.00004139
  0.138376  -0.0000   0.00004210
  0.138553  -0.0000   0.00004217
  0.138730  -0.0000   0.00004223
  0.138908  -0.0000   0.00004229
  0.139025  -0.0000   0.00004236
  0.139112  -0.0000   0.00004243
  0.139194  -0.0000   0.00004249
  0.139311  -0.0000   0.00004259
  0.139488  -0.0000   0.00004275
  0.139763  -0.0000   0.00004297
  0.140194  -0.0000   0.00004331
  0.140877  -0.0000   0.00004382
  0.141905  -0.0000   0.00004454
  0.142999  -0.0000   0.00004525
  0.144340  -0.0000   0.00004607
  0.145775  -0.0000   0.00004689
  0.147307  -0.0000   0.00004771
  0.148941  -0.0000   0.00004853
  0.150680  -0.0000   0.00004934
  0.152526  -0.0000   0.00005016
  0.154481  -0.0000   0.00005098
  0.156397  -0.0000   0.00005180
  0.156491  -0.0000   0.00005187
  0.156575  -0.0000   0.00005194
  0.156655  -0.0000   0.00005201
  0.156773  -0.0000   0.00005211
  0.156951  -0.0000   0.00005227
  0.157228  -0.0000   0.00005250
  0.157659  -0.0000   0.00005285
  0.158339  -0.0000   0.00005338
  0.159425  -0.0000   0.00005417
  0.160934  -0.0000   0.00005519
  0.162556  -0.0000   0.00005621
  0.164296  -0.0000   0.00005723
  0.166158  -0.0000   0.00005825
  0.168144  -0.0000   0.00005927
  0.169879  -0.0000   0.00006012
  0.171702  -0.0000   0.00006096
  0.173614  -0.0000   0.00006181
  0.173728  -0.0000   0.00006188
  0.173809  -0.0000   0.00006194
  0.173885  -0.0000   0.00006201
  0.173993  -0.0000   0.00006210
  0.174153  -0.0000   0.00006225
  0.174400  -0.0000   0.00006247
  0.174784  -0.0000   0.00006280
  0.175384  -0.0000   0.00006329
  0.176331  -0.0000   0.00006403
  0.177323  -0.0000   0.00006477
  0.178915  -0.0000   0.00006588
  0.180614  -0.0000   0.00006699
  0.182424  -0.0000   0.00006811
  0.184349  -0.0000   0.00006922
  0.186392  -0.0000   0.00007033
  0.188555  -0.0000   0.00007144
  0.190837  -0.0000   0.00007255
  0.190981  -0.0000   0.00007262
  0.191073  -0.0000   0.00007270
  0.191157  -0.0000   0.00007277
  0.191276  -0.0000   0.00007288
  0.191394  -0.0000   0.00007300
  0.191573  -0.0000   0.00007316
  0.191850  -0.0000   0.00007341
  0.192278  -0.0000   0.00007379
  0.192946  -0.0000   0.00007436
  0.193997  -0.0000   0.00007521
  0.195684  -0.0000   0.00007648
  0.197484  -0.0000   0.00007775
  0.199400  -0.0000   0.00007902
  0.201438  -0.0000   0.00008030
  0.203600  -0.0000   0.00008157
  0.205887  -0.0000   0.00008284
  0.207887  -0.0000   0.00008391
  0.208073  -0.0000   0.00008401
  0.208260  -0.0000   0.00008410
  0.208411  -0.0000   0.00008420
  0.208572  -0.0000   0.00008435
  0.208725  -0.0000   0.00008450
  0.208878  -0.0000   0.00008465
  0.209033  -0.0000   0.00008480
  0.209271  -0.0000   0.00008502
  0.209637  -0.0000   0.00008535
  0.210202  -0.0000   0.00008585
  0.211084  -0.0000   0.00008660
  0.212478  -0.0000   0.00008773
  0.214092  -0.0000   0.00008896
  0.215796  -0.0000   0.00009020
  0.217591  -0.0000   0.00009143
  0.219463  -0.0000   0.00009266
  0.221430  -0.0000   0.00009388
  0.223491  -0.0000   0.00009510
  0.225649  -0.0000   0.00009632
  0.225775  -0.0000   0.00009641
  0.225872  -0.0000   0.00009650
  0.225964  -0.0000   0.00009659
  0.226098  -0.0000   0.00009673
  0.226301  -0.0000   0.00009693
  0.226614  -0.0000   0.00009723
  0.227098  -0.0000   0.00009769
  0.227849  -0.0000   0.00009837
  0.228624  -0.0000   0.00009905
  0.229830  -0.0000   0.00010010
  0.231583  -0.0000   0.00010160
  0.234152  -0.0000   0.00010390
  0.236668  -0.0000   0.00010620
  0.239135  -0.0000   0.00010850
  0.241553  -0.0000   0.00011080
  0.241829  -0.0000   0.00011110
  0.242104  -0.0000   0.00011130
  0.242378  -0.0000   0.00011160
  0.242788  -0.0000   0.00011200
  0.243014  -0.0000   0.00011220
  0.243159  -0.0000   0.00011240
  0.243295  -0.0000   0.00011270
  0.243430  -0.0000   0.00011290
  0.243565  -0.0000   0.00011310
  0.243769  -0.0000   0.00011350
  0.244077  -0.0000   0.00011400
  0.244541  -0.0000   0.00011470
  0.245235  -0.0000   0.00011590
  0.246270  -0.0000   0.00011760
  0.247804  -0.0000   0.00012020
  0.250066  -0.0000   0.00012400
  0.252470  -0.0000   0.00012820
  0.254833  -0.0000   0.00013240
  0.257155  -0.0000   0.00013660
  0.260021  -0.0000   0.00014180
  0.260184  -0.0000   0.00014210
  0.260307  -0.0000   0.00014240
  0.260409  -0.0000   0.00014270
  0.260555  -0.0000   0.00014320
  0.260775  -0.0000   0.00014390
  0.261109  -0.0000   0.00014490
  0.261612  -0.0000   0.00014640
  0.262366  -0.0000   0.00014870
  0.263117  -0.0000   0.00015090
  0.264233  -0.0000   0.00015440
  0.265887  -0.0000   0.00015950
  0.268324  -0.0000   0.00016720
  0.270720  -0.0000   0.00017490
  0.273076  -0.0000   0.00018260
  0.275392  -0.0000   0.00019030
  0.275804  -0.0000   0.00019160
  0.276215  -0.0000   0.00019300
  0.276624  -0.0000   0.00019440
  0.277236  -0.0000   0.00019650
  0.277429  -0.0000   0.00019710
  0.277558  -0.0000   0.00019780
  0.277680  -0.0000   0.00019840
  0.277801  -0.0000   0.00019910
  0.277923  -0.0000   0.00019980
  0.278107  -0.0000   0.00020070
  0.278385  -0.0000   0.00020220
  0.278804  -0.0000   0.00020450
  0.279430  -0.0000   0.00020780
  0.280363  -0.0000   0.00021280
  0.281749  -0.0000   0.00022030
  0.283797  -0.0000   0.00023160
  0.286279  -0.0000   0.00024550
  0.288720  -0.0000   0.00025940
  0.291119  -0.0000   0.00027330
  0.293875  -0.0000   0.00028960
  0.294078  -0.0000   0.00029080
  0.294281  -0.0000   0.00029210
  0.294484  -0.0000   0.00029330
  0.294729  -0.0000   0.00029510
  0.294924  -0.0000   0.00029690
  0.295120  -0.0000   0.00029870
  0.295317  -0.0000   0.00030050
  0.295615  -0.0000   0.00030320
  0.296063  -0.0000   0.00030730
  0.296732  -0.0000   0.00031340
  0.297729  -0.0000   0.00032250
  0.299208  -0.0000   0.00033630
  0.301392  -0.0000   0.00035690
  0.303893  -0.0000   0.00038080
  0.306352  -0.0000   0.00040480
  0.308771  -0.0000   0.00042880
  0.311540  -0.0000   0.00045680
  0.311714  -0.0000   0.00045850
  0.311863  -0.0000   0.00046030
  0.311980  -0.0000   0.00046210
  0.312152  -0.0000   0.00046470
  0.312413  -0.0000   0.00046870
  0.312676  -0.0000   0.00047270
  0.313072  -0.0000   0.00047860
  0.313664  -0.0000   0.00048750
  0.314547  -0.0000   0.00050090
  0.315858  -0.0000   0.00052100
  0.317798  -0.0000   0.00055110
  0.320653  -0.0000   0.00059630
  0.323456  -0.0000   0.00064150
  0.326207  -0.0000   0.00068670
  0.328906  -0.0000   0.00073190
  0.329049  -0.0000   0.00073480
  0.329164  -0.0000   0.00073760
  0.329278  -0.0000   0.00074040
  0.329451  -0.0000   0.00074470
  0.329713  -0.0000   0.00075100
  0.330106  -0.0000   0.00076060
  0.330695  -0.0000   0.00077490
  0.331573  -0.0000   0.00079630
  0.332878  -0.0000   0.00082850
  0.334808  -0.0000   0.00087680
  0.337651  -0.0000   0.00094930
  0.340443  -0.0000   0.00102200
  0.343185  -0.0000   0.00109400
  0.345876  -0.0000   0.00116700
  0.346056  -0.0000   0.00117200
  0.346215  -0.0000   0.00117600
  0.346341  -0.0000   0.00118100
  0.346529  -0.0000   0.00118900
  0.346814  -0.0000   0.00120000
  0.347100  -0.0000   0.00121000
  0.347530  -0.0000   0.00122700
  0.348172  -0.0000   0.00125100
  0.349129  -0.0000   0.00128800
  0.350549  -0.0000   0.00134400
  0.352649  -0.0000   0.00142700
  0.354939  -0.0000   0.00151900
  0.357196  -0.0000   0.00161100
  0.359422  -0.0000   0.00170300
  0.362259  -0.0000   0.00182200
  0.362505  -0.0000   0.00183300
  0.362752  -0.0000   0.00184300
  0.362998  -0.0000   0.00185300
  0.363357  -0.0000   0.00186900
  0.363456  -0.0000   0.00187500
  0.363603  -0.0000   0.00188400
  0.363750  -0.0000   0.00189200
  0.363899  -0.0000   0.00190100
  0.364123  -0.0000   0.00191400
  0.364459  -0.0000   0.00193400
  0.364962  -0.0000   0.00196400
  0.365713  -0.0000   0.00200800
  0.366830  -0.0000   0.00207500
  0.368486  -0.0000   0.00217500
  0.370932  -0.0000   0.00232500
  0.373341  -0.0000   0.00247500
  0.375715  -0.0000   0.00262500
  0.378053  -0.0000   0.00277500
  0.379130  -0.0000   0.00284500
  0.380199  -0.0000   0.00291500
  0.380429  -0.0000   0.00293000
  0.380617  -0.0000   0.00294500
  0.380783  -0.0000   0.00296000
  0.381035  -0.0000   0.00298200
  0.381288  -0.0000   0.00300500
  0.381669  -0.0000   0.00303800
  0.382238  -0.0000   0.00308900
  0.383086  -0.0000   0.00316500
  0.384347  -0.0000   0.00327900
  0.386215  -0.0000   0.00345000
  0.388531  -0.0000   0.00366500
  0.390814  -0.0000   0.00388000
  0.393066  -0.0000   0.00409500
  0.395736  -0.0000   0.00435400
  0.396297  -0.0000   0.00440900
  0.396854  -0.0000   0.00446400
  0.397410  -0.0000   0.00451800
  0.397651  -0.0000   0.00454200
  0.397835  -0.0000   0.00456600
  0.398013  -0.0000   0.00459000
  0.398193  -0.0000   0.00461300
  0.398374  -0.0000   0.00463700
  0.398645  -0.0000   0.00467300
  0.399052  -0.0000   0.00472600
  0.399658  -0.0000   0.00480600
  0.400563  -0.0000   0.00492700
  0.401906  -0.0000   0.00510700
  0.403894  -0.0000   0.00537800
  0.406108  -0.0000   0.00568300
  0.408292  -0.0000   0.00598900
  0.410448  -0.0000   0.00629500
  0.413251  -0.0000   0.00669900
  0.413615  -0.0000   0.00675200
  0.413978  -0.0000   0.00680400
  0.414339  -0.0000   0.00685700
  0.414874  -0.0000   0.00693600
  0.415025  -0.0000   0.00696500
  0.415177  -0.0000   0.00699500
  0.415330  -0.0000   0.00702500
  0.415484  -0.0000   0.00705400
  0.415716  -0.0000   0.00709900
  0.416063  -0.0000   0.00716500
  0.416581  -0.0000   0.00726500
  0.417354  -0.0000   0.00741500
  0.418505  -0.0000   0.00764000
  0.420211  -0.0000   0.00797700
  0.422731  -0.0000   0.00848300
  0.425213  -0.0000   0.00898800
  0.427659  -0.0000   0.00949400
  0.430068  -0.0000   0.01000000
  0.430909  -0.0000   0.01018000
  0.431746  -0.0000   0.01035000
  0.432010  -0.0000   0.01041000
  0.432219  -0.0000   0.01047000
  0.432421  -0.0000   0.01052000
  0.432624  -0.0000   0.01058000
  0.432828  -0.0000   0.01064000
  0.433134  -0.0000   0.01072000
  0.433592  -0.0000   0.01085000
  0.434274  -0.0000   0.01104000
  0.435291  -0.0000   0.01132000
  0.436799  -0.0000   0.01175000
  0.439031  -0.0000   0.01239000
  0.441233  -0.0000   0.01303000
  0.443407  -0.0000   0.01366000
  0.445552  -0.0000   0.01430000
  0.448444  -0.0000   0.01518000
  0.448667  -0.0000   0.01525000
  0.448890  -0.0000   0.01532000
  0.449112  -0.0000   0.01539000
  0.449327  -0.0000   0.01546000
  0.449525  -0.0000   0.01554000
  0.449724  -0.0000   0.01562000
  0.450024  -0.0000   0.01574000
  0.450323  -0.0000   0.01585000
  0.450771  -0.0000   0.01603000
  0.451439  -0.0000   0.01629000
  0.452435  -0.0000   0.01668000
  0.453912  -0.0000   0.01728000
  0.456098  -0.0000   0.01816000
  0.458256  -0.0000   0.01905000
  0.460388  -0.0000   0.01994000
  0.462492  -0.0000   0.02082000
  0.465419  -0.0000   0.02208000
  0.465665  -0.0000   0.02219000
  0.465910  -0.0000   0.02229000
  0.466155  -0.0000   0.02240000
  0.466490  -0.0000   0.02255000
  0.466598  -0.0000   0.02261000
  0.466760  -0.0000   0.02270000
  0.467005  -0.0000   0.02284000
  0.467250  -0.0000   0.02297000
  0.467618  -0.0000   0.02317000
  0.468167  -0.0000   0.02347000
  0.468985  -0.0000   0.02392000
  0.470202  -0.0000   0.02460000
  0.472005  -0.0000   0.02562000
  0.474190  -0.0000   0.02686000
  0.476347  -0.0000   0.02811000
  0.478478  -0.0000   0.02935000
  0.481166  -0.0000   0.03095000
  0.482564  -0.0000   0.03179000
  0.483190  -0.0000   0.03217000
  0.483655  -0.0000   0.03246000
  0.483751  -0.0000   0.03253000
  0.483847  -0.0000   0.03261000
  0.483992  -0.0000   0.03272000
  0.484211  -0.0000   0.03288000
  0.484540  -0.0000   0.03313000
  0.485031  -0.0000   0.03350000
  0.485764  -0.0000   0.03406000
  0.486855  -0.0000   0.03489000
  0.488474  -0.0000   0.03615000
  0.490867  -0.0000   0.03803000
  0.493227  -0.0000   0.03991000
  0.495556  -0.0000   0.04179000
  0.497852  -0.0000   0.04367000
  0.500117  -0.0000   0.04555000
  0.500332  -0.0000   0.04573000
  0.500547  -0.0000   0.04590000
  0.500761  -0.0000   0.04608000
  0.500936  -0.0000   0.04626000
  0.501107  -0.0000   0.04644000
  0.501279  -0.0000   0.04662000
  0.501452  -0.0000   0.04679000
  0.501711  -0.0000   0.04706000
  0.502098  -0.0000   0.04746000
  0.502676  -0.0000   0.04806000
  0.503537  -0.0000   0.04895000
  0.504817  -0.0000   0.05030000
  0.506715  -0.0000   0.05232000
  0.508910  -0.0000   0.05468000
  0.511078  -0.0000   0.05705000
  0.513219  -0.0000   0.05942000
  0.515961  -0.0000   0.06250000
  0.516548  -0.0000   0.06316000
  0.517134  -0.0000   0.06382000
  0.517717  -0.0000   0.06449000
  0.517956  -0.0000   0.06476000
  0.518118  -0.0000   0.06499000
  0.518282  -0.0000   0.06522000
  0.518446  -0.0000   0.06544000
  0.518611  -0.0000   0.06567000
  0.518858  -0.0000   0.06602000
  0.519227  -0.0000   0.06653000
  0.519778  -0.0000   0.06730000
  0.520600  -0.0000   0.06846000
  0.521822  -0.0000   0.07019000
  0.523634  -0.0000   0.07280000
  0.525781  -0.0000   0.07592000
  0.527901  -0.0000   0.07904000
  0.529997  -0.0000   0.08217000
  0.532745  -0.0000   0.08633000
  0.533855  -0.0000   0.08802000
  0.534957  -0.0000   0.08971000
  0.535170  -0.0000   0.09005000
  0.535215  -0.0000   0.09013000
  0.535259  -0.0000   0.09022000
  0.535326  -0.0000   0.09034000
  0.535427  -0.0000   0.09053000
  0.535579  -0.0000   0.09082000
  0.535808  -0.0000   0.09124000
  0.536150  -0.0000   0.09188000
  0.536661  -0.0000   0.09283000
  0.537423  -0.0000   0.09427000
  0.538557  -0.0000   0.09642000
  0.540240  -0.0000   0.10000000
  0.542728  -0.0000   0.10400000
  0.545181  -0.0000   0.10900000
  0.547600  -0.0000   0.11400000
  0.549985  -0.0000   0.11900000
  0.552338  -0.0000   0.12400000
  0.552507  -0.0000   0.12400000
  0.552673  -0.0000   0.12500000
  0.552840  -0.0000   0.12500000
  0.553092  -0.0000   0.12600000
  0.553468  -0.0000   0.12700000
  0.554029  -0.0000   0.12800000
  0.554866  -0.0000   0.13000000
  0.556110  -0.0000   0.13300000
  0.557954  -0.0000   0.13800000
  0.560398  -0.0000   0.14400000
  0.562808  -0.0000   0.15100000
  0.565186  -0.0000   0.15700000
  0.567532  -0.0000   0.16300000
  0.567995  -0.0000   0.16400000
  0.568457  -0.0000   0.16600000
  0.568918  -0.0000   0.16700000
  0.569594  -0.0000   0.16900000
  0.569647  -0.0000   0.16900000
  0.569728  -0.0000   0.16900000
  0.569849  -0.0000   0.17000000
  0.570032  -0.0000   0.17000000
  0.570307  -0.0000   0.17100000
  0.570717  -0.0000   0.17300000
  0.571331  -0.0000   0.17500000
  0.572244  -0.0000   0.17800000
  0.573602  -0.0000   0.18200000
  0.575614  -0.0000   0.18900000
  0.577603  -0.0000   0.19600000
  0.579570  -0.0000   0.20200000
  0.581516  -0.0000   0.20900000
  0.584343  -0.0000   0.21900000
  0.585425  -0.0000   0.22300000
  0.586499  -0.0000   0.22700000
  0.586749  -0.0000   0.22800000
  0.586962  -0.0000   0.22900000
  0.587172  -0.0000   0.23000000
  0.587384  -0.0000   0.23000000
  0.587595  -0.0000   0.23100000
  0.587912  -0.0000   0.23300000
  0.588384  -0.0000   0.23500000
  0.589090  -0.0000   0.23800000
  0.590139  -0.0000   0.24200000
  0.591699  -0.0000   0.24900000
  0.593963  -0.0000   0.25900000
  0.596199  -0.0000   0.26900000
  0.598408  -0.0000   0.27900000
  0.600589  -0.0000   0.28900000
  0.602744  -0.0000   0.29900000
  0.603126  -0.0000   0.30100000
  0.603507  -0.0000   0.30300000
  0.603888  -0.0000   0.30400000
  0.604080  -0.0000   0.30500000
  0.604267  -0.0000   0.30600000
  0.604455  -0.0000   0.30700000
  0.604736  -0.0000   0.30900000
  0.605158  -0.0000   0.31100000
  0.605786  -0.0000   0.31500000
  0.606723  -0.0000   0.32000000
  0.608114  -0.0000   0.32800000
  0.609876  -0.0000   0.33800000
  0.611620  -0.0000   0.34800000
  0.613347  -0.0000   0.35800000
  0.615058  -0.0000   0.36800000
  0.616753  -0.0000   0.37800000
  0.618431  -0.0000   0.38800000
  0.620094  -0.0000   0.39800000
  0.620559  -0.0000   0.40100000
  0.621024  -0.0000   0.40300000
  0.621266  -0.0000   0.40500000
  0.621323  -0.0000   0.40500000
  0.621380  -0.0000   0.40600000
  0.621466  -0.0000   0.40600000
  0.621595  -0.0000   0.40700000
  0.621789  -0.0000   0.40900000
  0.622079  -0.0000   0.41100000
  0.622512  -0.0000   0.41400000
  0.623159  -0.0000   0.41800000
  0.624123  -0.0000   0.42500000
  0.625506  -0.0000   0.43500000
  0.626878  -0.0000   0.44500000
  0.628239  -0.0000   0.45500000
  0.629590  -0.0000   0.46500000
  0.630931  -0.0000   0.47500000
  0.632261  -0.0000   0.48500000
  0.633582  -0.0000   0.49500000
  0.634893  -0.0000   0.50500000
  0.636195  -0.0000   0.51500000
  0.637487  -0.0000   0.52500000
  0.638014  -0.0000   0.52900000
  0.638507  -0.0000   0.53400000
  0.638620  -0.0000   0.53500000
  0.638790  -0.0000   0.53600000
  0.639046  -0.0000   0.53800000
  0.639429  -0.0000   0.54200000
  0.640001  -0.0000   0.54700000
  0.640854  -0.0000   0.55500000
  0.641942  -0.0000   0.56500000
  0.643024  -0.0000   0.57500000
  0.644098  -0.0000   0.58500000
  0.645165  -0.0000   0.59500000
  0.646227  -0.0000   0.60500000
  0.647281  -0.0000   0.61500000
  0.648330  -0.0000   0.62500000
  0.649373  -0.0000   0.63500000
  0.650409  -0.0000   0.64500000
  0.651440  -0.0000   0.65500000
  0.652464  -0.0000   0.66500000
  0.653483  -0.0000   0.67500000
  0.654496  -0.0000   0.68500000
  0.655504  -0.0000   0.69500000
  0.655706  -0.0000   0.69700000
  0.655902  -0.0000   0.69900000
  0.656098  -0.0000   0.70100000
  0.656393  -0.0000   0.70500000
  0.656833  -0.0000   0.71000000
  0.657489  -0.0000   0.71700000
  0.658352  -0.0000   0.72700000
  0.659210  -0.0000   0.73700000
  0.660064  -0.0000   0.74700000
  0.660913  -0.0000   0.75700000
  0.661757  -0.0000   0.76700000
  0.662598  -0.0000   0.77700000
  0.663435  -0.0000   0.78700000
  0.664267  -0.0000   0.79700000
  0.665096  -0.0000   0.80700000
  0.665921  -0.0000   0.81700000
  0.666743  -0.0000   0.82700000
  0.667560  -0.0000   0.83700000
  0.668374  -0.0000   0.84700000
  0.669184  -0.0000   0.85700000
  0.669991  -0.0000   0.86700000
  0.670794  -0.0000   0.87700000
  0.671593  -0.0000   0.88700000
  0.672389  -0.0000   0.89700000
  0.672744  -0.0000   0.90200000
  0.672946  -0.0000   0.90500000
  0.673147  -0.0000   0.90800000
  0.673349  -0.0000   0.91100000
  0.673550  -0.0000   0.91400000
  0.673852  -0.0000   0.91800000
  0.674303  -0.0000   0.92400000
  0.674976  -0.0000   0.93400000
  0.675660  -0.0000   0.94400000
  0.676340  -0.0000   0.95400000
  0.677018  -0.0000   0.96400000
  0.677693  -0.0000   0.97400000
  0.678365  -0.0000   0.98400000
  0.679035  -0.0000   0.99400000
  0.679423  -0.0000   1.00000000
  0.678863  -0.0000   1.00000000
  0.678863  -0.0000   1.00000000
  0.678863  -0.0000   1.00000000
  0.678863  -0.0000   1.00000000
  0.678863  -0.0000   1.00000000
  0.678863  -0.0000   1.00000000
  0.678863  -0.0000   1.00000000
  0.678863  -0.0000   1.00000000
  0.678862  -0.0000   1.00000000
  0.678861  -0.0000   1.00000000
  0.678859  -0.0000   1.00000000
  0.678856  -0.0000   1.00000000
  0.678854  -0.0000   1.00000000
