  0.000117  -0.0000   0.00000010
  0.000255  -0.0000   0.00000020
  0.000694  -0.0000   0.00000030
  0.006552  -0.0000   0.00000045
  0.006750  -0.0000   0.00000052
  0.006890  -0.0000   0.00000058
  0.007051  -0.0000   0.00000065
  0.007347  -0.0000   0.00000075
  0.007644  -0.0000   0.00000084
  0.007992  -0.0000   0.00000092
  0.008401  -0.0000   0.00000101
  0.008786  -0.0000   0.00000108
  0.009227  -0.0000   0.00000115
  0.009733  -0.0000   0.00000122
  0.010180  -0.0000   0.00000127
  0.010677  -0.0000   0.00000133
  0.011228  -0.0000   0.00000139
  0.011837  -0.0000   0.00000144
  0.012505  -0.0000   0.00000150
  0.013234  -0.0000   0.00000155
  0.014024  -0.0000   0.00000161
  0.014874  -0.0000   0.00000166
  0.015785  -0.0000   0.00000172
  0.016755  -0.0000   0.00000178
  0.017781  -0.0000   0.00000183
  0.018862  -0.0000   0.00000189
  0.019995  -0.0000   0.00000194
  0.020102  -0.0000   0.00000195
  0.020144  -0.0000   0.00000195
  0.020160  -0.0000   0.00000196
  0.020180  -0.0000   0.00000197
  0.020206  -0.0000   0.00000198
  0.020239  -0.0000   0.00000200
  0.020273  -0.0000   0.00000202
  0.020303  -0.0000   0.00000204
  0.020343  -0.0000   0.00000207
  0.020394  -0.0000   0.00000212
  0.020455  -0.0000   0.00000217
  0.020512  -0.0000   0.00000223
  0.020591  -0.0000   0.00000232
  0.020706  -0.0000   0.00000246
  0.020861  -0.0000   0.00000264
  0.021018  -0.0000   0.00000283
  0.021270  -0.0000   0.00000310
  0.021717  -0.0000   0.00000352
  0.022001  -0.0000   0.00000375
  0.022329  -0.0000   0.00000398
  0.022708  -0.0000   0.00000422
  0.023047  -0.0000   0.00000440
  0.023427  -0.0000   0.00000459
  0.023853  -0.0000   0.00000477
  0.024270  -0.0000   0.00000493
  0.024728  -0.0000   0.00000510
  0.025230  -0.0000   0.00000526
  0.025714  -0.0000   0.00000541
  0.026236  -0.0000   0.00000555
  0.026799  -0.0000   0.00000570
  0.027369  -0.0000   0.00000584
  0.027977  -0.0000   0.00000598
  0.028624  -0.0000   0.00000611
  0.029291  -0.0000   0.00000625
  0.029996  -0.0000   0.00000638
  0.030741  -0.0000   0.00000652
  0.031525  -0.0000   0.00000665
  0.032350  -0.0000   0.00000679
  0.033214  -0.0000   0.00000692
  0.034141  -0.0000   0.00000706
  0.035111  -0.0000   0.00000719
  0.036124  -0.0000   0.00000733
  0.036660  -0.0000   0.00000740
  0.037117  -0.0000   0.00000747
  0.037149  -0.0000   0.00000749
  0.037178  -0.0000   0.00000751
  0.037204  -0.0000   0.00000752
  0.037239  -0.0000   0.00000754
  0.037287  -0.0000   0.00000758
  0.037351  -0.0000   0.00000763
  0.037435  -0.0000   0.00000771
  0.037549  -0.0000   0.00000782
  0.037697  -0.0000   0.00000799
  0.037838  -0.0000   0.00000815
  0.038045  -0.0000   0.00000840
  0.038365  -0.0000   0.00000877
  0.038905  -0.0000   0.00000933
  0.039334  -0.0000   0.00000972
  0.039817  -0.0000   0.00001011
  0.040363  -0.0000   0.00001051
  0.040971  -0.0000   0.00001090
  0.041651  -0.0000   0.00001129
  0.042407  -0.0000   0.00001168
  0.043367  -0.0000   0.00001212
  0.044212  -0.0000   0.00001248
  0.045132  -0.0000   0.00001284
  0.046130  -0.0000   0.00001319
  0.047207  -0.0000   0.00001355
  0.048368  -0.0000   0.00001391
  0.049614  -0.0000   0.00001426
  0.050947  -0.0000   0.00001462
  0.052370  -0.0000   0.00001498
  0.053883  -0.0000   0.00001533
  0.054688  -0.0000   0.00001552
  0.055011  -0.0000   0.00001559
  0.055219  -0.0000   0.00001566
  0.055326  -0.0000   0.00001574
  0.055420  -0.0000   0.00001581
  0.055505  -0.0000   0.00001588
  0.055584  -0.0000   0.00001596
  0.055694  -0.0000   0.00001607
  0.055848  -0.0000   0.00001623
  0.056066  -0.0000   0.00001648
  0.056389  -0.0000   0.00001685
  0.056899  -0.0000   0.00001740
  0.057339  -0.0000   0.00001785
  0.057817  -0.0000   0.00001830
  0.058336  -0.0000   0.00001874
  0.059048  -0.0000   0.00001930
  0.059832  -0.0000   0.00001985
  0.060691  -0.0000   0.00002040
  0.061818  -0.0000   0.00002106
  0.062841  -0.0000   0.00002160
  0.063948  -0.0000   0.00002215
  0.065141  -0.0000   0.00002270
  0.066423  -0.0000   0.00002325
  0.067796  -0.0000   0.00002380
  0.069263  -0.0000   0.00002434
  0.070826  -0.0000   0.00002489
  0.072485  -0.0000   0.00002544
  0.072694  -0.0000   0.00002551
  0.072904  -0.0000   0.00002558
  0.073112  -0.0000   0.00002564
  0.073206  -0.0000   0.00002571
  0.073290  -0.0000   0.00002578
  0.073367  -0.0000   0.00002584
  0.073474  -0.0000   0.00002594
  0.073619  -0.0000   0.00002609
  0.073820  -0.0000   0.00002631
  0.074106  -0.0000   0.00002664
  0.074532  -0.0000   0.00002714
  0.075211  -0.0000   0.00002789
  0.075954  -0.0000   0.00002863
  0.076772  -0.0000   0.00002938
  0.077668  -0.0000   0.00003013
  0.078645  -0.0000   0.00003087
  0.079705  -0.0000   0.00003162
  0.080851  -0.0000   0.00003237
  0.082290  -0.0000   0.00003323
  0.083558  -0.0000   0.00003394
  0.084910  -0.0000   0.00003465
  0.086347  -0.0000   0.00003536
  0.087873  -0.0000   0.00003607
  0.089488  -0.0000   0.00003678
  0.091085  -0.0000   0.00003749
  0.091171  -0.0000   0.00003756
  0.091250  -0.0000   0.00003763
  0.091324  -0.0000   0.00003770
  0.091428  -0.0000   0.00003780
  0.091573  -0.0000   0.00003795
  0.091775  -0.0000   0.00003818
  0.092064  -0.0000   0.00003853
  0.092492  -0.0000   0.00003905
  0.093164  -0.0000   0.00003983
  0.093885  -0.0000   0.00004061
  0.094661  -0.0000   0.00004140
  0.095494  -0.0000   0.00004218
  0.096387  -0.0000   0.00004296
  0.097339  -0.0000   0.00004374
  0.098548  -0.0000   0.00004466
  0.099843  -0.0000   0.00004558
  0.101225  -0.0000   0.00004650
  0.102938  -0.0000   0.00004757
  0.104449  -0.0000   0.00004845
  0.106046  -0.0000   0.00004934
  0.107730  -0.0000   0.00005022
  0.108265  -0.0000   0.00005050
  0.108808  -0.0000   0.00005077
  0.109131  -0.0000   0.00005097
  0.109302  -0.0000   0.00005113
  0.109458  -0.0000   0.00005129
  0.109605  -0.0000   0.00005146
  0.109744  -0.0000   0.00005162
  0.109945  -0.0000   0.00005187
  0.110239  -0.0000   0.00005224
  0.110680  -0.0000   0.00005279
  0.111372  -0.0000   0.00005362
  0.112106  -0.0000   0.00005445
  0.112886  -0.0000   0.00005528
  0.113713  -0.0000   0.00005611
  0.114587  -0.0000   0.00005694
  0.116004  -0.0000   0.00005818
  0.117528  -0.0000   0.00005943
  0.119162  -0.0000   0.00006067
  0.120908  -0.0000   0.00006192
  0.122767  -0.0000   0.00006316
  0.124742  -0.0000   0.00006441
  0.126834  -0.0000   0.00006565
  0.127013  -0.0000   0.00006576
  0.127135  -0.0000   0.00006586
  0.127240  -0.0000   0.00006597
  0.127384  -0.0000   0.00006613
  0.127585  -0.0000   0.00006637
  0.127867  -0.0000   0.00006673
  0.128277  -0.0000   0.00006727
  0.128898  -0.0000   0.00006807
  0.129519  -0.0000   0.00006885
  0.130169  -0.0000   0.00006962
  0.130850  -0.0000   0.00007040
  0.131918  -0.0000   0.00007154
  0.133052  -0.0000   0.00007269
  0.134665  -0.0000   0.00007419
  0.136393  -0.0000   0.00007570
  0.138239  -0.0000   0.00007721
  0.140204  -0.0000   0.00007872
  0.142291  -0.0000   0.00008023
  0.144501  -0.0000   0.00008174
  0.144722  -0.0000   0.00008189
  0.144944  -0.0000   0.00008204
  0.145137  -0.0000   0.00008219
  0.145339  -0.0000   0.00008241
  0.145525  -0.0000   0.00008264
  0.145702  -0.0000   0.00008286
  0.145873  -0.0000   0.00008309
  0.146122  -0.0000   0.00008343
  0.146492  -0.0000   0.00008393
  0.147056  -0.0000   0.00008469
  0.147765  -0.0000   0.00008561
  0.148506  -0.0000   0.00008653
  0.149282  -0.0000   0.00008744
  0.150396  -0.0000   0.00008869
  0.151571  -0.0000   0.00008994
  0.153445  -0.0000   0.00009178
  0.155452  -0.0000   0.00009363
  0.157227  -0.0000   0.00009518
  0.159098  -0.0000   0.00009673
  0.161065  -0.0000   0.00009827
  0.163115  -0.0000   0.00009982
  0.163233  -0.0000   0.00009995
  0.163341  -0.0000   0.00010010
  0.163441  -0.0000   0.00010020
  0.163582  -0.0000   0.00010040
  0.163780  -0.0000   0.00010070
  0.164061  -0.0000   0.00010120
  0.164464  -0.0000   0.00010180
  0.165056  -0.0000   0.00010280
  0.165941  -0.0000   0.00010430
  0.166828  -0.0000   0.00010580
  0.167716  -0.0000   0.00010730
  0.168603  -0.0000   0.00010880
  0.169929  -0.0000   0.00011100
  0.171900  -0.0000   0.00011440
  0.174809  -0.0000   0.00011950
  0.177817  -0.0000   0.00012480
  0.179587  -0.0000   0.00012790
  0.179940  -0.0000   0.00012860
  0.180292  -0.0000   0.00012920
  0.180617  -0.0000   0.00012980
  0.180789  -0.0000   0.00013030
  0.180948  -0.0000   0.00013080
  0.181099  -0.0000   0.00013130
  0.181315  -0.0000   0.00013200
  0.181625  -0.0000   0.00013310
  0.182080  -0.0000   0.00013480
  0.182763  -0.0000   0.00013720
  0.183657  -0.0000   0.00014040
  0.184555  -0.0000   0.00014360
  0.185454  -0.0000   0.00014680
  0.186799  -0.0000   0.00015160
  0.188802  -0.0000   0.00015880
  0.191764  -0.0000   0.00016960
  0.194648  -0.0000   0.00018030
  0.197485  -0.0000   0.00019090
  0.197675  -0.0000   0.00019160
  0.197865  -0.0000   0.00019240
  0.198013  -0.0000   0.00019310
  0.198193  -0.0000   0.00019410
  0.198441  -0.0000   0.00019580
  0.198677  -0.0000   0.00019740
  0.198908  -0.0000   0.00019900
  0.199250  -0.0000   0.00020140
  0.199763  -0.0000   0.00020500
  0.200538  -0.0000   0.00021050
  0.201463  -0.0000   0.00021690
  0.202390  -0.0000   0.00022340
  0.203777  -0.0000   0.00023310
  0.205844  -0.0000   0.00024760
  0.208902  -0.0000   0.00026940
  0.211776  -0.0000   0.00029020
  0.214606  -0.0000   0.00031100
  0.214821  -0.0000   0.00031260
  0.215035  -0.0000   0.00031420
  0.215248  -0.0000   0.00031580
  0.215487  -0.0000   0.00031810
  0.215688  -0.0000   0.00032050
  0.215877  -0.0000   0.00032290
  0.216062  -0.0000   0.00032520
  0.216334  -0.0000   0.00032880
  0.216740  -0.0000   0.00033410
  0.217353  -0.0000   0.00034210
  0.218237  -0.0000   0.00035350
  0.219123  -0.0000   0.00036490
  0.220009  -0.0000   0.00037640
  0.221335  -0.0000   0.00039350
  0.223310  -0.0000   0.00041920
  0.226237  -0.0000   0.00045780
  0.229348  -0.0000   0.00049940
  0.232410  -0.0000   0.00054100
  0.232595  -0.0000   0.00054350
  0.232750  -0.0000   0.00054600
  0.232876  -0.0000   0.00054850
  0.233051  -0.0000   0.00055230
  0.233301  -0.0000   0.00055790
  0.233668  -0.0000   0.00056640
  0.234220  -0.0000   0.00057910
  0.234964  -0.0000   0.00059610
  0.235712  -0.0000   0.00061310
  0.236461  -0.0000   0.00063010
  0.237583  -0.0000   0.00065560
  0.239259  -0.0000   0.00069390
  0.241752  -0.0000   0.00075120
  0.245433  -0.0000   0.00083730
  0.249053  -0.0000   0.00092340
  0.249274  -0.0000   0.00092860
  0.249495  -0.0000   0.00093390
  0.249716  -0.0000   0.00093920
  0.250043  -0.0000   0.00094710
  0.250193  -0.0000   0.00095210
  0.250334  -0.0000   0.00095720
  0.250469  -0.0000   0.00096230
  0.250666  -0.0000   0.00097000
  0.250959  -0.0000   0.00098140
  0.251400  -0.0000   0.00099860
  0.252067  -0.0000   0.00102400
  0.252900  -0.0000   0.00105600
  0.253734  -0.0000   0.00108800
  0.254984  -0.0000   0.00113600
  0.256849  -0.0000   0.00120800
  0.259620  -0.0000   0.00131600
  0.262897  -0.0000   0.00144600
  0.266127  -0.0000   0.00157500
  0.266393  -0.0000   0.00158600
  0.266659  -0.0000   0.00159600
  0.266925  -0.0000   0.00160700
  0.267323  -0.0000   0.00162300
  0.267515  -0.0000   0.00163300
  0.267677  -0.0000   0.00164200
  0.267831  -0.0000   0.00165200
  0.268058  -0.0000   0.00166600
  0.268398  -0.0000   0.00168800
  0.268910  -0.0000   0.00172000
  0.269666  -0.0000   0.00176700
  0.270425  -0.0000   0.00181500
  0.271184  -0.0000   0.00186200
  0.272320  -0.0000   0.00193300
  0.274017  -0.0000   0.00204000
  0.276540  -0.0000   0.00220000
  0.280272  -0.0000   0.00244000
  0.283945  -0.0000   0.00268000
  0.284161  -0.0000   0.00269400
  0.284377  -0.0000   0.00270800
  0.284593  -0.0000   0.00272200
  0.284872  -0.0000   0.00274300
  0.285113  -0.0000   0.00276700
  0.285346  -0.0000   0.00279000
  0.285577  -0.0000   0.00281300
  0.285809  -0.0000   0.00283600
  0.286159  -0.0000   0.00287100
  0.286687  -0.0000   0.00292300
  0.287481  -0.0000   0.00300200
  0.288673  -0.0000   0.00311900
  0.290454  -0.0000   0.00329600
  0.293103  -0.0000   0.00356000
  0.296373  -0.0000   0.00389100
  0.299602  -0.0000   0.00422100
  0.300388  -0.0000   0.00430200
  0.301171  -0.0000   0.00438300
  0.301951  -0.0000   0.00446300
  0.302177  -0.0000   0.00448700
  0.302342  -0.0000   0.00451000
  0.302499  -0.0000   0.00453400
  0.302728  -0.0000   0.00456900
  0.302957  -0.0000   0.00460500
  0.303303  -0.0000   0.00465800
  0.303825  -0.0000   0.00473700
  0.304612  -0.0000   0.00485700
  0.305400  -0.0000   0.00497600
  0.306580  -0.0000   0.00515500
  0.308342  -0.0000   0.00542400
  0.310962  -0.0000   0.00582700
  0.314840  -0.0000   0.00643100
  0.318660  -0.0000   0.00703600
  0.318884  -0.0000   0.00707100
  0.319109  -0.0000   0.00710700
  0.319333  -0.0000   0.00714200
  0.319639  -0.0000   0.00719600
  0.319852  -0.0000   0.00724300
  0.320057  -0.0000   0.00729100
  0.320262  -0.0000   0.00733800
  0.320468  -0.0000   0.00738600
  0.320779  -0.0000   0.00745700
  0.321247  -0.0000   0.00756400
  0.321952  -0.0000   0.00772400
  0.323009  -0.0000   0.00796400
  0.324590  -0.0000   0.00832500
  0.326945  -0.0000   0.00886500
  0.330437  -0.0000   0.00967600
  0.333885  -0.0000   0.01049000
  0.335439  -0.0000   0.01085000
  0.336981  -0.0000   0.01122000
  0.337146  -0.0000   0.01128000
  0.337303  -0.0000   0.01133000
  0.337458  -0.0000   0.01138000
  0.337613  -0.0000   0.01143000
  0.337846  -0.0000   0.01151000
  0.338198  -0.0000   0.01163000
  0.338730  -0.0000   0.01181000
  0.339529  -0.0000   0.01208000
  0.340728  -0.0000   0.01248000
  0.342521  -0.0000   0.01308000
  0.345189  -0.0000   0.01398000
  0.349141  -0.0000   0.01533000
  0.353037  -0.0000   0.01669000
  0.353304  -0.0000   0.01678000
  0.353571  -0.0000   0.01687000
  0.353838  -0.0000   0.01696000
  0.354237  -0.0000   0.01710000
  0.354499  -0.0000   0.01720000
  0.354711  -0.0000   0.01731000
  0.354919  -0.0000   0.01741000
  0.355232  -0.0000   0.01756000
  0.355546  -0.0000   0.01771000
  0.356021  -0.0000   0.01794000
  0.356735  -0.0000   0.01828000
  0.357806  -0.0000   0.01880000
  0.359406  -0.0000   0.01957000
  0.361791  -0.0000   0.02072000
  0.365327  -0.0000   0.02246000
  0.368822  -0.0000   0.02419000
  0.369896  -0.0000   0.02473000
  0.370965  -0.0000   0.02526000
  0.371758  -0.0000   0.02566000
  0.371927  -0.0000   0.02577000
  0.372084  -0.0000   0.02587000
  0.372238  -0.0000   0.02598000
  0.372471  -0.0000   0.02614000
  0.372823  -0.0000   0.02638000
  0.373354  -0.0000   0.02674000
  0.374153  -0.0000   0.02728000
  0.375349  -0.0000   0.02809000
  0.377136  -0.0000   0.02931000
  0.379795  -0.0000   0.03114000
  0.383734  -0.0000   0.03388000
  0.387621  -0.0000   0.03662000
  0.387924  -0.0000   0.03684000
  0.388226  -0.0000   0.03705000
  0.388528  -0.0000   0.03726000
  0.388980  -0.0000   0.03758000
  0.389304  -0.0000   0.03782000
  0.389506  -0.0000   0.03801000
  0.389703  -0.0000   0.03820000
  0.389902  -0.0000   0.03839000
  0.390101  -0.0000   0.03858000
  0.390402  -0.0000   0.03887000
  0.390855  -0.0000   0.03930000
  0.391536  -0.0000   0.03994000
  0.392556  -0.0000   0.04090000
  0.394081  -0.0000   0.04235000
  0.396354  -0.0000   0.04452000
  0.399729  -0.0000   0.04777000
  0.402911  -0.0000   0.05087000
  0.406059  -0.0000   0.05397000
  0.406291  -0.0000   0.05420000
  0.406522  -0.0000   0.05443000
  0.406747  -0.0000   0.05466000
  0.406944  -0.0000   0.05491000
  0.407138  -0.0000   0.05517000
  0.407332  -0.0000   0.05543000
  0.407528  -0.0000   0.05568000
  0.407823  -0.0000   0.05607000
  0.408268  -0.0000   0.05664000
  0.408935  -0.0000   0.05750000
  0.409935  -0.0000   0.05880000
  0.411430  -0.0000   0.06074000
  0.413657  -0.0000   0.06366000
  0.416966  -0.0000   0.06803000
  0.420132  -0.0000   0.07225000
  0.423264  -0.0000   0.07648000
  0.423520  -0.0000   0.07683000
  0.423775  -0.0000   0.07717000
  0.424030  -0.0000   0.07752000
  0.424352  -0.0000   0.07803000
  0.424642  -0.0000   0.07855000
  0.424935  -0.0000   0.07907000
  0.425229  -0.0000   0.07959000
  0.425672  -0.0000   0.08036000
  0.426337  -0.0000   0.08153000
  0.427334  -0.0000   0.08328000
  0.428824  -0.0000   0.08590000
  0.431044  -0.0000   0.08983000
  0.434343  -0.0000   0.09572000
  0.437501  -0.0000   0.10100000
  0.440625  -0.0000   0.10700000
  0.440895  -0.0000   0.10800000
  0.441165  -0.0000   0.10800000
  0.441434  -0.0000   0.10900000
  0.441789  -0.0000   0.10900000
  0.442100  -0.0000   0.11000000
  0.442413  -0.0000   0.11100000
  0.442727  -0.0000   0.11200000
  0.443043  -0.0000   0.11200000
  0.443517  -0.0000   0.11300000
  0.444228  -0.0000   0.11500000
  0.445292  -0.0000   0.11800000
  0.446881  -0.0000   0.12100000
  0.449249  -0.0000   0.12700000
  0.452764  -0.0000   0.13500000
  0.456241  -0.0000   0.14400000
  0.457175  -0.0000   0.14600000
  0.458106  -0.0000   0.14800000
  0.459034  -0.0000   0.15100000
  0.459220  -0.0000   0.15100000
  0.459386  -0.0000   0.15200000
  0.459553  -0.0000   0.15200000
  0.459804  -0.0000   0.15300000
  0.460183  -0.0000   0.15400000
  0.460753  -0.0000   0.15600000
  0.461609  -0.0000   0.15900000
  0.462889  -0.0000   0.16300000
  0.464800  -0.0000   0.16800000
  0.467642  -0.0000   0.17700000
  0.470793  -0.0000   0.18700000
  0.473913  -0.0000   0.19700000
  0.475040  -0.0000   0.20100000
  0.476164  -0.0000   0.20500000
  0.476471  -0.0000   0.20600000
  0.476735  -0.0000   0.20700000
  0.476976  -0.0000   0.20800000
  0.477341  -0.0000   0.20900000
  0.477708  -0.0000   0.21100000
  0.478075  -0.0000   0.21200000
  0.478628  -0.0000   0.21400000
  0.479455  -0.0000   0.21800000
  0.480692  -0.0000   0.22300000
  0.482538  -0.0000   0.23000000
  0.484970  -0.0000   0.24000000
  0.487384  -0.0000   0.25000000
  0.489781  -0.0000   0.26000000
  0.492160  -0.0000   0.27000000
  0.493053  -0.0000   0.27400000
  0.493943  -0.0000   0.27800000
  0.494157  -0.0000   0.27900000
  0.494345  -0.0000   0.28000000
  0.494534  -0.0000   0.28100000
  0.494820  -0.0000   0.28200000
  0.495251  -0.0000   0.28500000
  0.495898  -0.0000   0.28800000
  0.496867  -0.0000   0.29300000
  0.498316  -0.0000   0.30100000
  0.500205  -0.0000   0.31100000
  0.502084  -0.0000   0.32100000
  0.503952  -0.0000   0.33100000
  0.505810  -0.0000   0.34100000
  0.507658  -0.0000   0.35100000
  0.509495  -0.0000   0.36100000
  0.511321  -0.0000   0.37100000
  0.511548  -0.0000   0.37200000
  0.511732  -0.0000   0.37300000
  0.511913  -0.0000   0.37400000
  0.512096  -0.0000   0.37600000
  0.512280  -0.0000   0.37700000
  0.512557  -0.0000   0.37900000
  0.512974  -0.0000   0.38200000
  0.513598  -0.0000   0.38600000
  0.514533  -0.0000   0.39200000
  0.515930  -0.0000   0.40200000
  0.517402  -0.0000   0.41200000
  0.518868  -0.0000   0.42200000
  0.520328  -0.0000   0.43200000
  0.521782  -0.0000   0.44200000
  0.523230  -0.0000   0.45200000
  0.524671  -0.0000   0.46200000
  0.526106  -0.0000   0.47200000
  0.527534  -0.0000   0.48200000
  0.528955  -0.0000   0.49200000
  0.529144  -0.0000   0.49300000
  0.529320  -0.0000   0.49500000
  0.529496  -0.0000   0.49600000
  0.529762  -0.0000   0.49800000
  0.530163  -0.0000   0.50200000
  0.530766  -0.0000   0.50700000
  0.531668  -0.0000   0.51500000
  0.532831  -0.0000   0.52500000
  0.533990  -0.0000   0.53500000
  0.535145  -0.0000   0.54500000
  0.536297  -0.0000   0.55500000
  0.537445  -0.0000   0.56500000
  0.538589  -0.0000   0.57500000
  0.539729  -0.0000   0.58500000
  0.540866  -0.0000   0.59500000
  0.541998  -0.0000   0.60500000
  0.543127  -0.0000   0.61500000
  0.544251  -0.0000   0.62500000
  0.545372  -0.0000   0.63500000
  0.546488  -0.0000   0.64500000
  0.546672  -0.0000   0.64700000
  0.546850  -0.0000   0.64900000
  0.547028  -0.0000   0.65100000
  0.547298  -0.0000   0.65400000
  0.547703  -0.0000   0.65800000
  0.548312  -0.0000   0.66400000
  0.549223  -0.0000   0.67400000
  0.550144  -0.0000   0.68400000
  0.551063  -0.0000   0.69400000
  0.551979  -0.0000   0.70400000
  0.552893  -0.0000   0.71400000
  0.553805  -0.0000   0.72400000
  0.554714  -0.0000   0.73400000
  0.555621  -0.0000   0.74400000
  0.556525  -0.0000   0.75400000
  0.557427  -0.0000   0.76400000
  0.558327  -0.0000   0.77400000
  0.559224  -0.0000   0.78400000
  0.560119  -0.0000   0.79400000
  0.561012  -0.0000   0.80400000
  0.561902  -0.0000   0.81400000
  0.562789  -0.0000   0.82400000
  0.563674  -0.0000   0.83400000
  0.563998  -0.0000   0.83800000
  0.564203  -0.0000   0.84100000
  0.564405  -0.0000   0.84400000
  0.564608  -0.0000   0.84600000
  0.564813  -0.0000   0.84900000
  0.565120  -0.0000   0.85300000
  0.565582  -0.0000   0.86000000
  0.566273  -0.0000   0.86900000
  0.567009  -0.0000   0.87900000
  0.567743  -0.0000   0.88900000
  0.568476  -0.0000   0.89900000
  0.569207  -0.0000   0.90900000
  0.569937  -0.0000   0.91900000
  0.570665  -0.0000   0.92900000
  0.571392  -0.0000   0.93900000
  0.572117  -0.0000   0.94900000
  0.572841  -0.0000   0.95900000
  0.573563  -0.0000   0.96900000
  0.574284  -0.0000   0.97900000
  0.575003  -0.0000   0.98900000
  0.575721  -0.0000   0.99900000
  0.575795  -0.0000   1.00000000
  0.574441  -0.0000   1.00000000
  0.574441  -0.0000   1.00000000
  0.574441  -0.0000   1.00000000
  0.574441  -0.0000   1.00000000
  0.574440  -0.0000   1.00000000
  0.574440  -0.0000   1.00000000
  0.574440  -0.0000   1.00000000
  0.574439  -0.0000   1.00000000
  0.574437  -0.0000   1.00000000
  0.574433  -0.0000   1.00000000
  0.574426  -0.0000   1.00000000
  0.574412  -0.0000   1.00000000
