  0.000098  -0.0000   0.00000010
  0.000219  -0.0000   0.00000020
  0.000614  -0.0000   0.00000030
  0.002392  -0.0000   0.00000035
  0.006414  -0.0000   0.00000037
  0.006500  -0.0000   0.00000038
  0.006544  -0.0000   0.00000040
  0.006618  -0.0000   0.00000043
  0.006750  -0.0000   0.00000048
  0.006999  -0.0000   0.00000055
  0.007316  -0.0000   0.00000061
  0.007553  -0.0000   0.00000066
  0.007835  -0.0000   0.00000070
  0.008170  -0.0000   0.00000075
  0.008568  -0.0000   0.00000079
  0.008938  -0.0000   0.00000082
  0.009359  -0.0000   0.00000086
  0.009835  -0.0000   0.00000090
  0.010367  -0.0000   0.00000093
  0.010959  -0.0000   0.00000097
  0.011610  -0.0000   0.00000100
  0.012321  -0.0000   0.00000104
  0.013090  -0.0000   0.00000107
  0.013916  -0.0000   0.00000111
  0.014796  -0.0000   0.00000115
  0.015727  -0.0000   0.00000118
  0.016705  -0.0000   0.00000122
  0.017729  -0.0000   0.00000125
  0.018794  -0.0000   0.00000129
  0.019856  -0.0000   0.00000132
  0.019870  -0.0000   0.00000133
  0.019882  -0.0000   0.00000133
  0.019892  -0.0000   0.00000133
  0.019904  -0.0000   0.00000134
  0.019920  -0.0000   0.00000135
  0.019939  -0.0000   0.00000136
  0.019964  -0.0000   0.00000137
  0.019994  -0.0000   0.00000140
  0.020022  -0.0000   0.00000143
  0.020058  -0.0000   0.00000146
  0.020109  -0.0000   0.00000152
  0.020179  -0.0000   0.00000161
  0.020282  -0.0000   0.00000173
  0.020442  -0.0000   0.00000193
  0.020735  -0.0000   0.00000222
  0.020860  -0.0000   0.00000233
  0.021001  -0.0000   0.00000244
  0.021161  -0.0000   0.00000255
  0.021453  -0.0000   0.00000271
  0.021685  -0.0000   0.00000283
  0.021949  -0.0000   0.00000294
  0.022249  -0.0000   0.00000306
  0.022626  -0.0000   0.00000318
  0.023055  -0.0000   0.00000331
  0.023540  -0.0000   0.00000344
  0.024015  -0.0000   0.00000355
  0.024541  -0.0000   0.00000366
  0.025118  -0.0000   0.00000377
  0.025700  -0.0000   0.00000388
  0.026331  -0.0000   0.00000398
  0.027012  -0.0000   0.00000408
  0.027720  -0.0000   0.00000418
  0.028477  -0.0000   0.00000428
  0.029283  -0.0000   0.00000439
  0.030139  -0.0000   0.00000449
  0.031046  -0.0000   0.00000459
  0.032003  -0.0000   0.00000469
  0.033009  -0.0000   0.00000479
  0.034066  -0.0000   0.00000489
  0.035173  -0.0000   0.00000499
  0.036281  -0.0000   0.00000509
  0.036300  -0.0000   0.00000510
  0.036316  -0.0000   0.00000510
  0.036331  -0.0000   0.00000511
  0.036351  -0.0000   0.00000512
  0.036376  -0.0000   0.00000513
  0.036409  -0.0000   0.00000515
  0.036453  -0.0000   0.00000519
  0.036509  -0.0000   0.00000523
  0.036585  -0.0000   0.00000531
  0.036689  -0.0000   0.00000541
  0.036838  -0.0000   0.00000558
  0.037070  -0.0000   0.00000582
  0.037480  -0.0000   0.00000619
  0.037835  -0.0000   0.00000646
  0.038246  -0.0000   0.00000673
  0.038720  -0.0000   0.00000701
  0.039388  -0.0000   0.00000734
  0.039998  -0.0000   0.00000760
  0.040682  -0.0000   0.00000787
  0.041446  -0.0000   0.00000813
  0.042294  -0.0000   0.00000840
  0.043232  -0.0000   0.00000866
  0.044264  -0.0000   0.00000893
  0.045201  -0.0000   0.00000915
  0.046210  -0.0000   0.00000937
  0.047293  -0.0000   0.00000960
  0.048452  -0.0000   0.00000982
  0.049687  -0.0000   0.00001005
  0.051001  -0.0000   0.00001027
  0.052393  -0.0000   0.00001049
  0.053865  -0.0000   0.00001072
  0.053958  -0.0000   0.00001073
  0.053998  -0.0000   0.00001075
  0.054032  -0.0000   0.00001077
  0.054076  -0.0000   0.00001079
  0.054134  -0.0000   0.00001083
  0.054209  -0.0000   0.00001089
  0.054310  -0.0000   0.00001097
  0.054448  -0.0000   0.00001110
  0.054648  -0.0000   0.00001130
  0.054960  -0.0000   0.00001159
  0.055492  -0.0000   0.00001202
  0.056103  -0.0000   0.00001246
  0.056799  -0.0000   0.00001289
  0.057586  -0.0000   0.00001333
  0.058467  -0.0000   0.00001376
  0.059448  -0.0000   0.00001419
  0.060534  -0.0000   0.00001463
  0.061508  -0.0000   0.00001499
  0.062560  -0.0000   0.00001535
  0.063694  -0.0000   0.00001571
  0.064912  -0.0000   0.00001607
  0.066217  -0.0000   0.00001643
  0.067612  -0.0000   0.00001679
  0.069098  -0.0000   0.00001714
  0.070675  -0.0000   0.00001750
  0.070921  -0.0000   0.00001756
  0.071169  -0.0000   0.00001761
  0.071419  -0.0000   0.00001767
  0.071575  -0.0000   0.00001772
  0.071657  -0.0000   0.00001777
  0.071728  -0.0000   0.00001781
  0.071821  -0.0000   0.00001789
  0.071906  -0.0000   0.00001796
  0.072025  -0.0000   0.00001807
  0.072197  -0.0000   0.00001823
  0.072454  -0.0000   0.00001847
  0.072863  -0.0000   0.00001884
  0.073387  -0.0000   0.00001926
  0.073961  -0.0000   0.00001969
  0.074586  -0.0000   0.00002011
  0.075534  -0.0000   0.00002069
  0.076582  -0.0000   0.00002127
  0.077734  -0.0000   0.00002185
  0.078995  -0.0000   0.00002243
  0.080371  -0.0000   0.00002301
  0.081574  -0.0000   0.00002348
  0.082858  -0.0000   0.00002396
  0.084226  -0.0000   0.00002443
  0.085851  -0.0000   0.00002496
  0.087583  -0.0000   0.00002548
  0.088567  -0.0000   0.00002577
  0.088843  -0.0000   0.00002585
  0.089104  -0.0000   0.00002593
  0.089201  -0.0000   0.00002599
  0.089285  -0.0000   0.00002605
  0.089361  -0.0000   0.00002611
  0.089433  -0.0000   0.00002617
  0.089533  -0.0000   0.00002626
  0.089677  -0.0000   0.00002640
  0.089888  -0.0000   0.00002661
  0.090212  -0.0000   0.00002691
  0.090733  -0.0000   0.00002737
  0.091358  -0.0000   0.00002788
  0.092033  -0.0000   0.00002839
  0.092756  -0.0000   0.00002890
  0.093951  -0.0000   0.00002966
  0.095261  -0.0000   0.00003042
  0.096691  -0.0000   0.00003118
  0.097956  -0.0000   0.00003181
  0.099309  -0.0000   0.00003243
  0.100751  -0.0000   0.00003306
  0.102286  -0.0000   0.00003369
  0.103914  -0.0000   0.00003432
  0.105637  -0.0000   0.00003495
  0.106020  -0.0000   0.00003508
  0.106406  -0.0000   0.00003522
  0.106790  -0.0000   0.00003536
  0.106875  -0.0000   0.00003541
  0.106950  -0.0000   0.00003547
  0.107020  -0.0000   0.00003553
  0.107117  -0.0000   0.00003561
  0.107252  -0.0000   0.00003574
  0.107446  -0.0000   0.00003593
  0.107734  -0.0000   0.00003621
  0.108185  -0.0000   0.00003663
  0.108917  -0.0000   0.00003727
  0.109706  -0.0000   0.00003791
  0.110551  -0.0000   0.00003855
  0.111452  -0.0000   0.00003919
  0.112931  -0.0000   0.00004014
  0.114233  -0.0000   0.00004093
  0.115627  -0.0000   0.00004171
  0.117113  -0.0000   0.00004250
  0.118870  -0.0000   0.00004337
  0.120746  -0.0000   0.00004423
  0.122403  -0.0000   0.00004496
  0.124146  -0.0000   0.00004569
  0.124319  -0.0000   0.00004576
  0.124485  -0.0000   0.00004583
  0.124583  -0.0000   0.00004590
  0.124711  -0.0000   0.00004601
  0.124829  -0.0000   0.00004612
  0.124941  -0.0000   0.00004623
  0.125102  -0.0000   0.00004639
  0.125341  -0.0000   0.00004663
  0.125707  -0.0000   0.00004699
  0.126285  -0.0000   0.00004754
  0.127197  -0.0000   0.00004833
  0.128174  -0.0000   0.00004913
  0.129215  -0.0000   0.00004992
  0.130321  -0.0000   0.00005072
  0.131677  -0.0000   0.00005163
  0.133121  -0.0000   0.00005255
  0.134656  -0.0000   0.00005346
  0.136278  -0.0000   0.00005437
  0.137994  -0.0000   0.00005528
  0.139805  -0.0000   0.00005619
  0.141712  -0.0000   0.00005710
  0.141902  -0.0000   0.00005719
  0.142093  -0.0000   0.00005728
  0.142241  -0.0000   0.00005737
  0.142397  -0.0000   0.00005751
  0.142606  -0.0000   0.00005771
  0.142804  -0.0000   0.00005792
  0.142999  -0.0000   0.00005812
  0.143293  -0.0000   0.00005843
  0.143751  -0.0000   0.00005888
  0.144477  -0.0000   0.00005957
  0.145243  -0.0000   0.00006026
  0.146047  -0.0000   0.00006095
  0.147335  -0.0000   0.00006198
  0.148761  -0.0000   0.00006305
  0.150278  -0.0000   0.00006412
  0.151887  -0.0000   0.00006519
  0.153906  -0.0000   0.00006644
  0.155634  -0.0000   0.00006746
  0.157452  -0.0000   0.00006849
  0.159359  -0.0000   0.00006951
  0.159556  -0.0000   0.00006961
  0.159755  -0.0000   0.00006972
  0.159933  -0.0000   0.00006982
  0.160108  -0.0000   0.00006998
  0.160267  -0.0000   0.00007014
  0.160418  -0.0000   0.00007030
  0.160566  -0.0000   0.00007045
  0.160785  -0.0000   0.00007069
  0.161117  -0.0000   0.00007105
  0.161636  -0.0000   0.00007158
  0.162457  -0.0000   0.00007238
  0.163321  -0.0000   0.00007318
  0.164225  -0.0000   0.00007398
  0.165169  -0.0000   0.00007478
  0.166673  -0.0000   0.00007598
  0.168051  -0.0000   0.00007702
  0.169499  -0.0000   0.00007807
  0.171015  -0.0000   0.00007912
  0.172699  -0.0000   0.00008022
  0.174463  -0.0000   0.00008133
  0.176308  -0.0000   0.00008244
  0.176638  -0.0000   0.00008263
  0.176971  -0.0000   0.00008283
  0.177307  -0.0000   0.00008303
  0.177734  -0.0000   0.00008332
  0.177914  -0.0000   0.00008350
  0.178081  -0.0000   0.00008368
  0.178242  -0.0000   0.00008385
  0.178480  -0.0000   0.00008412
  0.178839  -0.0000   0.00008451
  0.179397  -0.0000   0.00008511
  0.180267  -0.0000   0.00008599
  0.181178  -0.0000   0.00008687
  0.182129  -0.0000   0.00008775
  0.183119  -0.0000   0.00008863
  0.184690  -0.0000   0.00008995
  0.186183  -0.0000   0.00009114
  0.187748  -0.0000   0.00009233
  0.189385  -0.0000   0.00009353
  0.191148  -0.0000   0.00009476
  0.192990  -0.0000   0.00009599
  0.194911  -0.0000   0.00009722
  0.195102  -0.0000   0.00009734
  0.195293  -0.0000   0.00009746
  0.195437  -0.0000   0.00009758
  0.195614  -0.0000   0.00009776
  0.195859  -0.0000   0.00009804
  0.196097  -0.0000   0.00009831
  0.196335  -0.0000   0.00009859
  0.196697  -0.0000   0.00009900
  0.197259  -0.0000   0.00009961
  0.198104  -0.0000   0.00010050
  0.198935  -0.0000   0.00010150
  0.199763  -0.0000   0.00010240
  0.200997  -0.0000   0.00010380
  0.202827  -0.0000   0.00010580
  0.205527  -0.0000   0.00010900
  0.208269  -0.0000   0.00011220
  0.210963  -0.0000   0.00011540
  0.211399  -0.0000   0.00011590
  0.211833  -0.0000   0.00011650
  0.212265  -0.0000   0.00011700
  0.212861  -0.0000   0.00011780
  0.213000  -0.0000   0.00011800
  0.213129  -0.0000   0.00011830
  0.213252  -0.0000   0.00011850
  0.213430  -0.0000   0.00011890
  0.213693  -0.0000   0.00011950
  0.214087  -0.0000   0.00012040
  0.214684  -0.0000   0.00012170
  0.215514  -0.0000   0.00012350
  0.216346  -0.0000   0.00012530
  0.217177  -0.0000   0.00012720
  0.218418  -0.0000   0.00012990
  0.220264  -0.0000   0.00013400
  0.222995  -0.0000   0.00014010
  0.225895  -0.0000   0.00014680
  0.228746  -0.0000   0.00015340
  0.229036  -0.0000   0.00015410
  0.229326  -0.0000   0.00015470
  0.229614  -0.0000   0.00015540
  0.230046  -0.0000   0.00015640
  0.230236  -0.0000   0.00015700
  0.230381  -0.0000   0.00015750
  0.230516  -0.0000   0.00015800
  0.230711  -0.0000   0.00015880
  0.230999  -0.0000   0.00016000
  0.231432  -0.0000   0.00016180
  0.232087  -0.0000   0.00016440
  0.232746  -0.0000   0.00016710
  0.233405  -0.0000   0.00016970
  0.234393  -0.0000   0.00017370
  0.235867  -0.0000   0.00017970
  0.238057  -0.0000   0.00018870
  0.241288  -0.0000   0.00020210
  0.244465  -0.0000   0.00021560
  0.247539  -0.0000   0.00022910
  0.247666  -0.0000   0.00022990
  0.247784  -0.0000   0.00023070
  0.247898  -0.0000   0.00023150
  0.248063  -0.0000   0.00023270
  0.248310  -0.0000   0.00023440
  0.248681  -0.0000   0.00023710
  0.249244  -0.0000   0.00024120
  0.250038  -0.0000   0.00024690
  0.250833  -0.0000   0.00025250
  0.252024  -0.0000   0.00026100
  0.253800  -0.0000   0.00027380
  0.256436  -0.0000   0.00029290
  0.260318  -0.0000   0.00032160
  0.263191  -0.0000   0.00034310
  0.263548  -0.0000   0.00034580
  0.263904  -0.0000   0.00034850
  0.264259  -0.0000   0.00035120
  0.264790  -0.0000   0.00035520
  0.264947  -0.0000   0.00035670
  0.265079  -0.0000   0.00035820
  0.265205  -0.0000   0.00035970
  0.265389  -0.0000   0.00036200
  0.265666  -0.0000   0.00036540
  0.266084  -0.0000   0.00037050
  0.266716  -0.0000   0.00037810
  0.267583  -0.0000   0.00038850
  0.268450  -0.0000   0.00039890
  0.269745  -0.0000   0.00041460
  0.271673  -0.0000   0.00043800
  0.274529  -0.0000   0.00047320
  0.277521  -0.0000   0.00051060
  0.280468  -0.0000   0.00054810
  0.280795  -0.0000   0.00055220
  0.281121  -0.0000   0.00055640
  0.281447  -0.0000   0.00056050
  0.281935  -0.0000   0.00056680
  0.282117  -0.0000   0.00056950
  0.282261  -0.0000   0.00057220
  0.282399  -0.0000   0.00057500
  0.282603  -0.0000   0.00057910
  0.282909  -0.0000   0.00058520
  0.283372  -0.0000   0.00059440
  0.284072  -0.0000   0.00060820
  0.284773  -0.0000   0.00062200
  0.285822  -0.0000   0.00064270
  0.287388  -0.0000   0.00067380
  0.289713  -0.0000   0.00072050
  0.293150  -0.0000   0.00079040
  0.296531  -0.0000   0.00086030
  0.297612  -0.0000   0.00088280
  0.298686  -0.0000   0.00090530
  0.299218  -0.0000   0.00091640
  0.299495  -0.0000   0.00092290
  0.299703  -0.0000   0.00092930
  0.299904  -0.0000   0.00093580
  0.300106  -0.0000   0.00094220
  0.300308  -0.0000   0.00094860
  0.300613  -0.0000   0.00095830
  0.301074  -0.0000   0.00097280
  0.301767  -0.0000   0.00099450
  0.302804  -0.0000   0.00102700
  0.304353  -0.0000   0.00107600
  0.306654  -0.0000   0.00114900
  0.310057  -0.0000   0.00125900
  0.313408  -0.0000   0.00136900
  0.316705  -0.0000   0.00147900
  0.316844  -0.0000   0.00148500
  0.316967  -0.0000   0.00149100
  0.317087  -0.0000   0.00149700
  0.317266  -0.0000   0.00150600
  0.317535  -0.0000   0.00151900
  0.317943  -0.0000   0.00153900
  0.318558  -0.0000   0.00156900
  0.319480  -0.0000   0.00161400
  0.320858  -0.0000   0.00168100
  0.322910  -0.0000   0.00178200
  0.325950  -0.0000   0.00193400
  0.328950  -0.0000   0.00208500
  0.331910  -0.0000   0.00223700
  0.332484  -0.0000   0.00226600
  0.333056  -0.0000   0.00229500
  0.333627  -0.0000   0.00232500
  0.333968  -0.0000   0.00234300
  0.334183  -0.0000   0.00235600
  0.334369  -0.0000   0.00237000
  0.334554  -0.0000   0.00238400
  0.334832  -0.0000   0.00240500
  0.335254  -0.0000   0.00243600
  0.335889  -0.0000   0.00248300
  0.336525  -0.0000   0.00253000
  0.337476  -0.0000   0.00260000
  0.338896  -0.0000   0.00270500
  0.341009  -0.0000   0.00286300
  0.344138  -0.0000   0.00310000
  0.347226  -0.0000   0.00333700
  0.350272  -0.0000   0.00357400
  0.350530  -0.0000   0.00359400
  0.350788  -0.0000   0.00361400
  0.351046  -0.0000   0.00363500
  0.351419  -0.0000   0.00366500
  0.351578  -0.0000   0.00368200
  0.351733  -0.0000   0.00369900
  0.351887  -0.0000   0.00371600
  0.352119  -0.0000   0.00374200
  0.352471  -0.0000   0.00378100
  0.353001  -0.0000   0.00383900
  0.353797  -0.0000   0.00392600
  0.354987  -0.0000   0.00405600
  0.356760  -0.0000   0.00425100
  0.359394  -0.0000   0.00454500
  0.362450  -0.0000   0.00488900
  0.365466  -0.0000   0.00523400
  0.368442  -0.0000   0.00557800
  0.368634  -0.0000   0.00560100
  0.368798  -0.0000   0.00562300
  0.368937  -0.0000   0.00564500
  0.369143  -0.0000   0.00567800
  0.369453  -0.0000   0.00572800
  0.369766  -0.0000   0.00577800
  0.370238  -0.0000   0.00585300
  0.370945  -0.0000   0.00596500
  0.372004  -0.0000   0.00613400
  0.373582  -0.0000   0.00638700
  0.375930  -0.0000   0.00676600
  0.379403  -0.0000   0.00733500
  0.382827  -0.0000   0.00790300
  0.385233  -0.0000   0.00830700
  0.385488  -0.0000   0.00835000
  0.385742  -0.0000   0.00839300
  0.385997  -0.0000   0.00843600
  0.386179  -0.0000   0.00847500
  0.386347  -0.0000   0.00851300
  0.386515  -0.0000   0.00855200
  0.386769  -0.0000   0.00861100
  0.387153  -0.0000   0.00869800
  0.387731  -0.0000   0.00882900
  0.388597  -0.0000   0.00902600
  0.389890  -0.0000   0.00932100
  0.391816  -0.0000   0.00976300
  0.394674  -0.0000   0.01043000
  0.397706  -0.0000   0.01114000
  0.400700  -0.0000   0.01185000
  0.402163  -0.0000   0.01220000
  0.403208  -0.0000   0.01245000
  0.403417  -0.0000   0.01251000
  0.403582  -0.0000   0.01256000
  0.403745  -0.0000   0.01261000
  0.403992  -0.0000   0.01269000
  0.404240  -0.0000   0.01277000
  0.404614  -0.0000   0.01289000
  0.405175  -0.0000   0.01307000
  0.406016  -0.0000   0.01334000
  0.407273  -0.0000   0.01375000
  0.409144  -0.0000   0.01435000
  0.411922  -0.0000   0.01526000
  0.414816  -0.0000   0.01622000
  0.417676  -0.0000   0.01717000
  0.420501  -0.0000   0.01813000
  0.420695  -0.0000   0.01820000
  0.420853  -0.0000   0.01826000
  0.420999  -0.0000   0.01833000
  0.421219  -0.0000   0.01843000
  0.421440  -0.0000   0.01853000
  0.421774  -0.0000   0.01867000
  0.422277  -0.0000   0.01890000
  0.423029  -0.0000   0.01923000
  0.424154  -0.0000   0.01973000
  0.425832  -0.0000   0.02048000
  0.428325  -0.0000   0.02161000
  0.431287  -0.0000   0.02296000
  0.434216  -0.0000   0.02432000
  0.437110  -0.0000   0.02567000
  0.437351  -0.0000   0.02579000
  0.437593  -0.0000   0.02590000
  0.437834  -0.0000   0.02601000
  0.438163  -0.0000   0.02618000
  0.438390  -0.0000   0.02632000
  0.438618  -0.0000   0.02646000
  0.438848  -0.0000   0.02660000
  0.439079  -0.0000   0.02674000
  0.439425  -0.0000   0.02695000
  0.439945  -0.0000   0.02727000
  0.440724  -0.0000   0.02774000
  0.441886  -0.0000   0.02845000
  0.443620  -0.0000   0.02952000
  0.446195  -0.0000   0.03112000
  0.449063  -0.0000   0.03292000
  0.451899  -0.0000   0.03471000
  0.454703  -0.0000   0.03651000
  0.454928  -0.0000   0.03666000
  0.455152  -0.0000   0.03680000
  0.455376  -0.0000   0.03695000
  0.455588  -0.0000   0.03711000
  0.455786  -0.0000   0.03728000
  0.455985  -0.0000   0.03744000
  0.456185  -0.0000   0.03761000
  0.456487  -0.0000   0.03785000
  0.456941  -0.0000   0.03823000
  0.457620  -0.0000   0.03878000
  0.458635  -0.0000   0.03962000
  0.460150  -0.0000   0.04088000
  0.462404  -0.0000   0.04276000
  0.465743  -0.0000   0.04558000
  0.469040  -0.0000   0.04841000
  0.472294  -0.0000   0.05123000
  0.472509  -0.0000   0.05142000
  0.472723  -0.0000   0.05161000
  0.472905  -0.0000   0.05179000
  0.473156  -0.0000   0.05207000
  0.473409  -0.0000   0.05235000
  0.473663  -0.0000   0.05263000
  0.474046  -0.0000   0.05305000
  0.474619  -0.0000   0.05368000
  0.475478  -0.0000   0.05463000
  0.476760  -0.0000   0.05605000
  0.478669  -0.0000   0.05817000
  0.481503  -0.0000   0.06136000
  0.484349  -0.0000   0.06460000
  0.487165  -0.0000   0.06783000
  0.489948  -0.0000   0.07107000
  0.490148  -0.0000   0.07130000
  0.490308  -0.0000   0.07153000
  0.490466  -0.0000   0.07177000
  0.490704  -0.0000   0.07211000
  0.490944  -0.0000   0.07246000
  0.491305  -0.0000   0.07299000
  0.491846  -0.0000   0.07377000
  0.492656  -0.0000   0.07495000
  0.493866  -0.0000   0.07672000
  0.495668  -0.0000   0.07937000
  0.498345  -0.0000   0.08335000
  0.501107  -0.0000   0.08750000
  0.503841  -0.0000   0.09165000
  0.506545  -0.0000   0.09579000
  0.506790  -0.0000   0.09617000
  0.507036  -0.0000   0.09655000
  0.507281  -0.0000   0.09692000
  0.507616  -0.0000   0.09749000
  0.507856  -0.0000   0.09795000
  0.508099  -0.0000   0.09842000
  0.508342  -0.0000   0.09888000
  0.508586  -0.0000   0.09935000
  0.508953  -0.0000   0.10000000
  0.509502  -0.0000   0.10100000
  0.510323  -0.0000   0.10300000
  0.511550  -0.0000   0.10500000
  0.513378  -0.0000   0.10900000
  0.516093  -0.0000   0.11400000
  0.518796  -0.0000   0.11900000
  0.521472  -0.0000   0.12400000
  0.524120  -0.0000   0.13000000
  0.524352  -0.0000   0.13000000
  0.524583  -0.0000   0.13100000
  0.524814  -0.0000   0.13100000
  0.525045  -0.0000   0.13200000
  0.525264  -0.0000   0.13200000
  0.525484  -0.0000   0.13300000
  0.525705  -0.0000   0.13300000
  0.526038  -0.0000   0.13400000
  0.526536  -0.0000   0.13500000
  0.527282  -0.0000   0.13700000
  0.528397  -0.0000   0.14000000
  0.530058  -0.0000   0.14400000
  0.532529  -0.0000   0.15000000
  0.535277  -0.0000   0.15700000
  0.537997  -0.0000   0.16400000
  0.540690  -0.0000   0.17200000
  0.541009  -0.0000   0.17200000
  0.541328  -0.0000   0.17300000
  0.541647  -0.0000   0.17400000
  0.542124  -0.0000   0.17500000
  0.542341  -0.0000   0.17600000
  0.542535  -0.0000   0.17700000
  0.542731  -0.0000   0.17700000
  0.543026  -0.0000   0.17800000
  0.543322  -0.0000   0.17900000
  0.543766  -0.0000   0.18000000
  0.544431  -0.0000   0.18300000
  0.545425  -0.0000   0.18600000
  0.546907  -0.0000   0.19100000
  0.549113  -0.0000   0.19800000
  0.552163  -0.0000   0.20800000
  0.555181  -0.0000   0.21800000
  0.558164  -0.0000   0.22800000
  0.558516  -0.0000   0.22900000
  0.558867  -0.0000   0.23000000
  0.559218  -0.0000   0.23100000
  0.559720  -0.0000   0.23300000
  0.559880  -0.0000   0.23400000
  0.560123  -0.0000   0.23500000
  0.560368  -0.0000   0.23600000
  0.560613  -0.0000   0.23700000
  0.560980  -0.0000   0.23800000
  0.561531  -0.0000   0.24000000
  0.562355  -0.0000   0.24400000
  0.563586  -0.0000   0.24900000
  0.565420  -0.0000   0.25600000
  0.567821  -0.0000   0.26600000
  0.570203  -0.0000   0.27600000
  0.572564  -0.0000   0.28600000
  0.574904  -0.0000   0.29600000
  0.576575  -0.0000   0.30400000
  0.576831  -0.0000   0.30500000
  0.577075  -0.0000   0.30600000
  0.577285  -0.0000   0.30700000
  0.577497  -0.0000   0.30800000
  0.577711  -0.0000   0.30900000
  0.577924  -0.0000   0.31000000
  0.578245  -0.0000   0.31200000
  0.578726  -0.0000   0.31400000
  0.579446  -0.0000   0.31800000
  0.580521  -0.0000   0.32400000
  0.582123  -0.0000   0.33200000
  0.584025  -0.0000   0.34200000
  0.585914  -0.0000   0.35200000
  0.587791  -0.0000   0.36200000
  0.589655  -0.0000   0.37200000
  0.591506  -0.0000   0.38200000
  0.593345  -0.0000   0.39200000
  0.593759  -0.0000   0.39400000
  0.594172  -0.0000   0.39600000
  0.594544  -0.0000   0.39900000
  0.594800  -0.0000   0.40000000
  0.595058  -0.0000   0.40200000
  0.595316  -0.0000   0.40400000
  0.595575  -0.0000   0.40500000
  0.595963  -0.0000   0.40800000
  0.596544  -0.0000   0.41200000
  0.597413  -0.0000   0.41700000
  0.598710  -0.0000   0.42600000
  0.600226  -0.0000   0.43600000
  0.601734  -0.0000   0.44600000
  0.603235  -0.0000   0.45600000
  0.604727  -0.0000   0.46600000
  0.606212  -0.0000   0.47600000
  0.607689  -0.0000   0.48600000
  0.609157  -0.0000   0.49600000
  0.610618  -0.0000   0.50600000
  0.611488  -0.0000   0.51200000
  0.611771  -0.0000   0.51400000
  0.611957  -0.0000   0.51500000
  0.612143  -0.0000   0.51700000
  0.612331  -0.0000   0.51800000
  0.612520  -0.0000   0.52000000
  0.612802  -0.0000   0.52200000
  0.613227  -0.0000   0.52600000
  0.613861  -0.0000   0.53100000
  0.614810  -0.0000   0.53900000
  0.616029  -0.0000   0.54900000
  0.617243  -0.0000   0.55900000
  0.618452  -0.0000   0.56900000
  0.619655  -0.0000   0.57900000
  0.620853  -0.0000   0.58900000
  0.622047  -0.0000   0.59900000
  0.623235  -0.0000   0.60900000
  0.624419  -0.0000   0.61900000
  0.625597  -0.0000   0.62900000
  0.626770  -0.0000   0.63900000
  0.627938  -0.0000   0.64900000
  0.629101  -0.0000   0.65900000
  0.629283  -0.0000   0.66000000
  0.629461  -0.0000   0.66200000
  0.629642  -0.0000   0.66400000
  0.629913  -0.0000   0.66700000
  0.630319  -0.0000   0.67100000
  0.630928  -0.0000   0.67700000
  0.631839  -0.0000   0.68600000
  0.632822  -0.0000   0.69600000
  0.633801  -0.0000   0.70600000
  0.634776  -0.0000   0.71600000
  0.635749  -0.0000   0.72600000
  0.636718  -0.0000   0.73600000
  0.637683  -0.0000   0.74600000
  0.638646  -0.0000   0.75600000
  0.639605  -0.0000   0.76600000
  0.640561  -0.0000   0.77600000
  0.641514  -0.0000   0.78600000
  0.642464  -0.0000   0.79600000
  0.643410  -0.0000   0.80600000
  0.644353  -0.0000   0.81600000
  0.645292  -0.0000   0.82600000
  0.646228  -0.0000   0.83600000
  0.646510  -0.0000   0.83900000
  0.646708  -0.0000   0.84200000
  0.646906  -0.0000   0.84400000
  0.647105  -0.0000   0.84700000
  0.647305  -0.0000   0.84900000
  0.647604  -0.0000   0.85300000
  0.648053  -0.0000   0.85900000
  0.648725  -0.0000   0.86700000
  0.649522  -0.0000   0.87700000
  0.650317  -0.0000   0.88700000
  0.651110  -0.0000   0.89700000
  0.651900  -0.0000   0.90700000
  0.652688  -0.0000   0.91700000
  0.653473  -0.0000   0.92700000
  0.654257  -0.0000   0.93700000
  0.655038  -0.0000   0.94700000
  0.655818  -0.0000   0.95700000
  0.656595  -0.0000   0.96700000
  0.657370  -0.0000   0.97700000
  0.658143  -0.0000   0.98700000
  0.658914  -0.0000   0.99700000
  0.659141  -0.0000   1.00000000
  0.658165  -0.0000   1.00000000
  0.658165  -0.0000   1.00000000
  0.658165  -0.0000   1.00000000
  0.658165  -0.0000   1.00000000
  0.658165  -0.0000   1.00000000
  0.658165  -0.0000   1.00000000
  0.658164  -0.0000   1.00000000
  0.658163  -0.0000   1.00000000
  0.658160  -0.0000   1.00000000
  0.658154  -0.0000   1.00000000
  0.658143  -0.0000   1.00000000
  0.658122  -0.0000   1.00000000
