  0.000032  -0.0000   0.00000010
  0.000070  -0.0000   0.00000020
  0.000191  -0.0000   0.00000030
  0.002221  -0.0000   0.00000045
  0.006144  -0.0000   0.00000051
  0.006190  -0.0000   0.00000059
  0.006238  -0.0000   0.00000072
  0.006310  -0.0000   0.00000091
  0.006418  -0.0000   0.00000119
  0.006582  -0.0000   0.00000162
  0.006830  -0.0000   0.00000226
  0.007212  -0.0000   0.00000322
  0.007810  -0.0000   0.00000466
  0.008784  -0.0000   0.00000682
  0.009540  -0.0000   0.00000839
  0.010352  -0.0000   0.00000996
  0.011224  -0.0000   0.00001153
  0.012163  -0.0000   0.00001309
  0.013172  -0.0000   0.00001466
  0.014256  -0.0000   0.00001623
  0.015416  -0.0000   0.00001780
  0.016457  -0.0000   0.00001913
  0.017558  -0.0000   0.00002046
  0.018720  -0.0000   0.00002178
  0.019944  -0.0000   0.00002311
  0.021211  -0.0000   0.00002444
  0.021403  -0.0000   0.00002529
  0.021592  -0.0000   0.00002613
  0.021780  -0.0000   0.00002697
  0.022058  -0.0000   0.00002824
  0.022335  -0.0000   0.00002950
  0.022611  -0.0000   0.00003077
  0.022888  -0.0000   0.00003203
  0.023289  -0.0000   0.00003385
  0.023695  -0.0000   0.00003567
  0.024197  -0.0000   0.00003787
  0.024711  -0.0000   0.00004008
  0.025424  -0.0000   0.00004301
  0.026169  -0.0000   0.00004594
  0.027371  -0.0000   0.00005034
  0.028670  -0.0000   0.00005474
  0.030075  -0.0000   0.00005914
  0.031595  -0.0000   0.00006354
  0.032964  -0.0000   0.00006726
  0.034423  -0.0000   0.00007097
  0.035976  -0.0000   0.00007468
  0.037624  -0.0000   0.00007840
  0.039020  -0.0000   0.00008140
  0.040480  -0.0000   0.00008440
  0.041944  -0.0000   0.00008740
  0.042075  -0.0000   0.00008798
  0.042204  -0.0000   0.00008855
  0.042331  -0.0000   0.00008912
  0.042521  -0.0000   0.00008998
  0.042801  -0.0000   0.00009127
  0.043216  -0.0000   0.00009320
  0.043628  -0.0000   0.00009514
  0.044039  -0.0000   0.00009707
  0.044450  -0.0000   0.00009900
  0.044958  -0.0000   0.00010190
  0.045400  -0.0000   0.00010480
  0.045945  -0.0000   0.00010850
  0.046476  -0.0000   0.00011220
  0.047152  -0.0000   0.00011700
  0.047816  -0.0000   0.00012180
  0.048792  -0.0000   0.00012900
  0.049754  -0.0000   0.00013630
  0.051175  -0.0000   0.00014710
  0.052582  -0.0000   0.00015790
  0.054667  -0.0000   0.00017420
  0.056731  -0.0000   0.00019040
  0.059788  -0.0000   0.00021480
  0.060138  -0.0000   0.00021760
  0.060488  -0.0000   0.00022040
  0.060837  -0.0000   0.00022320
  0.061360  -0.0000   0.00022740
  0.061968  -0.0000   0.00023370
  0.062208  -0.0000   0.00023740
  0.062440  -0.0000   0.00024110
  0.062664  -0.0000   0.00024480
  0.062989  -0.0000   0.00025030
  0.063456  -0.0000   0.00025860
  0.064063  -0.0000   0.00026980
  0.064657  -0.0000   0.00028100
  0.065242  -0.0000   0.00029220
  0.066108  -0.0000   0.00030900
  0.067395  -0.0000   0.00033420
  0.069313  -0.0000   0.00037190
  0.071475  -0.0000   0.00041470
  0.073628  -0.0000   0.00045750
  0.076832  -0.0000   0.00052170
  0.081582  -0.0000   0.00061800
  0.081812  -0.0000   0.00062310
  0.081971  -0.0000   0.00062820
  0.082125  -0.0000   0.00063330
  0.082348  -0.0000   0.00064100
  0.082670  -0.0000   0.00065250
  0.083138  -0.0000   0.00066980
  0.083819  -0.0000   0.00069570
  0.084492  -0.0000   0.00072160
  0.085492  -0.0000   0.00076050
  0.086985  -0.0000   0.00081880
  0.088920  -0.0000   0.00089460
  0.090850  -0.0000   0.00097030
  0.092774  -0.0000   0.00104600
  0.095645  -0.0000   0.00116000
  0.099916  -0.0000   0.00133000
  0.100258  -0.0000   0.00134400
  0.100600  -0.0000   0.00135800
  0.100942  -0.0000   0.00137100
  0.101454  -0.0000   0.00139200
  0.102099  -0.0000   0.00142300
  0.102441  -0.0000   0.00144400
  0.102771  -0.0000   0.00146500
  0.103096  -0.0000   0.00148600
  0.103574  -0.0000   0.00151700
  0.104285  -0.0000   0.00156500
  0.105346  -0.0000   0.00163600
  0.106935  -0.0000   0.00174200
  0.108520  -0.0000   0.00184900
  0.110892  -0.0000   0.00200900
  0.113256  -0.0000   0.00216900
  0.116783  -0.0000   0.00240800
  0.122026  -0.0000   0.00276800
  0.122253  -0.0000   0.00278800
  0.122455  -0.0000   0.00280800
  0.122653  -0.0000   0.00282700
  0.122944  -0.0000   0.00285700
  0.123373  -0.0000   0.00290100
  0.124011  -0.0000   0.00296800
  0.124964  -0.0000   0.00306700
  0.126392  -0.0000   0.00321700
  0.128253  -0.0000   0.00341200
  0.130110  -0.0000   0.00360700
  0.132886  -0.0000   0.00390000
  0.137025  -0.0000   0.00434000
  0.138998  -0.0000   0.00455000
  0.140964  -0.0000   0.00476000
  0.142104  -0.0000   0.00488300
  0.142559  -0.0000   0.00493700
  0.142932  -0.0000   0.00499200
  0.143296  -0.0000   0.00504700
  0.143837  -0.0000   0.00512900
  0.144375  -0.0000   0.00521200
  0.145182  -0.0000   0.00533500
  0.146390  -0.0000   0.00552100
  0.148200  -0.0000   0.00579800
  0.150906  -0.0000   0.00621500
  0.154945  -0.0000   0.00684000
  0.160955  -0.0000   0.00777800
  0.161370  -0.0000   0.00784300
  0.161785  -0.0000   0.00790800
  0.162200  -0.0000   0.00797300
  0.162803  -0.0000   0.00807000
  0.163158  -0.0000   0.00814300
  0.163506  -0.0000   0.00821600
  0.163850  -0.0000   0.00828900
  0.164365  -0.0000   0.00839900
  0.165136  -0.0000   0.00856300
  0.166292  -0.0000   0.00881000
  0.168024  -0.0000   0.00918000
  0.170613  -0.0000   0.00973600
  0.174478  -0.0000   0.01057000
  0.180237  -0.0000   0.01182000
  0.180835  -0.0000   0.01195000
  0.181433  -0.0000   0.01208000
  0.182030  -0.0000   0.01221000
  0.182925  -0.0000   0.01240000
  0.183325  -0.0000   0.01250000
  0.183677  -0.0000   0.01260000
  0.184026  -0.0000   0.01270000
  0.184546  -0.0000   0.01285000
  0.185325  -0.0000   0.01307000
  0.186492  -0.0000   0.01341000
  0.188241  -0.0000   0.01391000
  0.190855  -0.0000   0.01466000
  0.194759  -0.0000   0.01579000
  0.200575  -0.0000   0.01748000
  0.201208  -0.0000   0.01766000
  0.201841  -0.0000   0.01785000
  0.202473  -0.0000   0.01803000
  0.203420  -0.0000   0.01831000
  0.203789  -0.0000   0.01843000
  0.204132  -0.0000   0.01856000
  0.204472  -0.0000   0.01869000
  0.204981  -0.0000   0.01888000
  0.205744  -0.0000   0.01916000
  0.206888  -0.0000   0.01959000
  0.208600  -0.0000   0.02023000
  0.211160  -0.0000   0.02118000
  0.214982  -0.0000   0.02262000
  0.220681  -0.0000   0.02478000
  0.221444  -0.0000   0.02507000
  0.222207  -0.0000   0.02536000
  0.222969  -0.0000   0.02565000
  0.224083  -0.0000   0.02608000
  0.224450  -0.0000   0.02625000
  0.224814  -0.0000   0.02643000
  0.225177  -0.0000   0.02660000
  0.225721  -0.0000   0.02685000
  0.226537  -0.0000   0.02724000
  0.227760  -0.0000   0.02782000
  0.229590  -0.0000   0.02869000
  0.232327  -0.0000   0.02999000
  0.236413  -0.0000   0.03195000
  0.242506  -0.0000   0.03488000
  0.243011  -0.0000   0.03513000
  0.243515  -0.0000   0.03537000
  0.244020  -0.0000   0.03561000
  0.244712  -0.0000   0.03598000
  0.245295  -0.0000   0.03632000
  0.245877  -0.0000   0.03666000
  0.246458  -0.0000   0.03700000
  0.247330  -0.0000   0.03752000
  0.248635  -0.0000   0.03829000
  0.250588  -0.0000   0.03944000
  0.253508  -0.0000   0.04118000
  0.257868  -0.0000   0.04378000
  0.264367  -0.0000   0.04768000
  0.264778  -0.0000   0.04792000
  0.265141  -0.0000   0.04817000
  0.265484  -0.0000   0.04842000
  0.265999  -0.0000   0.04879000
  0.266770  -0.0000   0.04934000
  0.267926  -0.0000   0.05018000
  0.269080  -0.0000   0.05101000
  0.270807  -0.0000   0.05226000
  0.273390  -0.0000   0.05414000
  0.277249  -0.0000   0.05695000
  0.283005  -0.0000   0.06117000
  0.283509  -0.0000   0.06154000
  0.284012  -0.0000   0.06191000
  0.284515  -0.0000   0.06228000
  0.285269  -0.0000   0.06283000
  0.285701  -0.0000   0.06319000
  0.286118  -0.0000   0.06356000
  0.286535  -0.0000   0.06392000
  0.287160  -0.0000   0.06446000
  0.288097  -0.0000   0.06528000
  0.289499  -0.0000   0.06650000
  0.291598  -0.0000   0.06833000
  0.294734  -0.0000   0.07108000
  0.299417  -0.0000   0.07520000
  0.303539  -0.0000   0.07885000
  0.304389  -0.0000   0.07960000
  0.305238  -0.0000   0.08035000
  0.306050  -0.0000   0.08111000
  0.306570  -0.0000   0.08164000
  0.307089  -0.0000   0.08218000
  0.307609  -0.0000   0.08272000
  0.308388  -0.0000   0.08353000
  0.309554  -0.0000   0.08474000
  0.311300  -0.0000   0.08655000
  0.313911  -0.0000   0.08927000
  0.317813  -0.0000   0.09336000
  0.323635  -0.0000   0.09949000
  0.324194  -0.0000   0.10000000
  0.324753  -0.0000   0.10100000
  0.325311  -0.0000   0.10100000
  0.326148  -0.0000   0.10200000
  0.326647  -0.0000   0.10300000
  0.327120  -0.0000   0.10300000
  0.327592  -0.0000   0.10400000
  0.328300  -0.0000   0.10500000
  0.329008  -0.0000   0.10600000
  0.330069  -0.0000   0.10700000
  0.331656  -0.0000   0.10900000
  0.334029  -0.0000   0.11200000
  0.337578  -0.0000   0.11600000
  0.342875  -0.0000   0.12300000
  0.343645  -0.0000   0.12400000
  0.344414  -0.0000   0.12500000
  0.345182  -0.0000   0.12600000
  0.346333  -0.0000   0.12700000
  0.346938  -0.0000   0.12800000
  0.347479  -0.0000   0.12800000
  0.348020  -0.0000   0.12900000
  0.348560  -0.0000   0.13000000
  0.349101  -0.0000   0.13100000
  0.349910  -0.0000   0.13200000
  0.351123  -0.0000   0.13400000
  0.352938  -0.0000   0.13600000
  0.355652  -0.0000   0.14000000
  0.359709  -0.0000   0.14600000
  0.365764  -0.0000   0.15500000
  0.366307  -0.0000   0.15600000
  0.366850  -0.0000   0.15600000
  0.367391  -0.0000   0.15700000
  0.367846  -0.0000   0.15800000
  0.368300  -0.0000   0.15900000
  0.368755  -0.0000   0.15900000
  0.369209  -0.0000   0.16000000
  0.369891  -0.0000   0.16100000
  0.370911  -0.0000   0.16300000
  0.372439  -0.0000   0.16500000
  0.374724  -0.0000   0.16900000
  0.378141  -0.0000   0.17500000
  0.383245  -0.0000   0.18300000
  0.385046  -0.0000   0.18600000
  0.386844  -0.0000   0.18900000
  0.387873  -0.0000   0.19100000
  0.388336  -0.0000   0.19200000
  0.388797  -0.0000   0.19300000
  0.389259  -0.0000   0.19400000
  0.389720  -0.0000   0.19500000
  0.390412  -0.0000   0.19600000
  0.391448  -0.0000   0.19800000
  0.392999  -0.0000   0.20100000
  0.395320  -0.0000   0.20500000
  0.398788  -0.0000   0.21200000
  0.403969  -0.0000   0.22200000
  0.406573  -0.0000   0.22700000
  0.408024  -0.0000   0.23000000
  0.408637  -0.0000   0.23100000
  0.409210  -0.0000   0.23200000
  0.409784  -0.0000   0.23300000
  0.410645  -0.0000   0.23500000
  0.411504  -0.0000   0.23700000
  0.412791  -0.0000   0.24000000
  0.414717  -0.0000   0.24400000
  0.417597  -0.0000   0.25000000
  0.421902  -0.0000   0.26000000
  0.426481  -0.0000   0.27000000
  0.427422  -0.0000   0.27200000
  0.428362  -0.0000   0.27400000
  0.429263  -0.0000   0.27600000
  0.429805  -0.0000   0.27700000
  0.430347  -0.0000   0.27800000
  0.430888  -0.0000   0.28000000
  0.431700  -0.0000   0.28200000
  0.432915  -0.0000   0.28500000
  0.434734  -0.0000   0.28900000
  0.437454  -0.0000   0.29600000
  0.441516  -0.0000   0.30600000
  0.445565  -0.0000   0.31600000
  0.449591  -0.0000   0.32600000
  0.450019  -0.0000   0.32700000
  0.450446  -0.0000   0.32800000
  0.450873  -0.0000   0.32900000
  0.451514  -0.0000   0.33100000
  0.452474  -0.0000   0.33400000
  0.453911  -0.0000   0.33800000
  0.456064  -0.0000   0.34400000
  0.459283  -0.0000   0.35200000
  0.462888  -0.0000   0.36200000
  0.466483  -0.0000   0.37200000
  0.470069  -0.0000   0.38200000
  0.470503  -0.0000   0.38400000
  0.470933  -0.0000   0.38500000
  0.471364  -0.0000   0.38600000
  0.472009  -0.0000   0.38800000
  0.472976  -0.0000   0.39100000
  0.474423  -0.0000   0.39600000
  0.476588  -0.0000   0.40200000
  0.479819  -0.0000   0.41200000
  0.483040  -0.0000   0.42200000
  0.486255  -0.0000   0.43200000
  0.489461  -0.0000   0.44200000
  0.490187  -0.0000   0.44500000
  0.490882  -0.0000   0.44700000
  0.491544  -0.0000   0.44900000
  0.492207  -0.0000   0.45200000
  0.492869  -0.0000   0.45400000
  0.493530  -0.0000   0.45600000
  0.494521  -0.0000   0.45900000
  0.496004  -0.0000   0.46500000
  0.498224  -0.0000   0.47200000
  0.501119  -0.0000   0.48200000
  0.504008  -0.0000   0.49200000
  0.506891  -0.0000   0.50200000
  0.509769  -0.0000   0.51200000
  0.510715  -0.0000   0.51600000
  0.511618  -0.0000   0.51900000
  0.512304  -0.0000   0.52100000
  0.512991  -0.0000   0.52400000
  0.513676  -0.0000   0.52700000
  0.514362  -0.0000   0.52900000
  0.515388  -0.0000   0.53300000
  0.516925  -0.0000   0.53900000
  0.519225  -0.0000   0.54800000
  0.521834  -0.0000   0.55800000
  0.524437  -0.0000   0.56800000
  0.527036  -0.0000   0.57800000
  0.529631  -0.0000   0.58800000
  0.532177  -0.0000   0.59800000
  0.532656  -0.0000   0.60000000
  0.533135  -0.0000   0.60200000
  0.533615  -0.0000   0.60400000
  0.534333  -0.0000   0.60700000
  0.535410  -0.0000   0.61100000
  0.537021  -0.0000   0.61800000
  0.539388  -0.0000   0.62800000
  0.541749  -0.0000   0.63800000
  0.544106  -0.0000   0.64800000
  0.546460  -0.0000   0.65800000
  0.548809  -0.0000   0.66800000
  0.551156  -0.0000   0.67800000
  0.552226  -0.0000   0.68300000
  0.552866  -0.0000   0.68600000
  0.553494  -0.0000   0.68900000
  0.554122  -0.0000   0.69100000
  0.555063  -0.0000   0.69600000
  0.556002  -0.0000   0.70000000
  0.557409  -0.0000   0.70700000
  0.559514  -0.0000   0.71600000
  0.561661  -0.0000   0.72600000
  0.563804  -0.0000   0.73600000
  0.565944  -0.0000   0.74600000
  0.568080  -0.0000   0.75600000
  0.570214  -0.0000   0.76600000
  0.572345  -0.0000   0.77600000
  0.573065  -0.0000   0.78000000
  0.573742  -0.0000   0.78300000
  0.574419  -0.0000   0.78700000
  0.575095  -0.0000   0.79000000
  0.575771  -0.0000   0.79400000
  0.576784  -0.0000   0.79900000
  0.578300  -0.0000   0.80600000
  0.580259  -0.0000   0.81600000
  0.582216  -0.0000   0.82600000
  0.584169  -0.0000   0.83600000
  0.586120  -0.0000   0.84600000
  0.588067  -0.0000   0.85600000
  0.590013  -0.0000   0.86600000
  0.591956  -0.0000   0.87600000
  0.593869  -0.0000   0.88600000
  0.594376  -0.0000   0.88900000
  0.594884  -0.0000   0.89200000
  0.595391  -0.0000   0.89500000
  0.596151  -0.0000   0.89900000
  0.597290  -0.0000   0.90500000
  0.598996  -0.0000   0.91500000
  0.600787  -0.0000   0.92500000
  0.602576  -0.0000   0.93500000
  0.604363  -0.0000   0.94500000
  0.606147  -0.0000   0.95500000
  0.607929  -0.0000   0.96500000
  0.609709  -0.0000   0.97500000
  0.611487  -0.0000   0.98500000
  0.613263  -0.0000   0.99500000
  0.614152  -0.0000   1.00000000
  0.613760  -0.0000   1.00000000
  0.613760  -0.0000   1.00000000
  0.613760  -0.0000   1.00000000
  0.613760  -0.0000   1.00000000
  0.613760  -0.0000   1.00000000
  0.613760  -0.0000   1.00000000
  0.613760  -0.0000   1.00000000
  0.613760  -0.0000   1.00000000
  0.613760  -0.0000   1.00000000
  0.613759  -0.0000   1.00000000
  0.613758  -0.0000   1.00000000
  0.613756  -0.0000   1.00000000
