  0.000103  -0.0000   0.00000010
  0.000162  -0.0000   0.00000014
  0.000311  -0.0000   0.00000018
  0.001225  -0.0000   0.00000022
  0.006509  -0.0000   0.00000025
  0.006694  -0.0000   0.00000028
  0.006910  -0.0000   0.00000030
  0.007086  -0.0000   0.00000032
  0.007305  -0.0000   0.00000034
  0.007577  -0.0000   0.00000035
  0.007910  -0.0000   0.00000037
  0.008234  -0.0000   0.00000038
  0.008609  -0.0000   0.00000039
  0.009036  -0.0000   0.00000041
  0.009517  -0.0000   0.00000042
  0.010051  -0.0000   0.00000043
  0.010637  -0.0000   0.00000045
  0.011273  -0.0000   0.00000046
  0.011953  -0.0000   0.00000047
  0.012675  -0.0000   0.00000049
  0.013432  -0.0000   0.00000050
  0.014221  -0.0000   0.00000051
  0.015270  -0.0000   0.00000053
  0.016353  -0.0000   0.00000055
  0.017463  -0.0000   0.00000057
  0.018593  -0.0000   0.00000058
  0.018719  -0.0000   0.00000058
  0.018846  -0.0000   0.00000059
  0.018973  -0.0000   0.00000059
  0.019165  -0.0000   0.00000059
  0.019452  -0.0000   0.00000060
  0.019533  -0.0000   0.00000060
  0.019541  -0.0000   0.00000060
  0.019546  -0.0000   0.00000060
  0.019552  -0.0000   0.00000060
  0.019557  -0.0000   0.00000060
  0.019563  -0.0000   0.00000061
  0.019570  -0.0000   0.00000061
  0.019579  -0.0000   0.00000062
  0.019590  -0.0000   0.00000063
  0.019604  -0.0000   0.00000064
  0.019622  -0.0000   0.00000066
  0.019648  -0.0000   0.00000069
  0.019683  -0.0000   0.00000074
  0.019734  -0.0000   0.00000081
  0.019820  -0.0000   0.00000092
  0.020011  -0.0000   0.00000108
  0.020112  -0.0000   0.00000114
  0.020241  -0.0000   0.00000121
  0.020404  -0.0000   0.00000128
  0.020580  -0.0000   0.00000134
  0.020794  -0.0000   0.00000139
  0.021051  -0.0000   0.00000145
  0.021293  -0.0000   0.00000150
  0.021570  -0.0000   0.00000155
  0.021886  -0.0000   0.00000160
  0.022217  -0.0000   0.00000164
  0.022587  -0.0000   0.00000169
  0.022996  -0.0000   0.00000173
  0.023424  -0.0000   0.00000178
  0.023891  -0.0000   0.00000182
  0.024397  -0.0000   0.00000186
  0.024950  -0.0000   0.00000191
  0.025544  -0.0000   0.00000195
  0.026179  -0.0000   0.00000199
  0.026897  -0.0000   0.00000204
  0.027662  -0.0000   0.00000209
  0.028472  -0.0000   0.00000213
  0.029435  -0.0000   0.00000218
  0.030453  -0.0000   0.00000224
  0.031528  -0.0000   0.00000229
  0.032657  -0.0000   0.00000234
  0.033841  -0.0000   0.00000239
  0.035080  -0.0000   0.00000244
  0.035144  -0.0000   0.00000245
  0.035190  -0.0000   0.00000245
  0.035202  -0.0000   0.00000245
  0.035215  -0.0000   0.00000245
  0.035231  -0.0000   0.00000246
  0.035244  -0.0000   0.00000247
  0.035260  -0.0000   0.00000248
  0.035281  -0.0000   0.00000249
  0.035308  -0.0000   0.00000251
  0.035343  -0.0000   0.00000254
  0.035390  -0.0000   0.00000259
  0.035458  -0.0000   0.00000266
  0.035565  -0.0000   0.00000276
  0.035759  -0.0000   0.00000292
  0.035960  -0.0000   0.00000305
  0.036205  -0.0000   0.00000318
  0.036499  -0.0000   0.00000331
  0.036821  -0.0000   0.00000344
  0.037197  -0.0000   0.00000356
  0.037631  -0.0000   0.00000368
  0.038053  -0.0000   0.00000379
  0.038526  -0.0000   0.00000389
  0.039053  -0.0000   0.00000400
  0.039595  -0.0000   0.00000410
  0.040190  -0.0000   0.00000420
  0.040840  -0.0000   0.00000430
  0.041538  -0.0000   0.00000440
  0.042294  -0.0000   0.00000449
  0.043111  -0.0000   0.00000459
  0.044008  -0.0000   0.00000469
  0.044971  -0.0000   0.00000479
  0.046004  -0.0000   0.00000489
  0.047236  -0.0000   0.00000500
  0.048555  -0.0000   0.00000511
  0.049964  -0.0000   0.00000522
  0.051462  -0.0000   0.00000533
  0.051629  -0.0000   0.00000534
  0.051798  -0.0000   0.00000536
  0.051968  -0.0000   0.00000537
  0.052209  -0.0000   0.00000539
  0.052238  -0.0000   0.00000540
  0.052260  -0.0000   0.00000540
  0.052279  -0.0000   0.00000541
  0.052303  -0.0000   0.00000542
  0.052334  -0.0000   0.00000544
  0.052374  -0.0000   0.00000547
  0.052428  -0.0000   0.00000550
  0.052503  -0.0000   0.00000556
  0.052614  -0.0000   0.00000565
  0.052793  -0.0000   0.00000578
  0.053110  -0.0000   0.00000598
  0.053443  -0.0000   0.00000616
  0.053825  -0.0000   0.00000634
  0.054260  -0.0000   0.00000652
  0.054726  -0.0000   0.00000669
  0.055246  -0.0000   0.00000687
  0.055826  -0.0000   0.00000704
  0.056422  -0.0000   0.00000719
  0.057077  -0.0000   0.00000735
  0.057793  -0.0000   0.00000751
  0.058550  -0.0000   0.00000767
  0.059372  -0.0000   0.00000783
  0.060262  -0.0000   0.00000798
  0.061214  -0.0000   0.00000813
  0.062238  -0.0000   0.00000829
  0.063336  -0.0000   0.00000844
  0.064664  -0.0000   0.00000861
  0.066090  -0.0000   0.00000879
  0.067614  -0.0000   0.00000896
  0.069186  -0.0000   0.00000913
  0.069224  -0.0000   0.00000914
  0.069254  -0.0000   0.00000916
  0.069280  -0.0000   0.00000917
  0.069314  -0.0000   0.00000919
  0.069358  -0.0000   0.00000922
  0.069419  -0.0000   0.00000926
  0.069503  -0.0000   0.00000932
  0.069628  -0.0000   0.00000941
  0.069825  -0.0000   0.00000955
  0.070155  -0.0000   0.00000975
  0.070739  -0.0000   0.00001006
  0.071416  -0.0000   0.00001037
  0.072060  -0.0000   0.00001064
  0.072781  -0.0000   0.00001090
  0.073585  -0.0000   0.00001116
  0.074477  -0.0000   0.00001142
  0.075463  -0.0000   0.00001169
  0.076548  -0.0000   0.00001195
  0.077737  -0.0000   0.00001221
  0.078776  -0.0000   0.00001242
  0.079890  -0.0000   0.00001264
  0.081081  -0.0000   0.00001285
  0.082509  -0.0000   0.00001309
  0.084036  -0.0000   0.00001332
  0.085663  -0.0000   0.00001356
  0.085792  -0.0000   0.00001358
  0.085922  -0.0000   0.00001360
  0.086043  -0.0000   0.00001362
  0.086099  -0.0000   0.00001364
  0.086143  -0.0000   0.00001366
  0.086182  -0.0000   0.00001368
  0.086218  -0.0000   0.00001371
  0.086268  -0.0000   0.00001374
  0.086338  -0.0000   0.00001379
  0.086439  -0.0000   0.00001386
  0.086594  -0.0000   0.00001397
  0.086841  -0.0000   0.00001413
  0.087249  -0.0000   0.00001438
  0.087947  -0.0000   0.00001475
  0.088735  -0.0000   0.00001512
  0.089617  -0.0000   0.00001549
  0.090600  -0.0000   0.00001586
  0.091690  -0.0000   0.00001623
  0.092649  -0.0000   0.00001653
  0.093688  -0.0000   0.00001683
  0.094809  -0.0000   0.00001713
  0.096017  -0.0000   0.00001743
  0.097313  -0.0000   0.00001773
  0.098701  -0.0000   0.00001803
  0.100183  -0.0000   0.00001833
  0.101760  -0.0000   0.00001863
  0.102256  -0.0000   0.00001873
  0.102762  -0.0000   0.00001882
  0.102983  -0.0000   0.00001886
  0.103061  -0.0000   0.00001889
  0.103116  -0.0000   0.00001892
  0.103164  -0.0000   0.00001894
  0.103229  -0.0000   0.00001899
  0.103320  -0.0000   0.00001905
  0.103452  -0.0000   0.00001914
  0.103656  -0.0000   0.00001929
  0.103982  -0.0000   0.00001950
  0.104520  -0.0000   0.00001982
  0.105357  -0.0000   0.00002027
  0.106286  -0.0000   0.00002071
  0.107313  -0.0000   0.00002116
  0.108442  -0.0000   0.00002160
  0.109680  -0.0000   0.00002205
  0.110801  -0.0000   0.00002242
  0.112008  -0.0000   0.00002280
  0.113302  -0.0000   0.00002317
  0.114688  -0.0000   0.00002355
  0.116167  -0.0000   0.00002392
  0.117742  -0.0000   0.00002430
  0.119413  -0.0000   0.00002467
  0.119597  -0.0000   0.00002471
  0.119782  -0.0000   0.00002475
  0.119968  -0.0000   0.00002479
  0.120158  -0.0000   0.00002486
  0.120264  -0.0000   0.00002492
  0.120356  -0.0000   0.00002498
  0.120443  -0.0000   0.00002504
  0.120528  -0.0000   0.00002510
  0.120657  -0.0000   0.00002519
  0.120856  -0.0000   0.00002533
  0.121170  -0.0000   0.00002554
  0.121677  -0.0000   0.00002585
  0.122509  -0.0000   0.00002632
  0.123555  -0.0000   0.00002685
  0.124702  -0.0000   0.00002738
  0.125955  -0.0000   0.00002792
  0.127320  -0.0000   0.00002845
  0.128547  -0.0000   0.00002889
  0.129859  -0.0000   0.00002934
  0.131260  -0.0000   0.00002979
  0.132753  -0.0000   0.00003023
  0.134339  -0.0000   0.00003068
  0.136020  -0.0000   0.00003113
  0.136403  -0.0000   0.00003123
  0.136792  -0.0000   0.00003133
  0.137185  -0.0000   0.00003143
  0.137265  -0.0000   0.00003146
  0.137326  -0.0000   0.00003150
  0.137381  -0.0000   0.00003153
  0.137456  -0.0000   0.00003158
  0.137563  -0.0000   0.00003166
  0.137722  -0.0000   0.00003178
  0.137967  -0.0000   0.00003195
  0.138357  -0.0000   0.00003222
  0.138986  -0.0000   0.00003261
  0.139840  -0.0000   0.00003311
  0.140758  -0.0000   0.00003361
  0.142054  -0.0000   0.00003425
  0.143467  -0.0000   0.00003489
  0.144720  -0.0000   0.00003543
  0.146059  -0.0000   0.00003596
  0.147489  -0.0000   0.00003649
  0.149013  -0.0000   0.00003702
  0.150631  -0.0000   0.00003755
  0.152347  -0.0000   0.00003808
  0.154160  -0.0000   0.00003862
  0.154295  -0.0000   0.00003865
  0.154384  -0.0000   0.00003869
  0.154449  -0.0000   0.00003873
  0.154535  -0.0000   0.00003879
  0.154655  -0.0000   0.00003888
  0.154830  -0.0000   0.00003901
  0.155101  -0.0000   0.00003921
  0.155530  -0.0000   0.00003951
  0.156217  -0.0000   0.00003996
  0.156947  -0.0000   0.00004041
  0.157717  -0.0000   0.00004086
  0.158966  -0.0000   0.00004153
  0.160313  -0.0000   0.00004221
  0.161761  -0.0000   0.00004288
  0.163316  -0.0000   0.00004355
  0.164981  -0.0000   0.00004423
  0.166760  -0.0000   0.00004490
  0.168350  -0.0000   0.00004547
  0.170024  -0.0000   0.00004604
  0.170925  -0.0000   0.00004634
  0.171238  -0.0000   0.00004645
  0.171511  -0.0000   0.00004655
  0.171615  -0.0000   0.00004662
  0.171708  -0.0000   0.00004668
  0.171796  -0.0000   0.00004675
  0.171883  -0.0000   0.00004682
  0.172012  -0.0000   0.00004692
  0.172210  -0.0000   0.00004707
  0.172519  -0.0000   0.00004730
  0.173005  -0.0000   0.00004764
  0.173778  -0.0000   0.00004815
  0.174903  -0.0000   0.00004884
  0.176106  -0.0000   0.00004953
  0.177445  -0.0000   0.00005025
  0.178876  -0.0000   0.00005097
  0.180402  -0.0000   0.00005169
  0.182027  -0.0000   0.00005241
  0.183751  -0.0000   0.00005312
  0.185579  -0.0000   0.00005384
  0.187511  -0.0000   0.00005456
  0.187794  -0.0000   0.00005467
  0.188079  -0.0000   0.00005477
  0.188367  -0.0000   0.00005488
  0.188658  -0.0000   0.00005500
  0.188767  -0.0000   0.00005507
  0.188864  -0.0000   0.00005514
  0.188957  -0.0000   0.00005522
  0.189048  -0.0000   0.00005529
  0.189185  -0.0000   0.00005540
  0.189395  -0.0000   0.00005556
  0.189722  -0.0000   0.00005581
  0.190235  -0.0000   0.00005618
  0.191047  -0.0000   0.00005674
  0.192237  -0.0000   0.00005750
  0.193504  -0.0000   0.00005826
  0.194911  -0.0000   0.00005905
  0.196408  -0.0000   0.00005985
  0.197997  -0.0000   0.00006064
  0.199683  -0.0000   0.00006143
  0.201468  -0.0000   0.00006222
  0.203351  -0.0000   0.00006302
  0.205335  -0.0000   0.00006381
  0.205499  -0.0000   0.00006388
  0.205663  -0.0000   0.00006394
  0.205799  -0.0000   0.00006401
  0.205933  -0.0000   0.00006410
  0.206054  -0.0000   0.00006420
  0.206173  -0.0000   0.00006430
  0.206291  -0.0000   0.00006440
  0.206470  -0.0000   0.00006454
  0.206748  -0.0000   0.00006476
  0.207181  -0.0000   0.00006509
  0.207859  -0.0000   0.00006559
  0.208939  -0.0000   0.00006633
  0.210079  -0.0000   0.00006707
  0.211500  -0.0000   0.00006794
  0.213008  -0.0000   0.00006881
  0.214608  -0.0000   0.00006968
  0.216556  -0.0000   0.00007067
  0.218232  -0.0000   0.00007148
  0.219993  -0.0000   0.00007229
  0.221838  -0.0000   0.00007310
  0.222099  -0.0000   0.00007322
  0.222362  -0.0000   0.00007333
  0.222626  -0.0000   0.00007345
  0.222967  -0.0000   0.00007362
  0.223088  -0.0000   0.00007371
  0.223199  -0.0000   0.00007380
  0.223306  -0.0000   0.00007389
  0.223467  -0.0000   0.00007403
  0.223714  -0.0000   0.00007423
  0.224098  -0.0000   0.00007454
  0.224698  -0.0000   0.00007501
  0.225588  -0.0000   0.00007566
  0.226518  -0.0000   0.00007631
  0.228003  -0.0000   0.00007729
  0.229416  -0.0000   0.00007818
  0.230907  -0.0000   0.00007906
  0.232477  -0.0000   0.00007995
  0.234137  -0.0000   0.00008084
  0.235880  -0.0000   0.00008173
  0.237707  -0.0000   0.00008262
  0.239929  -0.0000   0.00008364
  0.240069  -0.0000   0.00008371
  0.240162  -0.0000   0.00008378
  0.240246  -0.0000   0.00008385
  0.240364  -0.0000   0.00008395
  0.240480  -0.0000   0.00008405
  0.240655  -0.0000   0.00008421
  0.240925  -0.0000   0.00008444
  0.241343  -0.0000   0.00008478
  0.241997  -0.0000   0.00008530
  0.242938  -0.0000   0.00008601
  0.243921  -0.0000   0.00008673
  0.245485  -0.0000   0.00008780
  0.246941  -0.0000   0.00008874
  0.248470  -0.0000   0.00008969
  0.250076  -0.0000   0.00009063
  0.251782  -0.0000   0.00009159
  0.253568  -0.0000   0.00009255
  0.255435  -0.0000   0.00009350
  0.256064  -0.0000   0.00009382
  0.256702  -0.0000   0.00009414
  0.257274  -0.0000   0.00009446
  0.257397  -0.0000   0.00009456
  0.257512  -0.0000   0.00009466
  0.257624  -0.0000   0.00009476
  0.257792  -0.0000   0.00009491
  0.258050  -0.0000   0.00009514
  0.258448  -0.0000   0.00009548
  0.259069  -0.0000   0.00009599
  0.259983  -0.0000   0.00009671
  0.260933  -0.0000   0.00009743
  0.262437  -0.0000   0.00009851
  0.264057  -0.0000   0.00009962
  0.265669  -0.0000   0.00010070
  0.267244  -0.0000   0.00010180
  0.269552  -0.0000   0.00010350
  0.271859  -0.0000   0.00010520
  0.274115  -0.0000   0.00010690
  0.274264  -0.0000   0.00010700
  0.274364  -0.0000   0.00010710
  0.274453  -0.0000   0.00010720
  0.274577  -0.0000   0.00010740
  0.274699  -0.0000   0.00010750
  0.274882  -0.0000   0.00010780
  0.275160  -0.0000   0.00010820
  0.275580  -0.0000   0.00010870
  0.276211  -0.0000   0.00010960
  0.277153  -0.0000   0.00011080
  0.278550  -0.0000   0.00011280
  0.280611  -0.0000   0.00011560
  0.282624  -0.0000   0.00011850
  0.284603  -0.0000   0.00012130
  0.286550  -0.0000   0.00012420
  0.289309  -0.0000   0.00012830
  0.289710  -0.0000   0.00012890
  0.290110  -0.0000   0.00012950
  0.290508  -0.0000   0.00013010
  0.291102  -0.0000   0.00013100
  0.291248  -0.0000   0.00013130
  0.291353  -0.0000   0.00013150
  0.291450  -0.0000   0.00013180
  0.291591  -0.0000   0.00013220
  0.291732  -0.0000   0.00013250
  0.291945  -0.0000   0.00013310
  0.292268  -0.0000   0.00013400
  0.292754  -0.0000   0.00013520
  0.293482  -0.0000   0.00013720
  0.294567  -0.0000   0.00014000
  0.296173  -0.0000   0.00014430
  0.298536  -0.0000   0.00015080
  0.300856  -0.0000   0.00015730
  0.303133  -0.0000   0.00016380
  0.305367  -0.0000   0.00017020
  0.307558  -0.0000   0.00017670
  0.307728  -0.0000   0.00017720
  0.307897  -0.0000   0.00017770
  0.308066  -0.0000   0.00017820
  0.308259  -0.0000   0.00017900
  0.308412  -0.0000   0.00017970
  0.308561  -0.0000   0.00018050
  0.308711  -0.0000   0.00018120
  0.308937  -0.0000   0.00018230
  0.309280  -0.0000   0.00018400
  0.309794  -0.0000   0.00018660
  0.310564  -0.0000   0.00019040
  0.311709  -0.0000   0.00019610
  0.313404  -0.0000   0.00020470
  0.315897  -0.0000   0.00021750
  0.318342  -0.0000   0.00023040
  0.320741  -0.0000   0.00024320
  0.323093  -0.0000   0.00025610
  0.323903  -0.0000   0.00026060
  0.324707  -0.0000   0.00026500
  0.324965  -0.0000   0.00026650
  0.325167  -0.0000   0.00026790
  0.325327  -0.0000   0.00026930
  0.325483  -0.0000   0.00027080
  0.325641  -0.0000   0.00027220
  0.325879  -0.0000   0.00027430
  0.326239  -0.0000   0.00027760
  0.326779  -0.0000   0.00028240
  0.327586  -0.0000   0.00028970
  0.328787  -0.0000   0.00030060
  0.330562  -0.0000   0.00031690
  0.332690  -0.0000   0.00033680
  0.334784  -0.0000   0.00035670
  0.336844  -0.0000   0.00037660
  0.339479  -0.0000   0.00040260
  0.342018  -0.0000   0.00042860
  0.342126  -0.0000   0.00043020
  0.342277  -0.0000   0.00043260
  0.342427  -0.0000   0.00043510
  0.342578  -0.0000   0.00043750
  0.342807  -0.0000   0.00044120
  0.343152  -0.0000   0.00044660
  0.343671  -0.0000   0.00045490
  0.344447  -0.0000   0.00046720
  0.345602  -0.0000   0.00048570
  0.347314  -0.0000   0.00051350
  0.349837  -0.0000   0.00055510
  0.352314  -0.0000   0.00059670
  0.354746  -0.0000   0.00063830
  0.357131  -0.0000   0.00068000
  0.357659  -0.0000   0.00068920
  0.358184  -0.0000   0.00069850
  0.358708  -0.0000   0.00070770
  0.358908  -0.0000   0.00071130
  0.359045  -0.0000   0.00071480
  0.359174  -0.0000   0.00071840
  0.359303  -0.0000   0.00072190
  0.359432  -0.0000   0.00072550
  0.359629  -0.0000   0.00073080
  0.359925  -0.0000   0.00073880
  0.360370  -0.0000   0.00075080
  0.361035  -0.0000   0.00076880
  0.362025  -0.0000   0.00079570
  0.363494  -0.0000   0.00083610
  0.365662  -0.0000   0.00089680
  0.367796  -0.0000   0.00095750
  0.369897  -0.0000   0.00101800
  0.371966  -0.0000   0.00107900
  0.374807  -0.0000   0.00116400
  0.375004  -0.0000   0.00117000
  0.375201  -0.0000   0.00117600
  0.375398  -0.0000   0.00118200
  0.375681  -0.0000   0.00119100
  0.375804  -0.0000   0.00119600
  0.375922  -0.0000   0.00120200
  0.376040  -0.0000   0.00120700
  0.376159  -0.0000   0.00121200
  0.376340  -0.0000   0.00122100
  0.376612  -0.0000   0.00123300
  0.377020  -0.0000   0.00125100
  0.377631  -0.0000   0.00127900
  0.378542  -0.0000   0.00132000
  0.379894  -0.0000   0.00138200
  0.381892  -0.0000   0.00147600
  0.384588  -0.0000   0.00160400
  0.387232  -0.0000   0.00173200
  0.389826  -0.0000   0.00186000
  0.392366  -0.0000   0.00198800
  0.392531  -0.0000   0.00199600
  0.392665  -0.0000   0.00200500
  0.392776  -0.0000   0.00201300
  0.392942  -0.0000   0.00202500
  0.393193  -0.0000   0.00204400
  0.393446  -0.0000   0.00206300
  0.393826  -0.0000   0.00209100
  0.394395  -0.0000   0.00213300
  0.395244  -0.0000   0.00219600
  0.396505  -0.0000   0.00229000
  0.398370  -0.0000   0.00243200
  0.400678  -0.0000   0.00261000
  0.402950  -0.0000   0.00278900
  0.405185  -0.0000   0.00296700
  0.407382  -0.0000   0.00314500
  0.407905  -0.0000   0.00318800
  0.408426  -0.0000   0.00323100
  0.408945  -0.0000   0.00327300
  0.409378  -0.0000   0.00330900
  0.409540  -0.0000   0.00332500
  0.409676  -0.0000   0.00334100
  0.409811  -0.0000   0.00335800
  0.410017  -0.0000   0.00338200
  0.410328  -0.0000   0.00341900
  0.410794  -0.0000   0.00347400
  0.411492  -0.0000   0.00355600
  0.412530  -0.0000   0.00368000
  0.414069  -0.0000   0.00386600
  0.416340  -0.0000   0.00414400
  0.418576  -0.0000   0.00442300
  0.420777  -0.0000   0.00470100
  0.422944  -0.0000   0.00498000
  0.425648  -0.0000   0.00533500
  0.425843  -0.0000   0.00536000
  0.426037  -0.0000   0.00538600
  0.426230  -0.0000   0.00541100
  0.426465  -0.0000   0.00545000
  0.426667  -0.0000   0.00548800
  0.426872  -0.0000   0.00552600
  0.427078  -0.0000   0.00556500
  0.427389  -0.0000   0.00562200
  0.427854  -0.0000   0.00570800
  0.428548  -0.0000   0.00583700
  0.429582  -0.0000   0.00603100
  0.431114  -0.0000   0.00632200
  0.433376  -0.0000   0.00675800
  0.435604  -0.0000   0.00719500
  0.437798  -0.0000   0.00763100
  0.439957  -0.0000   0.00806700
  0.442656  -0.0000   0.00862300
  0.442843  -0.0000   0.00866200
  0.443029  -0.0000   0.00870100
  0.443215  -0.0000   0.00873900
  0.443353  -0.0000   0.00877700
  0.443484  -0.0000   0.00881500
  0.443615  -0.0000   0.00885400
  0.443748  -0.0000   0.00889200
  0.443949  -0.0000   0.00894900
  0.444250  -0.0000   0.00903500
  0.444701  -0.0000   0.00916400
  0.445373  -0.0000   0.00935700
  0.446375  -0.0000   0.00964700
  0.447861  -0.0000   0.01008000
  0.450055  -0.0000   0.01073000
  0.452217  -0.0000   0.01139000
  0.454348  -0.0000   0.01204000
  0.456447  -0.0000   0.01269000
  0.459180  -0.0000   0.01356000
  0.459397  -0.0000   0.01363000
  0.459613  -0.0000   0.01370000
  0.459829  -0.0000   0.01376000
  0.460138  -0.0000   0.01387000
  0.460226  -0.0000   0.01391000
  0.460357  -0.0000   0.01396000
  0.460556  -0.0000   0.01405000
  0.460756  -0.0000   0.01414000
  0.461058  -0.0000   0.01427000
  0.461509  -0.0000   0.01446000
  0.462183  -0.0000   0.01476000
  0.463186  -0.0000   0.01520000
  0.464675  -0.0000   0.01586000
  0.466873  -0.0000   0.01685000
  0.469426  -0.0000   0.01803000
  0.471935  -0.0000   0.01920000
  0.474400  -0.0000   0.02037000
  0.476821  -0.0000   0.02154000
  0.476990  -0.0000   0.02162000
  0.477118  -0.0000   0.02171000
  0.477242  -0.0000   0.02179000
  0.477430  -0.0000   0.02191000
  0.477619  -0.0000   0.02203000
  0.477903  -0.0000   0.02222000
  0.478330  -0.0000   0.02249000
  0.478966  -0.0000   0.02291000
  0.479914  -0.0000   0.02353000
  0.481320  -0.0000   0.02447000
  0.483400  -0.0000   0.02587000
  0.485929  -0.0000   0.02760000
  0.488417  -0.0000   0.02933000
  0.490862  -0.0000   0.03106000
  0.493265  -0.0000   0.03280000
  0.493463  -0.0000   0.03294000
  0.493661  -0.0000   0.03308000
  0.493859  -0.0000   0.03322000
  0.493993  -0.0000   0.03335000
  0.494124  -0.0000   0.03348000
  0.494257  -0.0000   0.03361000
  0.494391  -0.0000   0.03374000
  0.494593  -0.0000   0.03393000
  0.494895  -0.0000   0.03422000
  0.495347  -0.0000   0.03465000
  0.496021  -0.0000   0.03530000
  0.497025  -0.0000   0.03628000
  0.498515  -0.0000   0.03774000
  0.500715  -0.0000   0.03993000
  0.502885  -0.0000   0.04212000
  0.505023  -0.0000   0.04432000
  0.507130  -0.0000   0.04651000
  0.509820  -0.0000   0.04936000
  0.510043  -0.0000   0.04960000
  0.510266  -0.0000   0.04984000
  0.510489  -0.0000   0.05007000
  0.510801  -0.0000   0.05043000
  0.510895  -0.0000   0.05056000
  0.511037  -0.0000   0.05076000
  0.511251  -0.0000   0.05106000
  0.511467  -0.0000   0.05137000
  0.511791  -0.0000   0.05182000
  0.512275  -0.0000   0.05249000
  0.512997  -0.0000   0.05351000
  0.514071  -0.0000   0.05503000
  0.515665  -0.0000   0.05731000
  0.518017  -0.0000   0.06073000
  0.520334  -0.0000   0.06415000
  0.522615  -0.0000   0.06758000
  0.524862  -0.0000   0.07100000
  0.527072  -0.0000   0.07442000
  0.527261  -0.0000   0.07472000
  0.527450  -0.0000   0.07501000
  0.527639  -0.0000   0.07530000
  0.527781  -0.0000   0.07559000
  0.527922  -0.0000   0.07587000
  0.528064  -0.0000   0.07616000
  0.528206  -0.0000   0.07645000
  0.528421  -0.0000   0.07687000
  0.528742  -0.0000   0.07752000
  0.529222  -0.0000   0.07848000
  0.529938  -0.0000   0.07993000
  0.531004  -0.0000   0.08210000
  0.532584  -0.0000   0.08535000
  0.534917  -0.0000   0.09023000
  0.537216  -0.0000   0.09512000
  0.539480  -0.0000   0.10000000
  0.541710  -0.0000   0.10500000
  0.543904  -0.0000   0.11000000
  0.544096  -0.0000   0.11000000
  0.544287  -0.0000   0.11100000
  0.544479  -0.0000   0.11100000
  0.544641  -0.0000   0.11100000
  0.544796  -0.0000   0.11200000
  0.544954  -0.0000   0.11200000
  0.545111  -0.0000   0.11300000
  0.545348  -0.0000   0.11400000
  0.545703  -0.0000   0.11500000
  0.546233  -0.0000   0.11600000
  0.547023  -0.0000   0.11800000
  0.548198  -0.0000   0.12200000
  0.549938  -0.0000   0.12700000
  0.552029  -0.0000   0.13300000
  0.554092  -0.0000   0.13900000
  0.556128  -0.0000   0.14600000
  0.558680  -0.0000   0.15300000
  0.561186  -0.0000   0.16100000
  0.561418  -0.0000   0.16200000
  0.561561  -0.0000   0.16300000
  0.561705  -0.0000   0.16300000
  0.561849  -0.0000   0.16400000
  0.561995  -0.0000   0.16400000
  0.562213  -0.0000   0.16500000
  0.562540  -0.0000   0.16700000
  0.563028  -0.0000   0.16900000
  0.563756  -0.0000   0.17200000
  0.564840  -0.0000   0.17600000
  0.566446  -0.0000   0.18300000
  0.568818  -0.0000   0.19300000
  0.571155  -0.0000   0.20300000
  0.573457  -0.0000   0.21200000
  0.575723  -0.0000   0.22200000
  0.577954  -0.0000   0.23200000
  0.578143  -0.0000   0.23300000
  0.578327  -0.0000   0.23400000
  0.578475  -0.0000   0.23500000
  0.578624  -0.0000   0.23600000
  0.578775  -0.0000   0.23700000
  0.578926  -0.0000   0.23700000
  0.579152  -0.0000   0.23900000
  0.579491  -0.0000   0.24100000
  0.579998  -0.0000   0.24300000
  0.580753  -0.0000   0.24800000
  0.581876  -0.0000   0.25400000
  0.583542  -0.0000   0.26400000
  0.585260  -0.0000   0.27400000
  0.586960  -0.0000   0.28400000
  0.588641  -0.0000   0.29400000
  0.590304  -0.0000   0.30400000
  0.591948  -0.0000   0.31400000
  0.593574  -0.0000   0.32400000
  0.595182  -0.0000   0.33400000
  0.595332  -0.0000   0.33500000
  0.595480  -0.0000   0.33600000
  0.595629  -0.0000   0.33700000
  0.595779  -0.0000   0.33800000
  0.596003  -0.0000   0.34000000
  0.596339  -0.0000   0.34200000
  0.596841  -0.0000   0.34600000
  0.597590  -0.0000   0.35200000
  0.598703  -0.0000   0.36100000
  0.599967  -0.0000   0.37100000
  0.601220  -0.0000   0.38100000
  0.602464  -0.0000   0.39100000
  0.603697  -0.0000   0.40100000
  0.604921  -0.0000   0.41100000
  0.606135  -0.0000   0.42100000
  0.607339  -0.0000   0.43100000
  0.608534  -0.0000   0.44100000
  0.609719  -0.0000   0.45100000
  0.610895  -0.0000   0.46100000
  0.612061  -0.0000   0.47100000
  0.612203  -0.0000   0.47200000
  0.612345  -0.0000   0.47400000
  0.612487  -0.0000   0.47500000
  0.612702  -0.0000   0.47800000
  0.613024  -0.0000   0.48100000
  0.613504  -0.0000   0.48600000
  0.614221  -0.0000   0.49400000
  0.615157  -0.0000   0.50400000
  0.616086  -0.0000   0.51400000
  0.617010  -0.0000   0.52400000
  0.617928  -0.0000   0.53400000
  0.618840  -0.0000   0.54400000
  0.619747  -0.0000   0.55400000
  0.620649  -0.0000   0.56400000
  0.621545  -0.0000   0.57400000
  0.622437  -0.0000   0.58400000
  0.623323  -0.0000   0.59400000
  0.624204  -0.0000   0.60400000
  0.625080  -0.0000   0.61400000
  0.625950  -0.0000   0.62400000
  0.626816  -0.0000   0.63400000
  0.627677  -0.0000   0.64400000
  0.628532  -0.0000   0.65400000
  0.628842  -0.0000   0.65700000
  0.629110  -0.0000   0.66100000
  0.629363  -0.0000   0.66500000
  0.629618  -0.0000   0.66800000
  0.629873  -0.0000   0.67200000
  0.630127  -0.0000   0.67500000
  0.630508  -0.0000   0.68100000
  0.631076  -0.0000   0.68900000
  0.631767  -0.0000   0.69900000
  0.632455  -0.0000   0.70900000
  0.633140  -0.0000   0.71900000
  0.633822  -0.0000   0.72900000
  0.634500  -0.0000   0.73900000
  0.635175  -0.0000   0.74900000
  0.635847  -0.0000   0.75900000
  0.636517  -0.0000   0.76900000
  0.637183  -0.0000   0.77900000
  0.637847  -0.0000   0.78900000
  0.638508  -0.0000   0.79900000
  0.639166  -0.0000   0.80900000
  0.639821  -0.0000   0.81900000
  0.640474  -0.0000   0.82900000
  0.641124  -0.0000   0.83900000
  0.641771  -0.0000   0.84900000
  0.642415  -0.0000   0.85900000
  0.643056  -0.0000   0.86900000
  0.643695  -0.0000   0.87900000
  0.644331  -0.0000   0.88900000
  0.644963  -0.0000   0.89900000
  0.645594  -0.0000   0.90900000
  0.645871  -0.0000   0.91400000
  0.645928  -0.0000   0.91500000
  0.645984  -0.0000   0.91600000
  0.646070  -0.0000   0.91700000
  0.646199  -0.0000   0.92000000
  0.646394  -0.0000   0.92400000
  0.646686  -0.0000   0.92900000
  0.647123  -0.0000   0.93800000
  0.647641  -0.0000   0.94800000
  0.648157  -0.0000   0.95800000
  0.648671  -0.0000   0.96800000
  0.649183  -0.0000   0.97800000
  0.649694  -0.0000   0.98800000
  0.650202  -0.0000   0.99800000
  0.650325  -0.0000   1.00000000
  0.649355  -0.0000   1.00000000
  0.649355  -0.0000   1.00000000
  0.649355  -0.0000   1.00000000
  0.649355  -0.0000   1.00000000
  0.649355  -0.0000   1.00000000
  0.649355  -0.0000   1.00000000
  0.649355  -0.0000   1.00000000
  0.649355  -0.0000   1.00000000
  0.649354  -0.0000   1.00000000
  0.649353  -0.0000   1.00000000
  0.649351  -0.0000   1.00000000
  0.649348  -0.0000   1.00000000
  0.649344  -0.0000   1.00000000
  0.649342  -0.0000   1.00000000
