  0.000171  -0.0000   0.00000010
  0.000376  -0.0000   0.00000020
  0.001034  -0.0000   0.00000030
  0.004769  -0.0000   0.00000036
  0.006772  -0.0000   0.00000038
  0.006841  -0.0000   0.00000040
  0.006910  -0.0000   0.00000042
  0.007025  -0.0000   0.00000046
  0.007225  -0.0000   0.00000051
  0.007488  -0.0000   0.00000057
  0.007794  -0.0000   0.00000063
  0.008150  -0.0000   0.00000069
  0.008506  -0.0000   0.00000074
  0.008912  -0.0000   0.00000079
  0.009375  -0.0000   0.00000085
  0.009906  -0.0000   0.00000090
  0.010358  -0.0000   0.00000094
  0.010859  -0.0000   0.00000098
  0.011412  -0.0000   0.00000102
  0.012020  -0.0000   0.00000106
  0.012686  -0.0000   0.00000110
  0.013412  -0.0000   0.00000114
  0.014197  -0.0000   0.00000118
  0.015042  -0.0000   0.00000122
  0.015946  -0.0000   0.00000126
  0.016907  -0.0000   0.00000130
  0.017925  -0.0000   0.00000135
  0.018997  -0.0000   0.00000139
  0.020120  -0.0000   0.00000143
  0.020174  -0.0000   0.00000143
  0.020189  -0.0000   0.00000143
  0.020204  -0.0000   0.00000144
  0.020223  -0.0000   0.00000144
  0.020248  -0.0000   0.00000145
  0.020280  -0.0000   0.00000146
  0.020321  -0.0000   0.00000148
  0.020357  -0.0000   0.00000150
  0.020390  -0.0000   0.00000152
  0.020435  -0.0000   0.00000155
  0.020497  -0.0000   0.00000159
  0.020579  -0.0000   0.00000165
  0.020656  -0.0000   0.00000171
  0.020765  -0.0000   0.00000180
  0.020873  -0.0000   0.00000189
  0.021035  -0.0000   0.00000202
  0.021290  -0.0000   0.00000222
  0.021731  -0.0000   0.00000253
  0.021919  -0.0000   0.00000265
  0.022124  -0.0000   0.00000277
  0.022350  -0.0000   0.00000288
  0.022742  -0.0000   0.00000306
  0.023054  -0.0000   0.00000319
  0.023402  -0.0000   0.00000332
  0.023788  -0.0000   0.00000345
  0.024247  -0.0000   0.00000358
  0.024757  -0.0000   0.00000372
  0.025323  -0.0000   0.00000385
  0.025863  -0.0000   0.00000397
  0.026449  -0.0000   0.00000409
  0.027085  -0.0000   0.00000421
  0.027721  -0.0000   0.00000432
  0.028403  -0.0000   0.00000443
  0.029131  -0.0000   0.00000454
  0.029883  -0.0000   0.00000465
  0.030680  -0.0000   0.00000476
  0.031523  -0.0000   0.00000486
  0.032534  -0.0000   0.00000498
  0.033605  -0.0000   0.00000511
  0.034559  -0.0000   0.00000521
  0.035556  -0.0000   0.00000531
  0.036598  -0.0000   0.00000541
  0.036764  -0.0000   0.00000543
  0.036931  -0.0000   0.00000545
  0.037098  -0.0000   0.00000546
  0.037222  -0.0000   0.00000548
  0.037273  -0.0000   0.00000550
  0.037319  -0.0000   0.00000552
  0.037359  -0.0000   0.00000554
  0.037397  -0.0000   0.00000556
  0.037449  -0.0000   0.00000559
  0.037519  -0.0000   0.00000564
  0.037614  -0.0000   0.00000570
  0.037745  -0.0000   0.00000580
  0.037927  -0.0000   0.00000595
  0.038175  -0.0000   0.00000617
  0.038425  -0.0000   0.00000638
  0.038829  -0.0000   0.00000669
  0.039238  -0.0000   0.00000698
  0.039696  -0.0000   0.00000727
  0.040213  -0.0000   0.00000756
  0.040735  -0.0000   0.00000783
  0.041315  -0.0000   0.00000809
  0.041955  -0.0000   0.00000835
  0.042715  -0.0000   0.00000863
  0.043552  -0.0000   0.00000892
  0.044472  -0.0000   0.00000920
  0.045478  -0.0000   0.00000948
  0.046573  -0.0000   0.00000976
  0.047761  -0.0000   0.00001004
  0.049046  -0.0000   0.00001033
  0.050193  -0.0000   0.00001056
  0.051411  -0.0000   0.00001080
  0.052702  -0.0000   0.00001104
  0.054065  -0.0000   0.00001127
  0.055354  -0.0000   0.00001151
  0.055411  -0.0000   0.00001153
  0.055462  -0.0000   0.00001156
  0.055510  -0.0000   0.00001158
  0.055575  -0.0000   0.00001162
  0.055664  -0.0000   0.00001167
  0.055785  -0.0000   0.00001175
  0.055951  -0.0000   0.00001187
  0.056182  -0.0000   0.00001206
  0.056517  -0.0000   0.00001233
  0.057036  -0.0000   0.00001275
  0.057490  -0.0000   0.00001309
  0.057981  -0.0000   0.00001342
  0.058516  -0.0000   0.00001376
  0.059170  -0.0000   0.00001414
  0.059887  -0.0000   0.00001452
  0.060668  -0.0000   0.00001489
  0.061607  -0.0000   0.00001531
  0.062631  -0.0000   0.00001572
  0.063742  -0.0000   0.00001614
  0.064944  -0.0000   0.00001655
  0.066240  -0.0000   0.00001696
  0.067633  -0.0000   0.00001738
  0.069125  -0.0000   0.00001779
  0.070718  -0.0000   0.00001821
  0.072413  -0.0000   0.00001862
  0.072689  -0.0000   0.00001869
  0.072968  -0.0000   0.00001875
  0.073249  -0.0000   0.00001882
  0.073383  -0.0000   0.00001888
  0.073482  -0.0000   0.00001893
  0.073571  -0.0000   0.00001899
  0.073693  -0.0000   0.00001907
  0.073860  -0.0000   0.00001919
  0.074091  -0.0000   0.00001938
  0.074420  -0.0000   0.00001965
  0.074915  -0.0000   0.00002007
  0.075521  -0.0000   0.00002055
  0.076176  -0.0000   0.00002103
  0.076887  -0.0000   0.00002152
  0.077761  -0.0000   0.00002206
  0.078714  -0.0000   0.00002260
  0.079749  -0.0000   0.00002314
  0.080866  -0.0000   0.00002368
  0.082303  -0.0000   0.00002432
  0.083557  -0.0000   0.00002484
  0.084896  -0.0000   0.00002537
  0.086320  -0.0000   0.00002589
  0.088010  -0.0000   0.00002647
  0.089809  -0.0000   0.00002705
  0.090490  -0.0000   0.00002726
  0.091187  -0.0000   0.00002748
  0.091308  -0.0000   0.00002754
  0.091406  -0.0000   0.00002760
  0.091496  -0.0000   0.00002766
  0.091622  -0.0000   0.00002775
  0.091796  -0.0000   0.00002789
  0.092039  -0.0000   0.00002809
  0.092388  -0.0000   0.00002840
  0.092914  -0.0000   0.00002886
  0.093539  -0.0000   0.00002939
  0.094204  -0.0000   0.00002991
  0.094916  -0.0000   0.00003043
  0.095851  -0.0000   0.00003107
  0.096857  -0.0000   0.00003171
  0.098119  -0.0000   0.00003245
  0.099480  -0.0000   0.00003318
  0.100944  -0.0000   0.00003392
  0.102513  -0.0000   0.00003466
  0.104189  -0.0000   0.00003539
  0.105974  -0.0000   0.00003613
  0.107870  -0.0000   0.00003687
  0.108521  -0.0000   0.00003711
  0.109184  -0.0000   0.00003736
  0.109386  -0.0000   0.00003746
  0.109524  -0.0000   0.00003755
  0.109651  -0.0000   0.00003765
  0.109828  -0.0000   0.00003779
  0.109995  -0.0000   0.00003793
  0.110233  -0.0000   0.00003814
  0.110581  -0.0000   0.00003846
  0.111105  -0.0000   0.00003894
  0.111783  -0.0000   0.00003953
  0.112501  -0.0000   0.00004012
  0.113261  -0.0000   0.00004071
  0.114232  -0.0000   0.00004142
  0.115265  -0.0000   0.00004212
  0.116723  -0.0000   0.00004305
  0.118290  -0.0000   0.00004397
  0.119969  -0.0000   0.00004489
  0.121762  -0.0000   0.00004581
  0.123672  -0.0000   0.00004673
  0.125699  -0.0000   0.00004766
  0.126613  -0.0000   0.00004806
  0.127459  -0.0000   0.00004847
  0.127599  -0.0000   0.00004857
  0.127729  -0.0000   0.00004867
  0.127853  -0.0000   0.00004878
  0.128028  -0.0000   0.00004893
  0.128278  -0.0000   0.00004916
  0.128642  -0.0000   0.00004951
  0.129189  -0.0000   0.00005003
  0.129863  -0.0000   0.00005065
  0.130571  -0.0000   0.00005127
  0.131314  -0.0000   0.00005188
  0.132311  -0.0000   0.00005267
  0.133366  -0.0000   0.00005345
  0.134902  -0.0000   0.00005451
  0.136545  -0.0000   0.00005557
  0.138297  -0.0000   0.00005663
  0.140157  -0.0000   0.00005769
  0.142129  -0.0000   0.00005875
  0.144213  -0.0000   0.00005981
  0.144596  -0.0000   0.00006000
  0.144984  -0.0000   0.00006019
  0.145374  -0.0000   0.00006039
  0.145554  -0.0000   0.00006051
  0.145707  -0.0000   0.00006064
  0.145851  -0.0000   0.00006077
  0.146055  -0.0000   0.00006095
  0.146346  -0.0000   0.00006124
  0.146772  -0.0000   0.00006166
  0.147419  -0.0000   0.00006230
  0.148050  -0.0000   0.00006290
  0.148706  -0.0000   0.00006350
  0.149388  -0.0000   0.00006410
  0.150472  -0.0000   0.00006501
  0.151614  -0.0000   0.00006591
  0.153313  -0.0000   0.00006716
  0.155126  -0.0000   0.00006841
  0.157053  -0.0000   0.00006967
  0.159096  -0.0000   0.00007092
  0.161255  -0.0000   0.00007217
  0.163493  -0.0000   0.00007343
  0.163615  -0.0000   0.00007353
  0.163731  -0.0000   0.00007363
  0.163841  -0.0000   0.00007373
  0.164000  -0.0000   0.00007388
  0.164226  -0.0000   0.00007410
  0.164554  -0.0000   0.00007444
  0.165040  -0.0000   0.00007494
  0.165787  -0.0000   0.00007570
  0.166565  -0.0000   0.00007646
  0.167376  -0.0000   0.00007722
  0.168222  -0.0000   0.00007798
  0.169103  -0.0000   0.00007874
  0.170498  -0.0000   0.00007988
  0.172164  -0.0000   0.00008116
  0.173925  -0.0000   0.00008245
  0.175780  -0.0000   0.00008373
  0.178020  -0.0000   0.00008519
  0.180385  -0.0000   0.00008666
  0.180713  -0.0000   0.00008686
  0.181043  -0.0000   0.00008706
  0.181376  -0.0000   0.00008726
  0.181668  -0.0000   0.00008748
  0.181903  -0.0000   0.00008771
  0.182124  -0.0000   0.00008793
  0.182441  -0.0000   0.00008826
  0.182751  -0.0000   0.00008859
  0.183214  -0.0000   0.00008909
  0.183925  -0.0000   0.00008984
  0.184662  -0.0000   0.00009059
  0.185425  -0.0000   0.00009133
  0.186215  -0.0000   0.00009208
  0.187460  -0.0000   0.00009320
  0.188763  -0.0000   0.00009432
  0.190847  -0.0000   0.00009601
  0.193059  -0.0000   0.00009769
  0.195401  -0.0000   0.00009937
  0.197701  -0.0000   0.00010110
  0.198340  -0.0000   0.00010150
  0.198975  -0.0000   0.00010200
  0.199537  -0.0000   0.00010250
  0.199744  -0.0000   0.00010270
  0.199939  -0.0000   0.00010300
  0.200124  -0.0000   0.00010320
  0.200390  -0.0000   0.00010360
  0.200774  -0.0000   0.00010410
  0.201340  -0.0000   0.00010490
  0.202185  -0.0000   0.00010610
  0.203033  -0.0000   0.00010730
  0.203883  -0.0000   0.00010860
  0.204734  -0.0000   0.00010980
  0.206007  -0.0000   0.00011160
  0.207905  -0.0000   0.00011430
  0.210720  -0.0000   0.00011840
  0.214046  -0.0000   0.00012340
  0.215200  -0.0000   0.00012510
  0.216347  -0.0000   0.00012680
  0.216723  -0.0000   0.00012740
  0.217045  -0.0000   0.00012790
  0.217291  -0.0000   0.00012850
  0.217522  -0.0000   0.00012910
  0.217743  -0.0000   0.00012960
  0.217958  -0.0000   0.00013020
  0.218275  -0.0000   0.00013110
  0.218748  -0.0000   0.00013230
  0.219457  -0.0000   0.00013420
  0.220417  -0.0000   0.00013680
  0.221380  -0.0000   0.00013940
  0.222344  -0.0000   0.00014200
  0.223788  -0.0000   0.00014580
  0.225940  -0.0000   0.00015160
  0.229129  -0.0000   0.00016030
  0.232285  -0.0000   0.00016900
  0.232719  -0.0000   0.00017020
  0.233152  -0.0000   0.00017140
  0.233584  -0.0000   0.00017260
  0.234230  -0.0000   0.00017440
  0.234416  -0.0000   0.00017500
  0.234570  -0.0000   0.00017560
  0.234717  -0.0000   0.00017630
  0.234926  -0.0000   0.00017720
  0.235227  -0.0000   0.00017860
  0.235671  -0.0000   0.00018070
  0.236335  -0.0000   0.00018390
  0.237003  -0.0000   0.00018710
  0.237674  -0.0000   0.00019030
  0.238347  -0.0000   0.00019340
  0.239357  -0.0000   0.00019820
  0.240870  -0.0000   0.00020530
  0.243125  -0.0000   0.00021600
  0.246469  -0.0000   0.00023210
  0.249568  -0.0000   0.00024720
  0.250067  -0.0000   0.00024960
  0.250564  -0.0000   0.00025200
  0.251059  -0.0000   0.00025450
  0.251765  -0.0000   0.00025810
  0.251928  -0.0000   0.00025920
  0.252082  -0.0000   0.00026040
  0.252230  -0.0000   0.00026150
  0.252445  -0.0000   0.00026320
  0.252760  -0.0000   0.00026570
  0.253230  -0.0000   0.00026950
  0.253939  -0.0000   0.00027530
  0.254652  -0.0000   0.00028100
  0.255368  -0.0000   0.00028670
  0.256443  -0.0000   0.00029530
  0.258054  -0.0000   0.00030820
  0.260457  -0.0000   0.00032750
  0.264018  -0.0000   0.00035640
  0.267531  -0.0000   0.00038540
  0.267819  -0.0000   0.00038780
  0.268107  -0.0000   0.00039010
  0.268394  -0.0000   0.00039250
  0.268825  -0.0000   0.00039610
  0.269131  -0.0000   0.00039890
  0.269364  -0.0000   0.00040170
  0.269584  -0.0000   0.00040440
  0.269798  -0.0000   0.00040720
  0.270009  -0.0000   0.00041000
  0.270324  -0.0000   0.00041420
  0.270797  -0.0000   0.00042040
  0.271513  -0.0000   0.00042980
  0.272478  -0.0000   0.00044240
  0.273444  -0.0000   0.00045500
  0.274893  -0.0000   0.00047380
  0.277056  -0.0000   0.00050210
  0.280269  -0.0000   0.00054460
  0.283598  -0.0000   0.00058910
  0.284597  -0.0000   0.00060260
  0.285592  -0.0000   0.00061600
  0.286518  -0.0000   0.00062940
  0.286698  -0.0000   0.00063280
  0.286870  -0.0000   0.00063630
  0.287037  -0.0000   0.00063970
  0.287282  -0.0000   0.00064480
  0.287649  -0.0000   0.00065250
  0.288202  -0.0000   0.00066400
  0.289031  -0.0000   0.00068120
  0.289864  -0.0000   0.00069840
  0.290697  -0.0000   0.00071560
  0.291947  -0.0000   0.00074130
  0.293816  -0.0000   0.00078000
  0.296597  -0.0000   0.00083790
  0.300711  -0.0000   0.00092480
  0.301341  -0.0000   0.00093820
  0.301969  -0.0000   0.00095150
  0.302595  -0.0000   0.00096490
  0.303531  -0.0000   0.00098490
  0.303762  -0.0000   0.00098980
  0.303938  -0.0000   0.00099470
  0.304100  -0.0000   0.00099970
  0.304334  -0.0000   0.00100700
  0.304564  -0.0000   0.00101400
  0.304908  -0.0000   0.00102600
  0.305427  -0.0000   0.00104200
  0.306212  -0.0000   0.00106700
  0.307000  -0.0000   0.00109200
  0.307789  -0.0000   0.00111700
  0.308971  -0.0000   0.00115500
  0.310739  -0.0000   0.00121100
  0.313371  -0.0000   0.00129500
  0.317272  -0.0000   0.00142100
  0.321112  -0.0000   0.00154800
  0.321262  -0.0000   0.00155400
  0.321403  -0.0000   0.00156100
  0.321540  -0.0000   0.00156700
  0.321742  -0.0000   0.00157700
  0.322043  -0.0000   0.00159200
  0.322495  -0.0000   0.00161400
  0.323180  -0.0000   0.00164700
  0.323868  -0.0000   0.00168000
  0.324558  -0.0000   0.00171200
  0.325594  -0.0000   0.00176200
  0.327147  -0.0000   0.00183600
  0.329465  -0.0000   0.00194700
  0.332911  -0.0000   0.00211400
  0.336043  -0.0000   0.00226700
  0.336880  -0.0000   0.00230800
  0.337714  -0.0000   0.00234900
  0.338543  -0.0000   0.00239000
  0.338726  -0.0000   0.00240200
  0.338899  -0.0000   0.00241400
  0.339068  -0.0000   0.00242600
  0.339320  -0.0000   0.00244400
  0.339698  -0.0000   0.00247000
  0.340271  -0.0000   0.00251100
  0.341082  -0.0000   0.00256800
  0.341896  -0.0000   0.00262400
  0.343117  -0.0000   0.00271000
  0.344943  -0.0000   0.00283700
  0.347666  -0.0000   0.00302900
  0.351702  -0.0000   0.00331700
  0.355685  -0.0000   0.00360400
  0.355854  -0.0000   0.00361800
  0.355998  -0.0000   0.00363200
  0.356137  -0.0000   0.00364600
  0.356342  -0.0000   0.00366700
  0.356648  -0.0000   0.00369800
  0.357111  -0.0000   0.00374500
  0.357809  -0.0000   0.00381600
  0.358510  -0.0000   0.00388700
  0.359213  -0.0000   0.00395700
  0.360265  -0.0000   0.00406300
  0.361840  -0.0000   0.00422200
  0.364189  -0.0000   0.00446000
  0.367679  -0.0000   0.00481700
  0.370983  -0.0000   0.00515800
  0.371527  -0.0000   0.00521500
  0.372070  -0.0000   0.00527100
  0.372613  -0.0000   0.00532800
  0.373369  -0.0000   0.00541200
  0.373575  -0.0000   0.00544100
  0.373776  -0.0000   0.00547000
  0.373975  -0.0000   0.00549900
  0.374275  -0.0000   0.00554200
  0.374727  -0.0000   0.00560700
  0.375410  -0.0000   0.00570500
  0.376437  -0.0000   0.00585100
  0.377464  -0.0000   0.00599700
  0.379001  -0.0000   0.00621700
  0.381296  -0.0000   0.00654600
  0.384706  -0.0000   0.00703900
  0.387882  -0.0000   0.00750300
  0.389264  -0.0000   0.00770600
  0.390639  -0.0000   0.00790900
  0.390806  -0.0000   0.00794000
  0.390961  -0.0000   0.00797000
  0.391113  -0.0000   0.00800100
  0.391340  -0.0000   0.00804700
  0.391683  -0.0000   0.00811600
  0.392201  -0.0000   0.00821900
  0.392982  -0.0000   0.00837400
  0.393764  -0.0000   0.00852900
  0.394936  -0.0000   0.00876100
  0.396690  -0.0000   0.00911000
  0.399304  -0.0000   0.00963300
  0.403185  -0.0000   0.01042000
  0.407019  -0.0000   0.01120000
  0.407266  -0.0000   0.01125000
  0.407513  -0.0000   0.01130000
  0.407759  -0.0000   0.01135000
  0.408106  -0.0000   0.01143000
  0.408324  -0.0000   0.01149000
  0.408538  -0.0000   0.01155000
  0.408750  -0.0000   0.01161000
  0.409072  -0.0000   0.01169000
  0.409557  -0.0000   0.01183000
  0.410287  -0.0000   0.01203000
  0.411385  -0.0000   0.01232000
  0.413029  -0.0000   0.01277000
  0.415482  -0.0000   0.01344000
  0.419128  -0.0000   0.01445000
  0.422737  -0.0000   0.01546000
  0.423459  -0.0000   0.01566000
  0.424179  -0.0000   0.01586000
  0.424897  -0.0000   0.01607000
  0.425314  -0.0000   0.01618000
  0.425670  -0.0000   0.01630000
  0.425984  -0.0000   0.01642000
  0.426298  -0.0000   0.01654000
  0.426615  -0.0000   0.01665000
  0.427091  -0.0000   0.01683000
  0.427569  -0.0000   0.01701000
  0.428288  -0.0000   0.01727000
  0.429365  -0.0000   0.01767000
  0.430976  -0.0000   0.01826000
  0.433380  -0.0000   0.01916000
  0.436953  -0.0000   0.02049000
  0.440277  -0.0000   0.02175000
  0.441101  -0.0000   0.02206000
  0.441922  -0.0000   0.02238000
  0.442741  -0.0000   0.02269000
  0.442959  -0.0000   0.02278000
  0.443139  -0.0000   0.02287000
  0.443316  -0.0000   0.02296000
  0.443581  -0.0000   0.02309000
  0.443848  -0.0000   0.02322000
  0.444250  -0.0000   0.02342000
  0.444856  -0.0000   0.02372000
  0.445767  -0.0000   0.02417000
  0.447131  -0.0000   0.02484000
  0.449170  -0.0000   0.02585000
  0.452207  -0.0000   0.02736000
  0.455772  -0.0000   0.02916000
  0.459300  -0.0000   0.03095000
  0.459563  -0.0000   0.03109000
  0.459825  -0.0000   0.03122000
  0.460087  -0.0000   0.03135000
  0.460448  -0.0000   0.03155000
  0.460704  -0.0000   0.03172000
  0.460959  -0.0000   0.03189000
  0.461215  -0.0000   0.03206000
  0.461472  -0.0000   0.03223000
  0.461860  -0.0000   0.03248000
  0.462443  -0.0000   0.03286000
  0.463318  -0.0000   0.03343000
  0.464629  -0.0000   0.03429000
  0.466588  -0.0000   0.03557000
  0.469507  -0.0000   0.03749000
  0.473182  -0.0000   0.03994000
  0.476818  -0.0000   0.04238000
  0.477073  -0.0000   0.04256000
  0.477328  -0.0000   0.04273000
  0.477583  -0.0000   0.04290000
  0.477924  -0.0000   0.04316000
  0.478229  -0.0000   0.04342000
  0.478535  -0.0000   0.04369000
  0.478842  -0.0000   0.04395000
  0.479151  -0.0000   0.04421000
  0.479615  -0.0000   0.04461000
  0.480313  -0.0000   0.04520000
  0.481359  -0.0000   0.04610000
  0.482923  -0.0000   0.04743000
  0.485258  -0.0000   0.04944000
  0.488731  -0.0000   0.05245000
  0.492003  -0.0000   0.05531000
  0.495244  -0.0000   0.05817000
  0.495407  -0.0000   0.05835000
  0.495644  -0.0000   0.05862000
  0.495882  -0.0000   0.05889000
  0.496121  -0.0000   0.05915000
  0.496482  -0.0000   0.05956000
  0.497025  -0.0000   0.06016000
  0.497842  -0.0000   0.06106000
  0.499067  -0.0000   0.06242000
  0.500899  -0.0000   0.06446000
  0.503633  -0.0000   0.06751000
  0.507695  -0.0000   0.07209000
  0.511713  -0.0000   0.07667000
  0.511968  -0.0000   0.07697000
  0.512224  -0.0000   0.07726000
  0.512479  -0.0000   0.07755000
  0.512837  -0.0000   0.07799000
  0.513084  -0.0000   0.07834000
  0.513331  -0.0000   0.07870000
  0.513579  -0.0000   0.07905000
  0.513828  -0.0000   0.07941000
  0.514203  -0.0000   0.07994000
  0.514767  -0.0000   0.08074000
  0.515612  -0.0000   0.08194000
  0.516879  -0.0000   0.08374000
  0.518773  -0.0000   0.08644000
  0.521595  -0.0000   0.09048000
  0.525785  -0.0000   0.09655000
  0.529299  -0.0000   0.10200000
  0.529545  -0.0000   0.10200000
  0.529791  -0.0000   0.10200000
  0.530036  -0.0000   0.10300000
  0.530250  -0.0000   0.10300000
  0.530454  -0.0000   0.10400000
  0.530660  -0.0000   0.10400000
  0.530867  -0.0000   0.10400000
  0.531178  -0.0000   0.10500000
  0.531647  -0.0000   0.10600000
  0.532352  -0.0000   0.10700000
  0.533407  -0.0000   0.10900000
  0.534986  -0.0000   0.11200000
  0.537343  -0.0000   0.11600000
  0.540849  -0.0000   0.12200000
  0.544209  -0.0000   0.12900000
  0.547537  -0.0000   0.13500000
  0.547722  -0.0000   0.13500000
  0.547892  -0.0000   0.13600000
  0.548062  -0.0000   0.13600000
  0.548319  -0.0000   0.13700000
  0.548706  -0.0000   0.13800000
  0.549289  -0.0000   0.13900000
  0.550164  -0.0000   0.14100000
  0.551474  -0.0000   0.14400000
  0.553433  -0.0000   0.14800000
  0.556351  -0.0000   0.15500000
  0.559869  -0.0000   0.16300000
  0.563354  -0.0000   0.17100000
  0.563728  -0.0000   0.17200000
  0.564100  -0.0000   0.17300000
  0.564473  -0.0000   0.17400000
  0.565031  -0.0000   0.17500000
  0.565226  -0.0000   0.17600000
  0.565412  -0.0000   0.17700000
  0.565599  -0.0000   0.17700000
  0.565881  -0.0000   0.17800000
  0.566305  -0.0000   0.17900000
  0.566944  -0.0000   0.18100000
  0.567902  -0.0000   0.18400000
  0.569335  -0.0000   0.18800000
  0.571476  -0.0000   0.19400000
  0.574664  -0.0000   0.20300000
  0.578082  -0.0000   0.21300000
  0.581469  -0.0000   0.22300000
  0.581753  -0.0000   0.22400000
  0.582036  -0.0000   0.22500000
  0.582319  -0.0000   0.22600000
  0.582706  -0.0000   0.22700000
  0.582976  -0.0000   0.22800000
  0.583248  -0.0000   0.22900000
  0.583522  -0.0000   0.23000000
  0.583933  -0.0000   0.23100000
  0.584552  -0.0000   0.23400000
  0.585479  -0.0000   0.23700000
  0.586867  -0.0000   0.24200000
  0.588940  -0.0000   0.24900000
  0.591709  -0.0000   0.25900000
  0.594460  -0.0000   0.26900000
  0.597192  -0.0000   0.27900000
  0.599904  -0.0000   0.28900000
  0.600111  -0.0000   0.29000000
  0.600292  -0.0000   0.29100000
  0.600472  -0.0000   0.29200000
  0.600745  -0.0000   0.29300000
  0.601019  -0.0000   0.29400000
  0.601431  -0.0000   0.29600000
  0.602050  -0.0000   0.29900000
  0.602978  -0.0000   0.30300000
  0.604366  -0.0000   0.30900000
  0.606440  -0.0000   0.31800000
  0.608680  -0.0000   0.32800000
  0.610909  -0.0000   0.33800000
  0.613126  -0.0000   0.34800000
  0.615330  -0.0000   0.35800000
  0.617521  -0.0000   0.36800000
  0.617700  -0.0000   0.36900000
  0.617877  -0.0000   0.37000000
  0.618055  -0.0000   0.37100000
  0.618323  -0.0000   0.37300000
  0.618727  -0.0000   0.37500000
  0.619335  -0.0000   0.37800000
  0.620245  -0.0000   0.38300000
  0.621607  -0.0000   0.39000000
  0.623440  -0.0000   0.40000000
  0.625265  -0.0000   0.41000000
  0.627083  -0.0000   0.42000000
  0.628893  -0.0000   0.43000000
  0.630695  -0.0000   0.44000000
  0.632488  -0.0000   0.45000000
  0.634273  -0.0000   0.46000000
  0.634609  -0.0000   0.46200000
  0.634944  -0.0000   0.46400000
  0.635232  -0.0000   0.46600000
  0.635512  -0.0000   0.46800000
  0.635794  -0.0000   0.47000000
  0.636077  -0.0000   0.47200000
  0.636503  -0.0000   0.47400000
  0.637141  -0.0000   0.47900000
  0.638098  -0.0000   0.48500000
  0.639529  -0.0000   0.49500000
  0.641027  -0.0000   0.50500000
  0.642520  -0.0000   0.51500000
  0.644009  -0.0000   0.52500000
  0.645492  -0.0000   0.53500000
  0.646970  -0.0000   0.54500000
  0.648442  -0.0000   0.55500000
  0.649909  -0.0000   0.56500000
  0.651370  -0.0000   0.57500000
  0.652299  -0.0000   0.58100000
  0.652562  -0.0000   0.58300000
  0.652791  -0.0000   0.58500000
  0.653020  -0.0000   0.58700000
  0.653251  -0.0000   0.58800000
  0.653483  -0.0000   0.59000000
  0.653831  -0.0000   0.59300000
  0.654354  -0.0000   0.59700000
  0.655138  -0.0000   0.60400000
  0.656311  -0.0000   0.61300000
  0.657546  -0.0000   0.62300000
  0.658777  -0.0000   0.63300000
  0.660005  -0.0000   0.64300000
  0.661229  -0.0000   0.65300000
  0.662450  -0.0000   0.66300000
  0.663667  -0.0000   0.67300000
  0.664881  -0.0000   0.68300000
  0.666092  -0.0000   0.69300000
  0.667298  -0.0000   0.70300000
  0.668501  -0.0000   0.71300000
  0.669700  -0.0000   0.72300000
  0.669979  -0.0000   0.72500000
  0.670218  -0.0000   0.72800000
  0.670454  -0.0000   0.73000000
  0.670690  -0.0000   0.73200000
  0.670928  -0.0000   0.73500000
  0.671286  -0.0000   0.73800000
  0.671823  -0.0000   0.74300000
  0.672628  -0.0000   0.75100000
  0.673651  -0.0000   0.76100000
  0.674672  -0.0000   0.77100000
  0.675691  -0.0000   0.78100000
  0.676708  -0.0000   0.79100000
  0.677722  -0.0000   0.80100000
  0.678734  -0.0000   0.81100000
  0.679744  -0.0000   0.82100000
  0.680751  -0.0000   0.83100000
  0.681756  -0.0000   0.84100000
  0.682759  -0.0000   0.85100000
  0.683759  -0.0000   0.86100000
  0.684757  -0.0000   0.87100000
  0.685752  -0.0000   0.88100000
  0.686744  -0.0000   0.89100000
  0.687687  -0.0000   0.90100000
  0.687897  -0.0000   0.90400000
  0.688214  -0.0000   0.90800000
  0.688532  -0.0000   0.91100000
  0.688851  -0.0000   0.91500000
  0.689330  -0.0000   0.92100000
  0.690048  -0.0000   0.92900000
  0.690898  -0.0000   0.93900000
  0.691746  -0.0000   0.94900000
  0.692594  -0.0000   0.95900000
  0.693439  -0.0000   0.96900000
  0.694283  -0.0000   0.97900000
  0.695126  -0.0000   0.98900000
  0.695967  -0.0000   0.99900000
  0.696040  -0.0000   1.00000000
  0.694426  -0.0000   1.00000000
  0.694426  -0.0000   1.00000000
  0.694426  -0.0000   1.00000000
  0.694426  -0.0000   1.00000000
  0.694426  -0.0000   1.00000000
  0.694426  -0.0000   1.00000000
  0.694425  -0.0000   1.00000000
  0.694424  -0.0000   1.00000000
  0.694422  -0.0000   1.00000000
  0.694419  -0.0000   1.00000000
  0.694411  -0.0000   1.00000000
  0.694396  -0.0000   1.00000000
