  0.000107  -0.0000   0.00000010
  0.000235  -0.0000   0.00000020
  0.000638  -0.0000   0.00000030
  0.006496  -0.0000   0.00000045
  0.006742  -0.0000   0.00000055
  0.006942  -0.0000   0.00000065
  0.007177  -0.0000   0.00000075
  0.007412  -0.0000   0.00000084
  0.007683  -0.0000   0.00000093
  0.007994  -0.0000   0.00000101
  0.008293  -0.0000   0.00000109
  0.008629  -0.0000   0.00000116
  0.009005  -0.0000   0.00000124
  0.009364  -0.0000   0.00000130
  0.009760  -0.0000   0.00000137
  0.010196  -0.0000   0.00000143
  0.010629  -0.0000   0.00000149
  0.011101  -0.0000   0.00000155
  0.011611  -0.0000   0.00000161
  0.012135  -0.0000   0.00000166
  0.012697  -0.0000   0.00000172
  0.013298  -0.0000   0.00000177
  0.013945  -0.0000   0.00000183
  0.014633  -0.0000   0.00000189
  0.015362  -0.0000   0.00000194
  0.016176  -0.0000   0.00000200
  0.017035  -0.0000   0.00000206
  0.017939  -0.0000   0.00000212
  0.019071  -0.0000   0.00000219
  0.020260  -0.0000   0.00000226
  0.020279  -0.0000   0.00000227
  0.020296  -0.0000   0.00000228
  0.020312  -0.0000   0.00000228
  0.020333  -0.0000   0.00000229
  0.020362  -0.0000   0.00000231
  0.020400  -0.0000   0.00000233
  0.020449  -0.0000   0.00000236
  0.020493  -0.0000   0.00000239
  0.020546  -0.0000   0.00000243
  0.020595  -0.0000   0.00000248
  0.020664  -0.0000   0.00000254
  0.020759  -0.0000   0.00000263
  0.020876  -0.0000   0.00000276
  0.020990  -0.0000   0.00000288
  0.021159  -0.0000   0.00000306
  0.021332  -0.0000   0.00000325
  0.021610  -0.0000   0.00000353
  0.022100  -0.0000   0.00000394
  0.022442  -0.0000   0.00000419
  0.022833  -0.0000   0.00000445
  0.023277  -0.0000   0.00000471
  0.023720  -0.0000   0.00000493
  0.024214  -0.0000   0.00000516
  0.024766  -0.0000   0.00000539
  0.025286  -0.0000   0.00000558
  0.025854  -0.0000   0.00000578
  0.026472  -0.0000   0.00000597
  0.027080  -0.0000   0.00000615
  0.027733  -0.0000   0.00000633
  0.028433  -0.0000   0.00000651
  0.029142  -0.0000   0.00000668
  0.029895  -0.0000   0.00000685
  0.030693  -0.0000   0.00000702
  0.031521  -0.0000   0.00000718
  0.032394  -0.0000   0.00000735
  0.033312  -0.0000   0.00000752
  0.034283  -0.0000   0.00000769
  0.035301  -0.0000   0.00000785
  0.036366  -0.0000   0.00000802
  0.037565  -0.0000   0.00000821
  0.037595  -0.0000   0.00000822
  0.037622  -0.0000   0.00000823
  0.037647  -0.0000   0.00000825
  0.037683  -0.0000   0.00000827
  0.037731  -0.0000   0.00000830
  0.037796  -0.0000   0.00000835
  0.037884  -0.0000   0.00000842
  0.038003  -0.0000   0.00000852
  0.038113  -0.0000   0.00000863
  0.038269  -0.0000   0.00000878
  0.038495  -0.0000   0.00000902
  0.038836  -0.0000   0.00000937
  0.039393  -0.0000   0.00000990
  0.039777  -0.0000   0.00001024
  0.040193  -0.0000   0.00001058
  0.040646  -0.0000   0.00001092
  0.041417  -0.0000   0.00001143
  0.042284  -0.0000   0.00001193
  0.043256  -0.0000   0.00001244
  0.044336  -0.0000   0.00001295
  0.045282  -0.0000   0.00001336
  0.046306  -0.0000   0.00001377
  0.047410  -0.0000   0.00001417
  0.048597  -0.0000   0.00001458
  0.049869  -0.0000   0.00001499
  0.051228  -0.0000   0.00001540
  0.052677  -0.0000   0.00001581
  0.054216  -0.0000   0.00001622
  0.055845  -0.0000   0.00001663
  0.055936  -0.0000   0.00001666
  0.055995  -0.0000   0.00001670
  0.056049  -0.0000   0.00001673
  0.056123  -0.0000   0.00001679
  0.056225  -0.0000   0.00001687
  0.056364  -0.0000   0.00001699
  0.056555  -0.0000   0.00001717
  0.056825  -0.0000   0.00001744
  0.057221  -0.0000   0.00001784
  0.057629  -0.0000   0.00001824
  0.058291  -0.0000   0.00001885
  0.059015  -0.0000   0.00001945
  0.059810  -0.0000   0.00002006
  0.060676  -0.0000   0.00002066
  0.061617  -0.0000   0.00002126
  0.062849  -0.0000   0.00002198
  0.064194  -0.0000   0.00002270
  0.065657  -0.0000   0.00002342
  0.066943  -0.0000   0.00002402
  0.068313  -0.0000   0.00002461
  0.069770  -0.0000   0.00002520
  0.071483  -0.0000   0.00002585
  0.073305  -0.0000   0.00002651
  0.073573  -0.0000   0.00002660
  0.073844  -0.0000   0.00002670
  0.074117  -0.0000   0.00002679
  0.074251  -0.0000   0.00002688
  0.074364  -0.0000   0.00002697
  0.074470  -0.0000   0.00002706
  0.074616  -0.0000   0.00002719
  0.074819  -0.0000   0.00002739
  0.075109  -0.0000   0.00002769
  0.075538  -0.0000   0.00002814
  0.076209  -0.0000   0.00002881
  0.076840  -0.0000   0.00002940
  0.077513  -0.0000   0.00003000
  0.078229  -0.0000   0.00003060
  0.079369  -0.0000   0.00003147
  0.080604  -0.0000   0.00003234
  0.081938  -0.0000   0.00003322
  0.083373  -0.0000   0.00003409
  0.084910  -0.0000   0.00003496
  0.086553  -0.0000   0.00003584
  0.088304  -0.0000   0.00003671
  0.090164  -0.0000   0.00003758
  0.092135  -0.0000   0.00003846
  0.092324  -0.0000   0.00003854
  0.092457  -0.0000   0.00003862
  0.092559  -0.0000   0.00003871
  0.092699  -0.0000   0.00003883
  0.092892  -0.0000   0.00003902
  0.093163  -0.0000   0.00003930
  0.093551  -0.0000   0.00003972
  0.093939  -0.0000   0.00004014
  0.094540  -0.0000   0.00004076
  0.095267  -0.0000   0.00004148
  0.096037  -0.0000   0.00004220
  0.096849  -0.0000   0.00004292
  0.098064  -0.0000   0.00004393
  0.099363  -0.0000   0.00004493
  0.101109  -0.0000   0.00004617
  0.102676  -0.0000   0.00004722
  0.104341  -0.0000   0.00004827
  0.106106  -0.0000   0.00004931
  0.107971  -0.0000   0.00005036
  0.109940  -0.0000   0.00005141
  0.110225  -0.0000   0.00005156
  0.110513  -0.0000   0.00005171
  0.110774  -0.0000   0.00005186
  0.110962  -0.0000   0.00005203
  0.111136  -0.0000   0.00005220
  0.111301  -0.0000   0.00005237
  0.111537  -0.0000   0.00005263
  0.111880  -0.0000   0.00005301
  0.112394  -0.0000   0.00005358
  0.113195  -0.0000   0.00005444
  0.114040  -0.0000   0.00005530
  0.114929  -0.0000   0.00005617
  0.115864  -0.0000   0.00005703
  0.116845  -0.0000   0.00005789
  0.118416  -0.0000   0.00005918
  0.119938  -0.0000   0.00006036
  0.121546  -0.0000   0.00006154
  0.123242  -0.0000   0.00006272
  0.125066  -0.0000   0.00006392
  0.126982  -0.0000   0.00006512
  0.128993  -0.0000   0.00006633
  0.129136  -0.0000   0.00006644
  0.129255  -0.0000   0.00006656
  0.129368  -0.0000   0.00006667
  0.129530  -0.0000   0.00006684
  0.129760  -0.0000   0.00006710
  0.130094  -0.0000   0.00006749
  0.130592  -0.0000   0.00006807
  0.131359  -0.0000   0.00006894
  0.132159  -0.0000   0.00006980
  0.132994  -0.0000   0.00007067
  0.133864  -0.0000   0.00007154
  0.135233  -0.0000   0.00007283
  0.136678  -0.0000   0.00007412
  0.138437  -0.0000   0.00007560
  0.140298  -0.0000   0.00007709
  0.142260  -0.0000   0.00007857
  0.144603  -0.0000   0.00008024
  0.147078  -0.0000   0.00008191
  0.147293  -0.0000   0.00008205
  0.147460  -0.0000   0.00008220
  0.147599  -0.0000   0.00008234
  0.147796  -0.0000   0.00008256
  0.148075  -0.0000   0.00008288
  0.148479  -0.0000   0.00008337
  0.149085  -0.0000   0.00008410
  0.149957  -0.0000   0.00008512
  0.150865  -0.0000   0.00008614
  0.151812  -0.0000   0.00008715
  0.152796  -0.0000   0.00008817
  0.153818  -0.0000   0.00008919
  0.155433  -0.0000   0.00009071
  0.157190  -0.0000   0.00009229
  0.159035  -0.0000   0.00009387
  0.160969  -0.0000   0.00009545
  0.163046  -0.0000   0.00009706
  0.165217  -0.0000   0.00009868
  0.165468  -0.0000   0.00009887
  0.165709  -0.0000   0.00009906
  0.165882  -0.0000   0.00009924
  0.166124  -0.0000   0.00009952
  0.166468  -0.0000   0.00009994
  0.166785  -0.0000   0.00010040
  0.167243  -0.0000   0.00010100
  0.167922  -0.0000   0.00010190
  0.168937  -0.0000   0.00010330
  0.169953  -0.0000   0.00010480
  0.170969  -0.0000   0.00010620
  0.171983  -0.0000   0.00010760
  0.173498  -0.0000   0.00010970
  0.175752  -0.0000   0.00011290
  0.179088  -0.0000   0.00011760
  0.180585  -0.0000   0.00011980
  0.182071  -0.0000   0.00012200
  0.183547  -0.0000   0.00012410
  0.183683  -0.0000   0.00012440
  0.183812  -0.0000   0.00012470
  0.183935  -0.0000   0.00012490
  0.184111  -0.0000   0.00012540
  0.184366  -0.0000   0.00012600
  0.184738  -0.0000   0.00012690
  0.185290  -0.0000   0.00012830
  0.186120  -0.0000   0.00013050
  0.186952  -0.0000   0.00013260
  0.187787  -0.0000   0.00013470
  0.188623  -0.0000   0.00013680
  0.189875  -0.0000   0.00014000
  0.191745  -0.0000   0.00014480
  0.194527  -0.0000   0.00015190
  0.198638  -0.0000   0.00016270
  0.199121  -0.0000   0.00016400
  0.199604  -0.0000   0.00016520
  0.200085  -0.0000   0.00016650
  0.200805  -0.0000   0.00016840
  0.201214  -0.0000   0.00016950
  0.201535  -0.0000   0.00017050
  0.201801  -0.0000   0.00017160
  0.202055  -0.0000   0.00017270
  0.202304  -0.0000   0.00017380
  0.202672  -0.0000   0.00017540
  0.203224  -0.0000   0.00017780
  0.204055  -0.0000   0.00018150
  0.205047  -0.0000   0.00018580
  0.206040  -0.0000   0.00019010
  0.207528  -0.0000   0.00019660
  0.209749  -0.0000   0.00020640
  0.213050  -0.0000   0.00022100
  0.216626  -0.0000   0.00023700
  0.217196  -0.0000   0.00023950
  0.217764  -0.0000   0.00024210
  0.218331  -0.0000   0.00024470
  0.219164  -0.0000   0.00024850
  0.219327  -0.0000   0.00024950
  0.219482  -0.0000   0.00025060
  0.219630  -0.0000   0.00025160
  0.219847  -0.0000   0.00025310
  0.220167  -0.0000   0.00025540
  0.220646  -0.0000   0.00025890
  0.221367  -0.0000   0.00026410
  0.222286  -0.0000   0.00027070
  0.223208  -0.0000   0.00027720
  0.224131  -0.0000   0.00028380
  0.225513  -0.0000   0.00029370
  0.227577  -0.0000   0.00030850
  0.230647  -0.0000   0.00033080
  0.235186  -0.0000   0.00036410
  0.235475  -0.0000   0.00036620
  0.235763  -0.0000   0.00036840
  0.236051  -0.0000   0.00037050
  0.236483  -0.0000   0.00037370
  0.237061  -0.0000   0.00037840
  0.237306  -0.0000   0.00038110
  0.237542  -0.0000   0.00038370
  0.237773  -0.0000   0.00038630
  0.238117  -0.0000   0.00039020
  0.238635  -0.0000   0.00039610
  0.239417  -0.0000   0.00040490
  0.240439  -0.0000   0.00041640
  0.241463  -0.0000   0.00042790
  0.242996  -0.0000   0.00044510
  0.245285  -0.0000   0.00047100
  0.248687  -0.0000   0.00050980
  0.252268  -0.0000   0.00055110
  0.252816  -0.0000   0.00055750
  0.253362  -0.0000   0.00056380
  0.253907  -0.0000   0.00057010
  0.254712  -0.0000   0.00057960
  0.254882  -0.0000   0.00058230
  0.255043  -0.0000   0.00058490
  0.255200  -0.0000   0.00058760
  0.255431  -0.0000   0.00059160
  0.255776  -0.0000   0.00059760
  0.256296  -0.0000   0.00060660
  0.257080  -0.0000   0.00062010
  0.258095  -0.0000   0.00063750
  0.259111  -0.0000   0.00065490
  0.260634  -0.0000   0.00068100
  0.262907  -0.0000   0.00072010
  0.266287  -0.0000   0.00077880
  0.269928  -0.0000   0.00084280
  0.270543  -0.0000   0.00085360
  0.271156  -0.0000   0.00086440
  0.271768  -0.0000   0.00087520
  0.272623  -0.0000   0.00089140
  0.272835  -0.0000   0.00089660
  0.273040  -0.0000   0.00090170
  0.273241  -0.0000   0.00090690
  0.273543  -0.0000   0.00091460
  0.273997  -0.0000   0.00092620
  0.274682  -0.0000   0.00094360
  0.275712  -0.0000   0.00096980
  0.276743  -0.0000   0.00099590
  0.278288  -0.0000   0.00103500
  0.280594  -0.0000   0.00109400
  0.284024  -0.0000   0.00118200
  0.287631  -0.0000   0.00127600
  0.288336  -0.0000   0.00129400
  0.289040  -0.0000   0.00131200
  0.289742  -0.0000   0.00133100
  0.290179  -0.0000   0.00134200
  0.290469  -0.0000   0.00135100
  0.290722  -0.0000   0.00136100
  0.290971  -0.0000   0.00137000
  0.291344  -0.0000   0.00138400
  0.291907  -0.0000   0.00140400
  0.292706  -0.0000   0.00143400
  0.293508  -0.0000   0.00146300
  0.294709  -0.0000   0.00150700
  0.296506  -0.0000   0.00157300
  0.299186  -0.0000   0.00167200
  0.303166  -0.0000   0.00182000
  0.307103  -0.0000   0.00196800
  0.307365  -0.0000   0.00197800
  0.307628  -0.0000   0.00198800
  0.307890  -0.0000   0.00199800
  0.308236  -0.0000   0.00201300
  0.308543  -0.0000   0.00202900
  0.308846  -0.0000   0.00204400
  0.309149  -0.0000   0.00206000
  0.309454  -0.0000   0.00207600
  0.309912  -0.0000   0.00210000
  0.310602  -0.0000   0.00213600
  0.311638  -0.0000   0.00218900
  0.313189  -0.0000   0.00226900
  0.315506  -0.0000   0.00239000
  0.318953  -0.0000   0.00257000
  0.322542  -0.0000   0.00276000
  0.326044  -0.0000   0.00294900
  0.326212  -0.0000   0.00296100
  0.326375  -0.0000   0.00297300
  0.326536  -0.0000   0.00298400
  0.326777  -0.0000   0.00300200
  0.327139  -0.0000   0.00302800
  0.327685  -0.0000   0.00306800
  0.328507  -0.0000   0.00312700
  0.329743  -0.0000   0.00321500
  0.331594  -0.0000   0.00334800
  0.334357  -0.0000   0.00354800
  0.338465  -0.0000   0.00384700
  0.339820  -0.0000   0.00394600
  0.341169  -0.0000   0.00404500
  0.342514  -0.0000   0.00414400
  0.343086  -0.0000   0.00418600
  0.343657  -0.0000   0.00422800
  0.343961  -0.0000   0.00425400
  0.344223  -0.0000   0.00427900
  0.344483  -0.0000   0.00430500
  0.344873  -0.0000   0.00434300
  0.345266  -0.0000   0.00438200
  0.345857  -0.0000   0.00443900
  0.346745  -0.0000   0.00452500
  0.348075  -0.0000   0.00465500
  0.350065  -0.0000   0.00484900
  0.353030  -0.0000   0.00514100
  0.357432  -0.0000   0.00557800
  0.360122  -0.0000   0.00584700
  0.360548  -0.0000   0.00588900
  0.360974  -0.0000   0.00593200
  0.361399  -0.0000   0.00597500
  0.361674  -0.0000   0.00600600
  0.361913  -0.0000   0.00603700
  0.362150  -0.0000   0.00606800
  0.362506  -0.0000   0.00611500
  0.362864  -0.0000   0.00616200
  0.363403  -0.0000   0.00623300
  0.364213  -0.0000   0.00633800
  0.365427  -0.0000   0.00649600
  0.367242  -0.0000   0.00673400
  0.369950  -0.0000   0.00709000
  0.373975  -0.0000   0.00762500
  0.377961  -0.0000   0.00815900
  0.378289  -0.0000   0.00820300
  0.378617  -0.0000   0.00824700
  0.378945  -0.0000   0.00829100
  0.379435  -0.0000   0.00835700
  0.379652  -0.0000   0.00839200
  0.379854  -0.0000   0.00842800
  0.380056  -0.0000   0.00846300
  0.380361  -0.0000   0.00851600
  0.380819  -0.0000   0.00859500
  0.381510  -0.0000   0.00871400
  0.382546  -0.0000   0.00889300
  0.384097  -0.0000   0.00916100
  0.386414  -0.0000   0.00956200
  0.389863  -0.0000   0.01016000
  0.393387  -0.0000   0.01079000
  0.396880  -0.0000   0.01141000
  0.397127  -0.0000   0.01145000
  0.397365  -0.0000   0.01149000
  0.397561  -0.0000   0.01154000
  0.397850  -0.0000   0.01160000
  0.398141  -0.0000   0.01167000
  0.398433  -0.0000   0.01174000
  0.398872  -0.0000   0.01183000
  0.399532  -0.0000   0.01198000
  0.400522  -0.0000   0.01221000
  0.402003  -0.0000   0.01254000
  0.404216  -0.0000   0.01304000
  0.407512  -0.0000   0.01379000
  0.411180  -0.0000   0.01463000
  0.414815  -0.0000   0.01548000
  0.415060  -0.0000   0.01553000
  0.415286  -0.0000   0.01559000
  0.415481  -0.0000   0.01565000
  0.415772  -0.0000   0.01573000
  0.416211  -0.0000   0.01586000
  0.416651  -0.0000   0.01599000
  0.417314  -0.0000   0.01618000
  0.418307  -0.0000   0.01647000
  0.419794  -0.0000   0.01690000
  0.422015  -0.0000   0.01755000
  0.425323  -0.0000   0.01852000
  0.428949  -0.0000   0.01959000
  0.432544  -0.0000   0.02067000
  0.432801  -0.0000   0.02074000
  0.433057  -0.0000   0.02082000
  0.433270  -0.0000   0.02090000
  0.433578  -0.0000   0.02101000
  0.433886  -0.0000   0.02113000
  0.434197  -0.0000   0.02124000
  0.434663  -0.0000   0.02141000
  0.435365  -0.0000   0.02167000
  0.436415  -0.0000   0.02206000
  0.437987  -0.0000   0.02264000
  0.440334  -0.0000   0.02352000
  0.443828  -0.0000   0.02483000
  0.447260  -0.0000   0.02613000
  0.450664  -0.0000   0.02742000
  0.450910  -0.0000   0.02752000
  0.451122  -0.0000   0.02761000
  0.451321  -0.0000   0.02771000
  0.451620  -0.0000   0.02785000
  0.451920  -0.0000   0.02799000
  0.452373  -0.0000   0.02820000
  0.453053  -0.0000   0.02852000
  0.454071  -0.0000   0.02899000
  0.455596  -0.0000   0.02971000
  0.457872  -0.0000   0.03078000
  0.461264  -0.0000   0.03238000
  0.464756  -0.0000   0.03405000
  0.468221  -0.0000   0.03572000
  0.468492  -0.0000   0.03585000
  0.468763  -0.0000   0.03598000
  0.469003  -0.0000   0.03611000
  0.469333  -0.0000   0.03630000
  0.469665  -0.0000   0.03650000
  0.469999  -0.0000   0.03669000
  0.470501  -0.0000   0.03699000
  0.471254  -0.0000   0.03743000
  0.472382  -0.0000   0.03809000
  0.474069  -0.0000   0.03908000
  0.476587  -0.0000   0.04056000
  0.480335  -0.0000   0.04279000
  0.483727  -0.0000   0.04482000
  0.485499  -0.0000   0.04588000
  0.486272  -0.0000   0.04635000
  0.486884  -0.0000   0.04674000
  0.487155  -0.0000   0.04694000
  0.487427  -0.0000   0.04714000
  0.487700  -0.0000   0.04733000
  0.487974  -0.0000   0.04753000
  0.488386  -0.0000   0.04783000
  0.489004  -0.0000   0.04828000
  0.489930  -0.0000   0.04895000
  0.491315  -0.0000   0.04996000
  0.493385  -0.0000   0.05147000
  0.496472  -0.0000   0.05374000
  0.500230  -0.0000   0.05653000
  0.503957  -0.0000   0.05931000
  0.504235  -0.0000   0.05952000
  0.504512  -0.0000   0.05972000
  0.504771  -0.0000   0.05993000
  0.505115  -0.0000   0.06024000
  0.505461  -0.0000   0.06055000
  0.505809  -0.0000   0.06087000
  0.506157  -0.0000   0.06118000
  0.506680  -0.0000   0.06164000
  0.507464  -0.0000   0.06234000
  0.508638  -0.0000   0.06339000
  0.510392  -0.0000   0.06497000
  0.513010  -0.0000   0.06733000
  0.516907  -0.0000   0.07088000
  0.520771  -0.0000   0.07442000
  0.521176  -0.0000   0.07479000
  0.521581  -0.0000   0.07517000
  0.521986  -0.0000   0.07554000
  0.522590  -0.0000   0.07610000
  0.522798  -0.0000   0.07633000
  0.523005  -0.0000   0.07656000
  0.523213  -0.0000   0.07678000
  0.523527  -0.0000   0.07713000
  0.523999  -0.0000   0.07764000
  0.524708  -0.0000   0.07842000
  0.525770  -0.0000   0.07958000
  0.527358  -0.0000   0.08132000
  0.529729  -0.0000   0.08393000
  0.533262  -0.0000   0.08785000
  0.536582  -0.0000   0.09156000
  0.539877  -0.0000   0.09526000
  0.540158  -0.0000   0.09558000
  0.540439  -0.0000   0.09590000
  0.540684  -0.0000   0.09621000
  0.541038  -0.0000   0.09669000
  0.541394  -0.0000   0.09716000
  0.541751  -0.0000   0.09763000
  0.542109  -0.0000   0.09811000
  0.542646  -0.0000   0.09882000
  0.543450  -0.0000   0.10000000
  0.544653  -0.0000   0.10100000
  0.546452  -0.0000   0.10400000
  0.549137  -0.0000   0.10700000
  0.553132  -0.0000   0.11300000
  0.557093  -0.0000   0.11800000
  0.557424  -0.0000   0.11900000
  0.557755  -0.0000   0.11900000
  0.558086  -0.0000   0.12000000
  0.558547  -0.0000   0.12000000
  0.558829  -0.0000   0.12100000
  0.559111  -0.0000   0.12100000
  0.559395  -0.0000   0.12200000
  0.559822  -0.0000   0.12200000
  0.560461  -0.0000   0.12300000
  0.561420  -0.0000   0.12500000
  0.562854  -0.0000   0.12700000
  0.564996  -0.0000   0.13100000
  0.568190  -0.0000   0.13600000
  0.571724  -0.0000   0.14200000
  0.575232  -0.0000   0.14700000
  0.575561  -0.0000   0.14800000
  0.575889  -0.0000   0.14800000
  0.576218  -0.0000   0.14900000
  0.576523  -0.0000   0.15000000
  0.576812  -0.0000   0.15000000
  0.577103  -0.0000   0.15100000
  0.577542  -0.0000   0.15200000
  0.577980  -0.0000   0.15200000
  0.578638  -0.0000   0.15400000
  0.579623  -0.0000   0.15600000
  0.581097  -0.0000   0.15800000
  0.583297  -0.0000   0.16300000
  0.586578  -0.0000   0.16900000
  0.590032  -0.0000   0.17600000
  0.593462  -0.0000   0.18300000
  0.593761  -0.0000   0.18300000
  0.594060  -0.0000   0.18400000
  0.594341  -0.0000   0.18400000
  0.594664  -0.0000   0.18500000
  0.594989  -0.0000   0.18600000
  0.595315  -0.0000   0.18700000
  0.595642  -0.0000   0.18700000
  0.596132  -0.0000   0.18800000
  0.596866  -0.0000   0.19000000
  0.597965  -0.0000   0.19300000
  0.599609  -0.0000   0.19600000
  0.602062  -0.0000   0.20200000
  0.605717  -0.0000   0.21100000
  0.609973  -0.0000   0.22100000
  0.610439  -0.0000   0.22200000
  0.610904  -0.0000   0.22300000
  0.611368  -0.0000   0.22400000
  0.612064  -0.0000   0.22600000
  0.612321  -0.0000   0.22600000
  0.612562  -0.0000   0.22700000
  0.612804  -0.0000   0.22800000
  0.613170  -0.0000   0.22900000
  0.613535  -0.0000   0.23000000
  0.614084  -0.0000   0.23100000
  0.614906  -0.0000   0.23300000
  0.616137  -0.0000   0.23700000
  0.617976  -0.0000   0.24200000
  0.620719  -0.0000   0.24900000
  0.624332  -0.0000   0.25900000
  0.627919  -0.0000   0.26900000
  0.628498  -0.0000   0.27100000
  0.629077  -0.0000   0.27200000
  0.629654  -0.0000   0.27400000
  0.630148  -0.0000   0.27500000
  0.630398  -0.0000   0.27600000
  0.630650  -0.0000   0.27700000
  0.630903  -0.0000   0.27800000
  0.631156  -0.0000   0.27900000
  0.631537  -0.0000   0.28000000
  0.632107  -0.0000   0.28200000
  0.632962  -0.0000   0.28500000
  0.634241  -0.0000   0.28900000
  0.636153  -0.0000   0.29500000
  0.639005  -0.0000   0.30400000
  0.642065  -0.0000   0.31400000
  0.645106  -0.0000   0.32400000
  0.648116  -0.0000   0.33400000
  0.648344  -0.0000   0.33500000
  0.648573  -0.0000   0.33600000
  0.648803  -0.0000   0.33700000
  0.649034  -0.0000   0.33800000
  0.649380  -0.0000   0.33900000
  0.649900  -0.0000   0.34100000
  0.650679  -0.0000   0.34400000
  0.651846  -0.0000   0.34800000
  0.653591  -0.0000   0.35500000
  0.656197  -0.0000   0.36500000
  0.658805  -0.0000   0.37500000
  0.661399  -0.0000   0.38500000
  0.663980  -0.0000   0.39500000
  0.665147  -0.0000   0.39900000
  0.666269  -0.0000   0.40400000
  0.666521  -0.0000   0.40500000
  0.666773  -0.0000   0.40600000
  0.667027  -0.0000   0.40700000
  0.667407  -0.0000   0.40900000
  0.667978  -0.0000   0.41100000
  0.668833  -0.0000   0.41500000
  0.670114  -0.0000   0.42100000
  0.672027  -0.0000   0.42900000
  0.674269  -0.0000   0.43900000
  0.676501  -0.0000   0.44900000
  0.678724  -0.0000   0.45900000
  0.680937  -0.0000   0.46900000
  0.683140  -0.0000   0.47900000
  0.683499  -0.0000   0.48100000
  0.683856  -0.0000   0.48300000
  0.684175  -0.0000   0.48400000
  0.684490  -0.0000   0.48600000
  0.684806  -0.0000   0.48700000
  0.685123  -0.0000   0.48900000
  0.685599  -0.0000   0.49200000
  0.686311  -0.0000   0.49500000
  0.687377  -0.0000   0.50100000
  0.688971  -0.0000   0.50900000
  0.690900  -0.0000   0.51900000
  0.692821  -0.0000   0.52900000
  0.694736  -0.0000   0.53900000
  0.696644  -0.0000   0.54900000
  0.698544  -0.0000   0.55900000
  0.700437  -0.0000   0.56900000
  0.701362  -0.0000   0.57400000
  0.701874  -0.0000   0.57700000
  0.702122  -0.0000   0.57800000
  0.702371  -0.0000   0.58000000
  0.702621  -0.0000   0.58100000
  0.702872  -0.0000   0.58300000
  0.703248  -0.0000   0.58500000
  0.703812  -0.0000   0.58800000
  0.704657  -0.0000   0.59300000
  0.705921  -0.0000   0.60100000
  0.707586  -0.0000   0.61100000
  0.709245  -0.0000   0.62100000
  0.710899  -0.0000   0.63100000
  0.712549  -0.0000   0.64100000
  0.714193  -0.0000   0.65100000
  0.715831  -0.0000   0.66100000
  0.717465  -0.0000   0.67100000
  0.719093  -0.0000   0.68100000
  0.719523  -0.0000   0.68300000
  0.719935  -0.0000   0.68600000
  0.720237  -0.0000   0.68800000
  0.720541  -0.0000   0.69000000
  0.720846  -0.0000   0.69200000
  0.721151  -0.0000   0.69400000
  0.721609  -0.0000   0.69800000
  0.722294  -0.0000   0.70200000
  0.723320  -0.0000   0.70900000
  0.724762  -0.0000   0.71900000
  0.726200  -0.0000   0.72900000
  0.727634  -0.0000   0.73900000
  0.729064  -0.0000   0.74900000
  0.730491  -0.0000   0.75900000
  0.731913  -0.0000   0.76900000
  0.733332  -0.0000   0.77900000
  0.734746  -0.0000   0.78900000
  0.736157  -0.0000   0.79900000
  0.737564  -0.0000   0.80900000
  0.737850  -0.0000   0.81200000
  0.738113  -0.0000   0.81400000
  0.738379  -0.0000   0.81600000
  0.738778  -0.0000   0.81900000
  0.739177  -0.0000   0.82200000
  0.739776  -0.0000   0.82700000
  0.740672  -0.0000   0.83400000
  0.741925  -0.0000   0.84400000
  0.743176  -0.0000   0.85400000
  0.744423  -0.0000   0.86400000
  0.745667  -0.0000   0.87400000
  0.746909  -0.0000   0.88400000
  0.748148  -0.0000   0.89400000
  0.749383  -0.0000   0.90400000
  0.750616  -0.0000   0.91400000
  0.751846  -0.0000   0.92400000
  0.753073  -0.0000   0.93400000
  0.754297  -0.0000   0.94400000
  0.755518  -0.0000   0.95400000
  0.755815  -0.0000   0.95700000
  0.756091  -0.0000   0.95900000
  0.756367  -0.0000   0.96200000
  0.756783  -0.0000   0.96500000
  0.757200  -0.0000   0.96900000
  0.757824  -0.0000   0.97500000
  0.758759  -0.0000   0.98300000
  0.759850  -0.0000   0.99300000
  0.760563  -0.0000   1.00000000
  0.759634  -0.0000   1.00000000
  0.759634  -0.0000   1.00000000
  0.759634  -0.0000   1.00000000
  0.759634  -0.0000   1.00000000
  0.759633  -0.0000   1.00000000
  0.759633  -0.0000   1.00000000
  0.759633  -0.0000   1.00000000
  0.759633  -0.0000   1.00000000
  0.759632  -0.0000   1.00000000
  0.759631  -0.0000   1.00000000
  0.759628  -0.0000   1.00000000
  0.759623  -0.0000   1.00000000
