  0.000365  -0.0000   0.00000010
  0.000796  -0.0000   0.00000020
  0.002162  -0.0000   0.00000030
  0.007870  -0.0000   0.00000045
  0.008469  -0.0000   0.00000056
  0.009053  -0.0000   0.00000067
  0.009506  -0.0000   0.00000074
  0.010002  -0.0000   0.00000082
  0.010548  -0.0000   0.00000090
  0.011150  -0.0000   0.00000097
  0.011812  -0.0000   0.00000105
  0.012411  -0.0000   0.00000112
  0.013056  -0.0000   0.00000118
  0.013747  -0.0000   0.00000124
  0.014562  -0.0000   0.00000132
  0.015436  -0.0000   0.00000139
  0.016373  -0.0000   0.00000146
  0.017374  -0.0000   0.00000153
  0.018445  -0.0000   0.00000160
  0.019374  -0.0000   0.00000166
  0.020355  -0.0000   0.00000172
  0.020805  -0.0000   0.00000174
  0.020881  -0.0000   0.00000177
  0.020953  -0.0000   0.00000179
  0.021021  -0.0000   0.00000181
  0.021109  -0.0000   0.00000184
  0.021194  -0.0000   0.00000187
  0.021309  -0.0000   0.00000192
  0.021420  -0.0000   0.00000197
  0.021557  -0.0000   0.00000203
  0.021691  -0.0000   0.00000208
  0.021874  -0.0000   0.00000217
  0.022053  -0.0000   0.00000225
  0.022305  -0.0000   0.00000237
  0.022553  -0.0000   0.00000249
  0.022917  -0.0000   0.00000267
  0.023284  -0.0000   0.00000285
  0.023851  -0.0000   0.00000311
  0.024445  -0.0000   0.00000337
  0.025424  -0.0000   0.00000377
  0.026094  -0.0000   0.00000402
  0.026822  -0.0000   0.00000427
  0.027617  -0.0000   0.00000453
  0.028293  -0.0000   0.00000473
  0.029021  -0.0000   0.00000493
  0.029806  -0.0000   0.00000512
  0.030505  -0.0000   0.00000529
  0.031248  -0.0000   0.00000546
  0.032039  -0.0000   0.00000562
  0.032774  -0.0000   0.00000577
  0.033548  -0.0000   0.00000592
  0.034364  -0.0000   0.00000606
  0.035179  -0.0000   0.00000620
  0.036033  -0.0000   0.00000634
  0.036927  -0.0000   0.00000648
  0.037840  -0.0000   0.00000662
  0.038793  -0.0000   0.00000675
  0.039499  -0.0000   0.00000685
  0.039567  -0.0000   0.00000688
  0.039632  -0.0000   0.00000691
  0.039694  -0.0000   0.00000693
  0.039783  -0.0000   0.00000697
  0.039909  -0.0000   0.00000703
  0.040086  -0.0000   0.00000712
  0.040255  -0.0000   0.00000721
  0.040417  -0.0000   0.00000730
  0.040650  -0.0000   0.00000743
  0.040968  -0.0000   0.00000762
  0.041347  -0.0000   0.00000785
  0.041722  -0.0000   0.00000808
  0.042287  -0.0000   0.00000843
  0.042864  -0.0000   0.00000878
  0.043777  -0.0000   0.00000930
  0.044538  -0.0000   0.00000971
  0.045351  -0.0000   0.00001011
  0.046226  -0.0000   0.00001052
  0.046954  -0.0000   0.00001084
  0.047728  -0.0000   0.00001116
  0.048553  -0.0000   0.00001148
  0.049537  -0.0000   0.00001184
  0.050592  -0.0000   0.00001220
  0.051721  -0.0000   0.00001255
  0.052907  -0.0000   0.00001291
  0.054171  -0.0000   0.00001326
  0.055513  -0.0000   0.00001361
  0.057142  -0.0000   0.00001401
  0.058807  -0.0000   0.00001441
  0.058909  -0.0000   0.00001445
  0.059007  -0.0000   0.00001450
  0.059101  -0.0000   0.00001455
  0.059238  -0.0000   0.00001463
  0.059432  -0.0000   0.00001474
  0.059707  -0.0000   0.00001491
  0.060099  -0.0000   0.00001516
  0.060477  -0.0000   0.00001541
  0.060847  -0.0000   0.00001566
  0.061395  -0.0000   0.00001604
  0.062225  -0.0000   0.00001661
  0.063539  -0.0000   0.00001745
  0.064445  -0.0000   0.00001801
  0.065408  -0.0000   0.00001857
  0.066436  -0.0000   0.00001912
  0.067435  -0.0000   0.00001963
  0.068499  -0.0000   0.00002014
  0.069632  -0.0000   0.00002064
  0.071169  -0.0000   0.00002128
  0.072824  -0.0000   0.00002192
  0.074253  -0.0000   0.00002244
  0.075765  -0.0000   0.00002295
  0.077361  -0.0000   0.00002347
  0.077688  -0.0000   0.00002358
  0.077963  -0.0000   0.00002368
  0.078141  -0.0000   0.00002379
  0.078391  -0.0000   0.00002395
  0.078745  -0.0000   0.00002418
  0.079082  -0.0000   0.00002442
  0.079409  -0.0000   0.00002466
  0.079885  -0.0000   0.00002501
  0.080586  -0.0000   0.00002555
  0.081648  -0.0000   0.00002635
  0.082749  -0.0000   0.00002715
  0.083623  -0.0000   0.00002776
  0.084538  -0.0000   0.00002837
  0.085500  -0.0000   0.00002898
  0.086551  -0.0000   0.00002961
  0.087662  -0.0000   0.00003024
  0.088835  -0.0000   0.00003087
  0.090535  -0.0000   0.00003172
  0.092359  -0.0000   0.00003257
  0.093971  -0.0000   0.00003328
  0.095673  -0.0000   0.00003399
  0.096855  -0.0000   0.00003447
  0.097096  -0.0000   0.00003460
  0.097290  -0.0000   0.00003474
  0.097477  -0.0000   0.00003487
  0.097747  -0.0000   0.00003507
  0.098134  -0.0000   0.00003537
  0.098692  -0.0000   0.00003582
  0.099238  -0.0000   0.00003626
  0.100039  -0.0000   0.00003693
  0.100847  -0.0000   0.00003760
  0.102106  -0.0000   0.00003859
  0.103433  -0.0000   0.00003959
  0.104561  -0.0000   0.00004040
  0.105748  -0.0000   0.00004120
  0.107001  -0.0000   0.00004201
  0.108538  -0.0000   0.00004294
  0.110168  -0.0000   0.00004387
  0.111895  -0.0000   0.00004480
  0.113719  -0.0000   0.00004573
  0.115643  -0.0000   0.00004666
  0.115969  -0.0000   0.00004682
  0.116201  -0.0000   0.00004698
  0.116407  -0.0000   0.00004713
  0.116703  -0.0000   0.00004737
  0.117128  -0.0000   0.00004772
  0.117662  -0.0000   0.00004818
  0.118185  -0.0000   0.00004865
  0.118960  -0.0000   0.00004934
  0.119738  -0.0000   0.00005003
  0.120936  -0.0000   0.00005107
  0.121829  -0.0000   0.00005182
  0.122753  -0.0000   0.00005257
  0.123711  -0.0000   0.00005332
  0.125235  -0.0000   0.00005445
  0.126850  -0.0000   0.00005557
  0.128561  -0.0000   0.00005670
  0.130369  -0.0000   0.00005783
  0.132276  -0.0000   0.00005895
  0.134283  -0.0000   0.00006008
  0.134702  -0.0000   0.00006031
  0.135089  -0.0000   0.00006055
  0.135371  -0.0000   0.00006078
  0.135774  -0.0000   0.00006113
  0.136164  -0.0000   0.00006148
  0.136544  -0.0000   0.00006183
  0.137102  -0.0000   0.00006235
  0.137926  -0.0000   0.00006314
  0.139176  -0.0000   0.00006432
  0.140464  -0.0000   0.00006550
  0.141808  -0.0000   0.00006668
  0.143217  -0.0000   0.00006786
  0.144698  -0.0000   0.00006903
  0.146254  -0.0000   0.00007021
  0.147888  -0.0000   0.00007139
  0.149601  -0.0000   0.00007257
  0.151394  -0.0000   0.00007375
  0.153773  -0.0000   0.00007523
  0.154043  -0.0000   0.00007542
  0.154249  -0.0000   0.00007560
  0.154451  -0.0000   0.00007578
  0.154745  -0.0000   0.00007605
  0.155172  -0.0000   0.00007646
  0.155794  -0.0000   0.00007708
  0.156615  -0.0000   0.00007791
  0.157434  -0.0000   0.00007873
  0.158684  -0.0000   0.00007998
  0.159975  -0.0000   0.00008122
  0.161319  -0.0000   0.00008246
  0.162721  -0.0000   0.00008370
  0.164187  -0.0000   0.00008494
  0.165718  -0.0000   0.00008619
  0.167315  -0.0000   0.00008743
  0.168979  -0.0000   0.00008867
  0.171354  -0.0000   0.00009035
  0.172137  -0.0000   0.00009089
  0.172923  -0.0000   0.00009144
  0.173247  -0.0000   0.00009175
  0.173562  -0.0000   0.00009206
  0.173870  -0.0000   0.00009236
  0.174320  -0.0000   0.00009283
  0.174979  -0.0000   0.00009352
  0.175956  -0.0000   0.00009456
  0.176938  -0.0000   0.00009561
  0.178062  -0.0000   0.00009678
  0.179219  -0.0000   0.00009794
  0.180414  -0.0000   0.00009911
  0.181781  -0.0000   0.00010050
  0.183013  -0.0000   0.00010190
  0.184235  -0.0000   0.00010320
  0.186046  -0.0000   0.00010530
  0.188719  -0.0000   0.00010840
  0.189193  -0.0000   0.00010890
  0.189665  -0.0000   0.00010950
  0.190135  -0.0000   0.00011000
  0.190838  -0.0000   0.00011080
  0.191214  -0.0000   0.00011130
  0.191510  -0.0000   0.00011180
  0.191794  -0.0000   0.00011230
  0.192198  -0.0000   0.00011300
  0.192587  -0.0000   0.00011380
  0.193146  -0.0000   0.00011490
  0.193949  -0.0000   0.00011660
  0.195113  -0.0000   0.00011910
  0.196258  -0.0000   0.00012160
  0.197394  -0.0000   0.00012410
  0.198525  -0.0000   0.00012660
  0.199652  -0.0000   0.00012910
  0.201323  -0.0000   0.00013280
  0.202987  -0.0000   0.00013650
  0.205462  -0.0000   0.00014210
  0.207915  -0.0000   0.00014770
  0.208169  -0.0000   0.00014830
  0.208422  -0.0000   0.00014890
  0.208647  -0.0000   0.00014950
  0.208919  -0.0000   0.00015030
  0.209307  -0.0000   0.00015160
  0.209677  -0.0000   0.00015290
  0.210035  -0.0000   0.00015420
  0.210553  -0.0000   0.00015620
  0.211305  -0.0000   0.00015910
  0.212407  -0.0000   0.00016350
  0.213498  -0.0000   0.00016790
  0.214586  -0.0000   0.00017230
  0.215672  -0.0000   0.00017670
  0.216758  -0.0000   0.00018110
  0.218384  -0.0000   0.00018770
  0.220788  -0.0000   0.00019750
  0.224090  -0.0000   0.00021110
  0.224550  -0.0000   0.00021300
  0.225010  -0.0000   0.00021490
  0.225469  -0.0000   0.00021680
  0.226105  -0.0000   0.00021960
  0.226370  -0.0000   0.00022110
  0.226625  -0.0000   0.00022270
  0.226872  -0.0000   0.00022420
  0.227230  -0.0000   0.00022640
  0.227746  -0.0000   0.00022980
  0.228496  -0.0000   0.00023500
  0.229600  -0.0000   0.00024260
  0.230698  -0.0000   0.00025030
  0.231796  -0.0000   0.00025790
  0.232893  -0.0000   0.00026560
  0.233991  -0.0000   0.00027330
  0.235637  -0.0000   0.00028470
  0.238096  -0.0000   0.00030200
  0.241751  -0.0000   0.00032780
  0.242026  -0.0000   0.00032980
  0.242301  -0.0000   0.00033170
  0.242575  -0.0000   0.00033370
  0.242986  -0.0000   0.00033660
  0.243529  -0.0000   0.00034100
  0.243837  -0.0000   0.00034400
  0.244132  -0.0000   0.00034700
  0.244417  -0.0000   0.00035000
  0.244832  -0.0000   0.00035460
  0.245437  -0.0000   0.00036130
  0.246327  -0.0000   0.00037150
  0.247213  -0.0000   0.00038170
  0.248098  -0.0000   0.00039190
  0.248985  -0.0000   0.00040210
  0.250308  -0.0000   0.00041730
  0.251632  -0.0000   0.00043250
  0.253615  -0.0000   0.00045530
  0.256575  -0.0000   0.00048950
  0.259288  -0.0000   0.00052100
  0.259714  -0.0000   0.00052600
  0.260140  -0.0000   0.00053090
  0.260565  -0.0000   0.00053590
  0.260924  -0.0000   0.00054100
  0.261239  -0.0000   0.00054600
  0.261542  -0.0000   0.00055110
  0.261980  -0.0000   0.00055870
  0.262408  -0.0000   0.00056630
  0.263038  -0.0000   0.00057770
  0.263975  -0.0000   0.00059480
  0.264912  -0.0000   0.00061190
  0.265850  -0.0000   0.00062900
  0.266790  -0.0000   0.00064610
  0.268202  -0.0000   0.00067180
  0.270319  -0.0000   0.00071030
  0.273479  -0.0000   0.00076800
  0.277330  -0.0000   0.00083910
  0.277586  -0.0000   0.00084380
  0.277843  -0.0000   0.00084850
  0.278092  -0.0000   0.00085330
  0.278394  -0.0000   0.00086060
  0.278684  -0.0000   0.00086800
  0.278965  -0.0000   0.00087540
  0.279239  -0.0000   0.00088280
  0.279641  -0.0000   0.00089380
  0.280236  -0.0000   0.00091040
  0.281123  -0.0000   0.00093530
  0.282011  -0.0000   0.00096020
  0.282901  -0.0000   0.00098510
  0.283793  -0.0000   0.00101000
  0.285133  -0.0000   0.00104700
  0.287142  -0.0000   0.00110300
  0.290145  -0.0000   0.00118700
  0.294606  -0.0000   0.00131400
  0.294859  -0.0000   0.00132100
  0.295112  -0.0000   0.00132800
  0.295365  -0.0000   0.00133500
  0.295679  -0.0000   0.00134600
  0.296096  -0.0000   0.00136200
  0.296496  -0.0000   0.00137800
  0.296888  -0.0000   0.00139400
  0.297276  -0.0000   0.00141000
  0.297853  -0.0000   0.00143400
  0.298718  -0.0000   0.00147100
  0.299812  -0.0000   0.00151600
  0.300908  -0.0000   0.00156200
  0.302006  -0.0000   0.00160800
  0.303655  -0.0000   0.00167600
  0.306122  -0.0000   0.00177900
  0.309799  -0.0000   0.00193300
  0.310218  -0.0000   0.00195100
  0.310637  -0.0000   0.00196800
  0.311056  -0.0000   0.00198600
  0.311683  -0.0000   0.00201200
  0.312621  -0.0000   0.00205200
  0.312920  -0.0000   0.00206500
  0.313159  -0.0000   0.00207800
  0.313389  -0.0000   0.00209100
  0.313722  -0.0000   0.00211000
  0.314047  -0.0000   0.00212900
  0.314527  -0.0000   0.00215900
  0.315242  -0.0000   0.00220200
  0.316119  -0.0000   0.00225600
  0.316998  -0.0000   0.00230900
  0.317880  -0.0000   0.00236300
  0.318764  -0.0000   0.00241600
  0.320091  -0.0000   0.00249600
  0.322079  -0.0000   0.00261700
  0.325051  -0.0000   0.00279700
  0.329470  -0.0000   0.00306800
  0.329728  -0.0000   0.00308400
  0.329986  -0.0000   0.00310000
  0.330243  -0.0000   0.00311600
  0.330567  -0.0000   0.00313900
  0.330999  -0.0000   0.00317500
  0.331417  -0.0000   0.00321100
  0.331829  -0.0000   0.00324600
  0.332238  -0.0000   0.00328200
  0.332852  -0.0000   0.00333500
  0.333775  -0.0000   0.00341500
  0.334702  -0.0000   0.00349500
  0.335630  -0.0000   0.00357500
  0.337025  -0.0000   0.00369600
  0.339116  -0.0000   0.00387600
  0.342242  -0.0000   0.00414600
  0.346889  -0.0000   0.00455100
  0.347147  -0.0000   0.00457400
  0.347406  -0.0000   0.00459700
  0.347664  -0.0000   0.00461900
  0.348000  -0.0000   0.00465300
  0.348438  -0.0000   0.00470400
  0.348863  -0.0000   0.00475500
  0.349281  -0.0000   0.00480500
  0.349699  -0.0000   0.00485600
  0.350325  -0.0000   0.00493200
  0.351269  -0.0000   0.00504600
  0.352215  -0.0000   0.00516100
  0.353163  -0.0000   0.00527500
  0.354588  -0.0000   0.00544600
  0.356723  -0.0000   0.00570300
  0.359913  -0.0000   0.00608900
  0.364655  -0.0000   0.00666700
  0.364901  -0.0000   0.00669700
  0.365147  -0.0000   0.00672700
  0.365380  -0.0000   0.00675700
  0.365671  -0.0000   0.00680200
  0.366086  -0.0000   0.00687000
  0.366494  -0.0000   0.00693700
  0.366898  -0.0000   0.00700500
  0.367505  -0.0000   0.00710600
  0.368419  -0.0000   0.00725800
  0.369336  -0.0000   0.00741100
  0.370255  -0.0000   0.00756300
  0.371636  -0.0000   0.00779100
  0.373707  -0.0000   0.00813300
  0.376803  -0.0000   0.00864600
  0.381410  -0.0000   0.00941600
  0.381707  -0.0000   0.00946600
  0.382005  -0.0000   0.00951600
  0.382302  -0.0000   0.00956600
  0.382747  -0.0000   0.00964000
  0.383045  -0.0000   0.00969800
  0.383316  -0.0000   0.00975700
  0.383579  -0.0000   0.00981500
  0.383967  -0.0000   0.00990200
  0.384547  -0.0000   0.01003000
  0.385418  -0.0000   0.01023000
  0.386293  -0.0000   0.01043000
  0.387170  -0.0000   0.01062000
  0.388050  -0.0000   0.01082000
  0.389370  -0.0000   0.01111000
  0.391348  -0.0000   0.01156000
  0.394307  -0.0000   0.01222000
  0.398711  -0.0000   0.01321000
  0.398982  -0.0000   0.01327000
  0.399254  -0.0000   0.01334000
  0.399525  -0.0000   0.01340000
  0.399931  -0.0000   0.01349000
  0.400510  -0.0000   0.01363000
  0.400778  -0.0000   0.01370000
  0.401038  -0.0000   0.01378000
  0.401294  -0.0000   0.01386000
  0.401675  -0.0000   0.01397000
  0.402246  -0.0000   0.01414000
  0.403105  -0.0000   0.01440000
  0.403968  -0.0000   0.01466000
  0.404834  -0.0000   0.01492000
  0.406134  -0.0000   0.01530000
  0.408084  -0.0000   0.01588000
  0.411002  -0.0000   0.01676000
  0.415349  -0.0000   0.01806000
  0.415681  -0.0000   0.01816000
  0.416013  -0.0000   0.01826000
  0.416344  -0.0000   0.01836000
  0.416841  -0.0000   0.01851000
  0.417585  -0.0000   0.01873000
  0.417964  -0.0000   0.01885000
  0.418271  -0.0000   0.01896000
  0.418566  -0.0000   0.01908000
  0.418857  -0.0000   0.01919000
  0.419145  -0.0000   0.01931000
  0.419578  -0.0000   0.01948000
  0.420229  -0.0000   0.01974000
  0.421210  -0.0000   0.02012000
  0.422194  -0.0000   0.02051000
  0.423179  -0.0000   0.02089000
  0.424659  -0.0000   0.02147000
  0.426874  -0.0000   0.02234000
  0.430184  -0.0000   0.02364000
  0.435107  -0.0000   0.02560000
  0.435347  -0.0000   0.02569000
  0.435579  -0.0000   0.02579000
  0.435776  -0.0000   0.02588000
  0.436060  -0.0000   0.02603000
  0.436477  -0.0000   0.02624000
  0.436893  -0.0000   0.02646000
  0.437519  -0.0000   0.02678000
  0.438319  -0.0000   0.02719000
  0.439121  -0.0000   0.02760000
  0.439926  -0.0000   0.02801000
  0.441134  -0.0000   0.02862000
  0.442945  -0.0000   0.02955000
  0.445656  -0.0000   0.03093000
  0.449699  -0.0000   0.03300000
  0.450163  -0.0000   0.03324000
  0.450627  -0.0000   0.03348000
  0.451090  -0.0000   0.03372000
  0.451783  -0.0000   0.03408000
  0.452822  -0.0000   0.03461000
  0.453127  -0.0000   0.03477000
  0.453383  -0.0000   0.03493000
  0.453626  -0.0000   0.03509000
  0.453983  -0.0000   0.03532000
  0.454339  -0.0000   0.03556000
  0.454874  -0.0000   0.03591000
  0.455679  -0.0000   0.03644000
  0.456488  -0.0000   0.03697000
  0.457298  -0.0000   0.03751000
  0.458515  -0.0000   0.03830000
  0.460339  -0.0000   0.03950000
  0.463070  -0.0000   0.04129000
  0.467143  -0.0000   0.04398000
  0.467635  -0.0000   0.04431000
  0.468127  -0.0000   0.04463000
  0.468618  -0.0000   0.04496000
  0.469354  -0.0000   0.04544000
  0.470455  -0.0000   0.04618000
  0.470748  -0.0000   0.04637000
  0.470993  -0.0000   0.04657000
  0.471228  -0.0000   0.04676000
  0.471575  -0.0000   0.04705000
  0.471920  -0.0000   0.04734000
  0.472439  -0.0000   0.04778000
  0.473221  -0.0000   0.04844000
  0.474007  -0.0000   0.04910000
  0.475187  -0.0000   0.05008000
  0.476369  -0.0000   0.05107000
  0.478140  -0.0000   0.05255000
  0.480791  -0.0000   0.05476000
  0.484745  -0.0000   0.05809000
  0.485273  -0.0000   0.05853000
  0.485800  -0.0000   0.05898000
  0.486326  -0.0000   0.05942000
  0.487115  -0.0000   0.06009000
  0.488295  -0.0000   0.06109000
  0.488529  -0.0000   0.06131000
  0.488741  -0.0000   0.06153000
  0.488948  -0.0000   0.06174000
  0.489257  -0.0000   0.06207000
  0.489719  -0.0000   0.06257000
  0.490416  -0.0000   0.06331000
  0.491115  -0.0000   0.06405000
  0.491817  -0.0000   0.06479000
  0.492870  -0.0000   0.06590000
  0.494452  -0.0000   0.06756000
  0.496821  -0.0000   0.07006000
  0.500360  -0.0000   0.07381000
  0.504690  -0.0000   0.07842000
  0.505001  -0.0000   0.07875000
  0.505313  -0.0000   0.07909000
  0.505624  -0.0000   0.07942000
  0.506082  -0.0000   0.07992000
  0.506324  -0.0000   0.08023000
  0.506559  -0.0000   0.08054000
  0.506793  -0.0000   0.08085000
  0.507142  -0.0000   0.08132000
  0.507669  -0.0000   0.08202000
  0.508462  -0.0000   0.08307000
  0.509258  -0.0000   0.08412000
  0.510454  -0.0000   0.08570000
  0.512249  -0.0000   0.08807000
  0.514937  -0.0000   0.09161000
  0.518949  -0.0000   0.09694000
  0.519824  -0.0000   0.09810000
  0.520697  -0.0000   0.09926000
  0.521569  -0.0000   0.10000000
  0.522874  -0.0000   0.10200000
  0.523263  -0.0000   0.10300000
  0.523651  -0.0000   0.10300000
  0.523981  -0.0000   0.10400000
  0.524297  -0.0000   0.10400000
  0.524610  -0.0000   0.10500000
  0.524924  -0.0000   0.10500000
  0.525396  -0.0000   0.10600000
  0.526108  -0.0000   0.10700000
  0.527179  -0.0000   0.10900000
  0.528788  -0.0000   0.11200000
  0.531199  -0.0000   0.11600000
  0.534803  -0.0000   0.12100000
  0.539155  -0.0000   0.12900000
  0.539584  -0.0000   0.12900000
  0.540012  -0.0000   0.13000000
  0.540440  -0.0000   0.13100000
  0.541081  -0.0000   0.13200000
  0.541419  -0.0000   0.13200000
  0.541710  -0.0000   0.13300000
  0.541996  -0.0000   0.13400000
  0.542424  -0.0000   0.13500000
  0.542854  -0.0000   0.13500000
  0.543501  -0.0000   0.13700000
  0.544150  -0.0000   0.13800000
  0.545125  -0.0000   0.14000000
  0.546590  -0.0000   0.14300000
  0.548785  -0.0000   0.14700000
  0.552067  -0.0000   0.15400000
  0.556956  -0.0000   0.16400000
  0.557329  -0.0000   0.16500000
  0.557701  -0.0000   0.16500000
  0.558073  -0.0000   0.16600000
  0.558630  -0.0000   0.16700000
  0.559107  -0.0000   0.16800000
  0.559400  -0.0000   0.16900000
  0.559689  -0.0000   0.17000000
  0.559977  -0.0000   0.17100000
  0.560265  -0.0000   0.17100000
  0.560700  -0.0000   0.17200000
  0.561354  -0.0000   0.17400000
  0.562338  -0.0000   0.17600000
  0.563816  -0.0000   0.18000000
  0.566032  -0.0000   0.18600000
  0.569345  -0.0000   0.19400000
  0.573361  -0.0000   0.20400000
  0.574556  -0.0000   0.20700000
  0.575748  -0.0000   0.21000000
  0.576893  -0.0000   0.21300000
  0.577156  -0.0000   0.21300000
  0.577416  -0.0000   0.21400000
  0.577675  -0.0000   0.21500000
  0.578065  -0.0000   0.21600000
  0.578653  -0.0000   0.21800000
  0.579538  -0.0000   0.22100000
  0.580425  -0.0000   0.22300000
  0.581757  -0.0000   0.22700000
  0.583752  -0.0000   0.23300000
  0.586738  -0.0000   0.24200000
  0.590045  -0.0000   0.25200000
  0.593335  -0.0000   0.26200000
  0.593668  -0.0000   0.26300000
  0.594001  -0.0000   0.26400000
  0.594334  -0.0000   0.26500000
  0.594650  -0.0000   0.26600000
  0.594947  -0.0000   0.26800000
  0.595243  -0.0000   0.26900000
  0.595689  -0.0000   0.27000000
  0.596361  -0.0000   0.27300000
  0.597035  -0.0000   0.27500000
  0.598049  -0.0000   0.27900000
  0.599569  -0.0000   0.28400000
  0.601848  -0.0000   0.29300000
  0.604595  -0.0000   0.30300000
  0.607332  -0.0000   0.31300000
  0.610058  -0.0000   0.32300000
  0.610949  -0.0000   0.32600000
  0.611838  -0.0000   0.32900000
  0.612183  -0.0000   0.33000000
  0.612487  -0.0000   0.33200000
  0.612788  -0.0000   0.33300000
  0.613240  -0.0000   0.33500000
  0.613694  -0.0000   0.33700000
  0.614377  -0.0000   0.34000000
  0.615063  -0.0000   0.34300000
  0.616092  -0.0000   0.34800000
  0.617636  -0.0000   0.35400000
  0.619926  -0.0000   0.36400000
  0.622211  -0.0000   0.37400000
  0.624489  -0.0000   0.38400000
  0.626760  -0.0000   0.39400000
  0.629024  -0.0000   0.40400000
  0.629380  -0.0000   0.40600000
  0.629737  -0.0000   0.40700000
  0.630053  -0.0000   0.40900000
  0.630501  -0.0000   0.41100000
  0.630950  -0.0000   0.41400000
  0.631401  -0.0000   0.41600000
  0.632047  -0.0000   0.42000000
  0.632695  -0.0000   0.42300000
  0.633667  -0.0000   0.42800000
  0.635126  -0.0000   0.43600000
  0.637043  -0.0000   0.44600000
  0.638956  -0.0000   0.45600000
  0.640865  -0.0000   0.46600000
  0.642769  -0.0000   0.47600000
  0.644668  -0.0000   0.48600000
  0.646562  -0.0000   0.49600000
  0.647034  -0.0000   0.49800000
  0.647506  -0.0000   0.50100000
  0.647780  -0.0000   0.50200000
  0.648047  -0.0000   0.50400000
  0.648314  -0.0000   0.50600000
  0.648715  -0.0000   0.50800000
  0.649320  -0.0000   0.51200000
  0.650230  -0.0000   0.51800000
  0.651142  -0.0000   0.52300000
  0.652510  -0.0000   0.53200000
  0.654122  -0.0000   0.54200000
  0.655731  -0.0000   0.55200000
  0.657338  -0.0000   0.56200000
  0.658942  -0.0000   0.57200000
  0.660542  -0.0000   0.58200000
  0.662139  -0.0000   0.59200000
  0.663732  -0.0000   0.60200000
  0.665311  -0.0000   0.61200000
  0.665531  -0.0000   0.61300000
  0.665748  -0.0000   0.61500000
  0.665964  -0.0000   0.61700000
  0.666290  -0.0000   0.61900000
  0.666781  -0.0000   0.62300000
  0.667520  -0.0000   0.62800000
  0.668631  -0.0000   0.63600000
  0.669992  -0.0000   0.64600000
  0.671353  -0.0000   0.65600000
  0.672713  -0.0000   0.66600000
  0.674072  -0.0000   0.67600000
  0.675428  -0.0000   0.68600000
  0.676782  -0.0000   0.69600000
  0.678134  -0.0000   0.70600000
  0.679483  -0.0000   0.71600000
  0.680830  -0.0000   0.72600000
  0.682174  -0.0000   0.73600000
  0.682805  -0.0000   0.74100000
  0.683178  -0.0000   0.74400000
  0.683520  -0.0000   0.74700000
  0.683862  -0.0000   0.75000000
  0.684348  -0.0000   0.75400000
  0.684835  -0.0000   0.75800000
  0.685567  -0.0000   0.76500000
  0.686668  -0.0000   0.77400000
  0.687824  -0.0000   0.78400000
  0.688980  -0.0000   0.79400000
  0.690135  -0.0000   0.80400000
  0.691289  -0.0000   0.81400000
  0.692441  -0.0000   0.82400000
  0.693592  -0.0000   0.83400000
  0.694742  -0.0000   0.84400000
  0.695889  -0.0000   0.85400000
  0.697035  -0.0000   0.86400000
  0.698179  -0.0000   0.87400000
  0.699320  -0.0000   0.88400000
  0.700460  -0.0000   0.89400000
  0.700765  -0.0000   0.89700000
  0.701036  -0.0000   0.90000000
  0.701306  -0.0000   0.90300000
  0.701712  -0.0000   0.90700000
  0.702119  -0.0000   0.91100000
  0.702732  -0.0000   0.91700000
  0.703654  -0.0000   0.92600000
  0.704639  -0.0000   0.93600000
  0.705625  -0.0000   0.94600000
  0.706609  -0.0000   0.95600000
  0.707594  -0.0000   0.96600000
  0.708577  -0.0000   0.97600000
  0.709559  -0.0000   0.98600000
  0.710541  -0.0000   0.99600000
  0.710891  -0.0000   1.00000000
  0.707460  -0.0000   1.00000000
  0.707460  -0.0000   1.00000000
  0.707460  -0.0000   1.00000000
  0.707459  -0.0000   1.00000000
  0.707459  -0.0000   1.00000000
  0.707458  -0.0000   1.00000000
  0.707456  -0.0000   1.00000000
  0.707452  -0.0000   1.00000000
  0.707445  -0.0000   1.00000000
  0.707430  -0.0000   1.00000000
  0.707400  -0.0000   1.00000000
  0.707342  -0.0000   1.00000000
