  0.000353  -0.0000   0.00000010
  0.000768  -0.0000   0.00000020
  0.002081  -0.0000   0.00000030
  0.007753  -0.0000   0.00000045
  0.008757  -0.0000   0.00000067
  0.010168  -0.0000   0.00000101
  0.012305  -0.0000   0.00000152
  0.015553  -0.0000   0.00000228
  0.018495  -0.0000   0.00000296
  0.021357  -0.0000   0.00000364
  0.022085  -0.0000   0.00000432
  0.023185  -0.0000   0.00000534
  0.024294  -0.0000   0.00000636
  0.025983  -0.0000   0.00000789
  0.027580  -0.0000   0.00000931
  0.029210  -0.0000   0.00001074
  0.030875  -0.0000   0.00001216
  0.032315  -0.0000   0.00001337
  0.033787  -0.0000   0.00001457
  0.035292  -0.0000   0.00001578
  0.036689  -0.0000   0.00001687
  0.038117  -0.0000   0.00001797
  0.039579  -0.0000   0.00001906
  0.040984  -0.0000   0.00002009
  0.042422  -0.0000   0.00002112
  0.043892  -0.0000   0.00002215
  0.045557  -0.0000   0.00002329
  0.046496  -0.0000   0.00002442
  0.047312  -0.0000   0.00002556
  0.048131  -0.0000   0.00002670
  0.048956  -0.0000   0.00002783
  0.049787  -0.0000   0.00002897
  0.050863  -0.0000   0.00003043
  0.051952  -0.0000   0.00003189
  0.053256  -0.0000   0.00003361
  0.054582  -0.0000   0.00003533
  0.056181  -0.0000   0.00003737
  0.057815  -0.0000   0.00003941
  0.059929  -0.0000   0.00004197
  0.062107  -0.0000   0.00004454
  0.064868  -0.0000   0.00004766
  0.067740  -0.0000   0.00005079
  0.070036  -0.0000   0.00005392
  0.071036  -0.0000   0.00005566
  0.072042  -0.0000   0.00005741
  0.073054  -0.0000   0.00005916
  0.074592  -0.0000   0.00006178
  0.076524  -0.0000   0.00006501
  0.078495  -0.0000   0.00006824
  0.080512  -0.0000   0.00007148
  0.082577  -0.0000   0.00007471
  0.085648  -0.0000   0.00007935
  0.088842  -0.0000   0.00008398
  0.092144  -0.0000   0.00008862
  0.093236  -0.0000   0.00009084
  0.094332  -0.0000   0.00009307
  0.095435  -0.0000   0.00009530
  0.097108  -0.0000   0.00009864
  0.098273  -0.0000   0.00010250
  0.099005  -0.0000   0.00010630
  0.099716  -0.0000   0.00011010
  0.100578  -0.0000   0.00011490
  0.101415  -0.0000   0.00011970
  0.102381  -0.0000   0.00012540
  0.103321  -0.0000   0.00013110
  0.104445  -0.0000   0.00013810
  0.105541  -0.0000   0.00014520
  0.106877  -0.0000   0.00015400
  0.108182  -0.0000   0.00016280
  0.109778  -0.0000   0.00017380
  0.111018  -0.0000   0.00018490
  0.111628  -0.0000   0.00019180
  0.112219  -0.0000   0.00019880
  0.112792  -0.0000   0.00020570
  0.113620  -0.0000   0.00021610
  0.114638  -0.0000   0.00022950
  0.115620  -0.0000   0.00024290
  0.116574  -0.0000   0.00025620
  0.117879  -0.0000   0.00027520
  0.119147  -0.0000   0.00029410
  0.120883  -0.0000   0.00032090
  0.122575  -0.0000   0.00034770
  0.124647  -0.0000   0.00038120
  0.126678  -0.0000   0.00041480
  0.127818  -0.0000   0.00043390
  0.128668  -0.0000   0.00045290
  0.129416  -0.0000   0.00047200
  0.130139  -0.0000   0.00049100
  0.130843  -0.0000   0.00051010
  0.131529  -0.0000   0.00052910
  0.132528  -0.0000   0.00055770
  0.133961  -0.0000   0.00060020
  0.135522  -0.0000   0.00064780
  0.137048  -0.0000   0.00069540
  0.138548  -0.0000   0.00074300
  0.140757  -0.0000   0.00081450
  0.143255  -0.0000   0.00089650
  0.145721  -0.0000   0.00097860
  0.146232  -0.0000   0.00099810
  0.146649  -0.0000   0.00101800
  0.147058  -0.0000   0.00103700
  0.147655  -0.0000   0.00106600
  0.148523  -0.0000   0.00111000
  0.149599  -0.0000   0.00116600
  0.150648  -0.0000   0.00122200
  0.151678  -0.0000   0.00127800
  0.153190  -0.0000   0.00136300
  0.155415  -0.0000   0.00148900
  0.157611  -0.0000   0.00161500
  0.159787  -0.0000   0.00174100
  0.161948  -0.0000   0.00186800
  0.164097  -0.0000   0.00199400
  0.164467  -0.0000   0.00202000
  0.164796  -0.0000   0.00204600
  0.165119  -0.0000   0.00207200
  0.165595  -0.0000   0.00211100
  0.166289  -0.0000   0.00217000
  0.167301  -0.0000   0.00225800
  0.168486  -0.0000   0.00236400
  0.169651  -0.0000   0.00247000
  0.170802  -0.0000   0.00257600
  0.172509  -0.0000   0.00273500
  0.174854  -0.0000   0.00295500
  0.177185  -0.0000   0.00317500
  0.179506  -0.0000   0.00339600
  0.181818  -0.0000   0.00361600
  0.182324  -0.0000   0.00366400
  0.182771  -0.0000   0.00371300
  0.183154  -0.0000   0.00376100
  0.183715  -0.0000   0.00383300
  0.184531  -0.0000   0.00394200
  0.185471  -0.0000   0.00407000
  0.186395  -0.0000   0.00419900
  0.187307  -0.0000   0.00432700
  0.188659  -0.0000   0.00451900
  0.190669  -0.0000   0.00480800
  0.192669  -0.0000   0.00509600
  0.194663  -0.0000   0.00538500
  0.196652  -0.0000   0.00567300
  0.198637  -0.0000   0.00596200
  0.200619  -0.0000   0.00625100
  0.201176  -0.0000   0.00633800
  0.201641  -0.0000   0.00642600
  0.202096  -0.0000   0.00651400
  0.202763  -0.0000   0.00664600
  0.203737  -0.0000   0.00684300
  0.204895  -0.0000   0.00708100
  0.206041  -0.0000   0.00732000
  0.207700  -0.0000   0.00766800
  0.209353  -0.0000   0.00801700
  0.211002  -0.0000   0.00836500
  0.212649  -0.0000   0.00871300
  0.215115  -0.0000   0.00923600
  0.218469  -0.0000   0.00994800
  0.218931  -0.0000   0.01005000
  0.219392  -0.0000   0.01014000
  0.219790  -0.0000   0.01024000
  0.220329  -0.0000   0.01039000
  0.221115  -0.0000   0.01061000
  0.221885  -0.0000   0.01083000
  0.222645  -0.0000   0.01105000
  0.223772  -0.0000   0.01138000
  0.225449  -0.0000   0.01188000
  0.227120  -0.0000   0.01237000
  0.228789  -0.0000   0.01287000
  0.230457  -0.0000   0.01337000
  0.232931  -0.0000   0.01410000
  0.235400  -0.0000   0.01484000
  0.236733  -0.0000   0.01524000
  0.238065  -0.0000   0.01564000
  0.238573  -0.0000   0.01582000
  0.239052  -0.0000   0.01600000
  0.239523  -0.0000   0.01618000
  0.240216  -0.0000   0.01646000
  0.241240  -0.0000   0.01686000
  0.242756  -0.0000   0.01748000
  0.244267  -0.0000   0.01809000
  0.245775  -0.0000   0.01870000
  0.247283  -0.0000   0.01931000
  0.248791  -0.0000   0.01993000
  0.251051  -0.0000   0.02085000
  0.254435  -0.0000   0.02222000
  0.255036  -0.0000   0.02247000
  0.255636  -0.0000   0.02271000
  0.256237  -0.0000   0.02296000
  0.257084  -0.0000   0.02333000
  0.257595  -0.0000   0.02359000
  0.258097  -0.0000   0.02384000
  0.258592  -0.0000   0.02410000
  0.259324  -0.0000   0.02449000
  0.260410  -0.0000   0.02508000
  0.261764  -0.0000   0.02581000
  0.263115  -0.0000   0.02654000
  0.264466  -0.0000   0.02727000
  0.265818  -0.0000   0.02800000
  0.267844  -0.0000   0.02910000
  0.270882  -0.0000   0.03074000
  0.275426  -0.0000   0.03321000
  0.275765  -0.0000   0.03341000
  0.276071  -0.0000   0.03361000
  0.276373  -0.0000   0.03381000
  0.276818  -0.0000   0.03412000
  0.277476  -0.0000   0.03457000
  0.278451  -0.0000   0.03525000
  0.279904  -0.0000   0.03627000
  0.281354  -0.0000   0.03730000
  0.282804  -0.0000   0.03832000
  0.284255  -0.0000   0.03934000
  0.286432  -0.0000   0.04088000
  0.289694  -0.0000   0.04318000
  0.294535  -0.0000   0.04663000
  0.294832  -0.0000   0.04688000
  0.295124  -0.0000   0.04713000
  0.295412  -0.0000   0.04738000
  0.295839  -0.0000   0.04775000
  0.296471  -0.0000   0.04832000
  0.297411  -0.0000   0.04916000
  0.298814  -0.0000   0.05043000
  0.300217  -0.0000   0.05169000
  0.301620  -0.0000   0.05296000
  0.303025  -0.0000   0.05423000
  0.305133  -0.0000   0.05613000
  0.308293  -0.0000   0.05898000
  0.313023  -0.0000   0.06326000
  0.313357  -0.0000   0.06357000
  0.313652  -0.0000   0.06389000
  0.313944  -0.0000   0.06421000
  0.314374  -0.0000   0.06469000
  0.315012  -0.0000   0.06540000
  0.315959  -0.0000   0.06647000
  0.317376  -0.0000   0.06808000
  0.318791  -0.0000   0.06968000
  0.320208  -0.0000   0.07129000
  0.321626  -0.0000   0.07290000
  0.323753  -0.0000   0.07531000
  0.326941  -0.0000   0.07893000
  0.331711  -0.0000   0.08435000
  0.332066  -0.0000   0.08475000
  0.332375  -0.0000   0.08516000
  0.332673  -0.0000   0.08556000
  0.333113  -0.0000   0.08616000
  0.333764  -0.0000   0.08707000
  0.334733  -0.0000   0.08843000
  0.336107  -0.0000   0.09037000
  0.337480  -0.0000   0.09230000
  0.338855  -0.0000   0.09424000
  0.340230  -0.0000   0.09617000
  0.342294  -0.0000   0.09908000
  0.345387  -0.0000   0.10300000
  0.350016  -0.0000   0.11000000
  0.350410  -0.0000   0.11100000
  0.350804  -0.0000   0.11100000
  0.351187  -0.0000   0.11200000
  0.351851  -0.0000   0.11300000
  0.352504  -0.0000   0.11400000
  0.353151  -0.0000   0.11500000
  0.353796  -0.0000   0.11600000
  0.354762  -0.0000   0.11800000
  0.356212  -0.0000   0.12000000
  0.357890  -0.0000   0.12300000
  0.359569  -0.0000   0.12600000
  0.361249  -0.0000   0.12900000
  0.363767  -0.0000   0.13300000
  0.367537  -0.0000   0.14000000
  0.368109  -0.0000   0.14100000
  0.368682  -0.0000   0.14200000
  0.369254  -0.0000   0.14300000
  0.370096  -0.0000   0.14400000
  0.370516  -0.0000   0.14500000
  0.370930  -0.0000   0.14600000
  0.371341  -0.0000   0.14700000
  0.371952  -0.0000   0.14800000
  0.372866  -0.0000   0.15000000
  0.374236  -0.0000   0.15300000
  0.375607  -0.0000   0.15600000
  0.376980  -0.0000   0.15900000
  0.378353  -0.0000   0.16100000
  0.380413  -0.0000   0.16600000
  0.383501  -0.0000   0.17200000
  0.388121  -0.0000   0.18200000
  0.388556  -0.0000   0.18300000
  0.388992  -0.0000   0.18400000
  0.389372  -0.0000   0.18500000
  0.389926  -0.0000   0.18600000
  0.390747  -0.0000   0.18800000
  0.391565  -0.0000   0.19000000
  0.392656  -0.0000   0.19300000
  0.393947  -0.0000   0.19600000
  0.395239  -0.0000   0.19900000
  0.397178  -0.0000   0.20400000
  0.400086  -0.0000   0.21200000
  0.404064  -0.0000   0.22200000
  0.408025  -0.0000   0.23200000
  0.408350  -0.0000   0.23300000
  0.408669  -0.0000   0.23300000
  0.408986  -0.0000   0.23400000
  0.409457  -0.0000   0.23600000
  0.410161  -0.0000   0.23800000
  0.411216  -0.0000   0.24100000
  0.412685  -0.0000   0.24500000
  0.414155  -0.0000   0.25000000
  0.415627  -0.0000   0.25400000
  0.417836  -0.0000   0.26100000
  0.421148  -0.0000   0.27100000
  0.424489  -0.0000   0.28100000
  0.426004  -0.0000   0.28500000
  0.427446  -0.0000   0.29000000
  0.428000  -0.0000   0.29200000
  0.428548  -0.0000   0.29400000
  0.429094  -0.0000   0.29600000
  0.429913  -0.0000   0.29900000
  0.431142  -0.0000   0.30300000
  0.432701  -0.0000   0.30800000
  0.434262  -0.0000   0.31400000
  0.436603  -0.0000   0.32200000
  0.439441  -0.0000   0.33200000
  0.442275  -0.0000   0.34200000
  0.445104  -0.0000   0.35200000
  0.445674  -0.0000   0.35400000
  0.446219  -0.0000   0.35600000
  0.446715  -0.0000   0.35800000
  0.447448  -0.0000   0.36100000
  0.448179  -0.0000   0.36400000
  0.448910  -0.0000   0.36700000
  0.450008  -0.0000   0.37200000
  0.451569  -0.0000   0.37800000
  0.453693  -0.0000   0.38700000
  0.455817  -0.0000   0.39600000
  0.458238  -0.0000   0.40600000
  0.460658  -0.0000   0.41600000
  0.463074  -0.0000   0.42600000
  0.465439  -0.0000   0.43600000
  0.465854  -0.0000   0.43800000
  0.466266  -0.0000   0.44000000
  0.466675  -0.0000   0.44200000
  0.467288  -0.0000   0.44500000
  0.468206  -0.0000   0.44900000
  0.469586  -0.0000   0.45600000
  0.470967  -0.0000   0.46200000
  0.473040  -0.0000   0.47200000
  0.475113  -0.0000   0.48200000
  0.477194  -0.0000   0.49200000
  0.479273  -0.0000   0.50200000
  0.481351  -0.0000   0.51200000
  0.483425  -0.0000   0.52200000
  0.484077  -0.0000   0.52500000
  0.484664  -0.0000   0.52800000
  0.485230  -0.0000   0.53200000
  0.486077  -0.0000   0.53600000
  0.486923  -0.0000   0.54100000
  0.488023  -0.0000   0.54700000
  0.489125  -0.0000   0.55300000
  0.490779  -0.0000   0.56200000
  0.492580  -0.0000   0.57200000
  0.494382  -0.0000   0.58200000
  0.496182  -0.0000   0.59200000
  0.497981  -0.0000   0.60200000
  0.499778  -0.0000   0.61200000
  0.501574  -0.0000   0.62200000
  0.503357  -0.0000   0.63200000
  0.503761  -0.0000   0.63500000
  0.504160  -0.0000   0.63800000
  0.504557  -0.0000   0.64000000
  0.505152  -0.0000   0.64400000
  0.506044  -0.0000   0.65000000
  0.507385  -0.0000   0.65800000
  0.508726  -0.0000   0.66700000
  0.510292  -0.0000   0.67700000
  0.511858  -0.0000   0.68700000
  0.513424  -0.0000   0.69700000
  0.514989  -0.0000   0.70700000
  0.516554  -0.0000   0.71700000
  0.518117  -0.0000   0.72700000
  0.519679  -0.0000   0.73700000
  0.521240  -0.0000   0.74700000
  0.522748  -0.0000   0.75700000
  0.523273  -0.0000   0.76100000
  0.523795  -0.0000   0.76400000
  0.524316  -0.0000   0.76800000
  0.525098  -0.0000   0.77400000
  0.526272  -0.0000   0.78300000
  0.527640  -0.0000   0.79300000
  0.529010  -0.0000   0.80300000
  0.530380  -0.0000   0.81300000
  0.531750  -0.0000   0.82300000
  0.533119  -0.0000   0.83300000
  0.534487  -0.0000   0.84300000
  0.535855  -0.0000   0.85300000
  0.537222  -0.0000   0.86300000
  0.538589  -0.0000   0.87300000
  0.539954  -0.0000   0.88300000
  0.541318  -0.0000   0.89300000
  0.541817  -0.0000   0.89600000
  0.542293  -0.0000   0.90000000
  0.542767  -0.0000   0.90400000
  0.543478  -0.0000   0.91000000
  0.544545  -0.0000   0.91900000
  0.545748  -0.0000   0.92900000
  0.546952  -0.0000   0.93900000
  0.548156  -0.0000   0.94900000
  0.549359  -0.0000   0.95900000
  0.550563  -0.0000   0.96900000
  0.551766  -0.0000   0.97900000
  0.552969  -0.0000   0.98900000
  0.554172  -0.0000   0.99900000
  0.554270  -0.0000   1.00000000
  0.549755  -0.0000   1.00000000
  0.549755  -0.0000   1.00000000
  0.549755  -0.0000   1.00000000
  0.549754  -0.0000   1.00000000
  0.549753  -0.0000   1.00000000
  0.549750  -0.0000   1.00000000
  0.549745  -0.0000   1.00000000
  0.549735  -0.0000   1.00000000
  0.549716  -0.0000   1.00000000
  0.549676  -0.0000   1.00000000
  0.549597  -0.0000   1.00000000
  0.549447  -0.0000   1.00000000
