  0.000038  -0.0000   0.00000010
  0.000081  -0.0000   0.00000020
  0.000221  -0.0000   0.00000030
  0.002570  -0.0000   0.00000045
  0.006259  -0.0000   0.00000067
  0.006409  -0.0000   0.00000101
  0.006631  -0.0000   0.00000152
  0.006963  -0.0000   0.00000228
  0.007464  -0.0000   0.00000342
  0.008219  -0.0000   0.00000513
  0.009360  -0.0000   0.00000769
  0.011090  -0.0000   0.00001153
  0.013722  -0.0000   0.00001730
  0.017734  -0.0000   0.00002595
  0.021941  -0.0000   0.00003892
  0.024176  -0.0000   0.00005791
  0.026467  -0.0000   0.00007690
  0.028821  -0.0000   0.00009589
  0.029690  -0.0000   0.00012440
  0.030309  -0.0000   0.00016710
  0.030924  -0.0000   0.00020980
  0.031837  -0.0000   0.00027390
  0.032743  -0.0000   0.00033800
  0.033642  -0.0000   0.00040210
  0.034534  -0.0000   0.00046620
  0.035421  -0.0000   0.00053030
  0.036541  -0.0000   0.00061190
  0.037654  -0.0000   0.00069350
  0.038760  -0.0000   0.00077510
  0.039858  -0.0000   0.00085670
  0.041376  -0.0000   0.00097030
  0.042883  -0.0000   0.00108400
  0.044381  -0.0000   0.00119800
  0.045868  -0.0000   0.00131100
  0.046309  -0.0000   0.00135000
  0.046573  -0.0000   0.00138900
  0.046835  -0.0000   0.00142800
  0.047224  -0.0000   0.00148700
  0.047801  -0.0000   0.00157500
  0.048370  -0.0000   0.00166300
  0.048934  -0.0000   0.00175000
  0.049492  -0.0000   0.00183800
  0.050047  -0.0000   0.00192600
  0.050809  -0.0000   0.00204800
  0.051565  -0.0000   0.00217000
  0.052317  -0.0000   0.00229200
  0.053064  -0.0000   0.00241400
  0.054143  -0.0000   0.00259100
  0.055216  -0.0000   0.00276900
  0.056519  -0.0000   0.00298500
  0.057818  -0.0000   0.00320100
  0.059555  -0.0000   0.00349200
  0.061286  -0.0000   0.00378200
  0.063872  -0.0000   0.00421800
  0.066448  -0.0000   0.00465400
  0.069305  -0.0000   0.00513900
  0.069909  -0.0000   0.00525400
  0.070358  -0.0000   0.00536900
  0.070801  -0.0000   0.00548500
  0.071669  -0.0000   0.00571500
  0.072527  -0.0000   0.00594500
  0.073377  -0.0000   0.00617600
  0.074223  -0.0000   0.00640600
  0.075483  -0.0000   0.00675200
  0.077317  -0.0000   0.00725800
  0.079464  -0.0000   0.00785300
  0.081605  -0.0000   0.00844700
  0.084807  -0.0000   0.00933900
  0.089591  -0.0000   0.01068000
  0.090734  -0.0000   0.01100000
  0.091875  -0.0000   0.01132000
  0.093015  -0.0000   0.01164000
  0.094575  -0.0000   0.01212000
  0.095114  -0.0000   0.01232000
  0.095647  -0.0000   0.01253000
  0.096177  -0.0000   0.01274000
  0.096966  -0.0000   0.01305000
  0.098140  -0.0000   0.01352000
  0.099892  -0.0000   0.01422000
  0.102197  -0.0000   0.01514000
  0.104496  -0.0000   0.01607000
  0.107937  -0.0000   0.01745000
  0.111369  -0.0000   0.01884000
  0.116502  -0.0000   0.02092000
  0.117108  -0.0000   0.02117000
  0.117714  -0.0000   0.02142000
  0.118319  -0.0000   0.02166000
  0.119035  -0.0000   0.02203000
  0.120085  -0.0000   0.02258000
  0.121126  -0.0000   0.02314000
  0.122162  -0.0000   0.02369000
  0.123195  -0.0000   0.02424000
  0.124741  -0.0000   0.02507000
  0.127055  -0.0000   0.02632000
  0.130517  -0.0000   0.02819000
  0.135695  -0.0000   0.03099000
  0.141403  -0.0000   0.03409000
  0.142101  -0.0000   0.03447000
  0.142785  -0.0000   0.03485000
  0.143353  -0.0000   0.03522000
  0.144197  -0.0000   0.03579000
  0.145453  -0.0000   0.03665000
  0.146703  -0.0000   0.03750000
  0.147951  -0.0000   0.03835000
  0.149819  -0.0000   0.03963000
  0.152616  -0.0000   0.04155000
  0.156801  -0.0000   0.04443000
  0.163060  -0.0000   0.04875000
  0.163948  -0.0000   0.04936000
  0.164835  -0.0000   0.04997000
  0.165722  -0.0000   0.05058000
  0.167052  -0.0000   0.05150000
  0.167746  -0.0000   0.05207000
  0.168429  -0.0000   0.05264000
  0.169109  -0.0000   0.05321000
  0.170125  -0.0000   0.05406000
  0.171645  -0.0000   0.05533000
  0.173921  -0.0000   0.05725000
  0.177326  -0.0000   0.06012000
  0.180726  -0.0000   0.06299000
  0.185814  -0.0000   0.06730000
  0.187897  -0.0000   0.06906000
  0.189979  -0.0000   0.07083000
  0.191970  -0.0000   0.07260000
  0.192757  -0.0000   0.07338000
  0.193539  -0.0000   0.07416000
  0.194320  -0.0000   0.07494000
  0.195487  -0.0000   0.07612000
  0.197236  -0.0000   0.07788000
  0.199854  -0.0000   0.08052000
  0.203774  -0.0000   0.08448000
  0.209640  -0.0000   0.09042000
  0.211572  -0.0000   0.09237000
  0.213502  -0.0000   0.09433000
  0.215431  -0.0000   0.09629000
  0.216265  -0.0000   0.09719000
  0.217039  -0.0000   0.09810000
  0.217810  -0.0000   0.09900000
  0.218963  -0.0000   0.10000000
  0.220690  -0.0000   0.10200000
  0.223274  -0.0000   0.10500000
  0.227143  -0.0000   0.11000000
  0.232934  -0.0000   0.11700000
  0.237609  -0.0000   0.12200000
  0.239130  -0.0000   0.12400000
  0.240603  -0.0000   0.12600000
  0.241644  -0.0000   0.12700000
  0.242682  -0.0000   0.12900000
  0.243717  -0.0000   0.13000000
  0.244751  -0.0000   0.13200000
  0.246301  -0.0000   0.13400000
  0.248622  -0.0000   0.13700000
  0.252098  -0.0000   0.14200000
  0.257303  -0.0000   0.14900000
  0.264596  -0.0000   0.15900000
  0.265270  -0.0000   0.16000000
  0.265934  -0.0000   0.16100000
  0.266595  -0.0000   0.16200000
  0.267586  -0.0000   0.16300000
  0.269070  -0.0000   0.16600000
  0.271292  -0.0000   0.16900000
  0.274620  -0.0000   0.17400000
  0.279602  -0.0000   0.18200000
  0.286018  -0.0000   0.19200000
  0.287331  -0.0000   0.19400000
  0.288643  -0.0000   0.19600000
  0.289868  -0.0000   0.19800000
  0.291198  -0.0000   0.20100000
  0.292525  -0.0000   0.20300000
  0.293851  -0.0000   0.20500000
  0.295176  -0.0000   0.20700000
  0.297160  -0.0000   0.21100000
  0.300133  -0.0000   0.21600000
  0.304585  -0.0000   0.22400000
  0.310284  -0.0000   0.23400000
  0.311944  -0.0000   0.23700000
  0.313597  -0.0000   0.24000000
  0.314540  -0.0000   0.24200000
  0.315479  -0.0000   0.24300000
  0.316418  -0.0000   0.24500000
  0.317824  -0.0000   0.24800000
  0.319930  -0.0000   0.25200000
  0.323085  -0.0000   0.25800000
  0.327810  -0.0000   0.26700000
  0.332923  -0.0000   0.27700000
  0.338023  -0.0000   0.28700000
  0.338816  -0.0000   0.28900000
  0.339607  -0.0000   0.29100000
  0.340397  -0.0000   0.29300000
  0.341580  -0.0000   0.29500000
  0.343353  -0.0000   0.29900000
  0.346010  -0.0000   0.30500000
  0.349990  -0.0000   0.31300000
  0.354615  -0.0000   0.32300000
  0.359234  -0.0000   0.33300000
  0.361693  -0.0000   0.33900000
  0.362925  -0.0000   0.34100000
  0.364101  -0.0000   0.34400000
  0.365275  -0.0000   0.34700000
  0.367034  -0.0000   0.35100000
  0.368792  -0.0000   0.35500000
  0.371424  -0.0000   0.36100000
  0.375367  -0.0000   0.37100000
  0.379576  -0.0000   0.38100000
  0.383781  -0.0000   0.39100000
  0.386635  -0.0000   0.39800000
  0.387587  -0.0000   0.40000000
  0.388526  -0.0000   0.40200000
  0.389463  -0.0000   0.40500000
  0.390867  -0.0000   0.40800000
  0.392971  -0.0000   0.41400000
  0.396122  -0.0000   0.42200000
  0.399979  -0.0000   0.43200000
  0.403832  -0.0000   0.44200000
  0.407681  -0.0000   0.45200000
  0.411507  -0.0000   0.46200000
  0.412474  -0.0000   0.46500000
  0.413439  -0.0000   0.46700000
  0.414402  -0.0000   0.47000000
  0.415847  -0.0000   0.47400000
  0.418012  -0.0000   0.48000000
  0.421254  -0.0000   0.48900000
  0.424803  -0.0000   0.49900000
  0.428348  -0.0000   0.50900000
  0.431891  -0.0000   0.51900000
  0.435430  -0.0000   0.52900000
  0.436446  -0.0000   0.53200000
  0.437444  -0.0000   0.53500000
  0.438440  -0.0000   0.53800000
  0.439933  -0.0000   0.54300000
  0.442169  -0.0000   0.55000000
  0.445455  -0.0000   0.56000000
  0.448738  -0.0000   0.57000000
  0.452017  -0.0000   0.58000000
  0.455293  -0.0000   0.59000000
  0.458567  -0.0000   0.60000000
  0.460308  -0.0000   0.60500000
  0.461485  -0.0000   0.60900000
  0.462660  -0.0000   0.61300000
  0.463834  -0.0000   0.61700000
  0.465007  -0.0000   0.62000000
  0.466765  -0.0000   0.62600000
  0.469399  -0.0000   0.63500000
  0.472447  -0.0000   0.64500000
  0.475492  -0.0000   0.65500000
  0.478535  -0.0000   0.66500000
  0.481575  -0.0000   0.67500000
  0.484613  -0.0000   0.68500000
  0.485621  -0.0000   0.68800000
  0.486628  -0.0000   0.69200000
  0.487633  -0.0000   0.69500000
  0.489140  -0.0000   0.70100000
  0.491398  -0.0000   0.70900000
  0.494241  -0.0000   0.71900000
  0.497081  -0.0000   0.72900000
  0.499918  -0.0000   0.73900000
  0.502754  -0.0000   0.74900000
  0.505588  -0.0000   0.75900000
  0.508420  -0.0000   0.76900000
  0.509708  -0.0000   0.77300000
  0.510962  -0.0000   0.77800000
  0.512213  -0.0000   0.78300000
  0.514089  -0.0000   0.79000000
  0.515963  -0.0000   0.79700000
  0.518622  -0.0000   0.80700000
  0.521278  -0.0000   0.81700000
  0.523932  -0.0000   0.82700000
  0.526584  -0.0000   0.83700000
  0.529235  -0.0000   0.84700000
  0.531884  -0.0000   0.85700000
  0.534473  -0.0000   0.86700000
  0.535718  -0.0000   0.87200000
  0.536961  -0.0000   0.87700000
  0.538204  -0.0000   0.88200000
  0.540067  -0.0000   0.88900000
  0.542561  -0.0000   0.89900000
  0.545052  -0.0000   0.90900000
  0.547542  -0.0000   0.91900000
  0.550030  -0.0000   0.92900000
  0.552517  -0.0000   0.93900000
  0.555003  -0.0000   0.94900000
  0.557487  -0.0000   0.95900000
  0.558814  -0.0000   0.96500000
  0.560116  -0.0000   0.97000000
  0.561417  -0.0000   0.97600000
  0.563366  -0.0000   0.98400000
  0.565313  -0.0000   0.99200000
  0.567089  -0.0000   1.00000000
  0.566531  -0.0000   1.00000000
  0.566531  -0.0000   1.00000000
  0.566531  -0.0000   1.00000000
  0.566531  -0.0000   1.00000000
  0.566531  -0.0000   1.00000000
  0.566531  -0.0000   1.00000000
  0.566531  -0.0000   1.00000000
  0.566530  -0.0000   1.00000000
  0.566529  -0.0000   1.00000000
  0.566528  -0.0000   1.00000000
  0.566524  -0.0000   1.00000000
  0.566518  -0.0000   1.00000000
