  0.000019  -0.0000   0.00000010
  0.000057  -0.0000   0.00000020
  0.000189  -0.0000   0.00000030
  0.000469  -0.0000   0.00000034
  0.003124  -0.0000   0.00000038
  0.006261  -0.0000   0.00000039
  0.006305  -0.0000   0.00000041
  0.006376  -0.0000   0.00000043
  0.006520  -0.0000   0.00000046
  0.006663  -0.0000   0.00000049
  0.006839  -0.0000   0.00000052
  0.007053  -0.0000   0.00000054
  0.007284  -0.0000   0.00000057
  0.007551  -0.0000   0.00000059
  0.007857  -0.0000   0.00000062
  0.008200  -0.0000   0.00000064
  0.008580  -0.0000   0.00000067
  0.008999  -0.0000   0.00000069
  0.009508  -0.0000   0.00000072
  0.010061  -0.0000   0.00000075
  0.010654  -0.0000   0.00000077
  0.011415  -0.0000   0.00000081
  0.012227  -0.0000   0.00000084
  0.013085  -0.0000   0.00000087
  0.013987  -0.0000   0.00000091
  0.014933  -0.0000   0.00000094
  0.016120  -0.0000   0.00000098
  0.017371  -0.0000   0.00000102
  0.018471  -0.0000   0.00000105
  0.019618  -0.0000   0.00000108
  0.019647  -0.0000   0.00000108
  0.019652  -0.0000   0.00000108
  0.019656  -0.0000   0.00000109
  0.019660  -0.0000   0.00000109
  0.019666  -0.0000   0.00000109
  0.019673  -0.0000   0.00000110
  0.019680  -0.0000   0.00000111
  0.019690  -0.0000   0.00000112
  0.019702  -0.0000   0.00000114
  0.019718  -0.0000   0.00000117
  0.019741  -0.0000   0.00000122
  0.019780  -0.0000   0.00000129
  0.019851  -0.0000   0.00000139
  0.019997  -0.0000   0.00000154
  0.020127  -0.0000   0.00000165
  0.020286  -0.0000   0.00000177
  0.020479  -0.0000   0.00000188
  0.020745  -0.0000   0.00000200
  0.021067  -0.0000   0.00000213
  0.021450  -0.0000   0.00000226
  0.021901  -0.0000   0.00000238
  0.022425  -0.0000   0.00000251
  0.023025  -0.0000   0.00000263
  0.023706  -0.0000   0.00000276
  0.024473  -0.0000   0.00000288
  0.025164  -0.0000   0.00000299
  0.025919  -0.0000   0.00000309
  0.026738  -0.0000   0.00000319
  0.027626  -0.0000   0.00000330
  0.028582  -0.0000   0.00000340
  0.029610  -0.0000   0.00000351
  0.030711  -0.0000   0.00000361
  0.031887  -0.0000   0.00000371
  0.033137  -0.0000   0.00000382
  0.034463  -0.0000   0.00000392
  0.035862  -0.0000   0.00000402
  0.035937  -0.0000   0.00000403
  0.035957  -0.0000   0.00000404
  0.035968  -0.0000   0.00000404
  0.035981  -0.0000   0.00000405
  0.035992  -0.0000   0.00000406
  0.036007  -0.0000   0.00000407
  0.036027  -0.0000   0.00000409
  0.036056  -0.0000   0.00000412
  0.036113  -0.0000   0.00000417
  0.036202  -0.0000   0.00000425
  0.036347  -0.0000   0.00000438
  0.036592  -0.0000   0.00000457
  0.037027  -0.0000   0.00000485
  0.037372  -0.0000   0.00000505
  0.037760  -0.0000   0.00000525
  0.038194  -0.0000   0.00000545
  0.038745  -0.0000   0.00000567
  0.039367  -0.0000   0.00000589
  0.040064  -0.0000   0.00000611
  0.040803  -0.0000   0.00000633
  0.041622  -0.0000   0.00000654
  0.042525  -0.0000   0.00000675
  0.043682  -0.0000   0.00000700
  0.044707  -0.0000   0.00000720
  0.045819  -0.0000   0.00000740
  0.047019  -0.0000   0.00000760
  0.048460  -0.0000   0.00000782
  0.050015  -0.0000   0.00000804
  0.051683  -0.0000   0.00000826
  0.052222  -0.0000   0.00000833
  0.052771  -0.0000   0.00000840
  0.052975  -0.0000   0.00000842
  0.053068  -0.0000   0.00000844
  0.053103  -0.0000   0.00000846
  0.053132  -0.0000   0.00000849
  0.053173  -0.0000   0.00000852
  0.053213  -0.0000   0.00000855
  0.053274  -0.0000   0.00000860
  0.053369  -0.0000   0.00000867
  0.053516  -0.0000   0.00000878
  0.053748  -0.0000   0.00000894
  0.054122  -0.0000   0.00000918
  0.054749  -0.0000   0.00000955
  0.055295  -0.0000   0.00000984
  0.055893  -0.0000   0.00001013
  0.056545  -0.0000   0.00001042
  0.057329  -0.0000   0.00001073
  0.058190  -0.0000   0.00001105
  0.059134  -0.0000   0.00001137
  0.060140  -0.0000   0.00001167
  0.061233  -0.0000   0.00001198
  0.062419  -0.0000   0.00001229
  0.063679  -0.0000   0.00001260
  0.065033  -0.0000   0.00001290
  0.066486  -0.0000   0.00001321
  0.068036  -0.0000   0.00001351
  0.069686  -0.0000   0.00001381
  0.069834  -0.0000   0.00001384
  0.069983  -0.0000   0.00001387
  0.070121  -0.0000   0.00001390
  0.070142  -0.0000   0.00001391
  0.070166  -0.0000   0.00001392
  0.070198  -0.0000   0.00001394
  0.070244  -0.0000   0.00001398
  0.070312  -0.0000   0.00001403
  0.070417  -0.0000   0.00001411
  0.070578  -0.0000   0.00001422
  0.070830  -0.0000   0.00001440
  0.071225  -0.0000   0.00001466
  0.071863  -0.0000   0.00001505
  0.072669  -0.0000   0.00001550
  0.073551  -0.0000   0.00001596
  0.074517  -0.0000   0.00001641
  0.075552  -0.0000   0.00001686
  0.076680  -0.0000   0.00001730
  0.077907  -0.0000   0.00001775
  0.079413  -0.0000   0.00001825
  0.080749  -0.0000   0.00001866
  0.082180  -0.0000   0.00001907
  0.083710  -0.0000   0.00001949
  0.085339  -0.0000   0.00001990
  0.087067  -0.0000   0.00002031
  0.087180  -0.0000   0.00002034
  0.087227  -0.0000   0.00002037
  0.087269  -0.0000   0.00002040
  0.087329  -0.0000   0.00002045
  0.087389  -0.0000   0.00002049
  0.087482  -0.0000   0.00002056
  0.087623  -0.0000   0.00002067
  0.087840  -0.0000   0.00002082
  0.088175  -0.0000   0.00002105
  0.088700  -0.0000   0.00002140
  0.089543  -0.0000   0.00002192
  0.090410  -0.0000   0.00002243
  0.091340  -0.0000   0.00002293
  0.092338  -0.0000   0.00002343
  0.093431  -0.0000   0.00002394
  0.094604  -0.0000   0.00002445
  0.095861  -0.0000   0.00002496
  0.097193  -0.0000   0.00002547
  0.098614  -0.0000   0.00002598
  0.100126  -0.0000   0.00002648
  0.101775  -0.0000   0.00002700
  0.103522  -0.0000   0.00002753
  0.103738  -0.0000   0.00002759
  0.103956  -0.0000   0.00002765
  0.104175  -0.0000   0.00002772
  0.104322  -0.0000   0.00002778
  0.104400  -0.0000   0.00002783
  0.104475  -0.0000   0.00002789
  0.104590  -0.0000   0.00002798
  0.104707  -0.0000   0.00002807
  0.104885  -0.0000   0.00002820
  0.105158  -0.0000   0.00002840
  0.105577  -0.0000   0.00002870
  0.106234  -0.0000   0.00002914
  0.107287  -0.0000   0.00002981
  0.108214  -0.0000   0.00003036
  0.109197  -0.0000   0.00003092
  0.110239  -0.0000   0.00003147
  0.111596  -0.0000   0.00003215
  0.113051  -0.0000   0.00003282
  0.114608  -0.0000   0.00003349
  0.116525  -0.0000   0.00003426
  0.118208  -0.0000   0.00003490
  0.119988  -0.0000   0.00003553
  0.120748  -0.0000   0.00003580
  0.121489  -0.0000   0.00003607
  0.121576  -0.0000   0.00003613
  0.121659  -0.0000   0.00003620
  0.121742  -0.0000   0.00003627
  0.121826  -0.0000   0.00003633
  0.121954  -0.0000   0.00003643
  0.122150  -0.0000   0.00003658
  0.122448  -0.0000   0.00003681
  0.122906  -0.0000   0.00003714
  0.123620  -0.0000   0.00003765
  0.124757  -0.0000   0.00003841
  0.125797  -0.0000   0.00003906
  0.126897  -0.0000   0.00003972
  0.128058  -0.0000   0.00004038
  0.129561  -0.0000   0.00004117
  0.131163  -0.0000   0.00004197
  0.132870  -0.0000   0.00004277
  0.134938  -0.0000   0.00004367
  0.137143  -0.0000   0.00004457
  0.137587  -0.0000   0.00004475
  0.138037  -0.0000   0.00004493
  0.138492  -0.0000   0.00004511
  0.138687  -0.0000   0.00004519
  0.138786  -0.0000   0.00004526
  0.138878  -0.0000   0.00004534
  0.138971  -0.0000   0.00004541
  0.139065  -0.0000   0.00004549
  0.139208  -0.0000   0.00004561
  0.139426  -0.0000   0.00004578
  0.139758  -0.0000   0.00004604
  0.140266  -0.0000   0.00004642
  0.141055  -0.0000   0.00004701
  0.142305  -0.0000   0.00004788
  0.143458  -0.0000   0.00004864
  0.144672  -0.0000   0.00004941
  0.145950  -0.0000   0.00005017
  0.147564  -0.0000   0.00005108
  0.149276  -0.0000   0.00005199
  0.151088  -0.0000   0.00005289
  0.153332  -0.0000   0.00005395
  0.155712  -0.0000   0.00005500
  0.155868  -0.0000   0.00005507
  0.155967  -0.0000   0.00005514
  0.156046  -0.0000   0.00005521
  0.156166  -0.0000   0.00005531
  0.156288  -0.0000   0.00005542
  0.156474  -0.0000   0.00005557
  0.156757  -0.0000   0.00005580
  0.157188  -0.0000   0.00005615
  0.157851  -0.0000   0.00005667
  0.158884  -0.0000   0.00005746
  0.160537  -0.0000   0.00005863
  0.162302  -0.0000   0.00005981
  0.164187  -0.0000   0.00006099
  0.166197  -0.0000   0.00006216
  0.168336  -0.0000   0.00006334
  0.170606  -0.0000   0.00006451
  0.173006  -0.0000   0.00006569
  0.173165  -0.0000   0.00006577
  0.173256  -0.0000   0.00006584
  0.173342  -0.0000   0.00006592
  0.173428  -0.0000   0.00006600
  0.173517  -0.0000   0.00006608
  0.173650  -0.0000   0.00006619
  0.173853  -0.0000   0.00006637
  0.174161  -0.0000   0.00006663
  0.174629  -0.0000   0.00006702
  0.175349  -0.0000   0.00006761
  0.176471  -0.0000   0.00006850
  0.178260  -0.0000   0.00006983
  0.180165  -0.0000   0.00007115
  0.182193  -0.0000   0.00007248
  0.184349  -0.0000   0.00007381
  0.186635  -0.0000   0.00007514
  0.189053  -0.0000   0.00007646
  0.189383  -0.0000   0.00007664
  0.189715  -0.0000   0.00007682
  0.190050  -0.0000   0.00007700
  0.190493  -0.0000   0.00007727
  0.190602  -0.0000   0.00007738
  0.190767  -0.0000   0.00007753
  0.190934  -0.0000   0.00007768
  0.191103  -0.0000   0.00007783
  0.191359  -0.0000   0.00007806
  0.191748  -0.0000   0.00007840
  0.192342  -0.0000   0.00007891
  0.193259  -0.0000   0.00007968
  0.194696  -0.0000   0.00008084
  0.196202  -0.0000   0.00008199
  0.197780  -0.0000   0.00008314
  0.199433  -0.0000   0.00008429
  0.201354  -0.0000   0.00008557
  0.203371  -0.0000   0.00008684
  0.205485  -0.0000   0.00008811
  0.206685  -0.0000   0.00008882
  0.207675  -0.0000   0.00008939
  0.207784  -0.0000   0.00008948
  0.207881  -0.0000   0.00008958
  0.207980  -0.0000   0.00008967
  0.208130  -0.0000   0.00008981
  0.208358  -0.0000   0.00009002
  0.208703  -0.0000   0.00009034
  0.209230  -0.0000   0.00009082
  0.210036  -0.0000   0.00009153
  0.211289  -0.0000   0.00009260
  0.213276  -0.0000   0.00009421
  0.215380  -0.0000   0.00009582
  0.217605  -0.0000   0.00009742
  0.219954  -0.0000   0.00009903
  0.222350  -0.0000   0.00010060
  0.224674  -0.0000   0.00010220
  0.224846  -0.0000   0.00010240
  0.224995  -0.0000   0.00010250
  0.225102  -0.0000   0.00010260
  0.225261  -0.0000   0.00010280
  0.225421  -0.0000   0.00010300
  0.225582  -0.0000   0.00010310
  0.225822  -0.0000   0.00010340
  0.226181  -0.0000   0.00010380
  0.226713  -0.0000   0.00010440
  0.227499  -0.0000   0.00010530
  0.228656  -0.0000   0.00010670
  0.230352  -0.0000   0.00010870
  0.232502  -0.0000   0.00011140
  0.234602  -0.0000   0.00011400
  0.236656  -0.0000   0.00011670
  0.238667  -0.0000   0.00011930
  0.240635  -0.0000   0.00012200
  0.241005  -0.0000   0.00012250
  0.241374  -0.0000   0.00012300
  0.241741  -0.0000   0.00012350
  0.242282  -0.0000   0.00012430
  0.242414  -0.0000   0.00012450
  0.242546  -0.0000   0.00012480
  0.242679  -0.0000   0.00012510
  0.242813  -0.0000   0.00012540
  0.243013  -0.0000   0.00012580
  0.243311  -0.0000   0.00012640
  0.243756  -0.0000   0.00012740
  0.244414  -0.0000   0.00012880
  0.245385  -0.0000   0.00013100
  0.246813  -0.0000   0.00013420
  0.248902  -0.0000   0.00013900
  0.250945  -0.0000   0.00014380
  0.252945  -0.0000   0.00014860
  0.254905  -0.0000   0.00015350
  0.256826  -0.0000   0.00015830
  0.259396  -0.0000   0.00016490
  0.259571  -0.0000   0.00016540
  0.259695  -0.0000   0.00016580
  0.259813  -0.0000   0.00016630
  0.259991  -0.0000   0.00016690
  0.260169  -0.0000   0.00016760
  0.260435  -0.0000   0.00016860
  0.260831  -0.0000   0.00017020
  0.261419  -0.0000   0.00017250
  0.262287  -0.0000   0.00017590
  0.263565  -0.0000   0.00018100
  0.265438  -0.0000   0.00018880
  0.267273  -0.0000   0.00019650
  0.269073  -0.0000   0.00020420
  0.270841  -0.0000   0.00021200
  0.273138  -0.0000   0.00022230
  0.275383  -0.0000   0.00023250
  0.275709  -0.0000   0.00023400
  0.276034  -0.0000   0.00023550
  0.276357  -0.0000   0.00023700
  0.276841  -0.0000   0.00023930
  0.276970  -0.0000   0.00024010
  0.277094  -0.0000   0.00024090
  0.277219  -0.0000   0.00024180
  0.277407  -0.0000   0.00024300
  0.277687  -0.0000   0.00024490
  0.278104  -0.0000   0.00024770
  0.278722  -0.0000   0.00025190
  0.279634  -0.0000   0.00025820
  0.280977  -0.0000   0.00026760
  0.282945  -0.0000   0.00028180
  0.284872  -0.0000   0.00029600
  0.286762  -0.0000   0.00031020
  0.288618  -0.0000   0.00032440
  0.290439  -0.0000   0.00033850
  0.293100  -0.0000   0.00035980
  0.293360  -0.0000   0.00036190
  0.293619  -0.0000   0.00036400
  0.293877  -0.0000   0.00036610
  0.294230  -0.0000   0.00036920
  0.294333  -0.0000   0.00037040
  0.294490  -0.0000   0.00037210
  0.294725  -0.0000   0.00037480
  0.294960  -0.0000   0.00037740
  0.295309  -0.0000   0.00038140
  0.295828  -0.0000   0.00038730
  0.296596  -0.0000   0.00039620
  0.297729  -0.0000   0.00040950
  0.299394  -0.0000   0.00042960
  0.301029  -0.0000   0.00044960
  0.302637  -0.0000   0.00046960
  0.304220  -0.0000   0.00048970
  0.306541  -0.0000   0.00051970
  0.309153  -0.0000   0.00055440
  0.310302  -0.0000   0.00056980
  0.311438  -0.0000   0.00058530
  0.311582  -0.0000   0.00058780
  0.311719  -0.0000   0.00059030
  0.311857  -0.0000   0.00059280
  0.312063  -0.0000   0.00059660
  0.312370  -0.0000   0.00060230
  0.312827  -0.0000   0.00061080
  0.313504  -0.0000   0.00062350
  0.314503  -0.0000   0.00064270
  0.315974  -0.0000   0.00067140
  0.317803  -0.0000   0.00070780
  0.319599  -0.0000   0.00074420
  0.321364  -0.0000   0.00078070
  0.323099  -0.0000   0.00081710
  0.325638  -0.0000   0.00087170
  0.328117  -0.0000   0.00092640
  0.328343  -0.0000   0.00093140
  0.328569  -0.0000   0.00093640
  0.328784  -0.0000   0.00094140
  0.328848  -0.0000   0.00094330
  0.328943  -0.0000   0.00094610
  0.329087  -0.0000   0.00095030
  0.329303  -0.0000   0.00095660
  0.329625  -0.0000   0.00096610
  0.330104  -0.0000   0.00098030
  0.330813  -0.0000   0.00100200
  0.331860  -0.0000   0.00103400
  0.333400  -0.0000   0.00108200
  0.334915  -0.0000   0.00113000
  0.336407  -0.0000   0.00117800
  0.337877  -0.0000   0.00122600
  0.340036  -0.0000   0.00129800
  0.342692  -0.0000   0.00138800
  0.345283  -0.0000   0.00147900
  0.345525  -0.0000   0.00148800
  0.345767  -0.0000   0.00149600
  0.346008  -0.0000   0.00150500
  0.346187  -0.0000   0.00151300
  0.346358  -0.0000   0.00152000
  0.346530  -0.0000   0.00152800
  0.346786  -0.0000   0.00154000
  0.347167  -0.0000   0.00155700
  0.347733  -0.0000   0.00158400
  0.348571  -0.0000   0.00162300
  0.349807  -0.0000   0.00168300
  0.351623  -0.0000   0.00177200
  0.353405  -0.0000   0.00186100
  0.355157  -0.0000   0.00195000
  0.356881  -0.0000   0.00203900
  0.359321  -0.0000   0.00216800
  0.361708  -0.0000   0.00229700
  0.362097  -0.0000   0.00231800
  0.362485  -0.0000   0.00233900
  0.362871  -0.0000   0.00236000
  0.363420  -0.0000   0.00239100
  0.363462  -0.0000   0.00239400
  0.363525  -0.0000   0.00239900
  0.363621  -0.0000   0.00240600
  0.363765  -0.0000   0.00241600
  0.363981  -0.0000   0.00243100
  0.364302  -0.0000   0.00245300
  0.364779  -0.0000   0.00248700
  0.365487  -0.0000   0.00253800
  0.366533  -0.0000   0.00261400
  0.368073  -0.0000   0.00272800
  0.369589  -0.0000   0.00284200
  0.371082  -0.0000   0.00295600
  0.372554  -0.0000   0.00307000
  0.374717  -0.0000   0.00324100
  0.377397  -0.0000   0.00345900
  0.380014  -0.0000   0.00367600
  0.380257  -0.0000   0.00369600
  0.380500  -0.0000   0.00371600
  0.380728  -0.0000   0.00373700
  0.380800  -0.0000   0.00374400
  0.380909  -0.0000   0.00375600
  0.381073  -0.0000   0.00377300
  0.381319  -0.0000   0.00379800
  0.381684  -0.0000   0.00383700
  0.382227  -0.0000   0.00389400
  0.383031  -0.0000   0.00398100
  0.384219  -0.0000   0.00411100
  0.385965  -0.0000   0.00430500
  0.387681  -0.0000   0.00450000
  0.389369  -0.0000   0.00469400
  0.391031  -0.0000   0.00488900
  0.393468  -0.0000   0.00518100
  0.395854  -0.0000   0.00547300
  0.396522  -0.0000   0.00555500
  0.397185  -0.0000   0.00563700
  0.397844  -0.0000   0.00571900
  0.398044  -0.0000   0.00574700
  0.398090  -0.0000   0.00575400
  0.398135  -0.0000   0.00576100
  0.398204  -0.0000   0.00577100
  0.398307  -0.0000   0.00578700
  0.398462  -0.0000   0.00581100
  0.398693  -0.0000   0.00584600
  0.399036  -0.0000   0.00590000
  0.399547  -0.0000   0.00597900
  0.400305  -0.0000   0.00609900
  0.401424  -0.0000   0.00627900
  0.403073  -0.0000   0.00654800
  0.404695  -0.0000   0.00681700
  0.406292  -0.0000   0.00708700
  0.407865  -0.0000   0.00735600
  0.410176  -0.0000   0.00776000
  0.412916  -0.0000   0.00825100
  0.413923  -0.0000   0.00843300
  0.414921  -0.0000   0.00861500
  0.415212  -0.0000   0.00866800
  0.415457  -0.0000   0.00872100
  0.415696  -0.0000   0.00877400
  0.415934  -0.0000   0.00882800
  0.416172  -0.0000   0.00888100
  0.416526  -0.0000   0.00896000
  0.417053  -0.0000   0.00908000
  0.417835  -0.0000   0.00925900
  0.418990  -0.0000   0.00952800
  0.420691  -0.0000   0.00993100
  0.422364  -0.0000   0.01033000
  0.424011  -0.0000   0.01074000
  0.425634  -0.0000   0.01114000
  0.428016  -0.0000   0.01175000
  0.430819  -0.0000   0.01247000
  0.431299  -0.0000   0.01260000
  0.431776  -0.0000   0.01272000
  0.432252  -0.0000   0.01285000
  0.432600  -0.0000   0.01294000
  0.432673  -0.0000   0.01297000
  0.432747  -0.0000   0.01299000
  0.432857  -0.0000   0.01303000
  0.433023  -0.0000   0.01308000
  0.433271  -0.0000   0.01316000
  0.433640  -0.0000   0.01327000
  0.434189  -0.0000   0.01345000
  0.435003  -0.0000   0.01372000
  0.436205  -0.0000   0.01412000
  0.437974  -0.0000   0.01471000
  0.439714  -0.0000   0.01531000
  0.441425  -0.0000   0.01591000
  0.443110  -0.0000   0.01651000
  0.445584  -0.0000   0.01740000
  0.448009  -0.0000   0.01830000
  0.448810  -0.0000   0.01860000
  0.449606  -0.0000   0.01890000
  0.449928  -0.0000   0.01902000
  0.449996  -0.0000   0.01905000
  0.450065  -0.0000   0.01908000
  0.450168  -0.0000   0.01913000
  0.450323  -0.0000   0.01919000
  0.450554  -0.0000   0.01930000
  0.450899  -0.0000   0.01945000
  0.451412  -0.0000   0.01969000
  0.452173  -0.0000   0.02003000
  0.453299  -0.0000   0.02056000
  0.454957  -0.0000   0.02134000
  0.456588  -0.0000   0.02213000
  0.458195  -0.0000   0.02291000
  0.459779  -0.0000   0.02370000
  0.462107  -0.0000   0.02487000
  0.464378  -0.0000   0.02604000
  0.466611  -0.0000   0.02721000
  0.466901  -0.0000   0.02737000
  0.467190  -0.0000   0.02752000
  0.467439  -0.0000   0.02767000
  0.467685  -0.0000   0.02782000
  0.467930  -0.0000   0.02797000
  0.468174  -0.0000   0.02813000
  0.468538  -0.0000   0.02835000
  0.469079  -0.0000   0.02870000
  0.469882  -0.0000   0.02921000
  0.471070  -0.0000   0.02998000
  0.472820  -0.0000   0.03114000
  0.474541  -0.0000   0.03229000
  0.476235  -0.0000   0.03345000
  0.477904  -0.0000   0.03460000
  0.480357  -0.0000   0.03633000
  0.482765  -0.0000   0.03807000
  0.483481  -0.0000   0.03859000
  0.484193  -0.0000   0.03910000
  0.484580  -0.0000   0.03939000
  0.484665  -0.0000   0.03947000
  0.484750  -0.0000   0.03954000
  0.484836  -0.0000   0.03961000
  0.484964  -0.0000   0.03972000
  0.485155  -0.0000   0.03988000
  0.485441  -0.0000   0.04013000
  0.485867  -0.0000   0.04049000
  0.486499  -0.0000   0.04104000
  0.487437  -0.0000   0.04187000
  0.488821  -0.0000   0.04311000
  0.490679  -0.0000   0.04480000
  0.492505  -0.0000   0.04649000
  0.494302  -0.0000   0.04819000
  0.496072  -0.0000   0.04988000
  0.498673  -0.0000   0.05242000
  0.501228  -0.0000   0.05496000
  0.501527  -0.0000   0.05525000
  0.501825  -0.0000   0.05555000
  0.502088  -0.0000   0.05585000
  0.502346  -0.0000   0.05615000
  0.502603  -0.0000   0.05645000
  0.502859  -0.0000   0.05674000
  0.503241  -0.0000   0.05719000
  0.503809  -0.0000   0.05786000
  0.504652  -0.0000   0.05887000
  0.505899  -0.0000   0.06037000
  0.507735  -0.0000   0.06264000
  0.509540  -0.0000   0.06490000
  0.511316  -0.0000   0.06716000
  0.513066  -0.0000   0.06943000
  0.515640  -0.0000   0.07282000
  0.518168  -0.0000   0.07621000
  0.518539  -0.0000   0.07671000
  0.518909  -0.0000   0.07721000
  0.519263  -0.0000   0.07771000
  0.519293  -0.0000   0.07776000
  0.519338  -0.0000   0.07783000
  0.519406  -0.0000   0.07793000
  0.519508  -0.0000   0.07809000
  0.519661  -0.0000   0.07833000
  0.519889  -0.0000   0.07868000
  0.520230  -0.0000   0.07922000
  0.520737  -0.0000   0.08002000
  0.521489  -0.0000   0.08122000
  0.522603  -0.0000   0.08302000
  0.524246  -0.0000   0.08572000
  0.526085  -0.0000   0.08879000
  0.527895  -0.0000   0.09187000
  0.529677  -0.0000   0.09495000
  0.532163  -0.0000   0.09932000
  0.534605  -0.0000   0.10400000
  0.535490  -0.0000   0.10500000
  0.536368  -0.0000   0.10700000
  0.536637  -0.0000   0.10700000
  0.536700  -0.0000   0.10800000
  0.536763  -0.0000   0.10800000
  0.536858  -0.0000   0.10800000
  0.537000  -0.0000   0.10800000
  0.537213  -0.0000   0.10900000
  0.537530  -0.0000   0.10900000
  0.538003  -0.0000   0.11000000
  0.538705  -0.0000   0.11200000
  0.539745  -0.0000   0.11400000
  0.541281  -0.0000   0.11700000
  0.543213  -0.0000   0.12200000
  0.545113  -0.0000   0.12600000
  0.546983  -0.0000   0.13000000
  0.548827  -0.0000   0.13400000
  0.551541  -0.0000   0.14100000
  0.552618  -0.0000   0.14300000
  0.553687  -0.0000   0.14600000
  0.553953  -0.0000   0.14700000
  0.554016  -0.0000   0.14700000
  0.554079  -0.0000   0.14700000
  0.554173  -0.0000   0.14700000
  0.554315  -0.0000   0.14800000
  0.554526  -0.0000   0.14800000
  0.554842  -0.0000   0.14900000
  0.555312  -0.0000   0.15000000
  0.556011  -0.0000   0.15200000
  0.557046  -0.0000   0.15500000
  0.558574  -0.0000   0.16000000
  0.560542  -0.0000   0.16600000
  0.562476  -0.0000   0.17100000
  0.564381  -0.0000   0.17700000
  0.566260  -0.0000   0.18300000
  0.568953  -0.0000   0.19100000
  0.569934  -0.0000   0.19400000
  0.570910  -0.0000   0.19700000
  0.571225  -0.0000   0.19800000
  0.571298  -0.0000   0.19900000
  0.571370  -0.0000   0.19900000
  0.571443  -0.0000   0.19900000
  0.571552  -0.0000   0.20000000
  0.571714  -0.0000   0.20000000
  0.571957  -0.0000   0.20100000
  0.572320  -0.0000   0.20200000
  0.572860  -0.0000   0.20400000
  0.573661  -0.0000   0.20700000
  0.574848  -0.0000   0.21200000
  0.576596  -0.0000   0.21800000
  0.578539  -0.0000   0.22600000
  0.580451  -0.0000   0.23300000
  0.582336  -0.0000   0.24100000
  0.584810  -0.0000   0.25100000
  0.587246  -0.0000   0.26100000
  0.587740  -0.0000   0.26300000
  0.588233  -0.0000   0.26500000
  0.588695  -0.0000   0.26700000
  0.588722  -0.0000   0.26700000
  0.588763  -0.0000   0.26700000
  0.588825  -0.0000   0.26700000
  0.588918  -0.0000   0.26800000
  0.589057  -0.0000   0.26900000
  0.589265  -0.0000   0.27000000
  0.589575  -0.0000   0.27100000
  0.590037  -0.0000   0.27300000
  0.590724  -0.0000   0.27600000
  0.591742  -0.0000   0.28100000
  0.593247  -0.0000   0.28900000
  0.595258  -0.0000   0.29900000
  0.597235  -0.0000   0.30900000
  0.599183  -0.0000   0.31900000
  0.601105  -0.0000   0.32900000
  0.603004  -0.0000   0.33900000
  0.604880  -0.0000   0.34900000
  0.605372  -0.0000   0.35100000
  0.605857  -0.0000   0.35400000
  0.605884  -0.0000   0.35400000
  0.605926  -0.0000   0.35400000
  0.605988  -0.0000   0.35500000
  0.606081  -0.0000   0.35500000
  0.606221  -0.0000   0.35600000
  0.606429  -0.0000   0.35700000
  0.606741  -0.0000   0.35900000
  0.607205  -0.0000   0.36200000
  0.607895  -0.0000   0.36600000
  0.608917  -0.0000   0.37300000
  0.610428  -0.0000   0.38200000
  0.611997  -0.0000   0.39200000
  0.613545  -0.0000   0.40200000
  0.615074  -0.0000   0.41200000
  0.616586  -0.0000   0.42200000
  0.618083  -0.0000   0.43200000
  0.619565  -0.0000   0.44200000
  0.621034  -0.0000   0.45200000
  0.622490  -0.0000   0.46200000
  0.622944  -0.0000   0.46500000
  0.623367  -0.0000   0.46800000
  0.623469  -0.0000   0.46900000
  0.623572  -0.0000   0.47000000
  0.623674  -0.0000   0.47100000
  0.623827  -0.0000   0.47200000
  0.624055  -0.0000   0.47400000
  0.624396  -0.0000   0.47600000
  0.624904  -0.0000   0.48000000
  0.625660  -0.0000   0.48600000
  0.626779  -0.0000   0.49500000
  0.628021  -0.0000   0.50500000
  0.629249  -0.0000   0.51500000
  0.630464  -0.0000   0.52500000
  0.631667  -0.0000   0.53500000
  0.632859  -0.0000   0.54500000
  0.634041  -0.0000   0.55500000
  0.635214  -0.0000   0.56500000
  0.636378  -0.0000   0.57500000
  0.637534  -0.0000   0.58500000
  0.638682  -0.0000   0.59500000
  0.639822  -0.0000   0.60500000
  0.640367  -0.0000   0.61000000
  0.640639  -0.0000   0.61200000
  0.640706  -0.0000   0.61300000
  0.640773  -0.0000   0.61400000
  0.640873  -0.0000   0.61500000
  0.641023  -0.0000   0.61600000
  0.641247  -0.0000   0.61800000
  0.641581  -0.0000   0.62200000
  0.642079  -0.0000   0.62600000
  0.642820  -0.0000   0.63400000
  0.643813  -0.0000   0.64400000
  0.644796  -0.0000   0.65400000
  0.645769  -0.0000   0.66400000
  0.646734  -0.0000   0.67400000
  0.647692  -0.0000   0.68400000
  0.648642  -0.0000   0.69400000
  0.649585  -0.0000   0.70400000
  0.650521  -0.0000   0.71400000
  0.651452  -0.0000   0.72400000
  0.652377  -0.0000   0.73400000
  0.653296  -0.0000   0.74400000
  0.654211  -0.0000   0.75400000
  0.655120  -0.0000   0.76400000
  0.656024  -0.0000   0.77400000
  0.656924  -0.0000   0.78400000
  0.657809  -0.0000   0.79400000
  0.657859  -0.0000   0.79400000
  0.657910  -0.0000   0.79500000
  0.657962  -0.0000   0.79600000
  0.658038  -0.0000   0.79700000
  0.658153  -0.0000   0.79800000
  0.658325  -0.0000   0.80000000
  0.658581  -0.0000   0.80300000
  0.658964  -0.0000   0.80800000
  0.659533  -0.0000   0.81500000
  0.660325  -0.0000   0.82500000
  0.661111  -0.0000   0.83500000
  0.661890  -0.0000   0.84500000
  0.662664  -0.0000   0.85500000
  0.663432  -0.0000   0.86500000
  0.664194  -0.0000   0.87500000
  0.664952  -0.0000   0.88500000
  0.665706  -0.0000   0.89500000
  0.666455  -0.0000   0.90500000
  0.667200  -0.0000   0.91500000
  0.667942  -0.0000   0.92500000
  0.668679  -0.0000   0.93500000
  0.669413  -0.0000   0.94500000
  0.670144  -0.0000   0.95500000
  0.670872  -0.0000   0.96500000
  0.671596  -0.0000   0.97500000
  0.672317  -0.0000   0.98500000
  0.673036  -0.0000   0.99500000
  0.673381  -0.0000   1.00000000
  0.673200  -0.0000   1.00000000
  0.673200  -0.0000   1.00000000
  0.673200  -0.0000   1.00000000
  0.673200  -0.0000   1.00000000
  0.673200  -0.0000   1.00000000
  0.673200  -0.0000   1.00000000
  0.673200  -0.0000   1.00000000
  0.673199  -0.0000   1.00000000
  0.673199  -0.0000   1.00000000
  0.673199  -0.0000   1.00000000
  0.673199  -0.0000   1.00000000
  0.673198  -0.0000   1.00000000
  0.673198  -0.0000   1.00000000
  0.673197  -0.0000   1.00000000
