  0.000166  -0.0000   0.00000010
  0.000375  -0.0000   0.00000020
  0.000866  -0.0000   0.00000028
  0.003848  -0.0000   0.00000033
  0.006752  -0.0000   0.00000035
  0.006844  -0.0000   0.00000036
  0.006929  -0.0000   0.00000038
  0.007074  -0.0000   0.00000041
  0.007338  -0.0000   0.00000046
  0.007548  -0.0000   0.00000050
  0.007787  -0.0000   0.00000053
  0.008060  -0.0000   0.00000056
  0.008344  -0.0000   0.00000059
  0.008668  -0.0000   0.00000062
  0.009039  -0.0000   0.00000065
  0.009355  -0.0000   0.00000068
  0.009705  -0.0000   0.00000070
  0.010091  -0.0000   0.00000073
  0.010498  -0.0000   0.00000075
  0.010942  -0.0000   0.00000077
  0.011425  -0.0000   0.00000079
  0.011942  -0.0000   0.00000082
  0.012497  -0.0000   0.00000084
  0.013091  -0.0000   0.00000086
  0.013766  -0.0000   0.00000088
  0.014482  -0.0000   0.00000091
  0.015239  -0.0000   0.00000093
  0.016200  -0.0000   0.00000096
  0.017211  -0.0000   0.00000099
  0.018270  -0.0000   0.00000102
  0.019371  -0.0000   0.00000104
  0.019536  -0.0000   0.00000105
  0.019701  -0.0000   0.00000105
  0.019867  -0.0000   0.00000106
  0.019966  -0.0000   0.00000106
  0.019989  -0.0000   0.00000107
  0.020007  -0.0000   0.00000107
  0.020023  -0.0000   0.00000108
  0.020037  -0.0000   0.00000108
  0.020055  -0.0000   0.00000109
  0.020079  -0.0000   0.00000110
  0.020110  -0.0000   0.00000112
  0.020150  -0.0000   0.00000115
  0.020198  -0.0000   0.00000118
  0.020242  -0.0000   0.00000122
  0.020304  -0.0000   0.00000127
  0.020393  -0.0000   0.00000135
  0.020526  -0.0000   0.00000146
  0.020737  -0.0000   0.00000164
  0.020972  -0.0000   0.00000181
  0.021219  -0.0000   0.00000197
  0.021518  -0.0000   0.00000213
  0.021884  -0.0000   0.00000229
  0.022228  -0.0000   0.00000242
  0.022633  -0.0000   0.00000254
  0.023108  -0.0000   0.00000266
  0.023551  -0.0000   0.00000277
  0.024052  -0.0000   0.00000287
  0.024613  -0.0000   0.00000297
  0.025241  -0.0000   0.00000308
  0.025818  -0.0000   0.00000317
  0.026445  -0.0000   0.00000325
  0.027126  -0.0000   0.00000334
  0.027860  -0.0000   0.00000343
  0.028651  -0.0000   0.00000351
  0.029497  -0.0000   0.00000360
  0.030401  -0.0000   0.00000369
  0.031363  -0.0000   0.00000377
  0.032383  -0.0000   0.00000386
  0.033461  -0.0000   0.00000395
  0.034597  -0.0000   0.00000403
  0.035790  -0.0000   0.00000412
  0.035955  -0.0000   0.00000413
  0.036121  -0.0000   0.00000415
  0.036288  -0.0000   0.00000416
  0.036500  -0.0000   0.00000417
  0.036527  -0.0000   0.00000418
  0.036549  -0.0000   0.00000419
  0.036570  -0.0000   0.00000420
  0.036597  -0.0000   0.00000421
  0.036632  -0.0000   0.00000423
  0.036678  -0.0000   0.00000425
  0.036739  -0.0000   0.00000429
  0.036819  -0.0000   0.00000435
  0.036928  -0.0000   0.00000443
  0.037079  -0.0000   0.00000456
  0.037303  -0.0000   0.00000476
  0.037538  -0.0000   0.00000495
  0.037943  -0.0000   0.00000524
  0.038194  -0.0000   0.00000540
  0.038473  -0.0000   0.00000557
  0.038782  -0.0000   0.00000573
  0.039322  -0.0000   0.00000598
  0.039946  -0.0000   0.00000622
  0.040661  -0.0000   0.00000647
  0.041475  -0.0000   0.00000671
  0.042198  -0.0000   0.00000691
  0.042992  -0.0000   0.00000711
  0.043863  -0.0000   0.00000730
  0.044812  -0.0000   0.00000750
  0.045843  -0.0000   0.00000770
  0.046959  -0.0000   0.00000790
  0.048163  -0.0000   0.00000809
  0.049457  -0.0000   0.00000829
  0.050843  -0.0000   0.00000849
  0.052059  -0.0000   0.00000865
  0.053340  -0.0000   0.00000882
  0.053709  -0.0000   0.00000886
  0.054083  -0.0000   0.00000891
  0.054279  -0.0000   0.00000894
  0.054359  -0.0000   0.00000897
  0.054426  -0.0000   0.00000900
  0.054485  -0.0000   0.00000904
  0.054540  -0.0000   0.00000907
  0.054614  -0.0000   0.00000911
  0.054716  -0.0000   0.00000919
  0.054857  -0.0000   0.00000929
  0.055059  -0.0000   0.00000946
  0.055364  -0.0000   0.00000970
  0.055867  -0.0000   0.00001006
  0.056442  -0.0000   0.00001042
  0.057100  -0.0000   0.00001078
  0.057850  -0.0000   0.00001114
  0.058697  -0.0000   0.00001150
  0.059648  -0.0000   0.00001187
  0.060527  -0.0000   0.00001217
  0.061488  -0.0000   0.00001248
  0.062532  -0.0000   0.00001278
  0.063664  -0.0000   0.00001309
  0.064888  -0.0000   0.00001339
  0.066205  -0.0000   0.00001370
  0.067618  -0.0000   0.00001400
  0.069130  -0.0000   0.00001431
  0.070480  -0.0000   0.00001457
  0.071902  -0.0000   0.00001483
  0.071967  -0.0000   0.00001485
  0.072017  -0.0000   0.00001487
  0.072063  -0.0000   0.00001489
  0.072125  -0.0000   0.00001493
  0.072209  -0.0000   0.00001498
  0.072322  -0.0000   0.00001505
  0.072475  -0.0000   0.00001517
  0.072691  -0.0000   0.00001534
  0.073010  -0.0000   0.00001559
  0.073516  -0.0000   0.00001598
  0.073943  -0.0000   0.00001628
  0.074406  -0.0000   0.00001658
  0.074905  -0.0000   0.00001688
  0.075741  -0.0000   0.00001734
  0.076667  -0.0000   0.00001779
  0.077686  -0.0000   0.00001824
  0.078803  -0.0000   0.00001870
  0.080021  -0.0000   0.00001915
  0.081345  -0.0000   0.00001960
  0.082778  -0.0000   0.00002006
  0.084033  -0.0000   0.00002043
  0.085366  -0.0000   0.00002080
  0.086778  -0.0000   0.00002117
  0.088440  -0.0000   0.00002159
  0.088781  -0.0000   0.00002167
  0.089126  -0.0000   0.00002175
  0.089475  -0.0000   0.00002184
  0.089576  -0.0000   0.00002188
  0.089653  -0.0000   0.00002192
  0.089724  -0.0000   0.00002196
  0.089820  -0.0000   0.00002202
  0.089951  -0.0000   0.00002212
  0.090132  -0.0000   0.00002226
  0.090390  -0.0000   0.00002247
  0.090776  -0.0000   0.00002279
  0.091395  -0.0000   0.00002326
  0.092072  -0.0000   0.00002373
  0.092811  -0.0000   0.00002421
  0.093614  -0.0000   0.00002468
  0.094482  -0.0000   0.00002516
  0.095700  -0.0000   0.00002576
  0.097031  -0.0000   0.00002637
  0.098478  -0.0000   0.00002698
  0.099756  -0.0000   0.00002748
  0.101118  -0.0000   0.00002798
  0.102566  -0.0000   0.00002848
  0.104103  -0.0000   0.00002898
  0.105729  -0.0000   0.00002948
  0.107323  -0.0000   0.00002998
  0.107406  -0.0000   0.00003003
  0.107482  -0.0000   0.00003008
  0.107552  -0.0000   0.00003012
  0.107650  -0.0000   0.00003019
  0.107785  -0.0000   0.00003029
  0.107975  -0.0000   0.00003045
  0.108250  -0.0000   0.00003068
  0.108665  -0.0000   0.00003103
  0.109325  -0.0000   0.00003155
  0.110038  -0.0000   0.00003207
  0.110807  -0.0000   0.00003259
  0.111631  -0.0000   0.00003311
  0.112511  -0.0000   0.00003363
  0.113922  -0.0000   0.00003439
  0.115183  -0.0000   0.00003503
  0.116532  -0.0000   0.00003566
  0.117971  -0.0000   0.00003630
  0.119503  -0.0000   0.00003693
  0.121128  -0.0000   0.00003757
  0.122850  -0.0000   0.00003820
  0.124668  -0.0000   0.00003884
  0.124840  -0.0000   0.00003890
  0.125005  -0.0000   0.00003896
  0.125104  -0.0000   0.00003902
  0.125236  -0.0000   0.00003911
  0.125413  -0.0000   0.00003924
  0.125578  -0.0000   0.00003938
  0.125813  -0.0000   0.00003958
  0.126159  -0.0000   0.00003988
  0.126693  -0.0000   0.00004033
  0.127270  -0.0000   0.00004080
  0.127879  -0.0000   0.00004127
  0.128522  -0.0000   0.00004173
  0.129559  -0.0000   0.00004243
  0.130670  -0.0000   0.00004313
  0.132004  -0.0000   0.00004391
  0.133432  -0.0000   0.00004469
  0.134956  -0.0000   0.00004547
  0.136577  -0.0000   0.00004625
  0.138299  -0.0000   0.00004704
  0.140123  -0.0000   0.00004782
  0.142049  -0.0000   0.00004860
  0.142264  -0.0000   0.00004868
  0.142480  -0.0000   0.00004877
  0.142696  -0.0000   0.00004886
  0.142821  -0.0000   0.00004894
  0.142934  -0.0000   0.00004902
  0.143041  -0.0000   0.00004910
  0.143189  -0.0000   0.00004923
  0.143400  -0.0000   0.00004941
  0.143706  -0.0000   0.00004969
  0.144168  -0.0000   0.00005011
  0.144900  -0.0000   0.00005073
  0.145677  -0.0000   0.00005136
  0.146501  -0.0000   0.00005199
  0.147371  -0.0000   0.00005261
  0.148285  -0.0000   0.00005324
  0.149758  -0.0000   0.00005418
  0.151334  -0.0000   0.00005512
  0.153014  -0.0000   0.00005606
  0.154799  -0.0000   0.00005699
  0.156693  -0.0000   0.00005793
  0.158696  -0.0000   0.00005887
  0.160087  -0.0000   0.00005950
  0.160304  -0.0000   0.00005960
  0.160502  -0.0000   0.00005970
  0.160636  -0.0000   0.00005979
  0.160817  -0.0000   0.00005994
  0.160985  -0.0000   0.00006009
  0.161146  -0.0000   0.00006023
  0.161380  -0.0000   0.00006045
  0.161729  -0.0000   0.00006078
  0.162266  -0.0000   0.00006127
  0.162917  -0.0000   0.00006184
  0.163600  -0.0000   0.00006242
  0.164315  -0.0000   0.00006299
  0.165441  -0.0000   0.00006384
  0.166632  -0.0000   0.00006469
  0.168120  -0.0000   0.00006568
  0.169698  -0.0000   0.00006668
  0.171367  -0.0000   0.00006768
  0.173427  -0.0000   0.00006883
  0.175229  -0.0000   0.00006979
  0.177120  -0.0000   0.00007075
  0.177475  -0.0000   0.00007093
  0.177834  -0.0000   0.00007111
  0.178196  -0.0000   0.00007129
  0.178343  -0.0000   0.00007140
  0.178473  -0.0000   0.00007151
  0.178595  -0.0000   0.00007161
  0.178768  -0.0000   0.00007177
  0.179017  -0.0000   0.00007201
  0.179383  -0.0000   0.00007237
  0.179943  -0.0000   0.00007290
  0.180558  -0.0000   0.00007347
  0.181199  -0.0000   0.00007404
  0.181865  -0.0000   0.00007461
  0.182918  -0.0000   0.00007546
  0.184024  -0.0000   0.00007631
  0.185799  -0.0000   0.00007758
  0.187692  -0.0000   0.00007886
  0.189704  -0.0000   0.00008014
  0.191837  -0.0000   0.00008141
  0.194091  -0.0000   0.00008269
  0.194989  -0.0000   0.00008319
  0.195904  -0.0000   0.00008369
  0.196055  -0.0000   0.00008379
  0.196181  -0.0000   0.00008390
  0.196301  -0.0000   0.00008401
  0.196470  -0.0000   0.00008417
  0.196713  -0.0000   0.00008441
  0.197070  -0.0000   0.00008477
  0.197612  -0.0000   0.00008531
  0.198227  -0.0000   0.00008590
  0.198864  -0.0000   0.00008650
  0.199525  -0.0000   0.00008709
  0.200565  -0.0000   0.00008798
  0.201653  -0.0000   0.00008887
  0.203389  -0.0000   0.00009020
  0.205230  -0.0000   0.00009154
  0.207176  -0.0000   0.00009287
  0.209229  -0.0000   0.00009421
  0.211389  -0.0000   0.00009554
  0.213656  -0.0000   0.00009687
  0.213789  -0.0000   0.00009698
  0.213904  -0.0000   0.00009708
  0.214014  -0.0000   0.00009718
  0.214170  -0.0000   0.00009733
  0.214393  -0.0000   0.00009756
  0.214720  -0.0000   0.00009790
  0.215213  -0.0000   0.00009841
  0.215838  -0.0000   0.00009904
  0.216484  -0.0000   0.00009968
  0.217128  -0.0000   0.00010030
  0.218060  -0.0000   0.00010120
  0.218987  -0.0000   0.00010220
  0.220367  -0.0000   0.00010360
  0.222413  -0.0000   0.00010570
  0.225424  -0.0000   0.00010890
  0.228378  -0.0000   0.00011200
  0.230087  -0.0000   0.00011390
  0.230447  -0.0000   0.00011430
  0.230806  -0.0000   0.00011470
  0.231137  -0.0000   0.00011510
  0.231304  -0.0000   0.00011530
  0.231460  -0.0000   0.00011560
  0.231607  -0.0000   0.00011590
  0.231819  -0.0000   0.00011630
  0.232128  -0.0000   0.00011690
  0.232586  -0.0000   0.00011780
  0.233277  -0.0000   0.00011920
  0.233972  -0.0000   0.00012060
  0.234670  -0.0000   0.00012200
  0.235369  -0.0000   0.00012340
  0.236416  -0.0000   0.00012550
  0.237979  -0.0000   0.00012860
  0.240299  -0.0000   0.00013330
  0.243719  -0.0000   0.00014040
  0.247074  -0.0000   0.00014740
  0.247307  -0.0000   0.00014790
  0.247540  -0.0000   0.00014840
  0.247773  -0.0000   0.00014890
  0.248121  -0.0000   0.00014960
  0.248404  -0.0000   0.00015030
  0.248613  -0.0000   0.00015100
  0.248807  -0.0000   0.00015170
  0.248993  -0.0000   0.00015230
  0.249176  -0.0000   0.00015300
  0.249446  -0.0000   0.00015400
  0.249853  -0.0000   0.00015550
  0.250466  -0.0000   0.00015780
  0.251340  -0.0000   0.00016110
  0.252215  -0.0000   0.00016430
  0.253091  -0.0000   0.00016750
  0.254400  -0.0000   0.00017240
  0.256351  -0.0000   0.00017960
  0.259239  -0.0000   0.00019050
  0.262124  -0.0000   0.00020160
  0.264964  -0.0000   0.00021260
  0.265157  -0.0000   0.00021340
  0.265351  -0.0000   0.00021410
  0.265536  -0.0000   0.00021490
  0.265733  -0.0000   0.00021600
  0.265916  -0.0000   0.00021720
  0.266091  -0.0000   0.00021830
  0.266263  -0.0000   0.00021940
  0.266518  -0.0000   0.00022110
  0.266900  -0.0000   0.00022370
  0.267479  -0.0000   0.00022750
  0.268325  -0.0000   0.00023300
  0.269174  -0.0000   0.00023860
  0.270023  -0.0000   0.00024410
  0.271292  -0.0000   0.00025240
  0.273185  -0.0000   0.00026490
  0.275990  -0.0000   0.00028360
  0.278961  -0.0000   0.00030370
  0.281886  -0.0000   0.00032390
  0.282099  -0.0000   0.00032530
  0.282311  -0.0000   0.00032680
  0.282523  -0.0000   0.00032820
  0.282793  -0.0000   0.00033040
  0.283019  -0.0000   0.00033280
  0.283232  -0.0000   0.00033520
  0.283440  -0.0000   0.00033750
  0.283648  -0.0000   0.00033990
  0.283959  -0.0000   0.00034340
  0.284430  -0.0000   0.00034870
  0.285142  -0.0000   0.00035670
  0.286181  -0.0000   0.00036830
  0.287221  -0.0000   0.00037990
  0.288774  -0.0000   0.00039730
  0.291085  -0.0000   0.00042340
  0.294502  -0.0000   0.00046260
  0.297864  -0.0000   0.00050170
  0.298221  -0.0000   0.00050590
  0.298578  -0.0000   0.00051010
  0.298934  -0.0000   0.00051430
  0.299467  -0.0000   0.00052050
  0.299792  -0.0000   0.00052430
  0.299991  -0.0000   0.00052740
  0.300165  -0.0000   0.00053050
  0.300332  -0.0000   0.00053360
  0.300495  -0.0000   0.00053660
  0.300740  -0.0000   0.00054120
  0.301108  -0.0000   0.00054810
  0.301665  -0.0000   0.00055850
  0.302502  -0.0000   0.00057400
  0.303341  -0.0000   0.00058940
  0.304597  -0.0000   0.00061260
  0.306472  -0.0000   0.00064740
  0.309255  -0.0000   0.00069960
  0.312169  -0.0000   0.00075500
  0.315044  -0.0000   0.00081030
  0.315503  -0.0000   0.00081920
  0.315960  -0.0000   0.00082800
  0.316416  -0.0000   0.00083680
  0.317059  -0.0000   0.00085010
  0.317213  -0.0000   0.00085430
  0.317358  -0.0000   0.00085860
  0.317500  -0.0000   0.00086280
  0.317709  -0.0000   0.00086910
  0.318023  -0.0000   0.00087860
  0.318497  -0.0000   0.00089290
  0.319215  -0.0000   0.00091420
  0.319936  -0.0000   0.00093560
  0.321016  -0.0000   0.00096760
  0.322633  -0.0000   0.00101600
  0.325038  -0.0000   0.00108800
  0.328596  -0.0000   0.00119600
  0.332100  -0.0000   0.00130400
  0.332464  -0.0000   0.00131500
  0.332828  -0.0000   0.00132700
  0.333190  -0.0000   0.00133800
  0.333733  -0.0000   0.00135500
  0.334084  -0.0000   0.00136600
  0.334288  -0.0000   0.00137400
  0.334466  -0.0000   0.00138200
  0.334638  -0.0000   0.00139000
  0.334894  -0.0000   0.00140200
  0.335280  -0.0000   0.00142000
  0.335864  -0.0000   0.00144800
  0.336579  -0.0000   0.00148100
  0.337297  -0.0000   0.00151400
  0.338372  -0.0000   0.00156400
  0.339978  -0.0000   0.00163900
  0.342367  -0.0000   0.00175100
  0.345903  -0.0000   0.00192000
  0.349386  -0.0000   0.00208800
  0.349721  -0.0000   0.00210400
  0.350056  -0.0000   0.00212100
  0.350390  -0.0000   0.00213700
  0.350890  -0.0000   0.00216100
  0.351244  -0.0000   0.00217900
  0.351420  -0.0000   0.00219000
  0.351580  -0.0000   0.00220100
  0.351736  -0.0000   0.00221200
  0.351969  -0.0000   0.00222900
  0.352320  -0.0000   0.00225500
  0.352851  -0.0000   0.00229300
  0.353594  -0.0000   0.00234500
  0.354337  -0.0000   0.00239800
  0.355452  -0.0000   0.00247700
  0.357116  -0.0000   0.00259600
  0.359592  -0.0000   0.00277400
  0.363255  -0.0000   0.00304200
  0.366863  -0.0000   0.00330900
  0.367142  -0.0000   0.00333000
  0.367421  -0.0000   0.00335100
  0.367699  -0.0000   0.00337100
  0.368116  -0.0000   0.00340200
  0.368473  -0.0000   0.00343000
  0.368648  -0.0000   0.00344800
  0.368815  -0.0000   0.00346600
  0.368980  -0.0000   0.00348400
  0.369145  -0.0000   0.00350200
  0.369393  -0.0000   0.00352900
  0.369769  -0.0000   0.00356900
  0.370336  -0.0000   0.00363000
  0.371190  -0.0000   0.00372100
  0.372468  -0.0000   0.00385700
  0.374377  -0.0000   0.00406200
  0.377213  -0.0000   0.00436900
  0.380311  -0.0000   0.00470800
  0.383371  -0.0000   0.00504700
  0.383953  -0.0000   0.00511100
  0.384534  -0.0000   0.00517600
  0.385113  -0.0000   0.00524100
  0.385509  -0.0000   0.00528500
  0.385730  -0.0000   0.00531500
  0.385920  -0.0000   0.00534500
  0.386106  -0.0000   0.00537400
  0.386386  -0.0000   0.00541900
  0.386810  -0.0000   0.00548600
  0.387449  -0.0000   0.00558700
  0.388090  -0.0000   0.00568700
  0.389052  -0.0000   0.00583800
  0.390489  -0.0000   0.00606400
  0.392632  -0.0000   0.00640300
  0.395811  -0.0000   0.00691200
  0.398952  -0.0000   0.00742000
  0.402053  -0.0000   0.00792900
  0.402269  -0.0000   0.00796500
  0.402484  -0.0000   0.00800000
  0.402699  -0.0000   0.00803500
  0.402910  -0.0000   0.00807900
  0.403098  -0.0000   0.00812200
  0.403284  -0.0000   0.00816500
  0.403471  -0.0000   0.00820800
  0.403753  -0.0000   0.00827300
  0.404180  -0.0000   0.00837000
  0.404821  -0.0000   0.00851600
  0.405785  -0.0000   0.00873400
  0.407227  -0.0000   0.00906200
  0.409376  -0.0000   0.00955300
  0.412565  -0.0000   0.01029000
  0.415718  -0.0000   0.01103000
  0.418831  -0.0000   0.01177000
  0.419086  -0.0000   0.01183000
  0.419341  -0.0000   0.01189000
  0.419595  -0.0000   0.01195000
  0.419968  -0.0000   0.01204000
  0.420128  -0.0000   0.01209000
  0.420283  -0.0000   0.01214000
  0.420436  -0.0000   0.01219000
  0.420667  -0.0000   0.01227000
  0.421016  -0.0000   0.01238000
  0.421544  -0.0000   0.01255000
  0.422338  -0.0000   0.01281000
  0.423528  -0.0000   0.01319000
  0.425305  -0.0000   0.01377000
  0.427950  -0.0000   0.01464000
  0.431254  -0.0000   0.01573000
  0.434517  -0.0000   0.01682000
  0.435309  -0.0000   0.01709000
  0.436097  -0.0000   0.01736000
  0.436884  -0.0000   0.01762000
  0.437109  -0.0000   0.01770000
  0.437286  -0.0000   0.01778000
  0.437452  -0.0000   0.01785000
  0.437700  -0.0000   0.01797000
  0.437949  -0.0000   0.01808000
  0.438326  -0.0000   0.01825000
  0.438894  -0.0000   0.01851000
  0.439748  -0.0000   0.01890000
  0.441026  -0.0000   0.01948000
  0.442933  -0.0000   0.02035000
  0.445767  -0.0000   0.02166000
  0.449063  -0.0000   0.02319000
  0.452319  -0.0000   0.02473000
  0.452740  -0.0000   0.02493000
  0.453161  -0.0000   0.02513000
  0.453581  -0.0000   0.02532000
  0.454209  -0.0000   0.02562000
  0.454391  -0.0000   0.02572000
  0.454546  -0.0000   0.02582000
  0.454700  -0.0000   0.02592000
  0.454931  -0.0000   0.02607000
  0.455280  -0.0000   0.02629000
  0.455808  -0.0000   0.02662000
  0.456602  -0.0000   0.02712000
  0.457395  -0.0000   0.02762000
  0.458583  -0.0000   0.02837000
  0.460354  -0.0000   0.02949000
  0.462990  -0.0000   0.03117000
  0.466891  -0.0000   0.03370000
  0.469977  -0.0000   0.03572000
  0.470307  -0.0000   0.03593000
  0.470636  -0.0000   0.03615000
  0.470965  -0.0000   0.03637000
  0.471458  -0.0000   0.03669000
  0.471630  -0.0000   0.03683000
  0.471787  -0.0000   0.03696000
  0.471943  -0.0000   0.03710000
  0.472178  -0.0000   0.03731000
  0.472533  -0.0000   0.03761000
  0.473069  -0.0000   0.03808000
  0.473874  -0.0000   0.03877000
  0.475080  -0.0000   0.03981000
  0.476880  -0.0000   0.04136000
  0.479558  -0.0000   0.04370000
  0.482784  -0.0000   0.04655000
  0.485972  -0.0000   0.04939000
  0.487045  -0.0000   0.05035000
  0.488114  -0.0000   0.05131000
  0.488509  -0.0000   0.05167000
  0.488855  -0.0000   0.05203000
  0.489155  -0.0000   0.05238000
  0.489457  -0.0000   0.05274000
  0.489762  -0.0000   0.05310000
  0.490067  -0.0000   0.05345000
  0.490527  -0.0000   0.05399000
  0.491216  -0.0000   0.05479000
  0.492248  -0.0000   0.05599000
  0.493790  -0.0000   0.05780000
  0.496087  -0.0000   0.06050000
  0.499494  -0.0000   0.06456000
  0.502862  -0.0000   0.06862000
  0.504533  -0.0000   0.07065000
  0.505623  -0.0000   0.07198000
  0.505874  -0.0000   0.07229000
  0.506082  -0.0000   0.07259000
  0.506275  -0.0000   0.07290000
  0.506469  -0.0000   0.07321000
  0.506663  -0.0000   0.07351000
  0.506957  -0.0000   0.07397000
  0.507400  -0.0000   0.07466000
  0.508065  -0.0000   0.07570000
  0.509061  -0.0000   0.07725000
  0.510549  -0.0000   0.07958000
  0.512767  -0.0000   0.08308000
  0.516059  -0.0000   0.08832000
  0.519315  -0.0000   0.09356000
  0.522533  -0.0000   0.09880000
  0.522749  -0.0000   0.09916000
  0.522965  -0.0000   0.10000000
  0.523172  -0.0000   0.10000000
  0.523370  -0.0000   0.10000000
  0.523566  -0.0000   0.10100000
  0.523764  -0.0000   0.10100000
  0.523964  -0.0000   0.10200000
  0.524264  -0.0000   0.10200000
  0.524715  -0.0000   0.10300000
  0.525392  -0.0000   0.10400000
  0.526407  -0.0000   0.10700000
  0.527922  -0.0000   0.11000000
  0.530180  -0.0000   0.11400000
  0.533531  -0.0000   0.12200000
  0.536845  -0.0000   0.12900000
  0.540119  -0.0000   0.13600000
  0.540316  -0.0000   0.13600000
  0.540482  -0.0000   0.13700000
  0.540637  -0.0000   0.13700000
  0.540869  -0.0000   0.13800000
  0.541104  -0.0000   0.13800000
  0.541457  -0.0000   0.13900000
  0.541989  -0.0000   0.14100000
  0.542786  -0.0000   0.14300000
  0.543979  -0.0000   0.14600000
  0.545760  -0.0000   0.15100000
  0.548410  -0.0000   0.15800000
  0.551997  -0.0000   0.16800000
  0.555540  -0.0000   0.17800000
  0.555942  -0.0000   0.17900000
  0.556343  -0.0000   0.18100000
  0.556744  -0.0000   0.18200000
  0.557343  -0.0000   0.18300000
  0.557590  -0.0000   0.18400000
  0.557788  -0.0000   0.18500000
  0.557985  -0.0000   0.18500000
  0.558183  -0.0000   0.18600000
  0.558383  -0.0000   0.18700000
  0.558684  -0.0000   0.18800000
  0.559136  -0.0000   0.19000000
  0.559814  -0.0000   0.19200000
  0.560829  -0.0000   0.19600000
  0.562346  -0.0000   0.20100000
  0.564605  -0.0000   0.20900000
  0.567375  -0.0000   0.21900000
  0.570120  -0.0000   0.22900000
  0.572839  -0.0000   0.23900000
  0.573463  -0.0000   0.24100000
  0.574085  -0.0000   0.24400000
  0.574705  -0.0000   0.24600000
  0.574898  -0.0000   0.24700000
  0.575069  -0.0000   0.24800000
  0.575241  -0.0000   0.24800000
  0.575500  -0.0000   0.25000000
  0.575892  -0.0000   0.25100000
  0.576481  -0.0000   0.25400000
  0.577364  -0.0000   0.25800000
  0.578684  -0.0000   0.26400000
  0.580653  -0.0000   0.27300000
  0.582809  -0.0000   0.28300000
  0.584950  -0.0000   0.29300000
  0.587077  -0.0000   0.30300000
  0.589188  -0.0000   0.31300000
  0.591283  -0.0000   0.32300000
  0.591556  -0.0000   0.32400000
  0.591829  -0.0000   0.32600000
  0.592088  -0.0000   0.32700000
  0.592301  -0.0000   0.32800000
  0.592515  -0.0000   0.33000000
  0.592730  -0.0000   0.33100000
  0.592946  -0.0000   0.33200000
  0.593271  -0.0000   0.33400000
  0.593760  -0.0000   0.33700000
  0.594492  -0.0000   0.34100000
  0.595587  -0.0000   0.34800000
  0.597222  -0.0000   0.35700000
  0.598908  -0.0000   0.36700000
  0.600586  -0.0000   0.37700000
  0.602256  -0.0000   0.38700000
  0.603916  -0.0000   0.39700000
  0.605567  -0.0000   0.40700000
  0.607209  -0.0000   0.41700000
  0.608840  -0.0000   0.42700000
  0.609086  -0.0000   0.42900000
  0.609321  -0.0000   0.43000000
  0.609519  -0.0000   0.43200000
  0.609719  -0.0000   0.43300000
  0.609919  -0.0000   0.43500000
  0.610121  -0.0000   0.43600000
  0.610424  -0.0000   0.43900000
  0.610880  -0.0000   0.44200000
  0.611563  -0.0000   0.44700000
  0.612585  -0.0000   0.45500000
  0.613919  -0.0000   0.46500000
  0.615247  -0.0000   0.47500000
  0.616570  -0.0000   0.48500000
  0.617887  -0.0000   0.49500000
  0.619200  -0.0000   0.50500000
  0.620506  -0.0000   0.51500000
  0.621808  -0.0000   0.52500000
  0.623103  -0.0000   0.53500000
  0.624393  -0.0000   0.54500000
  0.625676  -0.0000   0.55500000
  0.626182  -0.0000   0.55900000
  0.626647  -0.0000   0.56300000
  0.626884  -0.0000   0.56500000
  0.627124  -0.0000   0.56700000
  0.627364  -0.0000   0.56900000
  0.627727  -0.0000   0.57300000
  0.628271  -0.0000   0.57800000
  0.629086  -0.0000   0.58600000
  0.630143  -0.0000   0.59600000
  0.631197  -0.0000   0.60600000
  0.632248  -0.0000   0.61600000
  0.633296  -0.0000   0.62600000
  0.634340  -0.0000   0.63600000
  0.635381  -0.0000   0.64600000
  0.636419  -0.0000   0.65600000
  0.637454  -0.0000   0.66600000
  0.638484  -0.0000   0.67600000
  0.639512  -0.0000   0.68600000
  0.640536  -0.0000   0.69600000
  0.641556  -0.0000   0.70600000
  0.642572  -0.0000   0.71600000
  0.643585  -0.0000   0.72600000
  0.643805  -0.0000   0.72800000
  0.643992  -0.0000   0.73000000
  0.644181  -0.0000   0.73200000
  0.644466  -0.0000   0.73600000
  0.644753  -0.0000   0.73900000
  0.645184  -0.0000   0.74400000
  0.645830  -0.0000   0.75200000
  0.646673  -0.0000   0.76200000
  0.647514  -0.0000   0.77200000
  0.648353  -0.0000   0.78200000
  0.649190  -0.0000   0.79200000
  0.650026  -0.0000   0.80200000
  0.650859  -0.0000   0.81200000
  0.651689  -0.0000   0.82200000
  0.652518  -0.0000   0.83200000
  0.653345  -0.0000   0.84200000
  0.654169  -0.0000   0.85200000
  0.654992  -0.0000   0.86200000
  0.655812  -0.0000   0.87200000
  0.656630  -0.0000   0.88200000
  0.657446  -0.0000   0.89200000
  0.658259  -0.0000   0.90200000
  0.659071  -0.0000   0.91200000
  0.659880  -0.0000   0.92200000
  0.660686  -0.0000   0.93200000
  0.660984  -0.0000   0.93600000
  0.661168  -0.0000   0.93800000
  0.661351  -0.0000   0.94100000
  0.661536  -0.0000   0.94400000
  0.661721  -0.0000   0.94700000
  0.662000  -0.0000   0.95100000
  0.662418  -0.0000   0.95700000
  0.663046  -0.0000   0.96600000
  0.663722  -0.0000   0.97600000
  0.664396  -0.0000   0.98600000
  0.665069  -0.0000   0.99600000
  0.665316  -0.0000   1.00000000
  0.663690  -0.0000   1.00000000
  0.663690  -0.0000   1.00000000
  0.663690  -0.0000   1.00000000
  0.663690  -0.0000   1.00000000
  0.663690  -0.0000   1.00000000
  0.663690  -0.0000   1.00000000
  0.663689  -0.0000   1.00000000
  0.663688  -0.0000   1.00000000
  0.663686  -0.0000   1.00000000
  0.663683  -0.0000   1.00000000
  0.663675  -0.0000   1.00000000
  0.663660  -0.0000   1.00000000
