  0.000176  -0.0000   0.00000010
  0.000391  -0.0000   0.00000020
  0.000842  -0.0000   0.00000027
  0.003650  -0.0000   0.00000032
  0.006731  -0.0000   0.00000033
  0.006828  -0.0000   0.00000035
  0.006910  -0.0000   0.00000037
  0.007054  -0.0000   0.00000040
  0.007314  -0.0000   0.00000044
  0.007532  -0.0000   0.00000047
  0.007778  -0.0000   0.00000050
  0.008060  -0.0000   0.00000054
  0.008304  -0.0000   0.00000056
  0.008581  -0.0000   0.00000059
  0.008899  -0.0000   0.00000061
  0.009169  -0.0000   0.00000063
  0.009470  -0.0000   0.00000065
  0.009805  -0.0000   0.00000067
  0.010181  -0.0000   0.00000069
  0.010598  -0.0000   0.00000071
  0.011055  -0.0000   0.00000073
  0.011543  -0.0000   0.00000074
  0.012072  -0.0000   0.00000076
  0.012641  -0.0000   0.00000078
  0.013422  -0.0000   0.00000081
  0.014261  -0.0000   0.00000083
  0.015155  -0.0000   0.00000085
  0.016099  -0.0000   0.00000088
  0.017088  -0.0000   0.00000090
  0.018117  -0.0000   0.00000092
  0.019178  -0.0000   0.00000095
  0.019382  -0.0000   0.00000095
  0.019587  -0.0000   0.00000096
  0.019792  -0.0000   0.00000096
  0.019875  -0.0000   0.00000097
  0.019890  -0.0000   0.00000097
  0.019903  -0.0000   0.00000097
  0.019918  -0.0000   0.00000098
  0.019930  -0.0000   0.00000098
  0.019946  -0.0000   0.00000099
  0.019967  -0.0000   0.00000100
  0.019992  -0.0000   0.00000101
  0.020025  -0.0000   0.00000104
  0.020054  -0.0000   0.00000106
  0.020095  -0.0000   0.00000110
  0.020151  -0.0000   0.00000115
  0.020232  -0.0000   0.00000123
  0.020351  -0.0000   0.00000134
  0.020473  -0.0000   0.00000146
  0.020670  -0.0000   0.00000164
  0.021035  -0.0000   0.00000190
  0.021221  -0.0000   0.00000202
  0.021440  -0.0000   0.00000214
  0.021702  -0.0000   0.00000226
  0.021944  -0.0000   0.00000235
  0.022225  -0.0000   0.00000245
  0.022550  -0.0000   0.00000254
  0.022852  -0.0000   0.00000262
  0.023191  -0.0000   0.00000270
  0.023570  -0.0000   0.00000278
  0.023949  -0.0000   0.00000285
  0.024365  -0.0000   0.00000292
  0.024821  -0.0000   0.00000299
  0.025271  -0.0000   0.00000305
  0.025756  -0.0000   0.00000312
  0.026277  -0.0000   0.00000318
  0.026814  -0.0000   0.00000325
  0.027385  -0.0000   0.00000331
  0.027993  -0.0000   0.00000337
  0.028639  -0.0000   0.00000343
  0.029322  -0.0000   0.00000350
  0.030042  -0.0000   0.00000356
  0.030830  -0.0000   0.00000362
  0.031657  -0.0000   0.00000369
  0.032524  -0.0000   0.00000375
  0.033567  -0.0000   0.00000383
  0.034659  -0.0000   0.00000390
  0.035800  -0.0000   0.00000398
  0.035886  -0.0000   0.00000398
  0.035973  -0.0000   0.00000399
  0.036059  -0.0000   0.00000399
  0.036122  -0.0000   0.00000400
  0.036157  -0.0000   0.00000401
  0.036186  -0.0000   0.00000403
  0.036211  -0.0000   0.00000404
  0.036233  -0.0000   0.00000405
  0.036263  -0.0000   0.00000407
  0.036302  -0.0000   0.00000410
  0.036355  -0.0000   0.00000414
  0.036425  -0.0000   0.00000421
  0.036521  -0.0000   0.00000430
  0.036656  -0.0000   0.00000445
  0.036858  -0.0000   0.00000466
  0.037191  -0.0000   0.00000499
  0.037426  -0.0000   0.00000519
  0.037694  -0.0000   0.00000540
  0.038004  -0.0000   0.00000560
  0.038324  -0.0000   0.00000579
  0.038691  -0.0000   0.00000597
  0.039110  -0.0000   0.00000616
  0.039572  -0.0000   0.00000634
  0.040092  -0.0000   0.00000652
  0.040673  -0.0000   0.00000670
  0.041265  -0.0000   0.00000686
  0.041916  -0.0000   0.00000703
  0.042629  -0.0000   0.00000720
  0.043355  -0.0000   0.00000735
  0.044141  -0.0000   0.00000751
  0.044989  -0.0000   0.00000767
  0.045877  -0.0000   0.00000782
  0.046826  -0.0000   0.00000797
  0.047840  -0.0000   0.00000812
  0.049069  -0.0000   0.00000830
  0.050382  -0.0000   0.00000847
  0.051552  -0.0000   0.00000862
  0.052783  -0.0000   0.00000876
  0.053105  -0.0000   0.00000880
  0.053431  -0.0000   0.00000884
  0.053677  -0.0000   0.00000888
  0.053731  -0.0000   0.00000890
  0.053776  -0.0000   0.00000892
  0.053816  -0.0000   0.00000894
  0.053869  -0.0000   0.00000897
  0.053938  -0.0000   0.00000902
  0.054029  -0.0000   0.00000910
  0.054152  -0.0000   0.00000920
  0.054321  -0.0000   0.00000937
  0.054569  -0.0000   0.00000962
  0.054966  -0.0000   0.00000999
  0.055275  -0.0000   0.00001025
  0.055620  -0.0000   0.00001051
  0.056006  -0.0000   0.00001077
  0.056473  -0.0000   0.00001106
  0.056999  -0.0000   0.00001134
  0.057588  -0.0000   0.00001162
  0.058246  -0.0000   0.00001190
  0.058976  -0.0000   0.00001218
  0.059780  -0.0000   0.00001246
  0.060604  -0.0000   0.00001273
  0.061501  -0.0000   0.00001299
  0.062473  -0.0000   0.00001326
  0.063524  -0.0000   0.00001352
  0.064655  -0.0000   0.00001379
  0.065870  -0.0000   0.00001405
  0.067171  -0.0000   0.00001432
  0.068558  -0.0000   0.00001458
  0.070033  -0.0000   0.00001485
  0.070446  -0.0000   0.00001492
  0.070866  -0.0000   0.00001500
  0.071186  -0.0000   0.00001507
  0.071257  -0.0000   0.00001510
  0.071319  -0.0000   0.00001514
  0.071374  -0.0000   0.00001517
  0.071447  -0.0000   0.00001523
  0.071545  -0.0000   0.00001530
  0.071677  -0.0000   0.00001542
  0.071861  -0.0000   0.00001560
  0.072126  -0.0000   0.00001586
  0.072542  -0.0000   0.00001626
  0.072953  -0.0000   0.00001662
  0.073409  -0.0000   0.00001698
  0.073917  -0.0000   0.00001734
  0.074548  -0.0000   0.00001774
  0.075251  -0.0000   0.00001814
  0.076031  -0.0000   0.00001854
  0.077023  -0.0000   0.00001900
  0.077909  -0.0000   0.00001937
  0.078871  -0.0000   0.00001974
  0.079912  -0.0000   0.00002012
  0.081036  -0.0000   0.00002049
  0.082245  -0.0000   0.00002086
  0.083542  -0.0000   0.00002124
  0.084929  -0.0000   0.00002161
  0.086407  -0.0000   0.00002198
  0.087978  -0.0000   0.00002236
  0.088140  -0.0000   0.00002240
  0.088303  -0.0000   0.00002243
  0.088467  -0.0000   0.00002247
  0.088554  -0.0000   0.00002252
  0.088627  -0.0000   0.00002256
  0.088692  -0.0000   0.00002260
  0.088778  -0.0000   0.00002267
  0.088894  -0.0000   0.00002276
  0.089052  -0.0000   0.00002291
  0.089271  -0.0000   0.00002313
  0.089593  -0.0000   0.00002346
  0.090103  -0.0000   0.00002395
  0.090506  -0.0000   0.00002432
  0.090942  -0.0000   0.00002468
  0.091413  -0.0000   0.00002504
  0.092203  -0.0000   0.00002559
  0.093080  -0.0000   0.00002613
  0.094047  -0.0000   0.00002668
  0.095110  -0.0000   0.00002722
  0.096270  -0.0000   0.00002777
  0.097534  -0.0000   0.00002831
  0.098904  -0.0000   0.00002886
  0.100101  -0.0000   0.00002930
  0.101373  -0.0000   0.00002975
  0.102723  -0.0000   0.00003020
  0.104317  -0.0000   0.00003069
  0.105980  -0.0000   0.00003119
  0.106045  -0.0000   0.00003122
  0.106103  -0.0000   0.00003126
  0.106157  -0.0000   0.00003130
  0.106230  -0.0000   0.00003135
  0.106329  -0.0000   0.00003143
  0.106464  -0.0000   0.00003156
  0.106650  -0.0000   0.00003174
  0.106916  -0.0000   0.00003202
  0.107316  -0.0000   0.00003243
  0.107963  -0.0000   0.00003305
  0.108529  -0.0000   0.00003356
  0.109144  -0.0000   0.00003406
  0.109810  -0.0000   0.00003456
  0.110748  -0.0000   0.00003520
  0.111774  -0.0000   0.00003585
  0.112890  -0.0000   0.00003649
  0.114100  -0.0000   0.00003713
  0.115406  -0.0000   0.00003777
  0.116811  -0.0000   0.00003841
  0.118319  -0.0000   0.00003906
  0.119931  -0.0000   0.00003970
  0.121650  -0.0000   0.00004034
  0.123159  -0.0000   0.00004088
  0.123322  -0.0000   0.00004094
  0.123486  -0.0000   0.00004099
  0.123580  -0.0000   0.00004105
  0.123697  -0.0000   0.00004114
  0.123801  -0.0000   0.00004122
  0.123898  -0.0000   0.00004131
  0.124033  -0.0000   0.00004144
  0.124222  -0.0000   0.00004163
  0.124494  -0.0000   0.00004193
  0.124905  -0.0000   0.00004236
  0.125563  -0.0000   0.00004302
  0.126279  -0.0000   0.00004368
  0.127059  -0.0000   0.00004433
  0.127903  -0.0000   0.00004499
  0.128812  -0.0000   0.00004564
  0.129787  -0.0000   0.00004630
  0.130900  -0.0000   0.00004700
  0.132091  -0.0000   0.00004770
  0.133363  -0.0000   0.00004840
  0.134708  -0.0000   0.00004909
  0.136137  -0.0000   0.00004978
  0.137651  -0.0000   0.00005048
  0.139250  -0.0000   0.00005117
  0.140937  -0.0000   0.00005187
  0.141038  -0.0000   0.00005192
  0.141114  -0.0000   0.00005198
  0.141185  -0.0000   0.00005204
  0.141283  -0.0000   0.00005212
  0.141416  -0.0000   0.00005225
  0.141601  -0.0000   0.00005244
  0.141863  -0.0000   0.00005273
  0.142250  -0.0000   0.00005316
  0.142856  -0.0000   0.00005381
  0.143503  -0.0000   0.00005446
  0.144198  -0.0000   0.00005510
  0.144941  -0.0000   0.00005575
  0.145731  -0.0000   0.00005640
  0.146999  -0.0000   0.00005736
  0.148373  -0.0000   0.00005831
  0.149855  -0.0000   0.00005927
  0.151447  -0.0000   0.00006022
  0.153154  -0.0000   0.00006118
  0.154653  -0.0000   0.00006197
  0.156234  -0.0000   0.00006276
  0.157897  -0.0000   0.00006356
  0.158100  -0.0000   0.00006366
  0.158305  -0.0000   0.00006375
  0.158511  -0.0000   0.00006385
  0.158663  -0.0000   0.00006396
  0.158787  -0.0000   0.00006406
  0.158901  -0.0000   0.00006417
  0.159058  -0.0000   0.00006434
  0.159278  -0.0000   0.00006458
  0.159596  -0.0000   0.00006494
  0.160075  -0.0000   0.00006549
  0.160629  -0.0000   0.00006610
  0.161215  -0.0000   0.00006670
  0.161833  -0.0000   0.00006731
  0.162717  -0.0000   0.00006812
  0.163660  -0.0000   0.00006892
  0.165049  -0.0000   0.00007003
  0.166546  -0.0000   0.00007113
  0.168155  -0.0000   0.00007223
  0.169877  -0.0000   0.00007333
  0.171714  -0.0000   0.00007443
  0.173310  -0.0000   0.00007534
  0.174987  -0.0000   0.00007624
  0.175380  -0.0000   0.00007645
  0.175777  -0.0000   0.00007666
  0.176142  -0.0000   0.00007687
  0.176267  -0.0000   0.00007698
  0.176380  -0.0000   0.00007709
  0.176487  -0.0000   0.00007720
  0.176637  -0.0000   0.00007736
  0.176849  -0.0000   0.00007761
  0.177156  -0.0000   0.00007797
  0.177620  -0.0000   0.00007852
  0.178199  -0.0000   0.00007918
  0.178810  -0.0000   0.00007984
  0.179452  -0.0000   0.00008050
  0.180326  -0.0000   0.00008135
  0.181250  -0.0000   0.00008219
  0.182727  -0.0000   0.00008344
  0.184315  -0.0000   0.00008469
  0.186017  -0.0000   0.00008594
  0.187833  -0.0000   0.00008719
  0.189460  -0.0000   0.00008825
  0.191171  -0.0000   0.00008931
  0.192969  -0.0000   0.00009038
  0.193188  -0.0000   0.00009050
  0.193409  -0.0000   0.00009063
  0.193630  -0.0000   0.00009076
  0.193767  -0.0000   0.00009088
  0.193891  -0.0000   0.00009101
  0.194007  -0.0000   0.00009113
  0.194169  -0.0000   0.00009132
  0.194400  -0.0000   0.00009159
  0.194735  -0.0000   0.00009201
  0.195243  -0.0000   0.00009263
  0.195795  -0.0000   0.00009328
  0.196373  -0.0000   0.00009393
  0.196976  -0.0000   0.00009458
  0.197906  -0.0000   0.00009553
  0.198889  -0.0000   0.00009648
  0.200449  -0.0000   0.00009788
  0.202121  -0.0000   0.00009927
  0.203794  -0.0000   0.00010070
  0.205389  -0.0000   0.00010210
  0.206951  -0.0000   0.00010350
  0.209232  -0.0000   0.00010560
  0.209475  -0.0000   0.00010580
  0.209718  -0.0000   0.00010600
  0.209960  -0.0000   0.00010620
  0.210321  -0.0000   0.00010660
  0.210860  -0.0000   0.00010710
  0.211010  -0.0000   0.00010720
  0.211121  -0.0000   0.00010740
  0.211224  -0.0000   0.00010760
  0.211366  -0.0000   0.00010780
  0.211561  -0.0000   0.00010820
  0.211835  -0.0000   0.00010880
  0.212230  -0.0000   0.00010960
  0.212817  -0.0000   0.00011090
  0.213645  -0.0000   0.00011270
  0.214477  -0.0000   0.00011450
  0.215308  -0.0000   0.00011630
  0.216137  -0.0000   0.00011810
  0.217372  -0.0000   0.00012070
  0.219199  -0.0000   0.00012480
  0.221879  -0.0000   0.00013080
  0.224497  -0.0000   0.00013680
  0.227053  -0.0000   0.00014290
  0.227247  -0.0000   0.00014330
  0.227441  -0.0000   0.00014380
  0.227634  -0.0000   0.00014420
  0.227919  -0.0000   0.00014490
  0.228034  -0.0000   0.00014530
  0.228139  -0.0000   0.00014580
  0.228237  -0.0000   0.00014620
  0.228374  -0.0000   0.00014680
  0.228567  -0.0000   0.00014770
  0.228844  -0.0000   0.00014910
  0.229252  -0.0000   0.00015120
  0.229866  -0.0000   0.00015440
  0.230484  -0.0000   0.00015760
  0.231106  -0.0000   0.00016070
  0.231727  -0.0000   0.00016390
  0.232658  -0.0000   0.00016860
  0.234045  -0.0000   0.00017570
  0.236097  -0.0000   0.00018640
  0.238650  -0.0000   0.00019990
  0.241151  -0.0000   0.00021340
  0.243600  -0.0000   0.00022690
  0.243846  -0.0000   0.00022820
  0.244091  -0.0000   0.00022960
  0.244336  -0.0000   0.00023100
  0.244701  -0.0000   0.00023300
  0.244857  -0.0000   0.00023410
  0.244979  -0.0000   0.00023520
  0.245092  -0.0000   0.00023630
  0.245249  -0.0000   0.00023790
  0.245471  -0.0000   0.00024040
  0.245794  -0.0000   0.00024400
  0.246278  -0.0000   0.00024960
  0.247011  -0.0000   0.00025780
  0.247748  -0.0000   0.00026610
  0.248486  -0.0000   0.00027440
  0.249224  -0.0000   0.00028270
  0.250324  -0.0000   0.00029510
  0.251960  -0.0000   0.00031370
  0.254373  -0.0000   0.00034170
  0.256731  -0.0000   0.00036940
  0.259047  -0.0000   0.00039720
  0.261319  -0.0000   0.00042500
  0.261470  -0.0000   0.00042690
  0.261614  -0.0000   0.00042870
  0.261716  -0.0000   0.00043060
  0.261853  -0.0000   0.00043340
  0.262040  -0.0000   0.00043750
  0.262219  -0.0000   0.00044170
  0.262482  -0.0000   0.00044800
  0.262874  -0.0000   0.00045730
  0.263469  -0.0000   0.00047140
  0.264067  -0.0000   0.00048550
  0.264667  -0.0000   0.00049950
  0.265567  -0.0000   0.00052060
  0.266910  -0.0000   0.00055230
  0.268902  -0.0000   0.00059980
  0.271833  -0.0000   0.00067100
  0.274703  -0.0000   0.00074220
  0.277512  -0.0000   0.00081340
  0.277706  -0.0000   0.00081840
  0.277900  -0.0000   0.00082330
  0.278093  -0.0000   0.00082820
  0.278383  -0.0000   0.00083560
  0.278513  -0.0000   0.00084030
  0.278628  -0.0000   0.00084500
  0.278735  -0.0000   0.00084970
  0.278889  -0.0000   0.00085680
  0.279112  -0.0000   0.00086730
  0.279444  -0.0000   0.00088320
  0.279948  -0.0000   0.00090700
  0.280640  -0.0000   0.00093950
  0.281335  -0.0000   0.00097190
  0.282029  -0.0000   0.00100400
  0.283068  -0.0000   0.00105300
  0.284614  -0.0000   0.00112600
  0.286901  -0.0000   0.00123600
  0.289291  -0.0000   0.00135200
  0.291641  -0.0000   0.00146800
  0.293952  -0.0000   0.00158400
  0.294166  -0.0000   0.00159500
  0.294381  -0.0000   0.00160600
  0.294595  -0.0000   0.00161700
  0.294915  -0.0000   0.00163300
  0.295231  -0.0000   0.00165000
  0.295386  -0.0000   0.00166300
  0.295529  -0.0000   0.00167500
  0.295666  -0.0000   0.00168700
  0.295800  -0.0000   0.00169900
  0.296000  -0.0000   0.00171700
  0.296301  -0.0000   0.00174500
  0.296757  -0.0000   0.00178600
  0.297446  -0.0000   0.00184800
  0.298137  -0.0000   0.00190900
  0.299171  -0.0000   0.00200200
  0.300713  -0.0000   0.00214000
  0.302996  -0.0000   0.00234800
  0.305342  -0.0000   0.00256500
  0.307654  -0.0000   0.00278200
  0.309928  -0.0000   0.00299900
  0.310286  -0.0000   0.00303400
  0.310642  -0.0000   0.00306800
  0.310997  -0.0000   0.00310200
  0.311528  -0.0000   0.00315300
  0.311853  -0.0000   0.00318500
  0.312070  -0.0000   0.00321100
  0.312240  -0.0000   0.00323700
  0.312400  -0.0000   0.00326300
  0.312634  -0.0000   0.00330300
  0.312868  -0.0000   0.00334200
  0.313221  -0.0000   0.00340100
  0.313757  -0.0000   0.00348900
  0.314545  -0.0000   0.00361900
  0.315334  -0.0000   0.00374900
  0.316513  -0.0000   0.00394300
  0.318265  -0.0000   0.00423500
  0.320855  -0.0000   0.00467300
  0.323405  -0.0000   0.00511000
  0.325913  -0.0000   0.00554800
  0.328377  -0.0000   0.00598600
  0.328539  -0.0000   0.00601400
  0.328701  -0.0000   0.00604300
  0.328826  -0.0000   0.00607200
  0.328982  -0.0000   0.00611500
  0.329130  -0.0000   0.00615900
  0.329274  -0.0000   0.00620200
  0.329491  -0.0000   0.00626700
  0.329818  -0.0000   0.00636400
  0.330313  -0.0000   0.00651000
  0.331053  -0.0000   0.00672700
  0.331794  -0.0000   0.00694400
  0.332902  -0.0000   0.00727000
  0.334551  -0.0000   0.00775800
  0.336992  -0.0000   0.00849100
  0.339398  -0.0000   0.00922400
  0.341768  -0.0000   0.00995600
  0.344102  -0.0000   0.01069000
  0.344342  -0.0000   0.01076000
  0.344581  -0.0000   0.01084000
  0.344820  -0.0000   0.01091000
  0.345177  -0.0000   0.01103000
  0.345581  -0.0000   0.01117000
  0.345728  -0.0000   0.01124000
  0.345865  -0.0000   0.01130000
  0.345999  -0.0000   0.01137000
  0.346199  -0.0000   0.01148000
  0.346500  -0.0000   0.01163000
  0.346958  -0.0000   0.01187000
  0.347648  -0.0000   0.01222000
  0.348339  -0.0000   0.01257000
  0.349373  -0.0000   0.01309000
  0.350914  -0.0000   0.01388000
  0.353199  -0.0000   0.01507000
  0.355623  -0.0000   0.01634000
  0.358012  -0.0000   0.01761000
  0.360366  -0.0000   0.01889000
  0.360705  -0.0000   0.01907000
  0.361042  -0.0000   0.01925000
  0.361379  -0.0000   0.01944000
  0.361882  -0.0000   0.01971000
  0.362246  -0.0000   0.01991000
  0.362427  -0.0000   0.02003000
  0.362575  -0.0000   0.02016000
  0.362718  -0.0000   0.02028000
  0.362928  -0.0000   0.02046000
  0.363247  -0.0000   0.02074000
  0.363731  -0.0000   0.02116000
  0.364368  -0.0000   0.02170000
  0.365006  -0.0000   0.02225000
  0.365961  -0.0000   0.02307000
  0.367385  -0.0000   0.02429000
  0.369497  -0.0000   0.02613000
  0.371961  -0.0000   0.02830000
  0.374390  -0.0000   0.03048000
  0.376783  -0.0000   0.03265000
  0.377307  -0.0000   0.03313000
  0.377829  -0.0000   0.03361000
  0.378349  -0.0000   0.03409000
  0.379122  -0.0000   0.03480000
  0.379247  -0.0000   0.03496000
  0.379364  -0.0000   0.03513000
  0.379477  -0.0000   0.03529000
  0.379646  -0.0000   0.03553000
  0.379901  -0.0000   0.03590000
  0.380287  -0.0000   0.03645000
  0.380872  -0.0000   0.03727000
  0.381457  -0.0000   0.03810000
  0.382335  -0.0000   0.03933000
  0.383645  -0.0000   0.04119000
  0.385593  -0.0000   0.04397000
  0.388471  -0.0000   0.04814000
  0.391304  -0.0000   0.05231000
  0.394090  -0.0000   0.05649000
  0.394503  -0.0000   0.05711000
  0.394914  -0.0000   0.05773000
  0.395324  -0.0000   0.05835000
  0.395937  -0.0000   0.05927000
  0.396060  -0.0000   0.05953000
  0.396172  -0.0000   0.05978000
  0.396281  -0.0000   0.06003000
  0.396443  -0.0000   0.06040000
  0.396688  -0.0000   0.06097000
  0.397060  -0.0000   0.06182000
  0.397621  -0.0000   0.06309000
  0.398184  -0.0000   0.06436000
  0.399026  -0.0000   0.06626000
  0.400283  -0.0000   0.06912000
  0.402152  -0.0000   0.07341000
  0.404917  -0.0000   0.07985000
  0.407640  -0.0000   0.08628000
  0.410321  -0.0000   0.09271000
  0.411695  -0.0000   0.09604000
  0.412268  -0.0000   0.09743000
  0.412799  -0.0000   0.09882000
  0.412946  -0.0000   0.09933000
  0.413087  -0.0000   0.10000000
  0.413227  -0.0000   0.10000000
  0.413438  -0.0000   0.10100000
  0.413758  -0.0000   0.10200000
  0.414242  -0.0000   0.10400000
  0.414969  -0.0000   0.10700000
  0.416057  -0.0000   0.11000000
  0.417678  -0.0000   0.11600000
  0.420082  -0.0000   0.12500000
  0.422457  -0.0000   0.13400000
  0.424801  -0.0000   0.14300000
  0.427115  -0.0000   0.15100000
  0.429667  -0.0000   0.16100000
  0.429785  -0.0000   0.16200000
  0.429951  -0.0000   0.16300000
  0.430116  -0.0000   0.16400000
  0.430282  -0.0000   0.16500000
  0.430532  -0.0000   0.16600000
  0.430912  -0.0000   0.16800000
  0.431483  -0.0000   0.17100000
  0.432339  -0.0000   0.17600000
  0.433620  -0.0000   0.18300000
  0.435405  -0.0000   0.19300000
  0.437176  -0.0000   0.20300000
  0.438932  -0.0000   0.21300000
  0.440672  -0.0000   0.22300000
  0.442395  -0.0000   0.23300000
  0.444102  -0.0000   0.24300000
  0.445790  -0.0000   0.25300000
  0.446037  -0.0000   0.25500000
  0.446283  -0.0000   0.25600000
  0.446513  -0.0000   0.25800000
  0.446674  -0.0000   0.25900000
  0.446830  -0.0000   0.26000000
  0.446987  -0.0000   0.26200000
  0.447145  -0.0000   0.26300000
  0.447383  -0.0000   0.26500000
  0.447743  -0.0000   0.26800000
  0.448284  -0.0000   0.27300000
  0.449095  -0.0000   0.27900000
  0.450281  -0.0000   0.28900000
  0.451461  -0.0000   0.29900000
  0.452635  -0.0000   0.30900000
  0.453802  -0.0000   0.31900000
  0.454962  -0.0000   0.32900000
  0.456115  -0.0000   0.33900000
  0.457262  -0.0000   0.34900000
  0.458401  -0.0000   0.35900000
  0.459533  -0.0000   0.36900000
  0.460658  -0.0000   0.37900000
  0.461775  -0.0000   0.38900000
  0.462885  -0.0000   0.39900000
  0.463096  -0.0000   0.40100000
  0.463274  -0.0000   0.40300000
  0.463423  -0.0000   0.40500000
  0.463645  -0.0000   0.40800000
  0.463869  -0.0000   0.41100000
  0.464208  -0.0000   0.41500000
  0.464719  -0.0000   0.42200000
  0.465485  -0.0000   0.43100000
  0.466279  -0.0000   0.44100000
  0.467070  -0.0000   0.45100000
  0.467859  -0.0000   0.46100000
  0.468644  -0.0000   0.47100000
  0.469427  -0.0000   0.48100000
  0.470206  -0.0000   0.49100000
  0.470983  -0.0000   0.50100000
  0.471756  -0.0000   0.51100000
  0.472526  -0.0000   0.52100000
  0.473294  -0.0000   0.53100000
  0.474058  -0.0000   0.54100000
  0.474819  -0.0000   0.55100000
  0.475577  -0.0000   0.56100000
  0.476332  -0.0000   0.57100000
  0.477084  -0.0000   0.58100000
  0.477833  -0.0000   0.59100000
  0.478578  -0.0000   0.60100000
  0.479320  -0.0000   0.61100000
  0.480059  -0.0000   0.62100000
  0.480197  -0.0000   0.62400000
  0.480323  -0.0000   0.62600000
  0.480448  -0.0000   0.62800000
  0.480637  -0.0000   0.63200000
  0.480924  -0.0000   0.63700000
  0.481357  -0.0000   0.64500000
  0.481896  -0.0000   0.65500000
  0.482434  -0.0000   0.66500000
  0.482972  -0.0000   0.67500000
  0.483509  -0.0000   0.68500000
  0.484044  -0.0000   0.69500000
  0.484578  -0.0000   0.70500000
  0.485111  -0.0000   0.71500000
  0.485642  -0.0000   0.72500000
  0.486172  -0.0000   0.73500000
  0.486700  -0.0000   0.74500000
  0.487228  -0.0000   0.75500000
  0.487753  -0.0000   0.76500000
  0.488278  -0.0000   0.77500000
  0.488801  -0.0000   0.78500000
  0.489323  -0.0000   0.79500000
  0.489843  -0.0000   0.80500000
  0.490362  -0.0000   0.81500000
  0.490879  -0.0000   0.82500000
  0.491395  -0.0000   0.83500000
  0.491910  -0.0000   0.84500000
  0.492423  -0.0000   0.85500000
  0.492935  -0.0000   0.86500000
  0.493446  -0.0000   0.87500000
  0.493955  -0.0000   0.88500000
  0.494462  -0.0000   0.89500000
  0.494968  -0.0000   0.90500000
  0.495473  -0.0000   0.91500000
  0.495976  -0.0000   0.92500000
  0.496477  -0.0000   0.93500000
  0.496968  -0.0000   0.94500000
  0.497062  -0.0000   0.94800000
  0.497198  -0.0000   0.95200000
  0.497401  -0.0000   0.95700000
  0.497606  -0.0000   0.96300000
  0.497916  -0.0000   0.97100000
  0.498286  -0.0000   0.98100000
  0.498655  -0.0000   0.99100000
  0.498976  -0.0000   1.00000000
  0.496671  -0.0000   1.00000000
  0.496671  -0.0000   1.00000000
  0.496670  -0.0000   1.00000000
  0.496670  -0.0000   1.00000000
  0.496670  -0.0000   1.00000000
  0.496670  -0.0000   1.00000000
  0.496668  -0.0000   1.00000000
  0.496666  -0.0000   1.00000000
  0.496662  -0.0000   1.00000000
  0.496653  -0.0000   1.00000000
  0.496636  -0.0000   1.00000000
  0.496603  -0.0000   1.00000000
