  0.000256  -0.0000   0.00000010
  0.000556  -0.0000   0.00000020
  0.001512  -0.0000   0.00000030
  0.007296  -0.0000   0.00000045
  0.007494  -0.0000   0.00000049
  0.007627  -0.0000   0.00000052
  0.007768  -0.0000   0.00000056
  0.008002  -0.0000   0.00000061
  0.008318  -0.0000   0.00000068
  0.008680  -0.0000   0.00000074
  0.009094  -0.0000   0.00000080
  0.009561  -0.0000   0.00000087
  0.010084  -0.0000   0.00000093
  0.010663  -0.0000   0.00000099
  0.011302  -0.0000   0.00000106
  0.012008  -0.0000   0.00000112
  0.012588  -0.0000   0.00000117
  0.013217  -0.0000   0.00000122
  0.013900  -0.0000   0.00000126
  0.014641  -0.0000   0.00000131
  0.015445  -0.0000   0.00000136
  0.016316  -0.0000   0.00000141
  0.017075  -0.0000   0.00000145
  0.017881  -0.0000   0.00000149
  0.018736  -0.0000   0.00000153
  0.019760  -0.0000   0.00000157
  0.020125  -0.0000   0.00000159
  0.020434  -0.0000   0.00000160
  0.020471  -0.0000   0.00000161
  0.020504  -0.0000   0.00000162
  0.020534  -0.0000   0.00000163
  0.020575  -0.0000   0.00000165
  0.020628  -0.0000   0.00000167
  0.020687  -0.0000   0.00000170
  0.020741  -0.0000   0.00000172
  0.020792  -0.0000   0.00000175
  0.020863  -0.0000   0.00000179
  0.020963  -0.0000   0.00000185
  0.021087  -0.0000   0.00000193
  0.021206  -0.0000   0.00000200
  0.021321  -0.0000   0.00000208
  0.021491  -0.0000   0.00000220
  0.021744  -0.0000   0.00000238
  0.022132  -0.0000   0.00000264
  0.022540  -0.0000   0.00000291
  0.023232  -0.0000   0.00000331
  0.023634  -0.0000   0.00000352
  0.024079  -0.0000   0.00000373
  0.024578  -0.0000   0.00000394
  0.024964  -0.0000   0.00000409
  0.025385  -0.0000   0.00000424
  0.025847  -0.0000   0.00000439
  0.026375  -0.0000   0.00000454
  0.026956  -0.0000   0.00000470
  0.027593  -0.0000   0.00000485
  0.028176  -0.0000   0.00000499
  0.028804  -0.0000   0.00000512
  0.029478  -0.0000   0.00000525
  0.030144  -0.0000   0.00000537
  0.030853  -0.0000   0.00000549
  0.031606  -0.0000   0.00000562
  0.032375  -0.0000   0.00000574
  0.033188  -0.0000   0.00000585
  0.034045  -0.0000   0.00000597
  0.034942  -0.0000   0.00000609
  0.035884  -0.0000   0.00000621
  0.036870  -0.0000   0.00000632
  0.037900  -0.0000   0.00000644
  0.038009  -0.0000   0.00000646
  0.038049  -0.0000   0.00000647
  0.038081  -0.0000   0.00000648
  0.038124  -0.0000   0.00000650
  0.038182  -0.0000   0.00000653
  0.038259  -0.0000   0.00000657
  0.038348  -0.0000   0.00000662
  0.038431  -0.0000   0.00000667
  0.038544  -0.0000   0.00000675
  0.038701  -0.0000   0.00000688
  0.038910  -0.0000   0.00000705
  0.039109  -0.0000   0.00000722
  0.039401  -0.0000   0.00000747
  0.039690  -0.0000   0.00000772
  0.040137  -0.0000   0.00000811
  0.040870  -0.0000   0.00000868
  0.041232  -0.0000   0.00000895
  0.041620  -0.0000   0.00000922
  0.042036  -0.0000   0.00000949
  0.042736  -0.0000   0.00000989
  0.043526  -0.0000   0.00001029
  0.044206  -0.0000   0.00001061
  0.044954  -0.0000   0.00001093
  0.045772  -0.0000   0.00001124
  0.046826  -0.0000   0.00001161
  0.047764  -0.0000   0.00001191
  0.048777  -0.0000   0.00001221
  0.049868  -0.0000   0.00001252
  0.051040  -0.0000   0.00001282
  0.052294  -0.0000   0.00001312
  0.053632  -0.0000   0.00001342
  0.055055  -0.0000   0.00001372
  0.056519  -0.0000   0.00001403
  0.056581  -0.0000   0.00001406
  0.056637  -0.0000   0.00001409
  0.056691  -0.0000   0.00001411
  0.056765  -0.0000   0.00001416
  0.056868  -0.0000   0.00001422
  0.057009  -0.0000   0.00001432
  0.057201  -0.0000   0.00001447
  0.057467  -0.0000   0.00001469
  0.057718  -0.0000   0.00001492
  0.058081  -0.0000   0.00001525
  0.058619  -0.0000   0.00001575
  0.059469  -0.0000   0.00001650
  0.059932  -0.0000   0.00001689
  0.060422  -0.0000   0.00001728
  0.060944  -0.0000   0.00001767
  0.061671  -0.0000   0.00001817
  0.062468  -0.0000   0.00001866
  0.063341  -0.0000   0.00001916
  0.064296  -0.0000   0.00001965
  0.065338  -0.0000   0.00002015
  0.066470  -0.0000   0.00002064
  0.067695  -0.0000   0.00002114
  0.069016  -0.0000   0.00002164
  0.070437  -0.0000   0.00002213
  0.071958  -0.0000   0.00002263
  0.073310  -0.0000   0.00002304
  0.074736  -0.0000   0.00002346
  0.074897  -0.0000   0.00002351
  0.074984  -0.0000   0.00002356
  0.075065  -0.0000   0.00002362
  0.075177  -0.0000   0.00002369
  0.075331  -0.0000   0.00002381
  0.075543  -0.0000   0.00002398
  0.075830  -0.0000   0.00002424
  0.076102  -0.0000   0.00002450
  0.076491  -0.0000   0.00002489
  0.077066  -0.0000   0.00002547
  0.077961  -0.0000   0.00002634
  0.078521  -0.0000   0.00002686
  0.079113  -0.0000   0.00002738
  0.079743  -0.0000   0.00002790
  0.080524  -0.0000   0.00002850
  0.081369  -0.0000   0.00002910
  0.082280  -0.0000   0.00002970
  0.083484  -0.0000   0.00003043
  0.084795  -0.0000   0.00003115
  0.086216  -0.0000   0.00003188
  0.087751  -0.0000   0.00003260
  0.089090  -0.0000   0.00003320
  0.090510  -0.0000   0.00003380
  0.092010  -0.0000   0.00003440
  0.092522  -0.0000   0.00003460
  0.093043  -0.0000   0.00003480
  0.093253  -0.0000   0.00003491
  0.093408  -0.0000   0.00003503
  0.093551  -0.0000   0.00003515
  0.093750  -0.0000   0.00003533
  0.093938  -0.0000   0.00003550
  0.094204  -0.0000   0.00003577
  0.094582  -0.0000   0.00003616
  0.095130  -0.0000   0.00003676
  0.095960  -0.0000   0.00003765
  0.096653  -0.0000   0.00003837
  0.097385  -0.0000   0.00003908
  0.098163  -0.0000   0.00003980
  0.098980  -0.0000   0.00004050
  0.099852  -0.0000   0.00004121
  0.100783  -0.0000   0.00004191
  0.102102  -0.0000   0.00004283
  0.103529  -0.0000   0.00004375
  0.105066  -0.0000   0.00004467
  0.106716  -0.0000   0.00004558
  0.108481  -0.0000   0.00004650
  0.110034  -0.0000   0.00004727
  0.111586  -0.0000   0.00004803
  0.111700  -0.0000   0.00004812
  0.111808  -0.0000   0.00004821
  0.111912  -0.0000   0.00004831
  0.112059  -0.0000   0.00004844
  0.112267  -0.0000   0.00004865
  0.112560  -0.0000   0.00004896
  0.112975  -0.0000   0.00004942
  0.113578  -0.0000   0.00005011
  0.114491  -0.0000   0.00005115
  0.115448  -0.0000   0.00005220
  0.116257  -0.0000   0.00005303
  0.117114  -0.0000   0.00005386
  0.118027  -0.0000   0.00005470
  0.119152  -0.0000   0.00005566
  0.120357  -0.0000   0.00005662
  0.121642  -0.0000   0.00005758
  0.123009  -0.0000   0.00005854
  0.124727  -0.0000   0.00005966
  0.126560  -0.0000   0.00006079
  0.128203  -0.0000   0.00006174
  0.129887  -0.0000   0.00006270
  0.130007  -0.0000   0.00006280
  0.130122  -0.0000   0.00006291
  0.130232  -0.0000   0.00006302
  0.130390  -0.0000   0.00006318
  0.130614  -0.0000   0.00006342
  0.130931  -0.0000   0.00006377
  0.131383  -0.0000   0.00006431
  0.132043  -0.0000   0.00006512
  0.133049  -0.0000   0.00006633
  0.133851  -0.0000   0.00006727
  0.134693  -0.0000   0.00006820
  0.135582  -0.0000   0.00006913
  0.136665  -0.0000   0.00007020
  0.137818  -0.0000   0.00007127
  0.139042  -0.0000   0.00007233
  0.140338  -0.0000   0.00007340
  0.142051  -0.0000   0.00007472
  0.143877  -0.0000   0.00007604
  0.145818  -0.0000   0.00007735
  0.147874  -0.0000   0.00007867
  0.148084  -0.0000   0.00007880
  0.148242  -0.0000   0.00007894
  0.148376  -0.0000   0.00007907
  0.148566  -0.0000   0.00007927
  0.148833  -0.0000   0.00007958
  0.149210  -0.0000   0.00008003
  0.149703  -0.0000   0.00008065
  0.150185  -0.0000   0.00008128
  0.150908  -0.0000   0.00008221
  0.151737  -0.0000   0.00008326
  0.152600  -0.0000   0.00008430
  0.153506  -0.0000   0.00008535
  0.154600  -0.0000   0.00008654
  0.155759  -0.0000   0.00008773
  0.156985  -0.0000   0.00008892
  0.158278  -0.0000   0.00009012
  0.160018  -0.0000   0.00009162
  0.161867  -0.0000   0.00009312
  0.163827  -0.0000   0.00009463
  0.165897  -0.0000   0.00009613
  0.166146  -0.0000   0.00009631
  0.166397  -0.0000   0.00009649
  0.166575  -0.0000   0.00009667
  0.166814  -0.0000   0.00009694
  0.167149  -0.0000   0.00009735
  0.167468  -0.0000   0.00009775
  0.167776  -0.0000   0.00009816
  0.168225  -0.0000   0.00009876
  0.168890  -0.0000   0.00009968
  0.169763  -0.0000   0.00010100
  0.170636  -0.0000   0.00010250
  0.171499  -0.0000   0.00010400
  0.172355  -0.0000   0.00010540
  0.173541  -0.0000   0.00010740
  0.174718  -0.0000   0.00010950
  0.176461  -0.0000   0.00011250
  0.178180  -0.0000   0.00011560
  0.180706  -0.0000   0.00012010
  0.181429  -0.0000   0.00012150
  0.182146  -0.0000   0.00012280
  0.182859  -0.0000   0.00012410
  0.183856  -0.0000   0.00012610
  0.183993  -0.0000   0.00012650
  0.184122  -0.0000   0.00012680
  0.184245  -0.0000   0.00012720
  0.184421  -0.0000   0.00012780
  0.184667  -0.0000   0.00012870
  0.185013  -0.0000   0.00013000
  0.185500  -0.0000   0.00013190
  0.186196  -0.0000   0.00013480
  0.186985  -0.0000   0.00013820
  0.187769  -0.0000   0.00014160
  0.188552  -0.0000   0.00014500
  0.189561  -0.0000   0.00014940
  0.190570  -0.0000   0.00015370
  0.192075  -0.0000   0.00016030
  0.193571  -0.0000   0.00016690
  0.195786  -0.0000   0.00017670
  0.199036  -0.0000   0.00019150
  0.199350  -0.0000   0.00019290
  0.199663  -0.0000   0.00019430
  0.199975  -0.0000   0.00019570
  0.200442  -0.0000   0.00019790
  0.200837  -0.0000   0.00019980
  0.201040  -0.0000   0.00020120
  0.201229  -0.0000   0.00020270
  0.201408  -0.0000   0.00020410
  0.201660  -0.0000   0.00020620
  0.202015  -0.0000   0.00020940
  0.202520  -0.0000   0.00021420
  0.203254  -0.0000   0.00022140
  0.203986  -0.0000   0.00022860
  0.204717  -0.0000   0.00023590
  0.205449  -0.0000   0.00024310
  0.206532  -0.0000   0.00025380
  0.207615  -0.0000   0.00026450
  0.209231  -0.0000   0.00028050
  0.211630  -0.0000   0.00030450
  0.215155  -0.0000   0.00034060
  0.215654  -0.0000   0.00034570
  0.216152  -0.0000   0.00035090
  0.216648  -0.0000   0.00035600
  0.217389  -0.0000   0.00036370
  0.217642  -0.0000   0.00036630
  0.217834  -0.0000   0.00036900
  0.217999  -0.0000   0.00037160
  0.218229  -0.0000   0.00037560
  0.218445  -0.0000   0.00037960
  0.218752  -0.0000   0.00038550
  0.219192  -0.0000   0.00039440
  0.219833  -0.0000   0.00040780
  0.220534  -0.0000   0.00042250
  0.221236  -0.0000   0.00043720
  0.221940  -0.0000   0.00045190
  0.222989  -0.0000   0.00047380
  0.224038  -0.0000   0.00049570
  0.225606  -0.0000   0.00052850
  0.227937  -0.0000   0.00057770
  0.231372  -0.0000   0.00065150
  0.233968  -0.0000   0.00070820
  0.234177  -0.0000   0.00071280
  0.234387  -0.0000   0.00071730
  0.234596  -0.0000   0.00072190
  0.234816  -0.0000   0.00072880
  0.235015  -0.0000   0.00073570
  0.235204  -0.0000   0.00074260
  0.235385  -0.0000   0.00074940
  0.235645  -0.0000   0.00075970
  0.236022  -0.0000   0.00077520
  0.236578  -0.0000   0.00079840
  0.237410  -0.0000   0.00083320
  0.238246  -0.0000   0.00086810
  0.239085  -0.0000   0.00090290
  0.239926  -0.0000   0.00093770
  0.241185  -0.0000   0.00098990
  0.243066  -0.0000   0.00106800
  0.245853  -0.0000   0.00118600
  0.248854  -0.0000   0.00131400
  0.250058  -0.0000   0.00136600
  0.251252  -0.0000   0.00141800
  0.251479  -0.0000   0.00142800
  0.251646  -0.0000   0.00143800
  0.251797  -0.0000   0.00144700
  0.252009  -0.0000   0.00146200
  0.252211  -0.0000   0.00147700
  0.252502  -0.0000   0.00149900
  0.252926  -0.0000   0.00153200
  0.253555  -0.0000   0.00158200
  0.254279  -0.0000   0.00164000
  0.255007  -0.0000   0.00169700
  0.255738  -0.0000   0.00175400
  0.256835  -0.0000   0.00184000
  0.258477  -0.0000   0.00196800
  0.260922  -0.0000   0.00216100
  0.264533  -0.0000   0.00245100
  0.268078  -0.0000   0.00274100
  0.268255  -0.0000   0.00275500
  0.268422  -0.0000   0.00277000
  0.268549  -0.0000   0.00278400
  0.268727  -0.0000   0.00280600
  0.268975  -0.0000   0.00283800
  0.269212  -0.0000   0.00287100
  0.269557  -0.0000   0.00292000
  0.270069  -0.0000   0.00299300
  0.270839  -0.0000   0.00310300
  0.271613  -0.0000   0.00321300
  0.272392  -0.0000   0.00332400
  0.273171  -0.0000   0.00343400
  0.274340  -0.0000   0.00359900
  0.276088  -0.0000   0.00384600
  0.278685  -0.0000   0.00421800
  0.281912  -0.0000   0.00468600
  0.285089  -0.0000   0.00515400
  0.285267  -0.0000   0.00518000
  0.285410  -0.0000   0.00520700
  0.285535  -0.0000   0.00523300
  0.285712  -0.0000   0.00527200
  0.285961  -0.0000   0.00533100
  0.286320  -0.0000   0.00542000
  0.286852  -0.0000   0.00555300
  0.287476  -0.0000   0.00570800
  0.288104  -0.0000   0.00586300
  0.288736  -0.0000   0.00601900
  0.289368  -0.0000   0.00617400
  0.290318  -0.0000   0.00640700
  0.291741  -0.0000   0.00675600
  0.293864  -0.0000   0.00728100
  0.297010  -0.0000   0.00806700
  0.299982  -0.0000   0.00882000
  0.300603  -0.0000   0.00897700
  0.301222  -0.0000   0.00913500
  0.301838  -0.0000   0.00929300
  0.302164  -0.0000   0.00937600
  0.302421  -0.0000   0.00945900
  0.302641  -0.0000   0.00954300
  0.302849  -0.0000   0.00962600
  0.303051  -0.0000   0.00970900
  0.303350  -0.0000   0.00983400
  0.303796  -0.0000   0.01002000
  0.304470  -0.0000   0.01030000
  0.305148  -0.0000   0.01058000
  0.305829  -0.0000   0.01087000
  0.306852  -0.0000   0.01129000
  0.308385  -0.0000   0.01192000
  0.310671  -0.0000   0.01287000
  0.314059  -0.0000   0.01429000
  0.317398  -0.0000   0.01572000
  0.317729  -0.0000   0.01586000
  0.318059  -0.0000   0.01600000
  0.318389  -0.0000   0.01614000
  0.318883  -0.0000   0.01635000
  0.319226  -0.0000   0.01650000
  0.319404  -0.0000   0.01660000
  0.319570  -0.0000   0.01671000
  0.319729  -0.0000   0.01681000
  0.319885  -0.0000   0.01692000
  0.320114  -0.0000   0.01707000
  0.320455  -0.0000   0.01731000
  0.320970  -0.0000   0.01766000
  0.321749  -0.0000   0.01819000
  0.322532  -0.0000   0.01871000
  0.323317  -0.0000   0.01924000
  0.324494  -0.0000   0.02003000
  0.326255  -0.0000   0.02122000
  0.328875  -0.0000   0.02300000
  0.332750  -0.0000   0.02568000
  0.334143  -0.0000   0.02664000
  0.335528  -0.0000   0.02761000
  0.335855  -0.0000   0.02784000
  0.336181  -0.0000   0.02807000
  0.336380  -0.0000   0.02825000
  0.336562  -0.0000   0.02844000
  0.336736  -0.0000   0.02862000
  0.336907  -0.0000   0.02880000
  0.337160  -0.0000   0.02908000
  0.337540  -0.0000   0.02949000
  0.338114  -0.0000   0.03011000
  0.338907  -0.0000   0.03097000
  0.339703  -0.0000   0.03182000
  0.340500  -0.0000   0.03267000
  0.341695  -0.0000   0.03394000
  0.343480  -0.0000   0.03586000
  0.346137  -0.0000   0.03873000
  0.349448  -0.0000   0.04235000
  0.352714  -0.0000   0.04598000
  0.352909  -0.0000   0.04619000
  0.353104  -0.0000   0.04641000
  0.353275  -0.0000   0.04663000
  0.353485  -0.0000   0.04695000
  0.353779  -0.0000   0.04744000
  0.354068  -0.0000   0.04793000
  0.354356  -0.0000   0.04841000
  0.354792  -0.0000   0.04915000
  0.355450  -0.0000   0.05024000
  0.356289  -0.0000   0.05164000
  0.357131  -0.0000   0.05303000
  0.358392  -0.0000   0.05512000
  0.360277  -0.0000   0.05826000
  0.363082  -0.0000   0.06296000
  0.366306  -0.0000   0.06842000
  0.369488  -0.0000   0.07389000
  0.369703  -0.0000   0.07426000
  0.369918  -0.0000   0.07463000
  0.370132  -0.0000   0.07500000
  0.370396  -0.0000   0.07555000
  0.370622  -0.0000   0.07611000
  0.370840  -0.0000   0.07666000
  0.371056  -0.0000   0.07722000
  0.371380  -0.0000   0.07805000
  0.371869  -0.0000   0.07929000
  0.372609  -0.0000   0.08116000
  0.373352  -0.0000   0.08303000
  0.374096  -0.0000   0.08490000
  0.375211  -0.0000   0.08771000
  0.376879  -0.0000   0.09191000
  0.379364  -0.0000   0.09822000
  0.383046  -0.0000   0.10800000
  0.386675  -0.0000   0.11700000
  0.386876  -0.0000   0.11800000
  0.387076  -0.0000   0.11800000
  0.387276  -0.0000   0.11900000
  0.387461  -0.0000   0.11900000
  0.387635  -0.0000   0.12000000
  0.387804  -0.0000   0.12100000
  0.387971  -0.0000   0.12100000
  0.388222  -0.0000   0.12200000
  0.388600  -0.0000   0.12400000
  0.389172  -0.0000   0.12600000
  0.390022  -0.0000   0.12900000
  0.390873  -0.0000   0.13200000
  0.392150  -0.0000   0.13700000
  0.394059  -0.0000   0.14400000
  0.396702  -0.0000   0.15400000
  0.399321  -0.0000   0.16400000
  0.401917  -0.0000   0.17400000
  0.404431  -0.0000   0.18400000
  0.404589  -0.0000   0.18500000
  0.404739  -0.0000   0.18600000
  0.404885  -0.0000   0.18700000
  0.405102  -0.0000   0.18800000
  0.405428  -0.0000   0.19000000
  0.405922  -0.0000   0.19200000
  0.406619  -0.0000   0.19600000
  0.407320  -0.0000   0.20000000
  0.408373  -0.0000   0.20600000
  0.409951  -0.0000   0.21400000
  0.411767  -0.0000   0.22400000
  0.413575  -0.0000   0.23400000
  0.415374  -0.0000   0.24400000
  0.417161  -0.0000   0.25400000
  0.418937  -0.0000   0.26400000
  0.420701  -0.0000   0.27400000
  0.420998  -0.0000   0.27600000
  0.421295  -0.0000   0.27800000
  0.421561  -0.0000   0.28000000
  0.421807  -0.0000   0.28100000
  0.422046  -0.0000   0.28300000
  0.422284  -0.0000   0.28500000
  0.422523  -0.0000   0.28700000
  0.422884  -0.0000   0.29000000
  0.423430  -0.0000   0.29400000
  0.424251  -0.0000   0.30100000
  0.425485  -0.0000   0.31100000
  0.426754  -0.0000   0.32100000
  0.428021  -0.0000   0.33100000
  0.429284  -0.0000   0.34100000
  0.430542  -0.0000   0.35100000
  0.431795  -0.0000   0.36100000
  0.433043  -0.0000   0.37100000
  0.434286  -0.0000   0.38100000
  0.435524  -0.0000   0.39100000
  0.436756  -0.0000   0.40100000
  0.437982  -0.0000   0.41100000
  0.438262  -0.0000   0.41300000
  0.438518  -0.0000   0.41500000
  0.438726  -0.0000   0.41700000
  0.439028  -0.0000   0.42100000
  0.439329  -0.0000   0.42400000
  0.439632  -0.0000   0.42800000
  0.440090  -0.0000   0.43300000
  0.440781  -0.0000   0.44100000
  0.441678  -0.0000   0.45100000
  0.442575  -0.0000   0.46100000
  0.443470  -0.0000   0.47100000
  0.444365  -0.0000   0.48100000
  0.445257  -0.0000   0.49100000
  0.446147  -0.0000   0.50100000
  0.447035  -0.0000   0.51100000
  0.447921  -0.0000   0.52100000
  0.448805  -0.0000   0.53100000
  0.449686  -0.0000   0.54100000
  0.450564  -0.0000   0.55100000
  0.451440  -0.0000   0.56100000
  0.452313  -0.0000   0.57100000
  0.453183  -0.0000   0.58100000
  0.454051  -0.0000   0.59100000
  0.454915  -0.0000   0.60100000
  0.455727  -0.0000   0.61100000
  0.455911  -0.0000   0.61300000
  0.456090  -0.0000   0.61600000
  0.456267  -0.0000   0.61900000
  0.456534  -0.0000   0.62300000
  0.456937  -0.0000   0.63000000
  0.457546  -0.0000   0.63900000
  0.458186  -0.0000   0.64900000
  0.458827  -0.0000   0.65900000
  0.459468  -0.0000   0.66900000
  0.460109  -0.0000   0.67900000
  0.460749  -0.0000   0.68900000
  0.461388  -0.0000   0.69900000
  0.462027  -0.0000   0.70900000
  0.462664  -0.0000   0.71900000
  0.463301  -0.0000   0.72900000
  0.463936  -0.0000   0.73900000
  0.464570  -0.0000   0.74900000
  0.465203  -0.0000   0.75900000
  0.465835  -0.0000   0.76900000
  0.466465  -0.0000   0.77900000
  0.467095  -0.0000   0.78900000
  0.467723  -0.0000   0.79900000
  0.468349  -0.0000   0.80900000
  0.468975  -0.0000   0.81900000
  0.469599  -0.0000   0.82900000
  0.470221  -0.0000   0.83900000
  0.470842  -0.0000   0.84900000
  0.471462  -0.0000   0.85900000
  0.472081  -0.0000   0.86900000
  0.472697  -0.0000   0.87900000
  0.472868  -0.0000   0.88300000
  0.473027  -0.0000   0.88600000
  0.473184  -0.0000   0.89000000
  0.473418  -0.0000   0.89500000
  0.473772  -0.0000   0.90200000
  0.474233  -0.0000   0.91200000
  0.474696  -0.0000   0.92200000
  0.475160  -0.0000   0.93200000
  0.475625  -0.0000   0.94200000
  0.476090  -0.0000   0.95200000
  0.476554  -0.0000   0.96200000
  0.477019  -0.0000   0.97200000
  0.477483  -0.0000   0.98200000
  0.477947  -0.0000   0.99200000
  0.478296  -0.0000   1.00000000
  0.474724  -0.0000   1.00000000
  0.474724  -0.0000   1.00000000
  0.474724  -0.0000   1.00000000
  0.474723  -0.0000   1.00000000
  0.474723  -0.0000   1.00000000
  0.474721  -0.0000   1.00000000
  0.474719  -0.0000   1.00000000
  0.474713  -0.0000   1.00000000
  0.474702  -0.0000   1.00000000
  0.474680  -0.0000   1.00000000
  0.474636  -0.0000   1.00000000
  0.474553  -0.0000   1.00000000
