  0.000013  -0.0000   0.00000010
  0.000028  -0.0000   0.00000020
  0.000076  -0.0000   0.00000030
  0.000888  -0.0000   0.00000045
  0.006065  -0.0000   0.00000067
  0.006121  -0.0000   0.00000101
  0.006199  -0.0000   0.00000152
  0.006319  -0.0000   0.00000228
  0.006507  -0.0000   0.00000342
  0.006813  -0.0000   0.00000513
  0.007341  -0.0000   0.00000769
  0.007953  -0.0000   0.00001025
  0.008467  -0.0000   0.00001218
  0.009041  -0.0000   0.00001411
  0.009678  -0.0000   0.00001604
  0.010330  -0.0000   0.00001783
  0.011043  -0.0000   0.00001963
  0.011821  -0.0000   0.00002143
  0.012787  -0.0000   0.00002346
  0.013651  -0.0000   0.00002515
  0.014577  -0.0000   0.00002685
  0.015568  -0.0000   0.00002854
  0.016744  -0.0000   0.00003041
  0.018002  -0.0000   0.00003227
  0.019345  -0.0000   0.00003414
  0.020776  -0.0000   0.00003601
  0.021154  -0.0000   0.00003664
  0.021265  -0.0000   0.00003726
  0.021372  -0.0000   0.00003789
  0.021528  -0.0000   0.00003883
  0.021700  -0.0000   0.00003990
  0.021867  -0.0000   0.00004097
  0.022032  -0.0000   0.00004204
  0.022195  -0.0000   0.00004311
  0.022438  -0.0000   0.00004472
  0.022740  -0.0000   0.00004671
  0.023045  -0.0000   0.00004870
  0.023356  -0.0000   0.00005070
  0.023840  -0.0000   0.00005369
  0.024562  -0.0000   0.00005787
  0.025670  -0.0000   0.00006366
  0.026624  -0.0000   0.00006825
  0.027661  -0.0000   0.00007284
  0.028784  -0.0000   0.00007743
  0.029926  -0.0000   0.00008177
  0.031151  -0.0000   0.00008610
  0.032461  -0.0000   0.00009044
  0.033859  -0.0000   0.00009478
  0.035345  -0.0000   0.00009911
  0.036710  -0.0000   0.00010340
  0.038026  -0.0000   0.00010780
  0.039330  -0.0000   0.00011210
  0.041260  -0.0000   0.00011860
  0.041341  -0.0000   0.00011910
  0.041400  -0.0000   0.00011960
  0.041458  -0.0000   0.00012000
  0.041543  -0.0000   0.00012070
  0.041664  -0.0000   0.00012170
  0.041838  -0.0000   0.00012330
  0.042085  -0.0000   0.00012560
  0.042322  -0.0000   0.00012800
  0.042550  -0.0000   0.00013030
  0.042773  -0.0000   0.00013260
  0.043097  -0.0000   0.00013620
  0.043570  -0.0000   0.00014140
  0.044235  -0.0000   0.00014900
  0.044892  -0.0000   0.00015650
  0.045869  -0.0000   0.00016790
  0.046841  -0.0000   0.00017920
  0.048290  -0.0000   0.00019620
  0.050448  -0.0000   0.00022170
  0.053653  -0.0000   0.00025990
  0.058390  -0.0000   0.00031730
  0.058904  -0.0000   0.00032360
  0.059418  -0.0000   0.00032980
  0.059930  -0.0000   0.00033610
  0.060697  -0.0000   0.00034550
  0.061702  -0.0000   0.00035950
  0.061879  -0.0000   0.00036360
  0.062048  -0.0000   0.00036760
  0.062211  -0.0000   0.00037170
  0.062448  -0.0000   0.00037770
  0.062794  -0.0000   0.00038680
  0.063303  -0.0000   0.00040040
  0.064057  -0.0000   0.00042090
  0.065183  -0.0000   0.00045150
  0.066305  -0.0000   0.00048220
  0.067983  -0.0000   0.00052820
  0.070484  -0.0000   0.00059720
  0.074202  -0.0000   0.00070060
  0.078215  -0.0000   0.00081340
  0.082150  -0.0000   0.00092620
  0.082304  -0.0000   0.00093310
  0.082451  -0.0000   0.00093990
  0.082594  -0.0000   0.00094670
  0.082803  -0.0000   0.00095700
  0.083110  -0.0000   0.00097230
  0.083565  -0.0000   0.00099540
  0.084244  -0.0000   0.00103000
  0.085260  -0.0000   0.00108200
  0.086780  -0.0000   0.00116000
  0.089051  -0.0000   0.00127600
  0.092435  -0.0000   0.00145200
  0.097463  -0.0000   0.00171400
  0.102440  -0.0000   0.00197700
  0.102721  -0.0000   0.00199200
  0.102928  -0.0000   0.00200700
  0.103115  -0.0000   0.00202200
  0.103389  -0.0000   0.00204400
  0.103793  -0.0000   0.00207700
  0.104396  -0.0000   0.00212800
  0.105299  -0.0000   0.00220300
  0.106650  -0.0000   0.00231600
  0.108666  -0.0000   0.00248600
  0.111670  -0.0000   0.00274000
  0.116138  -0.0000   0.00312100
  0.120285  -0.0000   0.00347800
  0.121451  -0.0000   0.00357900
  0.122614  -0.0000   0.00367900
  0.123689  -0.0000   0.00378000
  0.123981  -0.0000   0.00381500
  0.124267  -0.0000   0.00385100
  0.124551  -0.0000   0.00388700
  0.124977  -0.0000   0.00394000
  0.125615  -0.0000   0.00402100
  0.126569  -0.0000   0.00414100
  0.127995  -0.0000   0.00432200
  0.130126  -0.0000   0.00459200
  0.133301  -0.0000   0.00499900
  0.138027  -0.0000   0.00560800
  0.140559  -0.0000   0.00593600
  0.143080  -0.0000   0.00626400
  0.143686  -0.0000   0.00634300
  0.144291  -0.0000   0.00642200
  0.144655  -0.0000   0.00648300
  0.144998  -0.0000   0.00654400
  0.145339  -0.0000   0.00660500
  0.145680  -0.0000   0.00666600
  0.146191  -0.0000   0.00675700
  0.146955  -0.0000   0.00689400
  0.148100  -0.0000   0.00709900
  0.149809  -0.0000   0.00740700
  0.152359  -0.0000   0.00786900
  0.156160  -0.0000   0.00856200
  0.161812  -0.0000   0.00960100
  0.162546  -0.0000   0.00973600
  0.163279  -0.0000   0.00987100
  0.164011  -0.0000   0.01001000
  0.165107  -0.0000   0.01021000
  0.165413  -0.0000   0.01028000
  0.165702  -0.0000   0.01035000
  0.165991  -0.0000   0.01042000
  0.166423  -0.0000   0.01052000
  0.167070  -0.0000   0.01068000
  0.168039  -0.0000   0.01092000
  0.169487  -0.0000   0.01127000
  0.171650  -0.0000   0.01180000
  0.174874  -0.0000   0.01259000
  0.179675  -0.0000   0.01379000
  0.182167  -0.0000   0.01441000
  0.184650  -0.0000   0.01503000
  0.185396  -0.0000   0.01522000
  0.186116  -0.0000   0.01540000
  0.186520  -0.0000   0.01553000
  0.186921  -0.0000   0.01566000
  0.187322  -0.0000   0.01579000
  0.187723  -0.0000   0.01591000
  0.188323  -0.0000   0.01610000
  0.189222  -0.0000   0.01639000
  0.190565  -0.0000   0.01682000
  0.192573  -0.0000   0.01747000
  0.195568  -0.0000   0.01844000
  0.200032  -0.0000   0.01989000
  0.205389  -0.0000   0.02164000
  0.205877  -0.0000   0.02181000
  0.206366  -0.0000   0.02197000
  0.206854  -0.0000   0.02213000
  0.207252  -0.0000   0.02228000
  0.207640  -0.0000   0.02244000
  0.208027  -0.0000   0.02260000
  0.208414  -0.0000   0.02275000
  0.208993  -0.0000   0.02299000
  0.209860  -0.0000   0.02334000
  0.211157  -0.0000   0.02387000
  0.213095  -0.0000   0.02467000
  0.215986  -0.0000   0.02586000
  0.220297  -0.0000   0.02764000
  0.226712  -0.0000   0.03033000
  0.227162  -0.0000   0.03051000
  0.227612  -0.0000   0.03070000
  0.228013  -0.0000   0.03089000
  0.228572  -0.0000   0.03117000
  0.229130  -0.0000   0.03146000
  0.229687  -0.0000   0.03174000
  0.230522  -0.0000   0.03216000
  0.231770  -0.0000   0.03280000
  0.233635  -0.0000   0.03375000
  0.236420  -0.0000   0.03518000
  0.240572  -0.0000   0.03733000
  0.246754  -0.0000   0.04054000
  0.247306  -0.0000   0.04083000
  0.247858  -0.0000   0.04112000
  0.248410  -0.0000   0.04141000
  0.249002  -0.0000   0.04175000
  0.249553  -0.0000   0.04209000
  0.250104  -0.0000   0.04243000
  0.250920  -0.0000   0.04294000
  0.251733  -0.0000   0.04344000
  0.252951  -0.0000   0.04420000
  0.254770  -0.0000   0.04534000
  0.257486  -0.0000   0.04705000
  0.261539  -0.0000   0.04961000
  0.267576  -0.0000   0.05346000
  0.268168  -0.0000   0.05384000
  0.268760  -0.0000   0.05421000
  0.269351  -0.0000   0.05459000
  0.269916  -0.0000   0.05499000
  0.270448  -0.0000   0.05539000
  0.270980  -0.0000   0.05578000
  0.271777  -0.0000   0.05638000
  0.272572  -0.0000   0.05698000
  0.273761  -0.0000   0.05787000
  0.275539  -0.0000   0.05921000
  0.278194  -0.0000   0.06122000
  0.282157  -0.0000   0.06424000
  0.288061  -0.0000   0.06877000
  0.288751  -0.0000   0.06930000
  0.289441  -0.0000   0.06983000
  0.290130  -0.0000   0.07036000
  0.290791  -0.0000   0.07090000
  0.291404  -0.0000   0.07145000
  0.292017  -0.0000   0.07199000
  0.292629  -0.0000   0.07253000
  0.293240  -0.0000   0.07308000
  0.294155  -0.0000   0.07390000
  0.295523  -0.0000   0.07512000
  0.297568  -0.0000   0.07696000
  0.300623  -0.0000   0.07972000
  0.305180  -0.0000   0.08385000
  0.309117  -0.0000   0.08744000
  0.310124  -0.0000   0.08836000
  0.311131  -0.0000   0.08928000
  0.311751  -0.0000   0.08989000
  0.312337  -0.0000   0.09050000
  0.312922  -0.0000   0.09111000
  0.313798  -0.0000   0.09203000
  0.314673  -0.0000   0.09295000
  0.315981  -0.0000   0.09432000
  0.317937  -0.0000   0.09638000
  0.320858  -0.0000   0.09948000
  0.325217  -0.0000   0.10400000
  0.330540  -0.0000   0.11000000
  0.331208  -0.0000   0.11100000
  0.331874  -0.0000   0.11100000
  0.332517  -0.0000   0.11200000
  0.333034  -0.0000   0.11300000
  0.333550  -0.0000   0.11300000
  0.334065  -0.0000   0.11400000
  0.334580  -0.0000   0.11400000
  0.335351  -0.0000   0.11500000
  0.336504  -0.0000   0.11700000
  0.338229  -0.0000   0.11900000
  0.340806  -0.0000   0.12200000
  0.344654  -0.0000   0.12700000
  0.350392  -0.0000   0.13400000
  0.351290  -0.0000   0.13500000
  0.352186  -0.0000   0.13600000
  0.353082  -0.0000   0.13700000
  0.353635  -0.0000   0.13800000
  0.354167  -0.0000   0.13900000
  0.354699  -0.0000   0.14000000
  0.355496  -0.0000   0.14100000
  0.356291  -0.0000   0.14200000
  0.357480  -0.0000   0.14300000
  0.359259  -0.0000   0.14600000
  0.361917  -0.0000   0.15000000
  0.365885  -0.0000   0.15500000
  0.371803  -0.0000   0.16400000
  0.372585  -0.0000   0.16500000
  0.373367  -0.0000   0.16600000
  0.374147  -0.0000   0.16700000
  0.374669  -0.0000   0.16800000
  0.375184  -0.0000   0.16900000
  0.375698  -0.0000   0.17000000
  0.376468  -0.0000   0.17100000
  0.377619  -0.0000   0.17300000
  0.379341  -0.0000   0.17600000
  0.381913  -0.0000   0.18000000
  0.385754  -0.0000   0.18600000
  0.391482  -0.0000   0.19500000
  0.392801  -0.0000   0.19800000
  0.394119  -0.0000   0.20000000
  0.395407  -0.0000   0.20200000
  0.395885  -0.0000   0.20300000
  0.396363  -0.0000   0.20400000
  0.396840  -0.0000   0.20500000
  0.397555  -0.0000   0.20600000
  0.398624  -0.0000   0.20800000
  0.400224  -0.0000   0.21100000
  0.402616  -0.0000   0.21500000
  0.406188  -0.0000   0.22200000
  0.411519  -0.0000   0.23200000
  0.414539  -0.0000   0.23700000
  0.415593  -0.0000   0.23900000
  0.416596  -0.0000   0.24100000
  0.417267  -0.0000   0.24300000
  0.417937  -0.0000   0.24400000
  0.418606  -0.0000   0.24500000
  0.419273  -0.0000   0.24700000
  0.420273  -0.0000   0.24900000
  0.421769  -0.0000   0.25200000
  0.424006  -0.0000   0.25600000
  0.427348  -0.0000   0.26300000
  0.432126  -0.0000   0.27300000
  0.436884  -0.0000   0.28300000
  0.437340  -0.0000   0.28400000
  0.437777  -0.0000   0.28500000
  0.438214  -0.0000   0.28600000
  0.438868  -0.0000   0.28800000
  0.439848  -0.0000   0.29000000
  0.441313  -0.0000   0.29400000
  0.443503  -0.0000   0.29900000
  0.446774  -0.0000   0.30600000
  0.451044  -0.0000   0.31600000
  0.455297  -0.0000   0.32600000
  0.456753  -0.0000   0.33000000
  0.458194  -0.0000   0.33300000
  0.458680  -0.0000   0.33400000
  0.459165  -0.0000   0.33600000
  0.459649  -0.0000   0.33700000
  0.460375  -0.0000   0.33900000
  0.461461  -0.0000   0.34200000
  0.463086  -0.0000   0.34600000
  0.465515  -0.0000   0.35200000
  0.469144  -0.0000   0.36200000
  0.472968  -0.0000   0.37200000
  0.476779  -0.0000   0.38200000
  0.478081  -0.0000   0.38500000
  0.479354  -0.0000   0.38800000
  0.479910  -0.0000   0.39000000
  0.480464  -0.0000   0.39200000
  0.481019  -0.0000   0.39300000
  0.481572  -0.0000   0.39500000
  0.482401  -0.0000   0.39700000
  0.483642  -0.0000   0.40100000
  0.485498  -0.0000   0.40600000
  0.488273  -0.0000   0.41400000
  0.491725  -0.0000   0.42400000
  0.495166  -0.0000   0.43400000
  0.498598  -0.0000   0.44400000
  0.499504  -0.0000   0.44700000
  0.500381  -0.0000   0.44900000
  0.501065  -0.0000   0.45100000
  0.501749  -0.0000   0.45400000
  0.502431  -0.0000   0.45600000
  0.503113  -0.0000   0.45800000
  0.504133  -0.0000   0.46100000
  0.505660  -0.0000   0.46600000
  0.507944  -0.0000   0.47300000
  0.511072  -0.0000   0.48300000
  0.514191  -0.0000   0.49300000
  0.517302  -0.0000   0.50300000
  0.520405  -0.0000   0.51300000
  0.521030  -0.0000   0.51500000
  0.521612  -0.0000   0.51700000
  0.522193  -0.0000   0.51900000
  0.522774  -0.0000   0.52100000
  0.523353  -0.0000   0.52300000
  0.524221  -0.0000   0.52600000
  0.525520  -0.0000   0.53100000
  0.527463  -0.0000   0.53800000
  0.530310  -0.0000   0.54800000
  0.533149  -0.0000   0.55800000
  0.535981  -0.0000   0.56800000
  0.538806  -0.0000   0.57800000
  0.541625  -0.0000   0.58800000
  0.542189  -0.0000   0.59000000
  0.542728  -0.0000   0.59200000
  0.543267  -0.0000   0.59400000
  0.544073  -0.0000   0.59700000
  0.544879  -0.0000   0.60000000
  0.546084  -0.0000   0.60500000
  0.547887  -0.0000   0.61200000
  0.550486  -0.0000   0.62200000
  0.553077  -0.0000   0.63200000
  0.555662  -0.0000   0.64200000
  0.558241  -0.0000   0.65200000
  0.560816  -0.0000   0.66200000
  0.563358  -0.0000   0.67200000
  0.563871  -0.0000   0.67400000
  0.564384  -0.0000   0.67600000
  0.564896  -0.0000   0.67800000
  0.565664  -0.0000   0.68100000
  0.566813  -0.0000   0.68600000
  0.568532  -0.0000   0.69300000
  0.570910  -0.0000   0.70300000
  0.573282  -0.0000   0.71300000
  0.575649  -0.0000   0.72300000
  0.578012  -0.0000   0.73300000
  0.580370  -0.0000   0.74300000
  0.582724  -0.0000   0.75300000
  0.584097  -0.0000   0.75900000
  0.584595  -0.0000   0.76100000
  0.585093  -0.0000   0.76300000
  0.585591  -0.0000   0.76600000
  0.586337  -0.0000   0.76900000
  0.587452  -0.0000   0.77400000
  0.589122  -0.0000   0.78200000
  0.591307  -0.0000   0.79200000
  0.593488  -0.0000   0.80200000
  0.595663  -0.0000   0.81200000
  0.597835  -0.0000   0.82200000
  0.600003  -0.0000   0.83200000
  0.602167  -0.0000   0.84200000
  0.604327  -0.0000   0.85200000
  0.605146  -0.0000   0.85600000
  0.605715  -0.0000   0.85800000
  0.606284  -0.0000   0.86100000
  0.606852  -0.0000   0.86400000
  0.607420  -0.0000   0.86700000
  0.608270  -0.0000   0.87100000
  0.609542  -0.0000   0.87700000
  0.611446  -0.0000   0.88700000
  0.613455  -0.0000   0.89700000
  0.615460  -0.0000   0.90700000
  0.617462  -0.0000   0.91700000
  0.619460  -0.0000   0.92700000
  0.621455  -0.0000   0.93700000
  0.623447  -0.0000   0.94700000
  0.625436  -0.0000   0.95700000
  0.626266  -0.0000   0.96100000
  0.626876  -0.0000   0.96400000
  0.627486  -0.0000   0.96800000
  0.628096  -0.0000   0.97100000
  0.628704  -0.0000   0.97400000
  0.629615  -0.0000   0.97900000
  0.630979  -0.0000   0.98600000
  0.632837  -0.0000   0.99600000
  0.633536  -0.0000   1.00000000
  0.633385  -0.0000   1.00000000
  0.633385  -0.0000   1.00000000
  0.633385  -0.0000   1.00000000
  0.633385  -0.0000   1.00000000
  0.633385  -0.0000   1.00000000
  0.633385  -0.0000   1.00000000
  0.633385  -0.0000   1.00000000
  0.633385  -0.0000   1.00000000
  0.633385  -0.0000   1.00000000
  0.633384  -0.0000   1.00000000
  0.633384  -0.0000   1.00000000
  0.633383  -0.0000   1.00000000
  0.633383  -0.0000   1.00000000
