  0.000134  -0.0000   0.00000010
  0.000291  -0.0000   0.00000020
  0.000788  -0.0000   0.00000030
  0.006594  -0.0000   0.00000045
  0.007021  -0.0000   0.00000067
  0.007552  -0.0000   0.00000101
  0.008352  -0.0000   0.00000152
  0.009568  -0.0000   0.00000228
  0.011433  -0.0000   0.00000342
  0.013176  -0.0000   0.00000445
  0.014967  -0.0000   0.00000549
  0.016809  -0.0000   0.00000653
  0.018225  -0.0000   0.00000731
  0.019673  -0.0000   0.00000809
  0.021154  -0.0000   0.00000887
  0.021814  -0.0000   0.00001005
  0.022366  -0.0000   0.00001122
  0.022924  -0.0000   0.00001239
  0.023775  -0.0000   0.00001415
  0.025090  -0.0000   0.00001678
  0.026451  -0.0000   0.00001942
  0.027865  -0.0000   0.00002205
  0.029109  -0.0000   0.00002429
  0.030401  -0.0000   0.00002654
  0.031745  -0.0000   0.00002878
  0.033144  -0.0000   0.00003102
  0.034602  -0.0000   0.00003326
  0.036123  -0.0000   0.00003550
  0.037709  -0.0000   0.00003774
  0.039365  -0.0000   0.00003998
  0.041091  -0.0000   0.00004222
  0.042889  -0.0000   0.00004446
  0.044350  -0.0000   0.00004670
  0.044696  -0.0000   0.00004761
  0.045042  -0.0000   0.00004851
  0.045389  -0.0000   0.00004942
  0.045911  -0.0000   0.00005078
  0.046561  -0.0000   0.00005247
  0.047216  -0.0000   0.00005416
  0.047877  -0.0000   0.00005585
  0.048765  -0.0000   0.00005810
  0.049667  -0.0000   0.00006034
  0.050812  -0.0000   0.00006313
  0.051984  -0.0000   0.00006591
  0.053487  -0.0000   0.00006938
  0.055040  -0.0000   0.00007284
  0.057369  -0.0000   0.00007778
  0.059823  -0.0000   0.00008272
  0.062409  -0.0000   0.00008766
  0.065134  -0.0000   0.00009260
  0.066193  -0.0000   0.00009478
  0.066913  -0.0000   0.00009696
  0.067634  -0.0000   0.00009914
  0.068340  -0.0000   0.00010240
  0.068897  -0.0000   0.00010570
  0.069435  -0.0000   0.00010900
  0.069958  -0.0000   0.00011220
  0.070468  -0.0000   0.00011550
  0.071198  -0.0000   0.00012030
  0.071908  -0.0000   0.00012520
  0.072600  -0.0000   0.00013000
  0.073277  -0.0000   0.00013490
  0.074265  -0.0000   0.00014220
  0.075391  -0.0000   0.00015070
  0.076494  -0.0000   0.00015920
  0.077577  -0.0000   0.00016770
  0.079089  -0.0000   0.00017990
  0.080576  -0.0000   0.00019200
  0.082660  -0.0000   0.00020930
  0.084710  -0.0000   0.00022670
  0.085050  -0.0000   0.00023040
  0.085316  -0.0000   0.00023410
  0.085576  -0.0000   0.00023790
  0.085956  -0.0000   0.00024350
  0.086507  -0.0000   0.00025190
  0.087298  -0.0000   0.00026440
  0.088062  -0.0000   0.00027700
  0.088805  -0.0000   0.00028960
  0.089532  -0.0000   0.00030220
  0.090593  -0.0000   0.00032110
  0.092143  -0.0000   0.00034940
  0.093860  -0.0000   0.00038140
  0.095554  -0.0000   0.00041350
  0.097230  -0.0000   0.00044550
  0.099715  -0.0000   0.00049360
  0.102776  -0.0000   0.00055340
  0.103331  -0.0000   0.00056430
  0.103852  -0.0000   0.00057510
  0.104218  -0.0000   0.00058600
  0.104748  -0.0000   0.00060230
  0.105510  -0.0000   0.00062680
  0.106247  -0.0000   0.00065130
  0.106967  -0.0000   0.00067580
  0.107673  -0.0000   0.00070030
  0.108712  -0.0000   0.00073700
  0.110243  -0.0000   0.00079210
  0.112392  -0.0000   0.00087040
  0.114524  -0.0000   0.00094870
  0.116645  -0.0000   0.00102700
  0.118758  -0.0000   0.00110500
  0.121907  -0.0000   0.00122300
  0.122432  -0.0000   0.00124300
  0.122944  -0.0000   0.00126200
  0.123313  -0.0000   0.00128200
  0.123848  -0.0000   0.00131100
  0.124618  -0.0000   0.00135600
  0.125369  -0.0000   0.00140000
  0.126105  -0.0000   0.00144400
  0.126833  -0.0000   0.00148800
  0.127910  -0.0000   0.00155400
  0.129512  -0.0000   0.00165400
  0.131696  -0.0000   0.00179000
  0.133872  -0.0000   0.00192700
  0.136043  -0.0000   0.00206300
  0.138209  -0.0000   0.00219900
  0.141442  -0.0000   0.00240400
  0.141813  -0.0000   0.00242700
  0.142176  -0.0000   0.00245100
  0.142450  -0.0000   0.00247400
  0.142850  -0.0000   0.00250900
  0.143431  -0.0000   0.00256200
  0.144252  -0.0000   0.00263900
  0.145060  -0.0000   0.00271600
  0.145858  -0.0000   0.00279300
  0.147046  -0.0000   0.00290900
  0.148818  -0.0000   0.00308200
  0.150587  -0.0000   0.00325500
  0.152354  -0.0000   0.00342800
  0.154118  -0.0000   0.00360100
  0.156759  -0.0000   0.00386100
  0.160703  -0.0000   0.00425100
  0.161062  -0.0000   0.00428600
  0.161421  -0.0000   0.00432200
  0.161722  -0.0000   0.00435700
  0.162125  -0.0000   0.00441100
  0.162711  -0.0000   0.00449100
  0.163566  -0.0000   0.00461100
  0.164410  -0.0000   0.00473000
  0.165246  -0.0000   0.00485000
  0.166496  -0.0000   0.00503000
  0.168331  -0.0000   0.00529500
  0.170165  -0.0000   0.00556000
  0.171997  -0.0000   0.00582500
  0.174741  -0.0000   0.00622300
  0.178842  -0.0000   0.00681900
  0.179301  -0.0000   0.00688600
  0.179760  -0.0000   0.00695200
  0.180219  -0.0000   0.00701900
  0.180907  -0.0000   0.00712000
  0.181407  -0.0000   0.00721000
  0.181876  -0.0000   0.00730100
  0.182336  -0.0000   0.00739100
  0.183016  -0.0000   0.00752700
  0.184023  -0.0000   0.00773000
  0.185481  -0.0000   0.00802700
  0.186936  -0.0000   0.00832300
  0.188391  -0.0000   0.00861900
  0.189845  -0.0000   0.00891500
  0.192025  -0.0000   0.00936000
  0.195289  -0.0000   0.01003000
  0.200161  -0.0000   0.01103000
  0.200498  -0.0000   0.01110000
  0.200776  -0.0000   0.01116000
  0.201041  -0.0000   0.01123000
  0.201432  -0.0000   0.01134000
  0.202008  -0.0000   0.01149000
  0.202861  -0.0000   0.01173000
  0.204131  -0.0000   0.01208000
  0.205400  -0.0000   0.01243000
  0.206669  -0.0000   0.01278000
  0.207937  -0.0000   0.01313000
  0.209839  -0.0000   0.01366000
  0.212689  -0.0000   0.01445000
  0.216949  -0.0000   0.01564000
  0.217550  -0.0000   0.01580000
  0.218152  -0.0000   0.01597000
  0.218753  -0.0000   0.01614000
  0.219653  -0.0000   0.01639000
  0.220325  -0.0000   0.01659000
  0.220896  -0.0000   0.01679000
  0.221457  -0.0000   0.01699000
  0.222012  -0.0000   0.01719000
  0.222564  -0.0000   0.01739000
  0.223389  -0.0000   0.01770000
  0.224627  -0.0000   0.01815000
  0.226483  -0.0000   0.01883000
  0.228339  -0.0000   0.01951000
  0.231120  -0.0000   0.02053000
  0.233896  -0.0000   0.02154000
  0.238047  -0.0000   0.02307000
  0.238495  -0.0000   0.02324000
  0.238942  -0.0000   0.02340000
  0.239389  -0.0000   0.02357000
  0.240005  -0.0000   0.02381000
  0.240581  -0.0000   0.02408000
  0.241148  -0.0000   0.02434000
  0.241711  -0.0000   0.02460000
  0.242552  -0.0000   0.02500000
  0.243812  -0.0000   0.02560000
  0.245454  -0.0000   0.02637000
  0.247097  -0.0000   0.02714000
  0.249560  -0.0000   0.02831000
  0.253246  -0.0000   0.03005000
  0.258753  -0.0000   0.03267000
  0.259120  -0.0000   0.03284000
  0.259478  -0.0000   0.03302000
  0.259784  -0.0000   0.03319000
  0.260232  -0.0000   0.03345000
  0.260896  -0.0000   0.03385000
  0.261843  -0.0000   0.03441000
  0.262789  -0.0000   0.03497000
  0.264185  -0.0000   0.03581000
  0.265581  -0.0000   0.03664000
  0.267674  -0.0000   0.03789000
  0.270809  -0.0000   0.03976000
  0.275497  -0.0000   0.04257000
  0.276160  -0.0000   0.04296000
  0.276823  -0.0000   0.04336000
  0.277485  -0.0000   0.04376000
  0.278477  -0.0000   0.04435000
  0.279252  -0.0000   0.04483000
  0.279797  -0.0000   0.04523000
  0.280334  -0.0000   0.04562000
  0.280868  -0.0000   0.04602000
  0.281401  -0.0000   0.04641000
  0.282199  -0.0000   0.04700000
  0.283397  -0.0000   0.04789000
  0.285195  -0.0000   0.04922000
  0.287890  -0.0000   0.05122000
  0.290582  -0.0000   0.05322000
  0.294610  -0.0000   0.05621000
  0.295717  -0.0000   0.05704000
  0.296823  -0.0000   0.05786000
  0.297927  -0.0000   0.05869000
  0.298904  -0.0000   0.05942000
  0.299363  -0.0000   0.05983000
  0.299816  -0.0000   0.06023000
  0.300266  -0.0000   0.06064000
  0.300939  -0.0000   0.06125000
  0.301948  -0.0000   0.06217000
  0.303462  -0.0000   0.06354000
  0.304977  -0.0000   0.06491000
  0.307247  -0.0000   0.06698000
  0.310648  -0.0000   0.07007000
  0.315732  -0.0000   0.07470000
  0.316274  -0.0000   0.07520000
  0.316816  -0.0000   0.07569000
  0.317358  -0.0000   0.07619000
  0.318170  -0.0000   0.07693000
  0.318870  -0.0000   0.07761000
  0.319499  -0.0000   0.07829000
  0.320124  -0.0000   0.07898000
  0.320746  -0.0000   0.07966000
  0.321369  -0.0000   0.08034000
  0.322304  -0.0000   0.08137000
  0.323706  -0.0000   0.08290000
  0.325809  -0.0000   0.08521000
  0.328959  -0.0000   0.08867000
  0.333670  -0.0000   0.09385000
  0.334675  -0.0000   0.09496000
  0.335679  -0.0000   0.09606000
  0.336681  -0.0000   0.09717000
  0.338184  -0.0000   0.09883000
  0.338615  -0.0000   0.09935000
  0.339015  -0.0000   0.10000000
  0.339411  -0.0000   0.10000000
  0.340004  -0.0000   0.10100000
  0.340892  -0.0000   0.10200000
  0.342225  -0.0000   0.10400000
  0.343559  -0.0000   0.10600000
  0.345558  -0.0000   0.10800000
  0.348554  -0.0000   0.11200000
  0.353034  -0.0000   0.11800000
  0.354489  -0.0000   0.12000000
  0.355941  -0.0000   0.12200000
  0.357392  -0.0000   0.12400000
  0.358033  -0.0000   0.12500000
  0.358605  -0.0000   0.12600000
  0.359154  -0.0000   0.12700000
  0.359973  -0.0000   0.12800000
  0.360793  -0.0000   0.12900000
  0.362001  -0.0000   0.13100000
  0.363209  -0.0000   0.13300000
  0.365021  -0.0000   0.13600000
  0.367735  -0.0000   0.14000000
  0.371797  -0.0000   0.14600000
  0.377865  -0.0000   0.15600000
  0.378228  -0.0000   0.15600000
  0.378577  -0.0000   0.15700000
  0.378923  -0.0000   0.15800000
  0.379442  -0.0000   0.15800000
  0.380220  -0.0000   0.16000000
  0.381388  -0.0000   0.16200000
  0.383140  -0.0000   0.16500000
  0.384890  -0.0000   0.16800000
  0.387513  -0.0000   0.17300000
  0.391439  -0.0000   0.18000000
  0.396905  -0.0000   0.19000000
  0.397368  -0.0000   0.19100000
  0.397823  -0.0000   0.19200000
  0.398228  -0.0000   0.19300000
  0.398830  -0.0000   0.19400000
  0.399431  -0.0000   0.19500000
  0.400033  -0.0000   0.19700000
  0.400935  -0.0000   0.19900000
  0.402289  -0.0000   0.20100000
  0.404319  -0.0000   0.20600000
  0.407360  -0.0000   0.21200000
  0.411910  -0.0000   0.22200000
  0.416611  -0.0000   0.23200000
  0.417111  -0.0000   0.23300000
  0.417609  -0.0000   0.23400000
  0.418049  -0.0000   0.23500000
  0.418704  -0.0000   0.23700000
  0.419358  -0.0000   0.23800000
  0.420012  -0.0000   0.24000000
  0.420995  -0.0000   0.24200000
  0.422468  -0.0000   0.24600000
  0.424677  -0.0000   0.25100000
  0.427984  -0.0000   0.25900000
  0.432067  -0.0000   0.26900000
  0.436139  -0.0000   0.27900000
  0.436721  -0.0000   0.28100000
  0.437302  -0.0000   0.28200000
  0.437831  -0.0000   0.28300000
  0.438597  -0.0000   0.28600000
  0.439363  -0.0000   0.28800000
  0.440129  -0.0000   0.29000000
  0.440896  -0.0000   0.29200000
  0.442046  -0.0000   0.29500000
  0.443770  -0.0000   0.30000000
  0.446353  -0.0000   0.30700000
  0.449917  -0.0000   0.31700000
  0.453473  -0.0000   0.32700000
  0.457022  -0.0000   0.33700000
  0.457465  -0.0000   0.33900000
  0.457877  -0.0000   0.34000000
  0.458289  -0.0000   0.34100000
  0.458905  -0.0000   0.34300000
  0.459830  -0.0000   0.34600000
  0.461219  -0.0000   0.35100000
  0.462607  -0.0000   0.35500000
  0.464687  -0.0000   0.36200000
  0.467803  -0.0000   0.37200000
  0.470927  -0.0000   0.38200000
  0.474045  -0.0000   0.39200000
  0.477158  -0.0000   0.40200000
  0.477553  -0.0000   0.40300000
  0.477946  -0.0000   0.40400000
  0.478338  -0.0000   0.40600000
  0.478926  -0.0000   0.40800000
  0.479810  -0.0000   0.41100000
  0.481136  -0.0000   0.41600000
  0.483124  -0.0000   0.42300000
  0.485886  -0.0000   0.43300000
  0.488644  -0.0000   0.44300000
  0.491399  -0.0000   0.45300000
  0.494149  -0.0000   0.46300000
  0.496895  -0.0000   0.47300000
  0.497345  -0.0000   0.47500000
  0.497778  -0.0000   0.47700000
  0.498211  -0.0000   0.47800000
  0.498861  -0.0000   0.48100000
  0.499836  -0.0000   0.48500000
  0.501299  -0.0000   0.49100000
  0.503492  -0.0000   0.50000000
  0.505943  -0.0000   0.51000000
  0.508390  -0.0000   0.52000000
  0.510834  -0.0000   0.53000000
  0.513275  -0.0000   0.54000000
  0.515712  -0.0000   0.55000000
  0.516533  -0.0000   0.55300000
  0.517304  -0.0000   0.55700000
  0.518041  -0.0000   0.56000000
  0.518778  -0.0000   0.56300000
  0.519516  -0.0000   0.56700000
  0.520253  -0.0000   0.57000000
  0.521360  -0.0000   0.57500000
  0.523018  -0.0000   0.58300000
  0.525201  -0.0000   0.59300000
  0.527382  -0.0000   0.60300000
  0.529560  -0.0000   0.61300000
  0.531736  -0.0000   0.62300000
  0.533909  -0.0000   0.63300000
  0.536079  -0.0000   0.64300000
  0.536767  -0.0000   0.64600000
  0.537394  -0.0000   0.64900000
  0.538015  -0.0000   0.65200000
  0.538635  -0.0000   0.65600000
  0.539256  -0.0000   0.65900000
  0.540188  -0.0000   0.66300000
  0.541585  -0.0000   0.67100000
  0.543540  -0.0000   0.68100000
  0.545493  -0.0000   0.69100000
  0.547444  -0.0000   0.70100000
  0.549393  -0.0000   0.71100000
  0.551340  -0.0000   0.72100000
  0.553284  -0.0000   0.73100000
  0.555227  -0.0000   0.74100000
  0.557117  -0.0000   0.75100000
  0.557635  -0.0000   0.75400000
  0.558154  -0.0000   0.75700000
  0.558672  -0.0000   0.75900000
  0.559451  -0.0000   0.76400000
  0.560619  -0.0000   0.77100000
  0.562369  -0.0000   0.78100000
  0.564125  -0.0000   0.79100000
  0.565878  -0.0000   0.80100000
  0.567631  -0.0000   0.81100000
  0.569381  -0.0000   0.82100000
  0.571130  -0.0000   0.83100000
  0.572877  -0.0000   0.84100000
  0.574623  -0.0000   0.85100000
  0.576367  -0.0000   0.86100000
  0.576930  -0.0000   0.86400000
  0.577464  -0.0000   0.86700000
  0.577999  -0.0000   0.87100000
  0.578802  -0.0000   0.87600000
  0.579606  -0.0000   0.88100000
  0.580810  -0.0000   0.88800000
  0.582395  -0.0000   0.89800000
  0.583979  -0.0000   0.90800000
  0.585561  -0.0000   0.91800000
  0.587141  -0.0000   0.92800000
  0.588721  -0.0000   0.93800000
  0.590299  -0.0000   0.94800000
  0.591875  -0.0000   0.95800000
  0.593451  -0.0000   0.96800000
  0.595025  -0.0000   0.97800000
  0.596595  -0.0000   0.98800000
  0.597063  -0.0000   0.99200000
  0.597531  -0.0000   0.99500000
  0.597998  -0.0000   0.99800000
  0.598259  -0.0000   1.00000000
  0.596675  -0.0000   1.00000000
  0.596675  -0.0000   1.00000000
  0.596675  -0.0000   1.00000000
  0.596675  -0.0000   1.00000000
  0.596674  -0.0000   1.00000000
  0.596674  -0.0000   1.00000000
  0.596674  -0.0000   1.00000000
  0.596673  -0.0000   1.00000000
  0.596671  -0.0000   1.00000000
  0.596666  -0.0000   1.00000000
  0.596658  -0.0000   1.00000000
  0.596643  -0.0000   1.00000000
