  0.000015  -0.0000   0.00000010
  0.000033  -0.0000   0.00000020
  0.000090  -0.0000   0.00000030
  0.001051  -0.0000   0.00000045
  0.006084  -0.0000   0.00000067
  0.006130  -0.0000   0.00000090
  0.006173  -0.0000   0.00000113
  0.006239  -0.0000   0.00000146
  0.006348  -0.0000   0.00000197
  0.006540  -0.0000   0.00000273
  0.006766  -0.0000   0.00000346
  0.007038  -0.0000   0.00000420
  0.007366  -0.0000   0.00000494
  0.007759  -0.0000   0.00000568
  0.008227  -0.0000   0.00000641
  0.008635  -0.0000   0.00000698
  0.009097  -0.0000   0.00000754
  0.009615  -0.0000   0.00000811
  0.010195  -0.0000   0.00000868
  0.010840  -0.0000   0.00000924
  0.011553  -0.0000   0.00000981
  0.012337  -0.0000   0.00001037
  0.013193  -0.0000   0.00001094
  0.013964  -0.0000   0.00001141
  0.014788  -0.0000   0.00001189
  0.015667  -0.0000   0.00001236
  0.016706  -0.0000   0.00001288
  0.017814  -0.0000   0.00001341
  0.018991  -0.0000   0.00001393
  0.020237  -0.0000   0.00001446
  0.020406  -0.0000   0.00001453
  0.020530  -0.0000   0.00001460
  0.020563  -0.0000   0.00001467
  0.020606  -0.0000   0.00001478
  0.020662  -0.0000   0.00001493
  0.020721  -0.0000   0.00001512
  0.020775  -0.0000   0.00001530
  0.020825  -0.0000   0.00001548
  0.020894  -0.0000   0.00001576
  0.020991  -0.0000   0.00001617
  0.021100  -0.0000   0.00001666
  0.021205  -0.0000   0.00001716
  0.021309  -0.0000   0.00001765
  0.021463  -0.0000   0.00001839
  0.021704  -0.0000   0.00001951
  0.022102  -0.0000   0.00002117
  0.022511  -0.0000   0.00002271
  0.022971  -0.0000   0.00002425
  0.023487  -0.0000   0.00002579
  0.024043  -0.0000   0.00002727
  0.024660  -0.0000   0.00002876
  0.025341  -0.0000   0.00003025
  0.026000  -0.0000   0.00003158
  0.026715  -0.0000   0.00003290
  0.027487  -0.0000   0.00003422
  0.028264  -0.0000   0.00003547
  0.029095  -0.0000   0.00003671
  0.029981  -0.0000   0.00003795
  0.030891  -0.0000   0.00003915
  0.031856  -0.0000   0.00004036
  0.032874  -0.0000   0.00004156
  0.033941  -0.0000   0.00004275
  0.035062  -0.0000   0.00004395
  0.036239  -0.0000   0.00004514
  0.037472  -0.0000   0.00004634
  0.038680  -0.0000   0.00004753
  0.038722  -0.0000   0.00004764
  0.038762  -0.0000   0.00004775
  0.038800  -0.0000   0.00004785
  0.038853  -0.0000   0.00004801
  0.038928  -0.0000   0.00004826
  0.039032  -0.0000   0.00004862
  0.039177  -0.0000   0.00004916
  0.039369  -0.0000   0.00004992
  0.039555  -0.0000   0.00005068
  0.039834  -0.0000   0.00005182
  0.040267  -0.0000   0.00005353
  0.040974  -0.0000   0.00005609
  0.041749  -0.0000   0.00005865
  0.042597  -0.0000   0.00006122
  0.043520  -0.0000   0.00006378
  0.044520  -0.0000   0.00006634
  0.045906  -0.0000   0.00006956
  0.047107  -0.0000   0.00007215
  0.048395  -0.0000   0.00007474
  0.049774  -0.0000   0.00007734
  0.051442  -0.0000   0.00008025
  0.053229  -0.0000   0.00008316
  0.054806  -0.0000   0.00008560
  0.056467  -0.0000   0.00008803
  0.057205  -0.0000   0.00008909
  0.057833  -0.0000   0.00009014
  0.057958  -0.0000   0.00009053
  0.058074  -0.0000   0.00009092
  0.058184  -0.0000   0.00009131
  0.058341  -0.0000   0.00009189
  0.058566  -0.0000   0.00009276
  0.058898  -0.0000   0.00009407
  0.059405  -0.0000   0.00009604
  0.060211  -0.0000   0.00009898
  0.060998  -0.0000   0.00010190
  0.061763  -0.0000   0.00010490
  0.062523  -0.0000   0.00010780
  0.063655  -0.0000   0.00011220
  0.065335  -0.0000   0.00011890
  0.067815  -0.0000   0.00012880
  0.071457  -0.0000   0.00014370
  0.075021  -0.0000   0.00015860
  0.075277  -0.0000   0.00015970
  0.075532  -0.0000   0.00016080
  0.075787  -0.0000   0.00016190
  0.076168  -0.0000   0.00016350
  0.076521  -0.0000   0.00016530
  0.076701  -0.0000   0.00016680
  0.076866  -0.0000   0.00016830
  0.077022  -0.0000   0.00016990
  0.077174  -0.0000   0.00017140
  0.077397  -0.0000   0.00017370
  0.077726  -0.0000   0.00017710
  0.078218  -0.0000   0.00018230
  0.078957  -0.0000   0.00019000
  0.080063  -0.0000   0.00020160
  0.081712  -0.0000   0.00021890
  0.084158  -0.0000   0.00024500
  0.087768  -0.0000   0.00028410
  0.091316  -0.0000   0.00032320
  0.094803  -0.0000   0.00036230
  0.095006  -0.0000   0.00036450
  0.095209  -0.0000   0.00036680
  0.095335  -0.0000   0.00036910
  0.095500  -0.0000   0.00037250
  0.095732  -0.0000   0.00037760
  0.095958  -0.0000   0.00038280
  0.096293  -0.0000   0.00039050
  0.096797  -0.0000   0.00040200
  0.097553  -0.0000   0.00041930
  0.098684  -0.0000   0.00044520
  0.100370  -0.0000   0.00048410
  0.102873  -0.0000   0.00054250
  0.106570  -0.0000   0.00063010
  0.110212  -0.0000   0.00071760
  0.113798  -0.0000   0.00080520
  0.114011  -0.0000   0.00081040
  0.114183  -0.0000   0.00081560
  0.114313  -0.0000   0.00082080
  0.114497  -0.0000   0.00082870
  0.114765  -0.0000   0.00084040
  0.115033  -0.0000   0.00085210
  0.115434  -0.0000   0.00086970
  0.116037  -0.0000   0.00089610
  0.116941  -0.0000   0.00093570
  0.118289  -0.0000   0.00099500
  0.120295  -0.0000   0.00108400
  0.123270  -0.0000   0.00121800
  0.126895  -0.0000   0.00138300
  0.130471  -0.0000   0.00154800
  0.131131  -0.0000   0.00157800
  0.131790  -0.0000   0.00160900
  0.132446  -0.0000   0.00163900
  0.132969  -0.0000   0.00166400
  0.133182  -0.0000   0.00167700
  0.133366  -0.0000   0.00169100
  0.133547  -0.0000   0.00170500
  0.133818  -0.0000   0.00172600
  0.134224  -0.0000   0.00175700
  0.134834  -0.0000   0.00180300
  0.135748  -0.0000   0.00187300
  0.137112  -0.0000   0.00197700
  0.139140  -0.0000   0.00213400
  0.142149  -0.0000   0.00236900
  0.146594  -0.0000   0.00272100
  0.150972  -0.0000   0.00307400
  0.151245  -0.0000   0.00309600
  0.151519  -0.0000   0.00311800
  0.151792  -0.0000   0.00314000
  0.152130  -0.0000   0.00317300
  0.152442  -0.0000   0.00321100
  0.152751  -0.0000   0.00324900
  0.153061  -0.0000   0.00328800
  0.153371  -0.0000   0.00332600
  0.153836  -0.0000   0.00338300
  0.154532  -0.0000   0.00346900
  0.155571  -0.0000   0.00359800
  0.157121  -0.0000   0.00379100
  0.159425  -0.0000   0.00408100
  0.162841  -0.0000   0.00451600
  0.166324  -0.0000   0.00496500
  0.169768  -0.0000   0.00541400
  0.170105  -0.0000   0.00545800
  0.170442  -0.0000   0.00550200
  0.170778  -0.0000   0.00554600
  0.171188  -0.0000   0.00561200
  0.171536  -0.0000   0.00567700
  0.171885  -0.0000   0.00574300
  0.172233  -0.0000   0.00580900
  0.172756  -0.0000   0.00590800
  0.173539  -0.0000   0.00605700
  0.174707  -0.0000   0.00627900
  0.176447  -0.0000   0.00661300
  0.179032  -0.0000   0.00711400
  0.182864  -0.0000   0.00786500
  0.186652  -0.0000   0.00861600
  0.188380  -0.0000   0.00896100
  0.190067  -0.0000   0.00930500
  0.190264  -0.0000   0.00935900
  0.190458  -0.0000   0.00941400
  0.190652  -0.0000   0.00946800
  0.190943  -0.0000   0.00954900
  0.191381  -0.0000   0.00967100
  0.192037  -0.0000   0.00985400
  0.193017  -0.0000   0.01013000
  0.194480  -0.0000   0.01054000
  0.196657  -0.0000   0.01116000
  0.199890  -0.0000   0.01208000
  0.203419  -0.0000   0.01310000
  0.206913  -0.0000   0.01412000
  0.207510  -0.0000   0.01430000
  0.208106  -0.0000   0.01447000
  0.208700  -0.0000   0.01465000
  0.209098  -0.0000   0.01477000
  0.209409  -0.0000   0.01489000
  0.209720  -0.0000   0.01502000
  0.210032  -0.0000   0.01514000
  0.210343  -0.0000   0.01526000
  0.210810  -0.0000   0.01545000
  0.211509  -0.0000   0.01572000
  0.212552  -0.0000   0.01614000
  0.214107  -0.0000   0.01676000
  0.216421  -0.0000   0.01769000
  0.219857  -0.0000   0.01909000
  0.223169  -0.0000   0.02045000
  0.226451  -0.0000   0.02181000
  0.226917  -0.0000   0.02200000
  0.227382  -0.0000   0.02220000
  0.227847  -0.0000   0.02239000
  0.228172  -0.0000   0.02254000
  0.228458  -0.0000   0.02270000
  0.228744  -0.0000   0.02285000
  0.229173  -0.0000   0.02309000
  0.229602  -0.0000   0.02332000
  0.230244  -0.0000   0.02367000
  0.231203  -0.0000   0.02419000
  0.232632  -0.0000   0.02498000
  0.234761  -0.0000   0.02616000
  0.237924  -0.0000   0.02792000
  0.241360  -0.0000   0.02986000
  0.244766  -0.0000   0.03180000
  0.245533  -0.0000   0.03224000
  0.246299  -0.0000   0.03268000
  0.247063  -0.0000   0.03312000
  0.247298  -0.0000   0.03328000
  0.247528  -0.0000   0.03345000
  0.247759  -0.0000   0.03362000
  0.248106  -0.0000   0.03387000
  0.248625  -0.0000   0.03425000
  0.249401  -0.0000   0.03482000
  0.250559  -0.0000   0.03567000
  0.252285  -0.0000   0.03695000
  0.254853  -0.0000   0.03886000
  0.258664  -0.0000   0.04174000
  0.262438  -0.0000   0.04461000
  0.266167  -0.0000   0.04748000
  0.266407  -0.0000   0.04771000
  0.266646  -0.0000   0.04795000
  0.266886  -0.0000   0.04818000
  0.267126  -0.0000   0.04841000
  0.267485  -0.0000   0.04875000
  0.268024  -0.0000   0.04927000
  0.268830  -0.0000   0.05005000
  0.270033  -0.0000   0.05122000
  0.271829  -0.0000   0.05298000
  0.274502  -0.0000   0.05561000
  0.278472  -0.0000   0.05955000
  0.282405  -0.0000   0.06350000
  0.283329  -0.0000   0.06443000
  0.284251  -0.0000   0.06536000
  0.285170  -0.0000   0.06629000
  0.285448  -0.0000   0.06661000
  0.285710  -0.0000   0.06694000
  0.285973  -0.0000   0.06726000
  0.286367  -0.0000   0.06775000
  0.286957  -0.0000   0.06848000
  0.287838  -0.0000   0.06958000
  0.289152  -0.0000   0.07122000
  0.291111  -0.0000   0.07368000
  0.294024  -0.0000   0.07738000
  0.297442  -0.0000   0.08176000
  0.300832  -0.0000   0.08613000
  0.304193  -0.0000   0.09051000
  0.304444  -0.0000   0.09090000
  0.304693  -0.0000   0.09129000
  0.304942  -0.0000   0.09168000
  0.305315  -0.0000   0.09227000
  0.305874  -0.0000   0.09315000
  0.306709  -0.0000   0.09447000
  0.307956  -0.0000   0.09644000
  0.309813  -0.0000   0.09941000
  0.312576  -0.0000   0.10400000
  0.316065  -0.0000   0.11000000
  0.319524  -0.0000   0.11500000
  0.322956  -0.0000   0.12100000
  0.323290  -0.0000   0.12100000
  0.323572  -0.0000   0.12200000
  0.323853  -0.0000   0.12300000
  0.324134  -0.0000   0.12300000
  0.324415  -0.0000   0.12400000
  0.324835  -0.0000   0.12400000
  0.325464  -0.0000   0.12600000
  0.326404  -0.0000   0.12800000
  0.327806  -0.0000   0.13000000
  0.329896  -0.0000   0.13500000
  0.333004  -0.0000   0.14100000
  0.336377  -0.0000   0.14800000
  0.339724  -0.0000   0.15500000
  0.340929  -0.0000   0.15700000
  0.342130  -0.0000   0.16000000
  0.342497  -0.0000   0.16000000
  0.342827  -0.0000   0.16100000
  0.343159  -0.0000   0.16200000
  0.343656  -0.0000   0.16300000
  0.344152  -0.0000   0.16400000
  0.344893  -0.0000   0.16600000
  0.346000  -0.0000   0.16900000
  0.347651  -0.0000   0.17300000
  0.350110  -0.0000   0.17900000
  0.353766  -0.0000   0.18800000
  0.357391  -0.0000   0.19800000
  0.360987  -0.0000   0.20700000
  0.361347  -0.0000   0.20800000
  0.361674  -0.0000   0.20900000
  0.361983  -0.0000   0.21000000
  0.362449  -0.0000   0.21100000
  0.362913  -0.0000   0.21200000
  0.363377  -0.0000   0.21400000
  0.364070  -0.0000   0.21600000
  0.365105  -0.0000   0.21900000
  0.366650  -0.0000   0.22400000
  0.368953  -0.0000   0.23100000
  0.372211  -0.0000   0.24100000
  0.375445  -0.0000   0.25100000
  0.378656  -0.0000   0.26100000
  0.379379  -0.0000   0.26300000
  0.380101  -0.0000   0.26500000
  0.380781  -0.0000   0.26700000
  0.381146  -0.0000   0.26900000
  0.381511  -0.0000   0.27000000
  0.381876  -0.0000   0.27100000
  0.382422  -0.0000   0.27300000
  0.383238  -0.0000   0.27600000
  0.384457  -0.0000   0.28100000
  0.386274  -0.0000   0.28700000
  0.388981  -0.0000   0.29700000
  0.391671  -0.0000   0.30700000
  0.394344  -0.0000   0.31700000
  0.397001  -0.0000   0.32700000
  0.399643  -0.0000   0.33700000
  0.399922  -0.0000   0.33900000
  0.400199  -0.0000   0.34000000
  0.400477  -0.0000   0.34100000
  0.400892  -0.0000   0.34300000
  0.401513  -0.0000   0.34500000
  0.402441  -0.0000   0.34900000
  0.403827  -0.0000   0.35600000
  0.405892  -0.0000   0.36500000
  0.408149  -0.0000   0.37500000
  0.410393  -0.0000   0.38500000
  0.412627  -0.0000   0.39500000
  0.414849  -0.0000   0.40500000
  0.417061  -0.0000   0.41500000
  0.418271  -0.0000   0.42000000
  0.418781  -0.0000   0.42200000
  0.419125  -0.0000   0.42400000
  0.419469  -0.0000   0.42600000
  0.419813  -0.0000   0.42800000
  0.420157  -0.0000   0.43000000
  0.420671  -0.0000   0.43200000
  0.421440  -0.0000   0.43600000
  0.422588  -0.0000   0.44200000
  0.424302  -0.0000   0.45100000
  0.426204  -0.0000   0.46100000
  0.428097  -0.0000   0.47100000
  0.429982  -0.0000   0.48100000
  0.431859  -0.0000   0.49100000
  0.433729  -0.0000   0.50100000
  0.435591  -0.0000   0.51100000
  0.437446  -0.0000   0.52100000
  0.437870  -0.0000   0.52300000
  0.438251  -0.0000   0.52600000
  0.438633  -0.0000   0.52800000
  0.439014  -0.0000   0.53000000
  0.439395  -0.0000   0.53300000
  0.439964  -0.0000   0.53600000
  0.440816  -0.0000   0.54100000
  0.442088  -0.0000   0.54900000
  0.443707  -0.0000   0.55900000
  0.445318  -0.0000   0.56900000
  0.446923  -0.0000   0.57900000
  0.448522  -0.0000   0.58900000
  0.450116  -0.0000   0.59900000
  0.451704  -0.0000   0.60900000
  0.453286  -0.0000   0.61900000
  0.454864  -0.0000   0.62900000
  0.456436  -0.0000   0.63900000
  0.456929  -0.0000   0.64200000
  0.457264  -0.0000   0.64500000
  0.457600  -0.0000   0.64700000
  0.457935  -0.0000   0.65000000
  0.458271  -0.0000   0.65200000
  0.458772  -0.0000   0.65600000
  0.459522  -0.0000   0.66100000
  0.460643  -0.0000   0.66900000
  0.462027  -0.0000   0.67900000
  0.463405  -0.0000   0.68900000
  0.464778  -0.0000   0.69900000
  0.466147  -0.0000   0.70900000
  0.467512  -0.0000   0.71900000
  0.468872  -0.0000   0.72900000
  0.470229  -0.0000   0.73900000
  0.471582  -0.0000   0.74900000
  0.472930  -0.0000   0.75900000
  0.474276  -0.0000   0.76900000
  0.475617  -0.0000   0.77900000
  0.476110  -0.0000   0.78300000
  0.476481  -0.0000   0.78600000
  0.476852  -0.0000   0.78900000
  0.477222  -0.0000   0.79200000
  0.477592  -0.0000   0.79500000
  0.478145  -0.0000   0.80000000
  0.478973  -0.0000   0.80700000
  0.480164  -0.0000   0.81700000
  0.481351  -0.0000   0.82700000
  0.482535  -0.0000   0.83700000
  0.483714  -0.0000   0.84700000
  0.484891  -0.0000   0.85700000
  0.486064  -0.0000   0.86700000
  0.487234  -0.0000   0.87700000
  0.488402  -0.0000   0.88700000
  0.489566  -0.0000   0.89700000
  0.490728  -0.0000   0.90700000
  0.491887  -0.0000   0.91700000
  0.493043  -0.0000   0.92700000
  0.494196  -0.0000   0.93700000
  0.495321  -0.0000   0.94700000
  0.495670  -0.0000   0.95000000
  0.496019  -0.0000   0.95300000
  0.496367  -0.0000   0.95700000
  0.496716  -0.0000   0.96000000
  0.497237  -0.0000   0.96500000
  0.498016  -0.0000   0.97300000
  0.499045  -0.0000   0.98300000
  0.500071  -0.0000   0.99300000
  0.500832  -0.0000   1.00000000
  0.500620  -0.0000   1.00000000
  0.500620  -0.0000   1.00000000
  0.500620  -0.0000   1.00000000
  0.500620  -0.0000   1.00000000
  0.500620  -0.0000   1.00000000
  0.500620  -0.0000   1.00000000
  0.500620  -0.0000   1.00000000
  0.500619  -0.0000   1.00000000
  0.500619  -0.0000   1.00000000
  0.500619  -0.0000   1.00000000
  0.500618  -0.0000   1.00000000
  0.500618  -0.0000   1.00000000
  0.500617  -0.0000   1.00000000
