  0.000088  -0.0000   0.00000010
  0.000194  -0.0000   0.00000020
  0.000541  -0.0000   0.00000030
  0.002508  -0.0000   0.00000036
  0.006378  -0.0000   0.00000038
  0.006454  -0.0000   0.00000040
  0.006502  -0.0000   0.00000042
  0.006584  -0.0000   0.00000046
  0.006734  -0.0000   0.00000051
  0.006957  -0.0000   0.00000058
  0.007236  -0.0000   0.00000064
  0.007479  -0.0000   0.00000069
  0.007776  -0.0000   0.00000074
  0.008139  -0.0000   0.00000079
  0.008439  -0.0000   0.00000082
  0.008785  -0.0000   0.00000085
  0.009180  -0.0000   0.00000089
  0.009569  -0.0000   0.00000092
  0.010000  -0.0000   0.00000095
  0.010476  -0.0000   0.00000098
  0.010990  -0.0000   0.00000101
  0.011549  -0.0000   0.00000104
  0.012151  -0.0000   0.00000107
  0.012902  -0.0000   0.00000110
  0.013706  -0.0000   0.00000113
  0.014560  -0.0000   0.00000117
  0.015459  -0.0000   0.00000120
  0.016401  -0.0000   0.00000124
  0.017380  -0.0000   0.00000127
  0.018392  -0.0000   0.00000130
  0.019687  -0.0000   0.00000135
  0.019761  -0.0000   0.00000135
  0.019780  -0.0000   0.00000135
  0.019789  -0.0000   0.00000135
  0.019799  -0.0000   0.00000136
  0.019811  -0.0000   0.00000136
  0.019825  -0.0000   0.00000137
  0.019842  -0.0000   0.00000138
  0.019863  -0.0000   0.00000140
  0.019881  -0.0000   0.00000142
  0.019904  -0.0000   0.00000144
  0.019935  -0.0000   0.00000148
  0.019976  -0.0000   0.00000154
  0.020035  -0.0000   0.00000163
  0.020119  -0.0000   0.00000177
  0.020250  -0.0000   0.00000197
  0.020483  -0.0000   0.00000227
  0.020606  -0.0000   0.00000241
  0.020750  -0.0000   0.00000255
  0.020920  -0.0000   0.00000269
  0.021248  -0.0000   0.00000290
  0.021525  -0.0000   0.00000305
  0.021853  -0.0000   0.00000320
  0.022241  -0.0000   0.00000334
  0.022694  -0.0000   0.00000349
  0.023125  -0.0000   0.00000362
  0.023611  -0.0000   0.00000374
  0.024156  -0.0000   0.00000387
  0.024761  -0.0000   0.00000399
  0.025432  -0.0000   0.00000412
  0.026029  -0.0000   0.00000422
  0.026672  -0.0000   0.00000432
  0.027363  -0.0000   0.00000442
  0.028103  -0.0000   0.00000452
  0.028890  -0.0000   0.00000463
  0.029727  -0.0000   0.00000473
  0.030613  -0.0000   0.00000483
  0.031548  -0.0000   0.00000494
  0.032532  -0.0000   0.00000504
  0.033564  -0.0000   0.00000514
  0.034643  -0.0000   0.00000524
  0.035770  -0.0000   0.00000535
  0.035847  -0.0000   0.00000535
  0.035923  -0.0000   0.00000536
  0.035965  -0.0000   0.00000537
  0.035988  -0.0000   0.00000538
  0.036017  -0.0000   0.00000539
  0.036040  -0.0000   0.00000541
  0.036061  -0.0000   0.00000542
  0.036089  -0.0000   0.00000545
  0.036125  -0.0000   0.00000548
  0.036173  -0.0000   0.00000554
  0.036237  -0.0000   0.00000561
  0.036325  -0.0000   0.00000573
  0.036452  -0.0000   0.00000591
  0.036651  -0.0000   0.00000618
  0.037006  -0.0000   0.00000658
  0.037319  -0.0000   0.00000688
  0.037689  -0.0000   0.00000718
  0.038124  -0.0000   0.00000748
  0.038723  -0.0000   0.00000783
  0.039274  -0.0000   0.00000811
  0.039898  -0.0000   0.00000839
  0.040601  -0.0000   0.00000867
  0.041388  -0.0000   0.00000895
  0.042264  -0.0000   0.00000923
  0.043077  -0.0000   0.00000947
  0.043960  -0.0000   0.00000970
  0.044916  -0.0000   0.00000994
  0.045949  -0.0000   0.00001018
  0.047061  -0.0000   0.00001042
  0.048252  -0.0000   0.00001066
  0.049526  -0.0000   0.00001089
  0.050883  -0.0000   0.00001113
  0.052323  -0.0000   0.00001137
  0.052765  -0.0000   0.00001144
  0.053215  -0.0000   0.00001151
  0.053450  -0.0000   0.00001155
  0.053497  -0.0000   0.00001157
  0.053536  -0.0000   0.00001159
  0.053570  -0.0000   0.00001162
  0.053614  -0.0000   0.00001165
  0.053671  -0.0000   0.00001170
  0.053748  -0.0000   0.00001178
  0.053850  -0.0000   0.00001190
  0.053995  -0.0000   0.00001207
  0.054211  -0.0000   0.00001233
  0.054566  -0.0000   0.00001272
  0.054911  -0.0000   0.00001306
  0.055297  -0.0000   0.00001341
  0.055728  -0.0000   0.00001375
  0.056479  -0.0000   0.00001426
  0.057148  -0.0000   0.00001467
  0.057893  -0.0000   0.00001508
  0.058718  -0.0000   0.00001548
  0.059626  -0.0000   0.00001589
  0.060624  -0.0000   0.00001630
  0.061714  -0.0000   0.00001671
  0.062902  -0.0000   0.00001711
  0.064190  -0.0000   0.00001752
  0.065323  -0.0000   0.00001786
  0.066528  -0.0000   0.00001819
  0.067807  -0.0000   0.00001853
  0.069316  -0.0000   0.00001890
  0.070881  -0.0000   0.00001927
  0.070938  -0.0000   0.00001931
  0.070986  -0.0000   0.00001934
  0.071029  -0.0000   0.00001937
  0.071086  -0.0000   0.00001942
  0.071163  -0.0000   0.00001950
  0.071266  -0.0000   0.00001961
  0.071410  -0.0000   0.00001978
  0.071621  -0.0000   0.00002003
  0.071951  -0.0000   0.00002040
  0.072506  -0.0000   0.00002096
  0.073135  -0.0000   0.00002153
  0.073840  -0.0000   0.00002209
  0.074626  -0.0000   0.00002265
  0.075495  -0.0000   0.00002321
  0.076451  -0.0000   0.00002378
  0.077499  -0.0000   0.00002434
  0.078642  -0.0000   0.00002490
  0.079886  -0.0000   0.00002546
  0.081233  -0.0000   0.00002603
  0.082451  -0.0000   0.00002650
  0.083747  -0.0000   0.00002698
  0.085124  -0.0000   0.00002746
  0.086582  -0.0000   0.00002793
  0.088122  -0.0000   0.00002841
  0.088218  -0.0000   0.00002845
  0.088274  -0.0000   0.00002849
  0.088324  -0.0000   0.00002852
  0.088390  -0.0000   0.00002858
  0.088477  -0.0000   0.00002867
  0.088596  -0.0000   0.00002880
  0.088762  -0.0000   0.00002899
  0.089007  -0.0000   0.00002928
  0.089389  -0.0000   0.00002972
  0.089912  -0.0000   0.00003027
  0.090482  -0.0000   0.00003081
  0.091100  -0.0000   0.00003136
  0.091998  -0.0000   0.00003208
  0.092982  -0.0000   0.00003280
  0.094011  -0.0000   0.00003349
  0.095126  -0.0000   0.00003418
  0.096331  -0.0000   0.00003488
  0.097628  -0.0000   0.00003557
  0.099022  -0.0000   0.00003626
  0.100516  -0.0000   0.00003695
  0.102111  -0.0000   0.00003764
  0.103810  -0.0000   0.00003833
  0.105614  -0.0000   0.00003902
  0.105697  -0.0000   0.00003907
  0.105758  -0.0000   0.00003912
  0.105814  -0.0000   0.00003917
  0.105889  -0.0000   0.00003925
  0.105992  -0.0000   0.00003936
  0.106135  -0.0000   0.00003952
  0.106340  -0.0000   0.00003977
  0.106651  -0.0000   0.00004014
  0.107146  -0.0000   0.00004070
  0.107728  -0.0000   0.00004131
  0.108353  -0.0000   0.00004192
  0.109022  -0.0000   0.00004253
  0.110122  -0.0000   0.00004345
  0.111320  -0.0000   0.00004436
  0.112621  -0.0000   0.00004528
  0.114028  -0.0000   0.00004619
  0.115544  -0.0000   0.00004711
  0.117175  -0.0000   0.00004802
  0.118638  -0.0000   0.00004880
  0.120185  -0.0000   0.00004957
  0.121819  -0.0000   0.00005034
  0.122597  -0.0000   0.00005070
  0.123156  -0.0000   0.00005096
  0.123258  -0.0000   0.00005103
  0.123340  -0.0000   0.00005111
  0.123414  -0.0000   0.00005118
  0.123516  -0.0000   0.00005130
  0.123658  -0.0000   0.00005147
  0.123863  -0.0000   0.00005172
  0.124171  -0.0000   0.00005210
  0.124655  -0.0000   0.00005267
  0.125282  -0.0000   0.00005336
  0.125951  -0.0000   0.00005405
  0.126662  -0.0000   0.00005474
  0.127818  -0.0000   0.00005577
  0.129066  -0.0000   0.00005680
  0.130317  -0.0000   0.00005777
  0.131652  -0.0000   0.00005873
  0.133076  -0.0000   0.00005970
  0.134842  -0.0000   0.00006082
  0.136370  -0.0000   0.00006173
  0.137983  -0.0000   0.00006265
  0.139680  -0.0000   0.00006356
  0.139960  -0.0000   0.00006371
  0.140242  -0.0000   0.00006386
  0.140527  -0.0000   0.00006401
  0.140765  -0.0000   0.00006416
  0.140913  -0.0000   0.00006431
  0.141046  -0.0000   0.00006446
  0.141170  -0.0000   0.00006461
  0.141290  -0.0000   0.00006476
  0.141467  -0.0000   0.00006499
  0.141733  -0.0000   0.00006533
  0.142146  -0.0000   0.00006583
  0.142808  -0.0000   0.00006660
  0.143510  -0.0000   0.00006736
  0.144251  -0.0000   0.00006812
  0.145030  -0.0000   0.00006888
  0.146284  -0.0000   0.00007002
  0.147422  -0.0000   0.00007100
  0.148624  -0.0000   0.00007198
  0.149892  -0.0000   0.00007296
  0.151300  -0.0000   0.00007399
  0.152783  -0.0000   0.00007501
  0.154344  -0.0000   0.00007604
  0.156016  -0.0000   0.00007709
  0.157770  -0.0000   0.00007814
  0.157959  -0.0000   0.00007825
  0.158149  -0.0000   0.00007836
  0.158302  -0.0000   0.00007847
  0.158458  -0.0000   0.00007864
  0.158599  -0.0000   0.00007881
  0.158732  -0.0000   0.00007898
  0.158862  -0.0000   0.00007915
  0.159053  -0.0000   0.00007940
  0.159343  -0.0000   0.00007978
  0.159794  -0.0000   0.00008035
  0.160513  -0.0000   0.00008120
  0.161272  -0.0000   0.00008205
  0.162069  -0.0000   0.00008291
  0.162904  -0.0000   0.00008376
  0.164241  -0.0000   0.00008504
  0.165470  -0.0000   0.00008616
  0.166764  -0.0000   0.00008727
  0.168126  -0.0000   0.00008839
  0.169637  -0.0000   0.00008956
  0.171226  -0.0000   0.00009074
  0.172893  -0.0000   0.00009191
  0.174686  -0.0000   0.00009312
  0.175039  -0.0000   0.00009336
  0.175395  -0.0000   0.00009359
  0.175754  -0.0000   0.00009383
  0.175882  -0.0000   0.00009395
  0.175989  -0.0000   0.00009407
  0.176089  -0.0000   0.00009419
  0.176230  -0.0000   0.00009438
  0.176433  -0.0000   0.00009465
  0.176735  -0.0000   0.00009506
  0.177202  -0.0000   0.00009568
  0.177943  -0.0000   0.00009661
  0.178724  -0.0000   0.00009753
  0.179542  -0.0000   0.00009846
  0.180396  -0.0000   0.00009939
  0.181677  -0.0000   0.00010080
  0.183530  -0.0000   0.00010290
  0.186235  -0.0000   0.00010600
  0.188875  -0.0000   0.00010910
  0.191452  -0.0000   0.00011220
  0.191810  -0.0000   0.00011270
  0.192167  -0.0000   0.00011310
  0.192522  -0.0000   0.00011360
  0.193052  -0.0000   0.00011420
  0.193185  -0.0000   0.00011440
  0.193288  -0.0000   0.00011460
  0.193383  -0.0000   0.00011490
  0.193516  -0.0000   0.00011520
  0.193705  -0.0000   0.00011570
  0.193982  -0.0000   0.00011640
  0.194397  -0.0000   0.00011750
  0.195025  -0.0000   0.00011910
  0.195657  -0.0000   0.00012070
  0.196289  -0.0000   0.00012230
  0.197234  -0.0000   0.00012480
  0.198641  -0.0000   0.00012840
  0.200720  -0.0000   0.00013390
  0.203293  -0.0000   0.00014080
  0.205816  -0.0000   0.00014770
  0.208289  -0.0000   0.00015460
  0.208950  -0.0000   0.00015650
  0.209608  -0.0000   0.00015830
  0.210262  -0.0000   0.00016020
  0.210375  -0.0000   0.00016060
  0.210471  -0.0000   0.00016110
  0.210562  -0.0000   0.00016160
  0.210690  -0.0000   0.00016230
  0.210875  -0.0000   0.00016330
  0.211150  -0.0000   0.00016480
  0.211565  -0.0000   0.00016720
  0.212194  -0.0000   0.00017070
  0.212989  -0.0000   0.00017500
  0.213784  -0.0000   0.00017940
  0.214969  -0.0000   0.00018600
  0.216727  -0.0000   0.00019590
  0.219319  -0.0000   0.00021080
  0.221863  -0.0000   0.00022560
  0.224361  -0.0000   0.00024040
  0.226811  -0.0000   0.00025530
  0.226984  -0.0000   0.00025630
  0.227157  -0.0000   0.00025740
  0.227330  -0.0000   0.00025840
  0.227522  -0.0000   0.00026000
  0.227674  -0.0000   0.00026160
  0.227817  -0.0000   0.00026320
  0.227956  -0.0000   0.00026470
  0.228163  -0.0000   0.00026710
  0.228475  -0.0000   0.00027060
  0.228948  -0.0000   0.00027600
  0.229661  -0.0000   0.00028390
  0.230375  -0.0000   0.00029190
  0.231440  -0.0000   0.00030390
  0.233024  -0.0000   0.00032180
  0.235365  -0.0000   0.00034880
  0.237801  -0.0000   0.00037730
  0.240197  -0.0000   0.00040570
  0.242552  -0.0000   0.00043420
  0.242895  -0.0000   0.00043840
  0.243238  -0.0000   0.00044260
  0.243580  -0.0000   0.00044670
  0.244090  -0.0000   0.00045300
  0.244436  -0.0000   0.00045720
  0.244622  -0.0000   0.00046020
  0.244768  -0.0000   0.00046320
  0.244906  -0.0000   0.00046610
  0.245109  -0.0000   0.00047060
  0.245414  -0.0000   0.00047730
  0.245876  -0.0000   0.00048730
  0.246574  -0.0000   0.00050230
  0.247273  -0.0000   0.00051730
  0.248316  -0.0000   0.00053980
  0.249869  -0.0000   0.00057360
  0.252165  -0.0000   0.00062430
  0.254638  -0.0000   0.00067980
  0.257072  -0.0000   0.00073520
  0.259466  -0.0000   0.00079070
  0.259878  -0.0000   0.00080030
  0.260288  -0.0000   0.00080990
  0.260698  -0.0000   0.00081940
  0.261309  -0.0000   0.00083380
  0.261541  -0.0000   0.00083920
  0.261720  -0.0000   0.00084470
  0.261864  -0.0000   0.00085020
  0.262068  -0.0000   0.00085830
  0.262271  -0.0000   0.00086650
  0.262577  -0.0000   0.00087880
  0.263041  -0.0000   0.00089720
  0.263741  -0.0000   0.00092490
  0.264439  -0.0000   0.00095250
  0.265483  -0.0000   0.00099400
  0.267035  -0.0000   0.00105600
  0.269332  -0.0000   0.00114900
  0.271871  -0.0000   0.00125400
  0.274370  -0.0000   0.00135900
  0.276829  -0.0000   0.00146400
  0.277165  -0.0000   0.00147800
  0.277501  -0.0000   0.00149200
  0.277836  -0.0000   0.00150700
  0.278336  -0.0000   0.00152800
  0.278649  -0.0000   0.00154200
  0.278828  -0.0000   0.00155200
  0.278975  -0.0000   0.00156200
  0.279118  -0.0000   0.00157200
  0.279332  -0.0000   0.00158800
  0.279656  -0.0000   0.00161000
  0.280145  -0.0000   0.00164500
  0.280881  -0.0000   0.00169600
  0.281617  -0.0000   0.00174800
  0.282714  -0.0000   0.00182500
  0.284345  -0.0000   0.00194100
  0.286758  -0.0000   0.00211400
  0.289361  -0.0000   0.00230500
  0.291923  -0.0000   0.00249500
  0.294444  -0.0000   0.00268500
  0.294697  -0.0000   0.00270400
  0.294949  -0.0000   0.00272300
  0.295201  -0.0000   0.00274300
  0.295578  -0.0000   0.00277100
  0.295843  -0.0000   0.00279300
  0.295992  -0.0000   0.00281000
  0.296133  -0.0000   0.00282700
  0.296272  -0.0000   0.00284400
  0.296412  -0.0000   0.00286100
  0.296624  -0.0000   0.00288600
  0.296943  -0.0000   0.00292500
  0.297425  -0.0000   0.00298200
  0.298147  -0.0000   0.00306800
  0.299225  -0.0000   0.00319800
  0.300830  -0.0000   0.00339200
  0.303204  -0.0000   0.00368300
  0.305764  -0.0000   0.00400100
  0.308285  -0.0000   0.00432000
  0.310768  -0.0000   0.00463800
  0.311211  -0.0000   0.00469500
  0.311652  -0.0000   0.00475200
  0.312091  -0.0000   0.00480900
  0.312748  -0.0000   0.00489500
  0.312936  -0.0000   0.00492000
  0.313069  -0.0000   0.00494500
  0.313196  -0.0000   0.00497100
  0.313383  -0.0000   0.00500900
  0.313573  -0.0000   0.00504700
  0.313859  -0.0000   0.00510400
  0.314291  -0.0000   0.00518900
  0.314939  -0.0000   0.00531800
  0.315909  -0.0000   0.00551000
  0.317353  -0.0000   0.00579900
  0.319494  -0.0000   0.00623300
  0.322100  -0.0000   0.00676800
  0.324668  -0.0000   0.00730300
  0.327197  -0.0000   0.00783800
  0.329687  -0.0000   0.00837300
  0.329862  -0.0000   0.00841100
  0.330032  -0.0000   0.00844900
  0.330154  -0.0000   0.00848600
  0.330327  -0.0000   0.00854300
  0.330500  -0.0000   0.00859900
  0.330675  -0.0000   0.00865600
  0.330938  -0.0000   0.00874000
  0.331335  -0.0000   0.00886700
  0.331931  -0.0000   0.00905800
  0.332823  -0.0000   0.00934300
  0.334152  -0.0000   0.00977200
  0.336123  -0.0000   0.01041000
  0.339034  -0.0000   0.01138000
  0.341899  -0.0000   0.01234000
  0.344717  -0.0000   0.01331000
  0.345752  -0.0000   0.01366000
  0.346780  -0.0000   0.01402000
  0.347022  -0.0000   0.01410000
  0.347223  -0.0000   0.01419000
  0.347388  -0.0000   0.01427000
  0.347634  -0.0000   0.01440000
  0.347882  -0.0000   0.01452000
  0.348132  -0.0000   0.01465000
  0.348508  -0.0000   0.01484000
  0.349071  -0.0000   0.01512000
  0.349914  -0.0000   0.01555000
  0.351170  -0.0000   0.01619000
  0.353035  -0.0000   0.01714000
  0.355792  -0.0000   0.01858000
  0.358508  -0.0000   0.02001000
  0.361184  -0.0000   0.02145000
  0.363817  -0.0000   0.02289000
  0.364003  -0.0000   0.02299000
  0.364188  -0.0000   0.02309000
  0.364340  -0.0000   0.02319000
  0.364533  -0.0000   0.02334000
  0.364822  -0.0000   0.02357000
  0.365115  -0.0000   0.02380000
  0.365409  -0.0000   0.02403000
  0.365851  -0.0000   0.02437000
  0.366512  -0.0000   0.02488000
  0.367499  -0.0000   0.02565000
  0.368969  -0.0000   0.02681000
  0.371147  -0.0000   0.02854000
  0.374361  -0.0000   0.03114000
  0.377519  -0.0000   0.03374000
  0.380621  -0.0000   0.03634000
  0.380829  -0.0000   0.03651000
  0.381037  -0.0000   0.03669000
  0.381244  -0.0000   0.03686000
  0.381502  -0.0000   0.03712000
  0.381721  -0.0000   0.03738000
  0.381942  -0.0000   0.03765000
  0.382164  -0.0000   0.03791000
  0.382499  -0.0000   0.03830000
  0.383002  -0.0000   0.03889000
  0.383754  -0.0000   0.03977000
  0.384877  -0.0000   0.04110000
  0.386545  -0.0000   0.04309000
  0.389016  -0.0000   0.04607000
  0.392204  -0.0000   0.04998000
  0.395338  -0.0000   0.05389000
  0.398417  -0.0000   0.05780000
  0.398574  -0.0000   0.05802000
  0.398701  -0.0000   0.05824000
  0.398826  -0.0000   0.05847000
  0.399016  -0.0000   0.05880000
  0.399303  -0.0000   0.05930000
  0.399735  -0.0000   0.06005000
  0.400383  -0.0000   0.06118000
  0.401350  -0.0000   0.06287000
  0.402791  -0.0000   0.06540000
  0.404927  -0.0000   0.06920000
  0.407586  -0.0000   0.07400000
  0.410209  -0.0000   0.07879000
  0.412796  -0.0000   0.08359000
  0.415690  -0.0000   0.08908000
  0.415824  -0.0000   0.08943000
  0.415956  -0.0000   0.08977000
  0.416088  -0.0000   0.09011000
  0.416222  -0.0000   0.09046000
  0.416423  -0.0000   0.09097000
  0.416726  -0.0000   0.09174000
  0.417181  -0.0000   0.09290000
  0.417862  -0.0000   0.09464000
  0.418880  -0.0000   0.09725000
  0.420396  -0.0000   0.10100000
  0.422645  -0.0000   0.10700000
  0.425572  -0.0000   0.11500000
  0.428457  -0.0000   0.12300000
  0.431297  -0.0000   0.13000000
  0.431647  -0.0000   0.13100000
  0.431996  -0.0000   0.13200000
  0.432344  -0.0000   0.13300000
  0.432865  -0.0000   0.13500000
  0.433005  -0.0000   0.13500000
  0.433140  -0.0000   0.13600000
  0.433277  -0.0000   0.13600000
  0.433483  -0.0000   0.13700000
  0.433795  -0.0000   0.13800000
  0.434262  -0.0000   0.14000000
  0.434962  -0.0000   0.14200000
  0.436005  -0.0000   0.14600000
  0.437558  -0.0000   0.15200000
  0.439860  -0.0000   0.16000000
  0.442501  -0.0000   0.17000000
  0.445106  -0.0000   0.18000000
  0.447676  -0.0000   0.19000000
  0.448632  -0.0000   0.19400000
  0.449583  -0.0000   0.19800000
  0.449815  -0.0000   0.19900000
  0.449998  -0.0000   0.20000000
  0.450172  -0.0000   0.20100000
  0.450348  -0.0000   0.20200000
  0.450525  -0.0000   0.20200000
  0.450792  -0.0000   0.20400000
  0.451192  -0.0000   0.20600000
  0.451791  -0.0000   0.20900000
  0.452685  -0.0000   0.21400000
  0.454016  -0.0000   0.22100000
  0.455912  -0.0000   0.23100000
  0.457790  -0.0000   0.24100000
  0.459651  -0.0000   0.25100000
  0.461495  -0.0000   0.26100000
  0.463321  -0.0000   0.27100000
  0.465129  -0.0000   0.28100000
  0.466919  -0.0000   0.29100000
  0.467095  -0.0000   0.29200000
  0.467239  -0.0000   0.29300000
  0.467383  -0.0000   0.29400000
  0.467601  -0.0000   0.29500000
  0.467821  -0.0000   0.29700000
  0.468151  -0.0000   0.29900000
  0.468645  -0.0000   0.30300000
  0.469384  -0.0000   0.30800000
  0.470486  -0.0000   0.31600000
  0.471849  -0.0000   0.32600000
  0.473203  -0.0000   0.33600000
  0.474548  -0.0000   0.34600000
  0.475883  -0.0000   0.35600000
  0.477210  -0.0000   0.36600000
  0.478528  -0.0000   0.37600000
  0.479837  -0.0000   0.38600000
  0.481138  -0.0000   0.39600000
  0.482429  -0.0000   0.40600000
  0.483711  -0.0000   0.41600000
  0.483980  -0.0000   0.41800000
  0.484238  -0.0000   0.42000000
  0.484412  -0.0000   0.42200000
  0.484588  -0.0000   0.42400000
  0.484765  -0.0000   0.42600000
  0.484943  -0.0000   0.42800000
  0.485210  -0.0000   0.43000000
  0.485610  -0.0000   0.43400000
  0.486210  -0.0000   0.44000000
  0.487104  -0.0000   0.44900000
  0.488095  -0.0000   0.45900000
  0.489080  -0.0000   0.46900000
  0.490061  -0.0000   0.47900000
  0.491036  -0.0000   0.48900000
  0.492008  -0.0000   0.49900000
  0.492974  -0.0000   0.50900000
  0.493936  -0.0000   0.51900000
  0.494893  -0.0000   0.52900000
  0.495846  -0.0000   0.53900000
  0.496794  -0.0000   0.54900000
  0.497738  -0.0000   0.55900000
  0.498677  -0.0000   0.56900000
  0.499611  -0.0000   0.57900000
  0.500540  -0.0000   0.58900000
  0.501434  -0.0000   0.59900000
  0.501614  -0.0000   0.60200000
  0.501795  -0.0000   0.60400000
  0.501978  -0.0000   0.60700000
  0.502161  -0.0000   0.60900000
  0.502436  -0.0000   0.61300000
  0.502848  -0.0000   0.61900000
  0.503465  -0.0000   0.62700000
  0.504193  -0.0000   0.63700000
  0.504919  -0.0000   0.64700000
  0.505642  -0.0000   0.65700000
  0.506362  -0.0000   0.66700000
  0.507080  -0.0000   0.67700000
  0.507795  -0.0000   0.68700000
  0.508508  -0.0000   0.69700000
  0.509218  -0.0000   0.70700000
  0.509926  -0.0000   0.71700000
  0.510631  -0.0000   0.72700000
  0.511334  -0.0000   0.73700000
  0.512034  -0.0000   0.74700000
  0.512732  -0.0000   0.75700000
  0.513428  -0.0000   0.76700000
  0.514121  -0.0000   0.77700000
  0.514812  -0.0000   0.78700000
  0.515500  -0.0000   0.79700000
  0.516186  -0.0000   0.80700000
  0.516869  -0.0000   0.81700000
  0.517549  -0.0000   0.82700000
  0.518228  -0.0000   0.83700000
  0.518546  -0.0000   0.84200000
  0.518700  -0.0000   0.84500000
  0.518855  -0.0000   0.84700000
  0.519011  -0.0000   0.85000000
  0.519168  -0.0000   0.85300000
  0.519404  -0.0000   0.85800000
  0.519757  -0.0000   0.86400000
  0.520286  -0.0000   0.87400000
  0.520827  -0.0000   0.88400000
  0.521366  -0.0000   0.89400000
  0.521904  -0.0000   0.90400000
  0.522440  -0.0000   0.91400000
  0.522974  -0.0000   0.92400000
  0.523507  -0.0000   0.93400000
  0.524039  -0.0000   0.94400000
  0.524569  -0.0000   0.95400000
  0.525098  -0.0000   0.96400000
  0.525625  -0.0000   0.97400000
  0.526151  -0.0000   0.98400000
  0.526676  -0.0000   0.99400000
  0.527002  -0.0000   1.00000000
  0.525902  -0.0000   1.00000000
  0.525902  -0.0000   1.00000000
  0.525902  -0.0000   1.00000000
  0.525902  -0.0000   1.00000000
  0.525902  -0.0000   1.00000000
  0.525902  -0.0000   1.00000000
  0.525902  -0.0000   1.00000000
  0.525901  -0.0000   1.00000000
  0.525900  -0.0000   1.00000000
  0.525898  -0.0000   1.00000000
  0.525893  -0.0000   1.00000000
  0.525884  -0.0000   1.00000000
