  0.000122  -0.0000   0.00000010
  0.000277  -0.0000   0.00000020
  0.000800  -0.0000   0.00000030
  0.002524  -0.0000   0.00000034
  0.006548  -0.0000   0.00000035
  0.006655  -0.0000   0.00000036
  0.006706  -0.0000   0.00000038
  0.006793  -0.0000   0.00000040
  0.006945  -0.0000   0.00000044
  0.007231  -0.0000   0.00000050
  0.007481  -0.0000   0.00000053
  0.007785  -0.0000   0.00000057
  0.008091  -0.0000   0.00000061
  0.008455  -0.0000   0.00000064
  0.008808  -0.0000   0.00000067
  0.009214  -0.0000   0.00000070
  0.009678  -0.0000   0.00000073
  0.010203  -0.0000   0.00000075
  0.010791  -0.0000   0.00000078
  0.011334  -0.0000   0.00000081
  0.011923  -0.0000   0.00000083
  0.012557  -0.0000   0.00000085
  0.013312  -0.0000   0.00000088
  0.014118  -0.0000   0.00000091
  0.014971  -0.0000   0.00000093
  0.015868  -0.0000   0.00000096
  0.016806  -0.0000   0.00000098
  0.017779  -0.0000   0.00000101
  0.018961  -0.0000   0.00000104
  0.019202  -0.0000   0.00000105
  0.019446  -0.0000   0.00000105
  0.019690  -0.0000   0.00000106
  0.019807  -0.0000   0.00000106
  0.019823  -0.0000   0.00000107
  0.019836  -0.0000   0.00000107
  0.019850  -0.0000   0.00000108
  0.019863  -0.0000   0.00000108
  0.019878  -0.0000   0.00000109
  0.019897  -0.0000   0.00000110
  0.019921  -0.0000   0.00000112
  0.019952  -0.0000   0.00000115
  0.019980  -0.0000   0.00000117
  0.020018  -0.0000   0.00000121
  0.020072  -0.0000   0.00000127
  0.020149  -0.0000   0.00000136
  0.020265  -0.0000   0.00000149
  0.020456  -0.0000   0.00000170
  0.020673  -0.0000   0.00000189
  0.020951  -0.0000   0.00000208
  0.021197  -0.0000   0.00000222
  0.021499  -0.0000   0.00000235
  0.021868  -0.0000   0.00000249
  0.022221  -0.0000   0.00000260
  0.022632  -0.0000   0.00000272
  0.023108  -0.0000   0.00000283
  0.023653  -0.0000   0.00000294
  0.024125  -0.0000   0.00000303
  0.024645  -0.0000   0.00000312
  0.025216  -0.0000   0.00000320
  0.025840  -0.0000   0.00000329
  0.026518  -0.0000   0.00000338
  0.027251  -0.0000   0.00000347
  0.028042  -0.0000   0.00000356
  0.028890  -0.0000   0.00000364
  0.029797  -0.0000   0.00000373
  0.030761  -0.0000   0.00000382
  0.031784  -0.0000   0.00000391
  0.032864  -0.0000   0.00000399
  0.034002  -0.0000   0.00000408
  0.035197  -0.0000   0.00000417
  0.035412  -0.0000   0.00000419
  0.035629  -0.0000   0.00000420
  0.035848  -0.0000   0.00000422
  0.036030  -0.0000   0.00000423
  0.036059  -0.0000   0.00000424
  0.036079  -0.0000   0.00000425
  0.036096  -0.0000   0.00000425
  0.036119  -0.0000   0.00000426
  0.036148  -0.0000   0.00000428
  0.036184  -0.0000   0.00000430
  0.036232  -0.0000   0.00000434
  0.036294  -0.0000   0.00000440
  0.036377  -0.0000   0.00000448
  0.036493  -0.0000   0.00000460
  0.036666  -0.0000   0.00000478
  0.036954  -0.0000   0.00000506
  0.037203  -0.0000   0.00000527
  0.037490  -0.0000   0.00000548
  0.037823  -0.0000   0.00000569
  0.038199  -0.0000   0.00000590
  0.038629  -0.0000   0.00000611
  0.039117  -0.0000   0.00000631
  0.039654  -0.0000   0.00000652
  0.040253  -0.0000   0.00000672
  0.040921  -0.0000   0.00000692
  0.041592  -0.0000   0.00000711
  0.042326  -0.0000   0.00000729
  0.043126  -0.0000   0.00000748
  0.043960  -0.0000   0.00000765
  0.044859  -0.0000   0.00000783
  0.045827  -0.0000   0.00000801
  0.047012  -0.0000   0.00000821
  0.048081  -0.0000   0.00000838
  0.049218  -0.0000   0.00000855
  0.050424  -0.0000   0.00000872
  0.051699  -0.0000   0.00000889
  0.053043  -0.0000   0.00000906
  0.053204  -0.0000   0.00000908
  0.053366  -0.0000   0.00000911
  0.053529  -0.0000   0.00000912
  0.053617  -0.0000   0.00000915
  0.053666  -0.0000   0.00000917
  0.053708  -0.0000   0.00000919
  0.053761  -0.0000   0.00000922
  0.053831  -0.0000   0.00000927
  0.053923  -0.0000   0.00000935
  0.054048  -0.0000   0.00000946
  0.054226  -0.0000   0.00000963
  0.054499  -0.0000   0.00000987
  0.054964  -0.0000   0.00001025
  0.055410  -0.0000   0.00001057
  0.055918  -0.0000   0.00001088
  0.056490  -0.0000   0.00001120
  0.057243  -0.0000   0.00001157
  0.058093  -0.0000   0.00001193
  0.059047  -0.0000   0.00001230
  0.059883  -0.0000   0.00001259
  0.060793  -0.0000   0.00001289
  0.061781  -0.0000   0.00001318
  0.062849  -0.0000   0.00001348
  0.064000  -0.0000   0.00001377
  0.065237  -0.0000   0.00001406
  0.066563  -0.0000   0.00001436
  0.067979  -0.0000   0.00001465
  0.069486  -0.0000   0.00001495
  0.071049  -0.0000   0.00001524
  0.071108  -0.0000   0.00001527
  0.071159  -0.0000   0.00001529
  0.071204  -0.0000   0.00001532
  0.071264  -0.0000   0.00001536
  0.071344  -0.0000   0.00001542
  0.071453  -0.0000   0.00001551
  0.071604  -0.0000   0.00001564
  0.071823  -0.0000   0.00001585
  0.072163  -0.0000   0.00001615
  0.072736  -0.0000   0.00001661
  0.073385  -0.0000   0.00001706
  0.074116  -0.0000   0.00001752
  0.074932  -0.0000   0.00001798
  0.075837  -0.0000   0.00001843
  0.076835  -0.0000   0.00001889
  0.077931  -0.0000   0.00001934
  0.079128  -0.0000   0.00001980
  0.080432  -0.0000   0.00002026
  0.081583  -0.0000   0.00002063
  0.082811  -0.0000   0.00002101
  0.084118  -0.0000   0.00002138
  0.085656  -0.0000   0.00002180
  0.087293  -0.0000   0.00002221
  0.087645  -0.0000   0.00002230
  0.088001  -0.0000   0.00002239
  0.088361  -0.0000   0.00002248
  0.088455  -0.0000   0.00002252
  0.088520  -0.0000   0.00002255
  0.088579  -0.0000   0.00002259
  0.088656  -0.0000   0.00002265
  0.088761  -0.0000   0.00002273
  0.088905  -0.0000   0.00002286
  0.089110  -0.0000   0.00002305
  0.089418  -0.0000   0.00002333
  0.089915  -0.0000   0.00002376
  0.090406  -0.0000   0.00002415
  0.090937  -0.0000   0.00002454
  0.091508  -0.0000   0.00002493
  0.092455  -0.0000   0.00002552
  0.093495  -0.0000   0.00002611
  0.094633  -0.0000   0.00002669
  0.095872  -0.0000   0.00002728
  0.097217  -0.0000   0.00002787
  0.098670  -0.0000   0.00002845
  0.099984  -0.0000   0.00002895
  0.101382  -0.0000   0.00002945
  0.102864  -0.0000   0.00002995
  0.104432  -0.0000   0.00003044
  0.105961  -0.0000   0.00003094
  0.106034  -0.0000   0.00003098
  0.106099  -0.0000   0.00003103
  0.106159  -0.0000   0.00003107
  0.106241  -0.0000   0.00003114
  0.106354  -0.0000   0.00003123
  0.106514  -0.0000   0.00003138
  0.106746  -0.0000   0.00003160
  0.107101  -0.0000   0.00003193
  0.107672  -0.0000   0.00003243
  0.108290  -0.0000   0.00003293
  0.108955  -0.0000   0.00003342
  0.109666  -0.0000   0.00003392
  0.110830  -0.0000   0.00003466
  0.112101  -0.0000   0.00003540
  0.113482  -0.0000   0.00003614
  0.114977  -0.0000   0.00003688
  0.116320  -0.0000   0.00003750
  0.117749  -0.0000   0.00003813
  0.119266  -0.0000   0.00003875
  0.120872  -0.0000   0.00003937
  0.122568  -0.0000   0.00004000
  0.122838  -0.0000   0.00004009
  0.123111  -0.0000   0.00004019
  0.123385  -0.0000   0.00004029
  0.123540  -0.0000   0.00004037
  0.123646  -0.0000   0.00004045
  0.123742  -0.0000   0.00004052
  0.123873  -0.0000   0.00004064
  0.124056  -0.0000   0.00004081
  0.124322  -0.0000   0.00004107
  0.124729  -0.0000   0.00004146
  0.125384  -0.0000   0.00004204
  0.126088  -0.0000   0.00004262
  0.126840  -0.0000   0.00004321
  0.127639  -0.0000   0.00004379
  0.128944  -0.0000   0.00004466
  0.130358  -0.0000   0.00004554
  0.131883  -0.0000   0.00004641
  0.133524  -0.0000   0.00004729
  0.135283  -0.0000   0.00004816
  0.136824  -0.0000   0.00004889
  0.138450  -0.0000   0.00004961
  0.140161  -0.0000   0.00005033
  0.140392  -0.0000   0.00005043
  0.140625  -0.0000   0.00005053
  0.140859  -0.0000   0.00005063
  0.141070  -0.0000   0.00005074
  0.141215  -0.0000   0.00005086
  0.141345  -0.0000   0.00005098
  0.141527  -0.0000   0.00005115
  0.141702  -0.0000   0.00005133
  0.141962  -0.0000   0.00005159
  0.142363  -0.0000   0.00005198
  0.143002  -0.0000   0.00005257
  0.143680  -0.0000   0.00005316
  0.144397  -0.0000   0.00005375
  0.145151  -0.0000   0.00005434
  0.146364  -0.0000   0.00005523
  0.147540  -0.0000   0.00005604
  0.148787  -0.0000   0.00005685
  0.150106  -0.0000   0.00005765
  0.151518  -0.0000   0.00005847
  0.153006  -0.0000   0.00005929
  0.154573  -0.0000   0.00006011
  0.156250  -0.0000   0.00006094
  0.158009  -0.0000   0.00006177
  0.158214  -0.0000   0.00006187
  0.158420  -0.0000   0.00006196
  0.158608  -0.0000   0.00006206
  0.158749  -0.0000   0.00006217
  0.158876  -0.0000   0.00006229
  0.158995  -0.0000   0.00006240
  0.159109  -0.0000   0.00006252
  0.159274  -0.0000   0.00006269
  0.159521  -0.0000   0.00006294
  0.159898  -0.0000   0.00006333
  0.160492  -0.0000   0.00006391
  0.161374  -0.0000   0.00006471
  0.162312  -0.0000   0.00006551
  0.163303  -0.0000   0.00006631
  0.164348  -0.0000   0.00006711
  0.166036  -0.0000   0.00006831
  0.167846  -0.0000   0.00006951
  0.169465  -0.0000   0.00007052
  0.171176  -0.0000   0.00007154
  0.172980  -0.0000   0.00007255
  0.174877  -0.0000   0.00007357
  0.175295  -0.0000   0.00007379
  0.175716  -0.0000   0.00007401
  0.176143  -0.0000   0.00007423
  0.176257  -0.0000   0.00007432
  0.176360  -0.0000   0.00007441
  0.176456  -0.0000   0.00007451
  0.176592  -0.0000   0.00007464
  0.176786  -0.0000   0.00007485
  0.177073  -0.0000   0.00007516
  0.177512  -0.0000   0.00007562
  0.178206  -0.0000   0.00007632
  0.178937  -0.0000   0.00007701
  0.179702  -0.0000   0.00007771
  0.180501  -0.0000   0.00007840
  0.181770  -0.0000   0.00007945
  0.183178  -0.0000   0.00008054
  0.184665  -0.0000   0.00008163
  0.186234  -0.0000   0.00008272
  0.187904  -0.0000   0.00008383
  0.189659  -0.0000   0.00008493
  0.191502  -0.0000   0.00008603
  0.193727  -0.0000   0.00008730
  0.193846  -0.0000   0.00008741
  0.193954  -0.0000   0.00008751
  0.194056  -0.0000   0.00008761
  0.194201  -0.0000   0.00008777
  0.194411  -0.0000   0.00008800
  0.194722  -0.0000   0.00008835
  0.195201  -0.0000   0.00008887
  0.195958  -0.0000   0.00008965
  0.196754  -0.0000   0.00009044
  0.197586  -0.0000   0.00009122
  0.198453  -0.0000   0.00009200
  0.199830  -0.0000   0.00009318
  0.201246  -0.0000   0.00009432
  0.202735  -0.0000   0.00009547
  0.204298  -0.0000   0.00009662
  0.205994  -0.0000   0.00009780
  0.207770  -0.0000   0.00009899
  0.209603  -0.0000   0.00010020
  0.210060  -0.0000   0.00010050
  0.210515  -0.0000   0.00010080
  0.210966  -0.0000   0.00010110
  0.211264  -0.0000   0.00010130
  0.211412  -0.0000   0.00010140
  0.211545  -0.0000   0.00010160
  0.211669  -0.0000   0.00010170
  0.211787  -0.0000   0.00010190
  0.211959  -0.0000   0.00010210
  0.212210  -0.0000   0.00010250
  0.212585  -0.0000   0.00010300
  0.213151  -0.0000   0.00010370
  0.213999  -0.0000   0.00010490
  0.214847  -0.0000   0.00010600
  0.215694  -0.0000   0.00010720
  0.216957  -0.0000   0.00010890
  0.218831  -0.0000   0.00011140
  0.221590  -0.0000   0.00011530
  0.224297  -0.0000   0.00011910
  0.226951  -0.0000   0.00012300
  0.227247  -0.0000   0.00012340
  0.227542  -0.0000   0.00012380
  0.227837  -0.0000   0.00012430
  0.228276  -0.0000   0.00012490
  0.228457  -0.0000   0.00012520
  0.228591  -0.0000   0.00012550
  0.228714  -0.0000   0.00012580
  0.228887  -0.0000   0.00012630
  0.229054  -0.0000   0.00012680
  0.229302  -0.0000   0.00012750
  0.229673  -0.0000   0.00012850
  0.230234  -0.0000   0.00013000
  0.231039  -0.0000   0.00013230
  0.231844  -0.0000   0.00013450
  0.232649  -0.0000   0.00013670
  0.233850  -0.0000   0.00014000
  0.235635  -0.0000   0.00014500
  0.238272  -0.0000   0.00015240
  0.240826  -0.0000   0.00015980
  0.243337  -0.0000   0.00016710
  0.244737  -0.0000   0.00017130
  0.245116  -0.0000   0.00017240
  0.245494  -0.0000   0.00017350
  0.245708  -0.0000   0.00017430
  0.245874  -0.0000   0.00017510
  0.246030  -0.0000   0.00017590
  0.246254  -0.0000   0.00017710
  0.246476  -0.0000   0.00017830
  0.246811  -0.0000   0.00018010
  0.247317  -0.0000   0.00018280
  0.248081  -0.0000   0.00018690
  0.248846  -0.0000   0.00019090
  0.249992  -0.0000   0.00019700
  0.251697  -0.0000   0.00020610
  0.254221  -0.0000   0.00021980
  0.256748  -0.0000   0.00023370
  0.259235  -0.0000   0.00024760
  0.261683  -0.0000   0.00026150
  0.261887  -0.0000   0.00026260
  0.262091  -0.0000   0.00026380
  0.262295  -0.0000   0.00026500
  0.262600  -0.0000   0.00026670
  0.262803  -0.0000   0.00026810
  0.262959  -0.0000   0.00026950
  0.263104  -0.0000   0.00027090
  0.263316  -0.0000   0.00027300
  0.263526  -0.0000   0.00027510
  0.263842  -0.0000   0.00027820
  0.264321  -0.0000   0.00028290
  0.265043  -0.0000   0.00029000
  0.265767  -0.0000   0.00029700
  0.266851  -0.0000   0.00030760
  0.268465  -0.0000   0.00032350
  0.270857  -0.0000   0.00034730
  0.273479  -0.0000   0.00037380
  0.276060  -0.0000   0.00040020
  0.278601  -0.0000   0.00042670
  0.278826  -0.0000   0.00042910
  0.279051  -0.0000   0.00043140
  0.279275  -0.0000   0.00043380
  0.279611  -0.0000   0.00043730
  0.279876  -0.0000   0.00044040
  0.280066  -0.0000   0.00044340
  0.280244  -0.0000   0.00044650
  0.280418  -0.0000   0.00044960
  0.280593  -0.0000   0.00045270
  0.280856  -0.0000   0.00045730
  0.281254  -0.0000   0.00046420
  0.281854  -0.0000   0.00047460
  0.282757  -0.0000   0.00049020
  0.284106  -0.0000   0.00051360
  0.286113  -0.0000   0.00054860
  0.289079  -0.0000   0.00060120
  0.291998  -0.0000   0.00065380
  0.294868  -0.0000   0.00070640
  0.295354  -0.0000   0.00071540
  0.295838  -0.0000   0.00072430
  0.296321  -0.0000   0.00073320
  0.296991  -0.0000   0.00074670
  0.297171  -0.0000   0.00075170
  0.297340  -0.0000   0.00075670
  0.297506  -0.0000   0.00076170
  0.297672  -0.0000   0.00076680
  0.297923  -0.0000   0.00077430
  0.298303  -0.0000   0.00078560
  0.298876  -0.0000   0.00080260
  0.299737  -0.0000   0.00082800
  0.301024  -0.0000   0.00086620
  0.302941  -0.0000   0.00092340
  0.305777  -0.0000   0.00100900
  0.308571  -0.0000   0.00109500
  0.311323  -0.0000   0.00118100
  0.314021  -0.0000   0.00126700
  0.314142  -0.0000   0.00127200
  0.314254  -0.0000   0.00127800
  0.314362  -0.0000   0.00128300
  0.314523  -0.0000   0.00129100
  0.314764  -0.0000   0.00130300
  0.315129  -0.0000   0.00132200
  0.315681  -0.0000   0.00134900
  0.316514  -0.0000   0.00139000
  0.317346  -0.0000   0.00143100
  0.318590  -0.0000   0.00149200
  0.320444  -0.0000   0.00158400
  0.323190  -0.0000   0.00172300
  0.326001  -0.0000   0.00186600
  0.328771  -0.0000   0.00201000
  0.329712  -0.0000   0.00205900
  0.330648  -0.0000   0.00210800
  0.330960  -0.0000   0.00212400
  0.331219  -0.0000   0.00214000
  0.331426  -0.0000   0.00215700
  0.331729  -0.0000   0.00218100
  0.332036  -0.0000   0.00220600
  0.332344  -0.0000   0.00223100
  0.332809  -0.0000   0.00226700
  0.333508  -0.0000   0.00232300
  0.334555  -0.0000   0.00240600
  0.336116  -0.0000   0.00253000
  0.338433  -0.0000   0.00271600
  0.341147  -0.0000   0.00293800
  0.343825  -0.0000   0.00315900
  0.346465  -0.0000   0.00338000
  0.346754  -0.0000   0.00340500
  0.347043  -0.0000   0.00342900
  0.347332  -0.0000   0.00345300
  0.347764  -0.0000   0.00349000
  0.348094  -0.0000   0.00351800
  0.348233  -0.0000   0.00353400
  0.348364  -0.0000   0.00355100
  0.348494  -0.0000   0.00356700
  0.348623  -0.0000   0.00358400
  0.348818  -0.0000   0.00360900
  0.349114  -0.0000   0.00364600
  0.349560  -0.0000   0.00370200
  0.350230  -0.0000   0.00378500
  0.351235  -0.0000   0.00391100
  0.352734  -0.0000   0.00409900
  0.354960  -0.0000   0.00438100
  0.357720  -0.0000   0.00473600
  0.360444  -0.0000   0.00509000
  0.363129  -0.0000   0.00544500
  0.363835  -0.0000   0.00553800
  0.364538  -0.0000   0.00563200
  0.365239  -0.0000   0.00572600
  0.365369  -0.0000   0.00574900
  0.365491  -0.0000   0.00577300
  0.365611  -0.0000   0.00579600
  0.365791  -0.0000   0.00583200
  0.366063  -0.0000   0.00588500
  0.366476  -0.0000   0.00596400
  0.367096  -0.0000   0.00608400
  0.368027  -0.0000   0.00626300
  0.369416  -0.0000   0.00653200
  0.371481  -0.0000   0.00693500
  0.374537  -0.0000   0.00753900
  0.377549  -0.0000   0.00814400
  0.380515  -0.0000   0.00874900
  0.380905  -0.0000   0.00882800
  0.381293  -0.0000   0.00890800
  0.381680  -0.0000   0.00898700
  0.382260  -0.0000   0.00910600
  0.382415  -0.0000   0.00914500
  0.382549  -0.0000   0.00918400
  0.382679  -0.0000   0.00922300
  0.382876  -0.0000   0.00928100
  0.383173  -0.0000   0.00936900
  0.383622  -0.0000   0.00950000
  0.384299  -0.0000   0.00969600
  0.385311  -0.0000   0.00999100
  0.386821  -0.0000   0.01043000
  0.389064  -0.0000   0.01110000
  0.391833  -0.0000   0.01193000
  0.394566  -0.0000   0.01276000
  0.397262  -0.0000   0.01359000
  0.398065  -0.0000   0.01383000
  0.398865  -0.0000   0.01408000
  0.399450  -0.0000   0.01426000
  0.399559  -0.0000   0.01431000
  0.399664  -0.0000   0.01436000
  0.399818  -0.0000   0.01442000
  0.399974  -0.0000   0.01449000
  0.400209  -0.0000   0.01460000
  0.400564  -0.0000   0.01475000
  0.401099  -0.0000   0.01498000
  0.401901  -0.0000   0.01533000
  0.403100  -0.0000   0.01585000
  0.404886  -0.0000   0.01663000
  0.407535  -0.0000   0.01780000
  0.410447  -0.0000   0.01910000
  0.413320  -0.0000   0.02041000
  0.416151  -0.0000   0.02171000
  0.416340  -0.0000   0.02180000
  0.416529  -0.0000   0.02189000
  0.416679  -0.0000   0.02197000
  0.416882  -0.0000   0.02211000
  0.417085  -0.0000   0.02224000
  0.417290  -0.0000   0.02237000
  0.417600  -0.0000   0.02256000
  0.418066  -0.0000   0.02286000
  0.418766  -0.0000   0.02330000
  0.419812  -0.0000   0.02396000
  0.421371  -0.0000   0.02495000
  0.423686  -0.0000   0.02644000
  0.427108  -0.0000   0.02867000
  0.430476  -0.0000   0.03090000
  0.432964  -0.0000   0.03257000
  0.433187  -0.0000   0.03272000
  0.433409  -0.0000   0.03287000
  0.433631  -0.0000   0.03302000
  0.433794  -0.0000   0.03316000
  0.433946  -0.0000   0.03330000
  0.434099  -0.0000   0.03344000
  0.434252  -0.0000   0.03358000
  0.434485  -0.0000   0.03380000
  0.434835  -0.0000   0.03411000
  0.435360  -0.0000   0.03459000
  0.436148  -0.0000   0.03530000
  0.437324  -0.0000   0.03638000
  0.439076  -0.0000   0.03798000
  0.441674  -0.0000   0.04039000
  0.445024  -0.0000   0.04355000
  0.448324  -0.0000   0.04670000
  0.448921  -0.0000   0.04727000
  0.449516  -0.0000   0.04785000
  0.450110  -0.0000   0.04842000
  0.450803  -0.0000   0.04910000
  0.450935  -0.0000   0.04927000
  0.451063  -0.0000   0.04943000
  0.451257  -0.0000   0.04969000
  0.451452  -0.0000   0.04994000
  0.451747  -0.0000   0.05032000
  0.452190  -0.0000   0.05089000
  0.452855  -0.0000   0.05175000
  0.453850  -0.0000   0.05303000
  0.455334  -0.0000   0.05496000
  0.457540  -0.0000   0.05785000
  0.460805  -0.0000   0.06218000
  0.464023  -0.0000   0.06651000
  0.467191  -0.0000   0.07084000
  0.467406  -0.0000   0.07113000
  0.467619  -0.0000   0.07143000
  0.467833  -0.0000   0.07172000
  0.468096  -0.0000   0.07216000
  0.468336  -0.0000   0.07260000
  0.468578  -0.0000   0.07304000
  0.468821  -0.0000   0.07348000
  0.469188  -0.0000   0.07414000
  0.469739  -0.0000   0.07513000
  0.470562  -0.0000   0.07661000
  0.471792  -0.0000   0.07883000
  0.473623  -0.0000   0.08217000
  0.476338  -0.0000   0.08718000
  0.479711  -0.0000   0.09348000
  0.483033  -0.0000   0.10000000
  0.483435  -0.0000   0.10100000
  0.483837  -0.0000   0.10100000
  0.484238  -0.0000   0.10200000
  0.484838  -0.0000   0.10300000
  0.485055  -0.0000   0.10400000
  0.485223  -0.0000   0.10400000
  0.485391  -0.0000   0.10500000
  0.485560  -0.0000   0.10500000
  0.485730  -0.0000   0.10500000
  0.485987  -0.0000   0.10600000
  0.486372  -0.0000   0.10700000
  0.486951  -0.0000   0.10800000
  0.487815  -0.0000   0.11100000
  0.489106  -0.0000   0.11400000
  0.491026  -0.0000   0.11900000
  0.493873  -0.0000   0.12600000
  0.496687  -0.0000   0.13300000
  0.499465  -0.0000   0.14000000
  0.502201  -0.0000   0.14800000
  0.502355  -0.0000   0.14800000
  0.502507  -0.0000   0.14900000
  0.502660  -0.0000   0.14900000
  0.502815  -0.0000   0.15000000
  0.503047  -0.0000   0.15100000
  0.503397  -0.0000   0.15200000
  0.503923  -0.0000   0.15400000
  0.504710  -0.0000   0.15600000
  0.505886  -0.0000   0.16000000
  0.507639  -0.0000   0.16600000
  0.510241  -0.0000   0.17500000
  0.513078  -0.0000   0.18500000
  0.515881  -0.0000   0.19500000
  0.518646  -0.0000   0.20500000
  0.518874  -0.0000   0.20600000
  0.519101  -0.0000   0.20700000
  0.519328  -0.0000   0.20800000
  0.519527  -0.0000   0.20900000
  0.519712  -0.0000   0.21000000
  0.519898  -0.0000   0.21100000
  0.520180  -0.0000   0.21200000
  0.520605  -0.0000   0.21400000
  0.521241  -0.0000   0.21700000
  0.522193  -0.0000   0.22100000
  0.523613  -0.0000   0.22800000
  0.525724  -0.0000   0.23700000
  0.527848  -0.0000   0.24700000
  0.529953  -0.0000   0.25700000
  0.532039  -0.0000   0.26700000
  0.534105  -0.0000   0.27700000
  0.536152  -0.0000   0.28700000
  0.536348  -0.0000   0.28800000
  0.536508  -0.0000   0.28900000
  0.536661  -0.0000   0.29000000
  0.536894  -0.0000   0.29200000
  0.537127  -0.0000   0.29300000
  0.537479  -0.0000   0.29500000
  0.538006  -0.0000   0.29900000
  0.538796  -0.0000   0.30400000
  0.539974  -0.0000   0.31100000
  0.541580  -0.0000   0.32100000
  0.543176  -0.0000   0.33100000
  0.544761  -0.0000   0.34100000
  0.546336  -0.0000   0.35100000
  0.547901  -0.0000   0.36100000
  0.549455  -0.0000   0.37100000
  0.550998  -0.0000   0.38100000
  0.552530  -0.0000   0.39100000
  0.553053  -0.0000   0.39400000
  0.553574  -0.0000   0.39800000
  0.553728  -0.0000   0.39900000
  0.553881  -0.0000   0.40000000
  0.554035  -0.0000   0.40100000
  0.554190  -0.0000   0.40300000
  0.554424  -0.0000   0.40500000
  0.554774  -0.0000   0.40700000
  0.555300  -0.0000   0.41200000
  0.556087  -0.0000   0.41800000
  0.557261  -0.0000   0.42800000
  0.558472  -0.0000   0.43800000
  0.559676  -0.0000   0.44800000
  0.560875  -0.0000   0.45800000
  0.562069  -0.0000   0.46800000
  0.563256  -0.0000   0.47800000
  0.564437  -0.0000   0.48800000
  0.565613  -0.0000   0.49800000
  0.566782  -0.0000   0.50800000
  0.567946  -0.0000   0.51800000
  0.569103  -0.0000   0.52800000
  0.570254  -0.0000   0.53800000
  0.570538  -0.0000   0.54000000
  0.570798  -0.0000   0.54300000
  0.571024  -0.0000   0.54500000
  0.571252  -0.0000   0.54800000
  0.571482  -0.0000   0.55000000
  0.571712  -0.0000   0.55300000
  0.572058  -0.0000   0.55600000
  0.572576  -0.0000   0.56200000
  0.573351  -0.0000   0.57000000
  0.574276  -0.0000   0.58000000
  0.575198  -0.0000   0.59000000
  0.576116  -0.0000   0.60000000
  0.577031  -0.0000   0.61000000
  0.577942  -0.0000   0.62000000
  0.578850  -0.0000   0.63000000
  0.579754  -0.0000   0.64000000
  0.580655  -0.0000   0.65000000
  0.581553  -0.0000   0.66000000
  0.582448  -0.0000   0.67000000
  0.583339  -0.0000   0.68000000
  0.584226  -0.0000   0.69000000
  0.585110  -0.0000   0.70000000
  0.585991  -0.0000   0.71000000
  0.586868  -0.0000   0.72000000
  0.587741  -0.0000   0.73000000
  0.587940  -0.0000   0.73300000
  0.588113  -0.0000   0.73500000
  0.588287  -0.0000   0.73800000
  0.588550  -0.0000   0.74100000
  0.588815  -0.0000   0.74500000
  0.589211  -0.0000   0.75100000
  0.589805  -0.0000   0.75900000
  0.590516  -0.0000   0.76900000
  0.591226  -0.0000   0.77900000
  0.591933  -0.0000   0.78900000
  0.592639  -0.0000   0.79900000
  0.593342  -0.0000   0.80900000
  0.594043  -0.0000   0.81900000
  0.594742  -0.0000   0.82900000
  0.595439  -0.0000   0.83900000
  0.596135  -0.0000   0.84900000
  0.596828  -0.0000   0.85900000
  0.597519  -0.0000   0.86900000
  0.598209  -0.0000   0.87900000
  0.598896  -0.0000   0.88900000
  0.599581  -0.0000   0.89900000
  0.600265  -0.0000   0.90900000
  0.600946  -0.0000   0.91900000
  0.601626  -0.0000   0.92900000
  0.602303  -0.0000   0.93900000
  0.602978  -0.0000   0.94900000
  0.603651  -0.0000   0.95900000
  0.604322  -0.0000   0.96900000
  0.604991  -0.0000   0.97900000
  0.605159  -0.0000   0.98200000
  0.605321  -0.0000   0.98500000
  0.605485  -0.0000   0.98800000
  0.605732  -0.0000   0.99200000
  0.606103  -0.0000   0.99900000
  0.606151  -0.0000   1.00000000
  0.604841  -0.0000   1.00000000
  0.604841  -0.0000   1.00000000
  0.604841  -0.0000   1.00000000
  0.604841  -0.0000   1.00000000
  0.604841  -0.0000   1.00000000
  0.604841  -0.0000   1.00000000
  0.604841  -0.0000   1.00000000
  0.604840  -0.0000   1.00000000
  0.604839  -0.0000   1.00000000
  0.604836  -0.0000   1.00000000
  0.604831  -0.0000   1.00000000
  0.604821  -0.0000   1.00000000
