  0.000205  -0.0000   0.00000010
  0.000447  -0.0000   0.00000020
  0.001215  -0.0000   0.00000030
  0.007029  -0.0000   0.00000045
  0.007277  -0.0000   0.00000051
  0.007466  -0.0000   0.00000057
  0.007671  -0.0000   0.00000063
  0.008026  -0.0000   0.00000072
  0.008278  -0.0000   0.00000078
  0.008555  -0.0000   0.00000083
  0.008859  -0.0000   0.00000089
  0.009379  -0.0000   0.00000098
  0.009844  -0.0000   0.00000105
  0.010359  -0.0000   0.00000112
  0.010926  -0.0000   0.00000119
  0.011551  -0.0000   0.00000126
  0.012239  -0.0000   0.00000133
  0.012994  -0.0000   0.00000140
  0.013654  -0.0000   0.00000146
  0.014364  -0.0000   0.00000151
  0.015127  -0.0000   0.00000157
  0.015943  -0.0000   0.00000163
  0.016814  -0.0000   0.00000168
  0.017742  -0.0000   0.00000174
  0.018728  -0.0000   0.00000180
  0.019771  -0.0000   0.00000185
  0.020266  -0.0000   0.00000188
  0.020512  -0.0000   0.00000190
  0.020561  -0.0000   0.00000192
  0.020606  -0.0000   0.00000193
  0.020647  -0.0000   0.00000195
  0.020702  -0.0000   0.00000197
  0.020768  -0.0000   0.00000200
  0.020838  -0.0000   0.00000204
  0.020904  -0.0000   0.00000208
  0.020992  -0.0000   0.00000213
  0.021075  -0.0000   0.00000218
  0.021194  -0.0000   0.00000226
  0.021308  -0.0000   0.00000234
  0.021475  -0.0000   0.00000246
  0.021639  -0.0000   0.00000257
  0.021885  -0.0000   0.00000275
  0.022262  -0.0000   0.00000301
  0.022869  -0.0000   0.00000340
  0.023399  -0.0000   0.00000369
  0.024003  -0.0000   0.00000399
  0.024516  -0.0000   0.00000422
  0.025089  -0.0000   0.00000445
  0.025731  -0.0000   0.00000468
  0.026448  -0.0000   0.00000490
  0.027247  -0.0000   0.00000513
  0.027909  -0.0000   0.00000530
  0.028624  -0.0000   0.00000548
  0.029395  -0.0000   0.00000565
  0.030154  -0.0000   0.00000581
  0.030964  -0.0000   0.00000597
  0.031826  -0.0000   0.00000613
  0.032742  -0.0000   0.00000629
  0.033712  -0.0000   0.00000645
  0.034737  -0.0000   0.00000661
  0.035818  -0.0000   0.00000677
  0.036956  -0.0000   0.00000693
  0.038151  -0.0000   0.00000709
  0.038240  -0.0000   0.00000711
  0.038277  -0.0000   0.00000712
  0.038312  -0.0000   0.00000714
  0.038361  -0.0000   0.00000716
  0.038428  -0.0000   0.00000719
  0.038519  -0.0000   0.00000724
  0.038636  -0.0000   0.00000731
  0.038745  -0.0000   0.00000738
  0.038892  -0.0000   0.00000749
  0.039032  -0.0000   0.00000759
  0.039233  -0.0000   0.00000775
  0.039523  -0.0000   0.00000798
  0.039957  -0.0000   0.00000833
  0.040404  -0.0000   0.00000868
  0.041136  -0.0000   0.00000920
  0.041546  -0.0000   0.00000948
  0.041983  -0.0000   0.00000975
  0.042450  -0.0000   0.00001003
  0.043226  -0.0000   0.00001044
  0.044086  -0.0000   0.00001086
  0.045036  -0.0000   0.00001127
  0.046081  -0.0000   0.00001169
  0.047226  -0.0000   0.00001210
  0.048475  -0.0000   0.00001252
  0.049609  -0.0000   0.00001287
  0.050823  -0.0000   0.00001322
  0.052118  -0.0000   0.00001357
  0.053497  -0.0000   0.00001392
  0.054962  -0.0000   0.00001427
  0.056512  -0.0000   0.00001462
  0.056712  -0.0000   0.00001466
  0.056875  -0.0000   0.00001471
  0.056962  -0.0000   0.00001475
  0.057080  -0.0000   0.00001482
  0.057241  -0.0000   0.00001492
  0.057390  -0.0000   0.00001502
  0.057597  -0.0000   0.00001517
  0.057794  -0.0000   0.00001533
  0.058076  -0.0000   0.00001555
  0.058486  -0.0000   0.00001590
  0.059109  -0.0000   0.00001641
  0.059852  -0.0000   0.00001699
  0.060654  -0.0000   0.00001757
  0.061530  -0.0000   0.00001815
  0.062488  -0.0000   0.00001873
  0.063533  -0.0000   0.00001931
  0.064672  -0.0000   0.00001989
  0.065905  -0.0000   0.00002047
  0.067238  -0.0000   0.00002105
  0.068673  -0.0000   0.00002163
  0.070212  -0.0000   0.00002221
  0.071859  -0.0000   0.00002279
  0.073613  -0.0000   0.00002337
  0.075398  -0.0000   0.00002395
  0.075493  -0.0000   0.00002400
  0.075582  -0.0000   0.00002406
  0.075668  -0.0000   0.00002412
  0.075789  -0.0000   0.00002420
  0.075959  -0.0000   0.00002433
  0.076199  -0.0000   0.00002452
  0.076538  -0.0000   0.00002481
  0.077029  -0.0000   0.00002524
  0.077518  -0.0000   0.00002567
  0.078275  -0.0000   0.00002632
  0.078920  -0.0000   0.00002685
  0.079600  -0.0000   0.00002737
  0.080319  -0.0000   0.00002790
  0.081286  -0.0000   0.00002856
  0.082324  -0.0000   0.00002922
  0.083434  -0.0000   0.00002988
  0.084893  -0.0000   0.00003068
  0.086465  -0.0000   0.00003149
  0.088151  -0.0000   0.00003229
  0.089954  -0.0000   0.00003309
  0.091876  -0.0000   0.00003390
  0.093851  -0.0000   0.00003470
  0.093963  -0.0000   0.00003478
  0.094069  -0.0000   0.00003485
  0.094171  -0.0000   0.00003493
  0.094316  -0.0000   0.00003504
  0.094522  -0.0000   0.00003521
  0.094815  -0.0000   0.00003547
  0.095235  -0.0000   0.00003586
  0.095854  -0.0000   0.00003644
  0.096807  -0.0000   0.00003731
  0.097623  -0.0000   0.00003802
  0.098485  -0.0000   0.00003873
  0.099397  -0.0000   0.00003944
  0.100523  -0.0000   0.00004026
  0.101723  -0.0000   0.00004108
  0.102997  -0.0000   0.00004190
  0.104667  -0.0000   0.00004291
  0.106453  -0.0000   0.00004391
  0.108356  -0.0000   0.00004491
  0.110377  -0.0000   0.00004592
  0.112411  -0.0000   0.00004692
  0.112543  -0.0000   0.00004702
  0.112669  -0.0000   0.00004712
  0.112790  -0.0000   0.00004722
  0.112963  -0.0000   0.00004737
  0.113212  -0.0000   0.00004760
  0.113568  -0.0000   0.00004794
  0.114087  -0.0000   0.00004845
  0.114866  -0.0000   0.00004921
  0.115633  -0.0000   0.00004994
  0.116431  -0.0000   0.00005068
  0.117266  -0.0000   0.00005141
  0.118430  -0.0000   0.00005237
  0.119665  -0.0000   0.00005333
  0.120973  -0.0000   0.00005429
  0.122353  -0.0000   0.00005525
  0.124296  -0.0000   0.00005651
  0.126368  -0.0000   0.00005778
  0.128569  -0.0000   0.00005904
  0.130853  -0.0000   0.00006031
  0.130991  -0.0000   0.00006042
  0.131123  -0.0000   0.00006053
  0.131250  -0.0000   0.00006065
  0.131433  -0.0000   0.00006082
  0.131696  -0.0000   0.00006107
  0.132076  -0.0000   0.00006146
  0.132630  -0.0000   0.00006203
  0.133466  -0.0000   0.00006289
  0.134216  -0.0000   0.00006365
  0.134993  -0.0000   0.00006441
  0.135800  -0.0000   0.00006516
  0.137020  -0.0000   0.00006624
  0.138307  -0.0000   0.00006732
  0.139663  -0.0000   0.00006841
  0.141087  -0.0000   0.00006949
  0.143203  -0.0000   0.00007099
  0.145452  -0.0000   0.00007250
  0.147433  -0.0000   0.00007376
  0.149408  -0.0000   0.00007502
  0.149571  -0.0000   0.00007517
  0.149727  -0.0000   0.00007532
  0.149879  -0.0000   0.00007546
  0.150099  -0.0000   0.00007569
  0.150417  -0.0000   0.00007602
  0.150879  -0.0000   0.00007652
  0.151566  -0.0000   0.00007726
  0.152421  -0.0000   0.00007818
  0.153303  -0.0000   0.00007909
  0.154219  -0.0000   0.00008000
  0.155314  -0.0000   0.00008105
  0.156457  -0.0000   0.00008209
  0.157915  -0.0000   0.00008336
  0.159445  -0.0000   0.00008462
  0.161618  -0.0000   0.00008631
  0.163919  -0.0000   0.00008800
  0.166350  -0.0000   0.00008970
  0.166828  -0.0000   0.00009002
  0.167312  -0.0000   0.00009035
  0.167779  -0.0000   0.00009068
  0.168017  -0.0000   0.00009092
  0.168245  -0.0000   0.00009115
  0.168466  -0.0000   0.00009138
  0.168785  -0.0000   0.00009173
  0.169251  -0.0000   0.00009226
  0.169943  -0.0000   0.00009305
  0.170809  -0.0000   0.00009402
  0.171700  -0.0000   0.00009499
  0.172622  -0.0000   0.00009596
  0.173728  -0.0000   0.00009708
  0.174879  -0.0000   0.00009820
  0.176395  -0.0000   0.00009961
  0.177842  -0.0000   0.00010100
  0.179937  -0.0000   0.00010310
  0.182003  -0.0000   0.00010520
  0.185046  -0.0000   0.00010840
  0.185264  -0.0000   0.00010860
  0.185482  -0.0000   0.00010880
  0.185699  -0.0000   0.00010910
  0.185968  -0.0000   0.00010940
  0.186290  -0.0000   0.00010990
  0.186594  -0.0000   0.00011040
  0.186885  -0.0000   0.00011100
  0.187167  -0.0000   0.00011150
  0.187577  -0.0000   0.00011220
  0.188178  -0.0000   0.00011340
  0.189069  -0.0000   0.00011510
  0.189958  -0.0000   0.00011680
  0.190848  -0.0000   0.00011860
  0.191738  -0.0000   0.00012030
  0.193072  -0.0000   0.00012290
  0.195066  -0.0000   0.00012680
  0.198030  -0.0000   0.00013260
  0.202403  -0.0000   0.00014130
  0.202641  -0.0000   0.00014180
  0.202878  -0.0000   0.00014230
  0.203115  -0.0000   0.00014270
  0.203467  -0.0000   0.00014340
  0.203675  -0.0000   0.00014400
  0.203872  -0.0000   0.00014460
  0.204062  -0.0000   0.00014520
  0.204334  -0.0000   0.00014610
  0.204726  -0.0000   0.00014740
  0.205297  -0.0000   0.00014940
  0.206141  -0.0000   0.00015230
  0.206985  -0.0000   0.00015530
  0.207831  -0.0000   0.00015830
  0.208678  -0.0000   0.00016120
  0.209951  -0.0000   0.00016570
  0.211857  -0.0000   0.00017230
  0.214698  -0.0000   0.00018230
  0.218903  -0.0000   0.00019730
  0.219253  -0.0000   0.00019860
  0.219603  -0.0000   0.00019980
  0.219952  -0.0000   0.00020110
  0.220475  -0.0000   0.00020300
  0.221184  -0.0000   0.00020580
  0.221430  -0.0000   0.00020700
  0.221663  -0.0000   0.00020830
  0.221888  -0.0000   0.00020960
  0.222215  -0.0000   0.00021150
  0.222694  -0.0000   0.00021430
  0.223405  -0.0000   0.00021860
  0.224279  -0.0000   0.00022380
  0.225156  -0.0000   0.00022910
  0.226035  -0.0000   0.00023430
  0.226916  -0.0000   0.00023950
  0.228236  -0.0000   0.00024740
  0.230212  -0.0000   0.00025920
  0.233155  -0.0000   0.00027690
  0.237509  -0.0000   0.00030340
  0.237753  -0.0000   0.00030490
  0.237997  -0.0000   0.00030640
  0.238241  -0.0000   0.00030790
  0.238599  -0.0000   0.00031010
  0.238807  -0.0000   0.00031190
  0.239004  -0.0000   0.00031360
  0.239194  -0.0000   0.00031530
  0.239469  -0.0000   0.00031790
  0.239871  -0.0000   0.00032180
  0.240466  -0.0000   0.00032770
  0.241358  -0.0000   0.00033640
  0.242254  -0.0000   0.00034520
  0.243153  -0.0000   0.00035390
  0.244054  -0.0000   0.00036270
  0.245405  -0.0000   0.00037580
  0.247427  -0.0000   0.00039550
  0.250440  -0.0000   0.00042510
  0.254901  -0.0000   0.00046940
  0.255154  -0.0000   0.00047200
  0.255408  -0.0000   0.00047450
  0.255661  -0.0000   0.00047700
  0.256040  -0.0000   0.00048080
  0.256301  -0.0000   0.00048410
  0.256533  -0.0000   0.00048730
  0.256756  -0.0000   0.00049060
  0.257080  -0.0000   0.00049550
  0.257557  -0.0000   0.00050280
  0.258269  -0.0000   0.00051390
  0.258984  -0.0000   0.00052490
  0.259701  -0.0000   0.00053590
  0.260420  -0.0000   0.00054700
  0.261501  -0.0000   0.00056350
  0.263122  -0.0000   0.00058830
  0.265544  -0.0000   0.00062560
  0.269147  -0.0000   0.00068140
  0.270178  -0.0000   0.00069740
  0.271206  -0.0000   0.00071350
  0.272231  -0.0000   0.00072950
  0.273730  -0.0000   0.00075350
  0.273899  -0.0000   0.00075700
  0.274060  -0.0000   0.00076050
  0.274216  -0.0000   0.00076400
  0.274444  -0.0000   0.00076930
  0.274779  -0.0000   0.00077710
  0.275277  -0.0000   0.00078890
  0.276025  -0.0000   0.00080660
  0.276777  -0.0000   0.00082440
  0.277532  -0.0000   0.00084210
  0.278288  -0.0000   0.00085980
  0.279424  -0.0000   0.00088630
  0.281127  -0.0000   0.00092620
  0.283671  -0.0000   0.00098590
  0.287454  -0.0000   0.00107600
  0.287977  -0.0000   0.00108800
  0.288498  -0.0000   0.00110000
  0.289019  -0.0000   0.00111300
  0.289798  -0.0000   0.00113100
  0.290962  -0.0000   0.00115900
  0.291217  -0.0000   0.00116500
  0.291420  -0.0000   0.00117100
  0.291607  -0.0000   0.00117800
  0.291876  -0.0000   0.00118700
  0.292140  -0.0000   0.00119600
  0.292532  -0.0000   0.00121000
  0.293120  -0.0000   0.00123000
  0.294006  -0.0000   0.00126100
  0.294896  -0.0000   0.00129200
  0.295789  -0.0000   0.00132300
  0.297128  -0.0000   0.00137000
  0.299133  -0.0000   0.00143900
  0.302124  -0.0000   0.00154400
  0.306562  -0.0000   0.00170100
  0.306926  -0.0000   0.00171300
  0.307289  -0.0000   0.00172600
  0.307652  -0.0000   0.00173900
  0.308196  -0.0000   0.00175800
  0.308940  -0.0000   0.00178700
  0.309197  -0.0000   0.00180000
  0.309445  -0.0000   0.00181200
  0.309688  -0.0000   0.00182400
  0.310051  -0.0000   0.00184300
  0.310596  -0.0000   0.00187100
  0.311418  -0.0000   0.00191200
  0.312243  -0.0000   0.00195400
  0.313069  -0.0000   0.00199600
  0.314310  -0.0000   0.00205800
  0.316169  -0.0000   0.00215200
  0.318945  -0.0000   0.00229200
  0.323071  -0.0000   0.00250300
  0.323464  -0.0000   0.00252300
  0.323857  -0.0000   0.00254300
  0.324249  -0.0000   0.00256300
  0.324836  -0.0000   0.00259300
  0.325714  -0.0000   0.00263900
  0.326162  -0.0000   0.00266200
  0.326560  -0.0000   0.00268500
  0.326891  -0.0000   0.00270800
  0.327212  -0.0000   0.00273100
  0.327531  -0.0000   0.00275400
  0.327849  -0.0000   0.00277700
  0.328328  -0.0000   0.00281100
  0.329050  -0.0000   0.00286300
  0.330138  -0.0000   0.00294100
  0.331227  -0.0000   0.00301900
  0.332860  -0.0000   0.00313600
  0.335302  -0.0000   0.00331100
  0.338937  -0.0000   0.00357300
  0.341312  -0.0000   0.00374600
  0.343672  -0.0000   0.00391800
  0.343915  -0.0000   0.00393600
  0.344122  -0.0000   0.00395400
  0.344308  -0.0000   0.00397200
  0.344577  -0.0000   0.00399800
  0.344974  -0.0000   0.00403800
  0.345571  -0.0000   0.00409900
  0.346307  -0.0000   0.00417200
  0.347046  -0.0000   0.00424600
  0.347787  -0.0000   0.00432000
  0.348899  -0.0000   0.00443000
  0.350565  -0.0000   0.00459600
  0.353055  -0.0000   0.00484500
  0.356763  -0.0000   0.00521900
  0.358115  -0.0000   0.00535500
  0.359462  -0.0000   0.00549200
  0.360805  -0.0000   0.00562800
  0.361148  -0.0000   0.00566300
  0.361490  -0.0000   0.00569800
  0.361785  -0.0000   0.00573300
  0.362170  -0.0000   0.00578500
  0.362549  -0.0000   0.00583800
  0.362928  -0.0000   0.00589000
  0.363308  -0.0000   0.00594200
  0.363881  -0.0000   0.00602100
  0.364743  -0.0000   0.00613900
  0.366039  -0.0000   0.00631500
  0.367980  -0.0000   0.00658000
  0.370881  -0.0000   0.00697700
  0.375195  -0.0000   0.00757300
  0.378254  -0.0000   0.00799900
  0.378554  -0.0000   0.00804100
  0.378853  -0.0000   0.00808300
  0.379151  -0.0000   0.00812400
  0.379456  -0.0000   0.00817500
  0.379731  -0.0000   0.00822500
  0.380001  -0.0000   0.00827500
  0.380406  -0.0000   0.00835100
  0.381016  -0.0000   0.00846400
  0.381782  -0.0000   0.00860500
  0.382550  -0.0000   0.00874700
  0.383703  -0.0000   0.00895900
  0.385432  -0.0000   0.00927700
  0.388015  -0.0000   0.00975400
  0.391862  -0.0000   0.01047000
  0.393203  -0.0000   0.01072000
  0.394539  -0.0000   0.01097000
  0.395871  -0.0000   0.01122000
  0.396293  -0.0000   0.01130000
  0.396716  -0.0000   0.01138000
  0.397087  -0.0000   0.01146000
  0.397451  -0.0000   0.01155000
  0.397812  -0.0000   0.01164000
  0.398173  -0.0000   0.01173000
  0.398536  -0.0000   0.01182000
  0.399082  -0.0000   0.01195000
  0.399904  -0.0000   0.01215000
  0.401139  -0.0000   0.01245000
  0.402989  -0.0000   0.01291000
  0.405753  -0.0000   0.01359000
  0.409868  -0.0000   0.01461000
  0.410732  -0.0000   0.01482000
  0.411594  -0.0000   0.01503000
  0.412454  -0.0000   0.01525000
  0.413741  -0.0000   0.01557000
  0.414107  -0.0000   0.01566000
  0.414473  -0.0000   0.01575000
  0.414785  -0.0000   0.01584000
  0.415069  -0.0000   0.01594000
  0.415350  -0.0000   0.01603000
  0.415632  -0.0000   0.01612000
  0.416056  -0.0000   0.01626000
  0.416695  -0.0000   0.01646000
  0.417658  -0.0000   0.01677000
  0.419102  -0.0000   0.01724000
  0.421265  -0.0000   0.01793000
  0.424493  -0.0000   0.01898000
  0.429290  -0.0000   0.02054000
  0.429806  -0.0000   0.02071000
  0.430320  -0.0000   0.02088000
  0.430834  -0.0000   0.02105000
  0.431604  -0.0000   0.02130000
  0.432093  -0.0000   0.02146000
  0.432425  -0.0000   0.02159000
  0.432722  -0.0000   0.02171000
  0.433017  -0.0000   0.02184000
  0.433450  -0.0000   0.02202000
  0.433885  -0.0000   0.02220000
  0.434541  -0.0000   0.02248000
  0.435526  -0.0000   0.02289000
  0.437005  -0.0000   0.02351000
  0.439217  -0.0000   0.02443000
  0.442519  -0.0000   0.02582000
  0.446664  -0.0000   0.02757000
  0.447550  -0.0000   0.02795000
  0.448435  -0.0000   0.02833000
  0.449318  -0.0000   0.02870000
  0.449724  -0.0000   0.02888000
  0.450089  -0.0000   0.02905000
  0.450410  -0.0000   0.02922000
  0.450888  -0.0000   0.02948000
  0.451369  -0.0000   0.02974000
  0.451851  -0.0000   0.03000000
  0.452335  -0.0000   0.03026000
  0.453062  -0.0000   0.03065000
  0.454153  -0.0000   0.03124000
  0.455787  -0.0000   0.03211000
  0.458230  -0.0000   0.03343000
  0.461871  -0.0000   0.03540000
  0.465584  -0.0000   0.03743000
  0.466037  -0.0000   0.03768000
  0.466490  -0.0000   0.03792000
  0.466942  -0.0000   0.03817000
  0.467619  -0.0000   0.03854000
  0.467824  -0.0000   0.03868000
  0.468021  -0.0000   0.03881000
  0.468216  -0.0000   0.03895000
  0.468511  -0.0000   0.03915000
  0.468954  -0.0000   0.03946000
  0.469623  -0.0000   0.03991000
  0.470628  -0.0000   0.04060000
  0.471634  -0.0000   0.04129000
  0.473142  -0.0000   0.04231000
  0.475396  -0.0000   0.04386000
  0.478759  -0.0000   0.04617000
  0.482794  -0.0000   0.04897000
  0.483344  -0.0000   0.04935000
  0.483893  -0.0000   0.04974000
  0.484442  -0.0000   0.05012000
  0.485263  -0.0000   0.05069000
  0.485480  -0.0000   0.05087000
  0.485681  -0.0000   0.05104000
  0.485880  -0.0000   0.05121000
  0.486180  -0.0000   0.05147000
  0.486633  -0.0000   0.05187000
  0.487314  -0.0000   0.05245000
  0.488339  -0.0000   0.05334000
  0.489365  -0.0000   0.05422000
  0.490901  -0.0000   0.05554000
  0.493198  -0.0000   0.05752000
  0.496623  -0.0000   0.06050000
  0.500576  -0.0000   0.06395000
  0.501126  -0.0000   0.06444000
  0.501675  -0.0000   0.06492000
  0.502224  -0.0000   0.06540000
  0.503045  -0.0000   0.06612000
  0.503239  -0.0000   0.06633000
  0.503429  -0.0000   0.06653000
  0.503619  -0.0000   0.06674000
  0.503904  -0.0000   0.06705000
  0.504334  -0.0000   0.06752000
  0.504982  -0.0000   0.06821000
  0.505956  -0.0000   0.06926000
  0.507416  -0.0000   0.07083000
  0.509602  -0.0000   0.07319000
  0.512864  -0.0000   0.07672000
  0.517715  -0.0000   0.08202000
  0.518273  -0.0000   0.08263000
  0.518831  -0.0000   0.08324000
  0.519388  -0.0000   0.08385000
  0.520222  -0.0000   0.08476000
  0.520610  -0.0000   0.08519000
  0.520953  -0.0000   0.08562000
  0.521268  -0.0000   0.08604000
  0.521584  -0.0000   0.08647000
  0.521902  -0.0000   0.08690000
  0.522380  -0.0000   0.08754000
  0.523099  -0.0000   0.08850000
  0.524179  -0.0000   0.08993000
  0.525796  -0.0000   0.09209000
  0.528216  -0.0000   0.09533000
  0.531823  -0.0000   0.10000000
  0.535576  -0.0000   0.10500000
  0.536450  -0.0000   0.10600000
  0.537322  -0.0000   0.10800000
  0.538192  -0.0000   0.10900000
  0.538490  -0.0000   0.10900000
  0.538737  -0.0000   0.11000000
  0.538981  -0.0000   0.11000000
  0.539224  -0.0000   0.11000000
  0.539469  -0.0000   0.11100000
  0.539838  -0.0000   0.11100000
  0.540393  -0.0000   0.11200000
  0.541226  -0.0000   0.11400000
  0.542476  -0.0000   0.11600000
  0.544347  -0.0000   0.11900000
  0.547142  -0.0000   0.12300000
  0.551306  -0.0000   0.13000000
  0.552945  -0.0000   0.13300000
  0.554578  -0.0000   0.13600000
  0.556205  -0.0000   0.13900000
  0.556404  -0.0000   0.13900000
  0.556597  -0.0000   0.13900000
  0.556791  -0.0000   0.14000000
  0.557082  -0.0000   0.14000000
  0.557521  -0.0000   0.14100000
  0.558182  -0.0000   0.14300000
  0.559174  -0.0000   0.14500000
  0.560662  -0.0000   0.14800000
  0.562887  -0.0000   0.15200000
  0.566208  -0.0000   0.15900000
  0.570276  -0.0000   0.16700000
  0.572139  -0.0000   0.17100000
  0.573988  -0.0000   0.17500000
  0.574186  -0.0000   0.17500000
  0.574381  -0.0000   0.17600000
  0.574577  -0.0000   0.17600000
  0.574871  -0.0000   0.17700000
  0.575314  -0.0000   0.17800000
  0.575981  -0.0000   0.18000000
  0.576984  -0.0000   0.18200000
  0.578487  -0.0000   0.18600000
  0.580736  -0.0000   0.19100000
  0.584094  -0.0000   0.20000000
  0.588128  -0.0000   0.21000000
  0.589889  -0.0000   0.21400000
  0.591644  -0.0000   0.21800000
  0.591871  -0.0000   0.21900000
  0.592081  -0.0000   0.22000000
  0.592290  -0.0000   0.22000000
  0.592606  -0.0000   0.22100000
  0.593083  -0.0000   0.22200000
  0.593799  -0.0000   0.22500000
  0.594875  -0.0000   0.22800000
  0.596486  -0.0000   0.23300000
  0.598896  -0.0000   0.24000000
  0.602258  -0.0000   0.25000000
  0.605602  -0.0000   0.26000000
  0.608924  -0.0000   0.27000000
  0.609188  -0.0000   0.27000000
  0.609446  -0.0000   0.27100000
  0.609668  -0.0000   0.27200000
  0.610001  -0.0000   0.27300000
  0.610334  -0.0000   0.27400000
  0.610670  -0.0000   0.27600000
  0.611174  -0.0000   0.27700000
  0.611931  -0.0000   0.28000000
  0.613066  -0.0000   0.28400000
  0.614766  -0.0000   0.29000000
  0.617307  -0.0000   0.29900000
  0.620104  -0.0000   0.30900000
  0.622888  -0.0000   0.31900000
  0.625658  -0.0000   0.32900000
  0.626157  -0.0000   0.33100000
  0.626655  -0.0000   0.33300000
  0.627152  -0.0000   0.33500000
  0.627399  -0.0000   0.33600000
  0.627634  -0.0000   0.33700000
  0.627870  -0.0000   0.33800000
  0.628226  -0.0000   0.33900000
  0.628762  -0.0000   0.34100000
  0.629567  -0.0000   0.34500000
  0.630774  -0.0000   0.35000000
  0.632582  -0.0000   0.35800000
  0.634933  -0.0000   0.36800000
  0.637276  -0.0000   0.37800000
  0.639610  -0.0000   0.38800000
  0.641935  -0.0000   0.39800000
  0.644249  -0.0000   0.40800000
  0.644572  -0.0000   0.40900000
  0.644895  -0.0000   0.41000000
  0.645180  -0.0000   0.41200000
  0.645454  -0.0000   0.41300000
  0.645729  -0.0000   0.41500000
  0.646006  -0.0000   0.41600000
  0.646422  -0.0000   0.41800000
  0.647047  -0.0000   0.42100000
  0.647985  -0.0000   0.42600000
  0.649389  -0.0000   0.43300000
  0.651371  -0.0000   0.44300000
  0.653346  -0.0000   0.45300000
  0.655316  -0.0000   0.46300000
  0.657279  -0.0000   0.47300000
  0.659235  -0.0000   0.48300000
  0.661185  -0.0000   0.49300000
  0.662313  -0.0000   0.49900000
  0.662687  -0.0000   0.50100000
  0.663013  -0.0000   0.50300000
  0.663333  -0.0000   0.50500000
  0.663654  -0.0000   0.50600000
  0.663976  -0.0000   0.50800000
  0.664461  -0.0000   0.51100000
  0.665188  -0.0000   0.51600000
  0.666278  -0.0000   0.52200000
  0.667910  -0.0000   0.53200000
  0.669584  -0.0000   0.54200000
  0.671252  -0.0000   0.55200000
  0.672917  -0.0000   0.56200000
  0.674577  -0.0000   0.57200000
  0.676232  -0.0000   0.58200000
  0.677883  -0.0000   0.59200000
  0.679528  -0.0000   0.60200000
  0.680085  -0.0000   0.60500000
  0.680621  -0.0000   0.60900000
  0.680911  -0.0000   0.61100000
  0.681202  -0.0000   0.61300000
  0.681495  -0.0000   0.61500000
  0.681789  -0.0000   0.61700000
  0.682230  -0.0000   0.62000000
  0.682892  -0.0000   0.62500000
  0.683885  -0.0000   0.63200000
  0.685308  -0.0000   0.64200000
  0.686729  -0.0000   0.65200000
  0.688148  -0.0000   0.66200000
  0.689563  -0.0000   0.67200000
  0.690975  -0.0000   0.68200000
  0.692384  -0.0000   0.69200000
  0.693789  -0.0000   0.70200000
  0.695192  -0.0000   0.71200000
  0.696590  -0.0000   0.72200000
  0.697985  -0.0000   0.73200000
  0.698289  -0.0000   0.73400000
  0.698554  -0.0000   0.73600000
  0.698816  -0.0000   0.73800000
  0.699080  -0.0000   0.74000000
  0.699345  -0.0000   0.74200000
  0.699743  -0.0000   0.74600000
  0.700340  -0.0000   0.75100000
  0.701237  -0.0000   0.75800000
  0.702452  -0.0000   0.76800000
  0.703665  -0.0000   0.77800000
  0.704876  -0.0000   0.78800000
  0.706084  -0.0000   0.79800000
  0.707291  -0.0000   0.80800000
  0.708495  -0.0000   0.81800000
  0.709697  -0.0000   0.82800000
  0.710897  -0.0000   0.83800000
  0.712094  -0.0000   0.84800000
  0.713289  -0.0000   0.85800000
  0.714481  -0.0000   0.86800000
  0.715671  -0.0000   0.87800000
  0.716019  -0.0000   0.88100000
  0.716324  -0.0000   0.88400000
  0.716626  -0.0000   0.88700000
  0.716929  -0.0000   0.89000000
  0.717233  -0.0000   0.89300000
  0.717689  -0.0000   0.89700000
  0.718375  -0.0000   0.90400000
  0.719403  -0.0000   0.91400000
  0.720442  -0.0000   0.92400000
  0.721480  -0.0000   0.93400000
  0.722517  -0.0000   0.94400000
  0.723552  -0.0000   0.95400000
  0.724585  -0.0000   0.96400000
  0.725617  -0.0000   0.97400000
  0.726647  -0.0000   0.98400000
  0.727676  -0.0000   0.99400000
  0.728342  -0.0000   1.00000000
  0.726473  -0.0000   1.00000000
  0.726473  -0.0000   1.00000000
  0.726473  -0.0000   1.00000000
  0.726473  -0.0000   1.00000000
  0.726473  -0.0000   1.00000000
  0.726472  -0.0000   1.00000000
  0.726472  -0.0000   1.00000000
  0.726470  -0.0000   1.00000000
  0.726468  -0.0000   1.00000000
  0.726463  -0.0000   1.00000000
  0.726453  -0.0000   1.00000000
  0.726433  -0.0000   1.00000000
