  0.000012  -0.0000   0.00000010
  0.000026  -0.0000   0.00000020
  0.000072  -0.0000   0.00000030
  0.000834  -0.0000   0.00000045
  0.006060  -0.0000   0.00000067
  0.006115  -0.0000   0.00000101
  0.006201  -0.0000   0.00000152
  0.006361  -0.0000   0.00000228
  0.006524  -0.0000   0.00000290
  0.006725  -0.0000   0.00000352
  0.006974  -0.0000   0.00000415
  0.007186  -0.0000   0.00000460
  0.007431  -0.0000   0.00000506
  0.007714  -0.0000   0.00000552
  0.008043  -0.0000   0.00000598
  0.008418  -0.0000   0.00000644
  0.008843  -0.0000   0.00000691
  0.009267  -0.0000   0.00000732
  0.009737  -0.0000   0.00000774
  0.010254  -0.0000   0.00000815
  0.010796  -0.0000   0.00000855
  0.011385  -0.0000   0.00000895
  0.012023  -0.0000   0.00000935
  0.012716  -0.0000   0.00000975
  0.013459  -0.0000   0.00001015
  0.014254  -0.0000   0.00001055
  0.015231  -0.0000   0.00001101
  0.016276  -0.0000   0.00001147
  0.017391  -0.0000   0.00001193
  0.018576  -0.0000   0.00001239
  0.019830  -0.0000   0.00001285
  0.020016  -0.0000   0.00001291
  0.020203  -0.0000   0.00001298
  0.020378  -0.0000   0.00001305
  0.020412  -0.0000   0.00001312
  0.020441  -0.0000   0.00001318
  0.020468  -0.0000   0.00001325
  0.020503  -0.0000   0.00001336
  0.020550  -0.0000   0.00001351
  0.020607  -0.0000   0.00001372
  0.020658  -0.0000   0.00001393
  0.020706  -0.0000   0.00001414
  0.020774  -0.0000   0.00001446
  0.020869  -0.0000   0.00001493
  0.021008  -0.0000   0.00001565
  0.021149  -0.0000   0.00001636
  0.021375  -0.0000   0.00001743
  0.021768  -0.0000   0.00001904
  0.022096  -0.0000   0.00002023
  0.022465  -0.0000   0.00002143
  0.022876  -0.0000   0.00002262
  0.023406  -0.0000   0.00002398
  0.023999  -0.0000   0.00002534
  0.024662  -0.0000   0.00002670
  0.025321  -0.0000   0.00002794
  0.026043  -0.0000   0.00002917
  0.026829  -0.0000   0.00003040
  0.027628  -0.0000   0.00003157
  0.028489  -0.0000   0.00003273
  0.029412  -0.0000   0.00003389
  0.030398  -0.0000   0.00003505
  0.031450  -0.0000   0.00003621
  0.032569  -0.0000   0.00003737
  0.033755  -0.0000   0.00003854
  0.035008  -0.0000   0.00003970
  0.036330  -0.0000   0.00004086
  0.037721  -0.0000   0.00004202
  0.037861  -0.0000   0.00004214
  0.038003  -0.0000   0.00004226
  0.038145  -0.0000   0.00004237
  0.038263  -0.0000   0.00004255
  0.038332  -0.0000   0.00004273
  0.038394  -0.0000   0.00004292
  0.038451  -0.0000   0.00004310
  0.038531  -0.0000   0.00004338
  0.038641  -0.0000   0.00004379
  0.038798  -0.0000   0.00004442
  0.039028  -0.0000   0.00004535
  0.039385  -0.0000   0.00004675
  0.039970  -0.0000   0.00004885
  0.040625  -0.0000   0.00005099
  0.041341  -0.0000   0.00005313
  0.042122  -0.0000   0.00005527
  0.043304  -0.0000   0.00005818
  0.044399  -0.0000   0.00006064
  0.045588  -0.0000   0.00006310
  0.046877  -0.0000   0.00006557
  0.048267  -0.0000   0.00006803
  0.049762  -0.0000   0.00007050
  0.051364  -0.0000   0.00007296
  0.053076  -0.0000   0.00007543
  0.054898  -0.0000   0.00007789
  0.056833  -0.0000   0.00008036
  0.057003  -0.0000   0.00008058
  0.057133  -0.0000   0.00008079
  0.057210  -0.0000   0.00008101
  0.057314  -0.0000   0.00008133
  0.057455  -0.0000   0.00008181
  0.057646  -0.0000   0.00008252
  0.057831  -0.0000   0.00008322
  0.058108  -0.0000   0.00008427
  0.058537  -0.0000   0.00008585
  0.059221  -0.0000   0.00008822
  0.060346  -0.0000   0.00009177
  0.061571  -0.0000   0.00009532
  0.062898  -0.0000   0.00009887
  0.064212  -0.0000   0.00010240
  0.066049  -0.0000   0.00010750
  0.067858  -0.0000   0.00011260
  0.070520  -0.0000   0.00012030
  0.073517  -0.0000   0.00012910
  0.074081  -0.0000   0.00013080
  0.074644  -0.0000   0.00013250
  0.075203  -0.0000   0.00013410
  0.075702  -0.0000   0.00013560
  0.075850  -0.0000   0.00013640
  0.075966  -0.0000   0.00013710
  0.076074  -0.0000   0.00013780
  0.076226  -0.0000   0.00013890
  0.076445  -0.0000   0.00014060
  0.076769  -0.0000   0.00014300
  0.077252  -0.0000   0.00014670
  0.077977  -0.0000   0.00015220
  0.079062  -0.0000   0.00016050
  0.080141  -0.0000   0.00016880
  0.081745  -0.0000   0.00018120
  0.084117  -0.0000   0.00019990
  0.087607  -0.0000   0.00022790
  0.091032  -0.0000   0.00025580
  0.094391  -0.0000   0.00028380
  0.094500  -0.0000   0.00028530
  0.094595  -0.0000   0.00028680
  0.094686  -0.0000   0.00028820
  0.094817  -0.0000   0.00029040
  0.095009  -0.0000   0.00029380
  0.095295  -0.0000   0.00029870
  0.095725  -0.0000   0.00030620
  0.096371  -0.0000   0.00031740
  0.097338  -0.0000   0.00033420
  0.098776  -0.0000   0.00035940
  0.100909  -0.0000   0.00039720
  0.104057  -0.0000   0.00045390
  0.107057  -0.0000   0.00050870
  0.110014  -0.0000   0.00056360
  0.112928  -0.0000   0.00061840
  0.113125  -0.0000   0.00062210
  0.113267  -0.0000   0.00062580
  0.113383  -0.0000   0.00062960
  0.113548  -0.0000   0.00063520
  0.113792  -0.0000   0.00064360
  0.114159  -0.0000   0.00065620
  0.114710  -0.0000   0.00067500
  0.115535  -0.0000   0.00070340
  0.116765  -0.0000   0.00074580
  0.118592  -0.0000   0.00080960
  0.121297  -0.0000   0.00090520
  0.125282  -0.0000   0.00104900
  0.129199  -0.0000   0.00119200
  0.129815  -0.0000   0.00121500
  0.130429  -0.0000   0.00123700
  0.131042  -0.0000   0.00126000
  0.131956  -0.0000   0.00129400
  0.132101  -0.0000   0.00130200
  0.132234  -0.0000   0.00131000
  0.132366  -0.0000   0.00131800
  0.132563  -0.0000   0.00133000
  0.132859  -0.0000   0.00134800
  0.133304  -0.0000   0.00137600
  0.133971  -0.0000   0.00141600
  0.134966  -0.0000   0.00147800
  0.136446  -0.0000   0.00157000
  0.138642  -0.0000   0.00170800
  0.141889  -0.0000   0.00191500
  0.145089  -0.0000   0.00212200
  0.148248  -0.0000   0.00232900
  0.149237  -0.0000   0.00239400
  0.150222  -0.0000   0.00245900
  0.150728  -0.0000   0.00249200
  0.150942  -0.0000   0.00251100
  0.151129  -0.0000   0.00253000
  0.151315  -0.0000   0.00254900
  0.151594  -0.0000   0.00257800
  0.152014  -0.0000   0.00262000
  0.152644  -0.0000   0.00268500
  0.153583  -0.0000   0.00278100
  0.154980  -0.0000   0.00292500
  0.157056  -0.0000   0.00314200
  0.160128  -0.0000   0.00346700
  0.163297  -0.0000   0.00380600
  0.166428  -0.0000   0.00414500
  0.169522  -0.0000   0.00448400
  0.169726  -0.0000   0.00451000
  0.169887  -0.0000   0.00453500
  0.170047  -0.0000   0.00456100
  0.170286  -0.0000   0.00459900
  0.170647  -0.0000   0.00465700
  0.171186  -0.0000   0.00474300
  0.171993  -0.0000   0.00487200
  0.173194  -0.0000   0.00506700
  0.174979  -0.0000   0.00535800
  0.177627  -0.0000   0.00579500
  0.181540  -0.0000   0.00645000
  0.185399  -0.0000   0.00710500
  0.186426  -0.0000   0.00728000
  0.187448  -0.0000   0.00745500
  0.188467  -0.0000   0.00763100
  0.188670  -0.0000   0.00767400
  0.188852  -0.0000   0.00771800
  0.189035  -0.0000   0.00776200
  0.189309  -0.0000   0.00782800
  0.189721  -0.0000   0.00792600
  0.190337  -0.0000   0.00807400
  0.191256  -0.0000   0.00829600
  0.192625  -0.0000   0.00862900
  0.194658  -0.0000   0.00912800
  0.197672  -0.0000   0.00987700
  0.200715  -0.0000   0.01064000
  0.203727  -0.0000   0.01141000
  0.206708  -0.0000   0.01217000
  0.206992  -0.0000   0.01224000
  0.207277  -0.0000   0.01232000
  0.207523  -0.0000   0.01239000
  0.207839  -0.0000   0.01250000
  0.208313  -0.0000   0.01266000
  0.208788  -0.0000   0.01283000
  0.209261  -0.0000   0.01299000
  0.209968  -0.0000   0.01324000
  0.211023  -0.0000   0.01361000
  0.212593  -0.0000   0.01416000
  0.214925  -0.0000   0.01500000
  0.218380  -0.0000   0.01624000
  0.221796  -0.0000   0.01749000
  0.225173  -0.0000   0.01874000
  0.225534  -0.0000   0.01887000
  0.225894  -0.0000   0.01901000
  0.226254  -0.0000   0.01914000
  0.226511  -0.0000   0.01926000
  0.226752  -0.0000   0.01938000
  0.226995  -0.0000   0.01949000
  0.227359  -0.0000   0.01967000
  0.227903  -0.0000   0.01993000
  0.228715  -0.0000   0.02033000
  0.229926  -0.0000   0.02093000
  0.231727  -0.0000   0.02182000
  0.234399  -0.0000   0.02316000
  0.237517  -0.0000   0.02473000
  0.240603  -0.0000   0.02631000
  0.243659  -0.0000   0.02789000
  0.244066  -0.0000   0.02810000
  0.244472  -0.0000   0.02831000
  0.244877  -0.0000   0.02852000
  0.245420  -0.0000   0.02884000
  0.245766  -0.0000   0.02906000
  0.246113  -0.0000   0.02929000
  0.246460  -0.0000   0.02952000
  0.246806  -0.0000   0.02975000
  0.247324  -0.0000   0.03010000
  0.248097  -0.0000   0.03061000
  0.249250  -0.0000   0.03139000
  0.250967  -0.0000   0.03255000
  0.253518  -0.0000   0.03430000
  0.257297  -0.0000   0.03691000
  0.261033  -0.0000   0.03953000
  0.262269  -0.0000   0.04040000
  0.263501  -0.0000   0.04127000
  0.264042  -0.0000   0.04165000
  0.264346  -0.0000   0.04190000
  0.264632  -0.0000   0.04215000
  0.264919  -0.0000   0.04241000
  0.265348  -0.0000   0.04279000
  0.265776  -0.0000   0.04316000
  0.266416  -0.0000   0.04373000
  0.267371  -0.0000   0.04459000
  0.268794  -0.0000   0.04587000
  0.270910  -0.0000   0.04778000
  0.274050  -0.0000   0.05066000
  0.277159  -0.0000   0.05354000
  0.280240  -0.0000   0.05642000
  0.282536  -0.0000   0.05858000
  0.282883  -0.0000   0.05891000
  0.283194  -0.0000   0.05923000
  0.283477  -0.0000   0.05956000
  0.283901  -0.0000   0.06005000
  0.284326  -0.0000   0.06054000
  0.284749  -0.0000   0.06103000
  0.285381  -0.0000   0.06177000
  0.286325  -0.0000   0.06287000
  0.287731  -0.0000   0.06453000
  0.289824  -0.0000   0.06701000
  0.292931  -0.0000   0.07073000
  0.296008  -0.0000   0.07446000
  0.299058  -0.0000   0.07818000
  0.302058  -0.0000   0.08191000
  0.302316  -0.0000   0.08229000
  0.302575  -0.0000   0.08268000
  0.302834  -0.0000   0.08307000
  0.303093  -0.0000   0.08345000
  0.303481  -0.0000   0.08403000
  0.304061  -0.0000   0.08490000
  0.304927  -0.0000   0.08621000
  0.306219  -0.0000   0.08817000
  0.308144  -0.0000   0.09110000
  0.311005  -0.0000   0.09550000
  0.314106  -0.0000   0.10000000
  0.317179  -0.0000   0.10500000
  0.320226  -0.0000   0.11000000
  0.320576  -0.0000   0.11100000
  0.320925  -0.0000   0.11100000
  0.321226  -0.0000   0.11200000
  0.321519  -0.0000   0.11200000
  0.321813  -0.0000   0.11300000
  0.322107  -0.0000   0.11300000
  0.322546  -0.0000   0.11400000
  0.323203  -0.0000   0.11500000
  0.324183  -0.0000   0.11700000
  0.325643  -0.0000   0.12000000
  0.327816  -0.0000   0.12400000
  0.331042  -0.0000   0.13100000
  0.334237  -0.0000   0.13700000
  0.337404  -0.0000   0.14300000
  0.338404  -0.0000   0.14500000
  0.339400  -0.0000   0.14700000
  0.339861  -0.0000   0.14800000
  0.340188  -0.0000   0.14900000
  0.340514  -0.0000   0.15000000
  0.340841  -0.0000   0.15000000
  0.341167  -0.0000   0.15100000
  0.341655  -0.0000   0.15200000
  0.342383  -0.0000   0.15400000
  0.343471  -0.0000   0.15700000
  0.345091  -0.0000   0.16100000
  0.347501  -0.0000   0.16600000
  0.351078  -0.0000   0.17500000
  0.354619  -0.0000   0.18400000
  0.358127  -0.0000   0.19300000
  0.358496  -0.0000   0.19400000
  0.358849  -0.0000   0.19500000
  0.359165  -0.0000   0.19500000
  0.359482  -0.0000   0.19600000
  0.359799  -0.0000   0.19700000
  0.360115  -0.0000   0.19800000
  0.360588  -0.0000   0.20000000
  0.361295  -0.0000   0.20200000
  0.362350  -0.0000   0.20500000
  0.363923  -0.0000   0.20900000
  0.366263  -0.0000   0.21600000
  0.369568  -0.0000   0.22600000
  0.372844  -0.0000   0.23600000
  0.376091  -0.0000   0.24600000
  0.376669  -0.0000   0.24800000
  0.377247  -0.0000   0.25000000
  0.377805  -0.0000   0.25200000
  0.378121  -0.0000   0.25300000
  0.378438  -0.0000   0.25400000
  0.378755  -0.0000   0.25500000
  0.379071  -0.0000   0.25600000
  0.379543  -0.0000   0.25800000
  0.380250  -0.0000   0.26100000
  0.381305  -0.0000   0.26400000
  0.382877  -0.0000   0.27000000
  0.385217  -0.0000   0.27900000
  0.387924  -0.0000   0.28900000
  0.390612  -0.0000   0.29900000
  0.393280  -0.0000   0.30900000
  0.395930  -0.0000   0.31900000
  0.396360  -0.0000   0.32000000
  0.396771  -0.0000   0.32200000
  0.397147  -0.0000   0.32400000
  0.397524  -0.0000   0.32500000
  0.397899  -0.0000   0.32700000
  0.398275  -0.0000   0.32800000
  0.398836  -0.0000   0.33100000
  0.399674  -0.0000   0.33500000
  0.400924  -0.0000   0.34000000
  0.402787  -0.0000   0.34800000
  0.405036  -0.0000   0.35800000
  0.407270  -0.0000   0.36800000
  0.409490  -0.0000   0.37800000
  0.411697  -0.0000   0.38800000
  0.413892  -0.0000   0.39800000
  0.415136  -0.0000   0.40400000
  0.415635  -0.0000   0.40600000
  0.415956  -0.0000   0.40800000
  0.416277  -0.0000   0.41000000
  0.416598  -0.0000   0.41100000
  0.416919  -0.0000   0.41300000
  0.417398  -0.0000   0.41500000
  0.418115  -0.0000   0.41900000
  0.419184  -0.0000   0.42500000
  0.420779  -0.0000   0.43300000
  0.422660  -0.0000   0.44300000
  0.424530  -0.0000   0.45300000
  0.426390  -0.0000   0.46300000
  0.428241  -0.0000   0.47300000
  0.430082  -0.0000   0.48300000
  0.431915  -0.0000   0.49300000
  0.433740  -0.0000   0.50300000
  0.434314  -0.0000   0.50600000
  0.434845  -0.0000   0.50900000
  0.435356  -0.0000   0.51300000
  0.435865  -0.0000   0.51600000
  0.436373  -0.0000   0.51900000
  0.436880  -0.0000   0.52200000
  0.437637  -0.0000   0.52700000
  0.438768  -0.0000   0.53400000
  0.440354  -0.0000   0.54400000
  0.441932  -0.0000   0.55400000
  0.443502  -0.0000   0.56400000
  0.445066  -0.0000   0.57400000
  0.446623  -0.0000   0.58400000
  0.448174  -0.0000   0.59400000
  0.449718  -0.0000   0.60400000
  0.451256  -0.0000   0.61400000
  0.452789  -0.0000   0.62400000
  0.453399  -0.0000   0.62800000
  0.453786  -0.0000   0.63100000
  0.454165  -0.0000   0.63300000
  0.454544  -0.0000   0.63600000
  0.454922  -0.0000   0.63900000
  0.455487  -0.0000   0.64300000
  0.456331  -0.0000   0.64900000
  0.457591  -0.0000   0.65900000
  0.458934  -0.0000   0.66900000
  0.460272  -0.0000   0.67900000
  0.461604  -0.0000   0.68900000
  0.462931  -0.0000   0.69900000
  0.464253  -0.0000   0.70900000
  0.465570  -0.0000   0.71900000
  0.466883  -0.0000   0.72900000
  0.468191  -0.0000   0.73900000
  0.469495  -0.0000   0.74900000
  0.470795  -0.0000   0.75900000
  0.472091  -0.0000   0.76900000
  0.472550  -0.0000   0.77200000
  0.472976  -0.0000   0.77600000
  0.473402  -0.0000   0.78000000
  0.473826  -0.0000   0.78300000
  0.474250  -0.0000   0.78700000
  0.474884  -0.0000   0.79200000
  0.475831  -0.0000   0.80100000
  0.476978  -0.0000   0.81100000
  0.478121  -0.0000   0.82100000
  0.479260  -0.0000   0.83100000
  0.480394  -0.0000   0.84100000
  0.481526  -0.0000   0.85100000
  0.482653  -0.0000   0.86100000
  0.483777  -0.0000   0.87100000
  0.484898  -0.0000   0.88100000
  0.486016  -0.0000   0.89100000
  0.487130  -0.0000   0.90100000
  0.488241  -0.0000   0.91100000
  0.489350  -0.0000   0.92100000
  0.490456  -0.0000   0.93100000
  0.491543  -0.0000   0.94100000
  0.491865  -0.0000   0.94400000
  0.492188  -0.0000   0.94700000
  0.492511  -0.0000   0.95000000
  0.492833  -0.0000   0.95400000
  0.493315  -0.0000   0.95800000
  0.494036  -0.0000   0.96600000
  0.495022  -0.0000   0.97600000
  0.496004  -0.0000   0.98600000
  0.496984  -0.0000   0.99600000
  0.497406  -0.0000   1.00000000
  0.497237  -0.0000   1.00000000
  0.497237  -0.0000   1.00000000
  0.497237  -0.0000   1.00000000
  0.497237  -0.0000   1.00000000
  0.497236  -0.0000   1.00000000
  0.497236  -0.0000   1.00000000
  0.497236  -0.0000   1.00000000
  0.497236  -0.0000   1.00000000
  0.497236  -0.0000   1.00000000
  0.497235  -0.0000   1.00000000
  0.497233  -0.0000   1.00000000
  0.497230  -0.0000   1.00000000
  0.497229  -0.0000   1.00000000
