  0.000097  -0.0000   0.00000010
  0.000212  -0.0000   0.00000020
  0.000573  -0.0000   0.00000030
  0.006402  -0.0000   0.00000045
  0.006734  -0.0000   0.00000067
  0.007123  -0.0000   0.00000101
  0.007723  -0.0000   0.00000152
  0.008692  -0.0000   0.00000228
  0.009215  -0.0000   0.00000267
  0.009772  -0.0000   0.00000306
  0.010367  -0.0000   0.00000345
  0.010889  -0.0000   0.00000377
  0.011444  -0.0000   0.00000409
  0.012035  -0.0000   0.00000441
  0.012643  -0.0000   0.00000472
  0.013289  -0.0000   0.00000503
  0.013974  -0.0000   0.00000534
  0.014686  -0.0000   0.00000565
  0.015438  -0.0000   0.00000595
  0.016232  -0.0000   0.00000626
  0.017086  -0.0000   0.00000657
  0.017986  -0.0000   0.00000688
  0.018933  -0.0000   0.00000719
  0.020123  -0.0000   0.00000756
  0.021075  -0.0000   0.00000792
  0.021162  -0.0000   0.00000805
  0.021247  -0.0000   0.00000817
  0.021329  -0.0000   0.00000829
  0.021449  -0.0000   0.00000847
  0.021621  -0.0000   0.00000875
  0.021789  -0.0000   0.00000903
  0.021953  -0.0000   0.00000930
  0.022114  -0.0000   0.00000958
  0.022352  -0.0000   0.00000999
  0.022588  -0.0000   0.00001040
  0.022896  -0.0000   0.00001095
  0.023205  -0.0000   0.00001149
  0.023612  -0.0000   0.00001220
  0.024024  -0.0000   0.00001291
  0.024663  -0.0000   0.00001398
  0.025328  -0.0000   0.00001505
  0.026404  -0.0000   0.00001665
  0.027097  -0.0000   0.00001763
  0.027831  -0.0000   0.00001861
  0.028610  -0.0000   0.00001958
  0.029537  -0.0000   0.00002067
  0.030531  -0.0000   0.00002175
  0.031600  -0.0000   0.00002283
  0.032575  -0.0000   0.00002376
  0.033610  -0.0000   0.00002469
  0.034709  -0.0000   0.00002562
  0.035723  -0.0000   0.00002644
  0.036790  -0.0000   0.00002725
  0.037909  -0.0000   0.00002807
  0.039015  -0.0000   0.00002884
  0.040171  -0.0000   0.00002961
  0.040445  -0.0000   0.00002981
  0.040562  -0.0000   0.00003000
  0.040676  -0.0000   0.00003020
  0.040839  -0.0000   0.00003050
  0.041063  -0.0000   0.00003092
  0.041280  -0.0000   0.00003134
  0.041491  -0.0000   0.00003176
  0.041699  -0.0000   0.00003218
  0.042003  -0.0000   0.00003281
  0.042441  -0.0000   0.00003373
  0.042875  -0.0000   0.00003465
  0.043309  -0.0000   0.00003558
  0.043969  -0.0000   0.00003696
  0.044982  -0.0000   0.00003901
  0.046450  -0.0000   0.00004178
  0.047520  -0.0000   0.00004368
  0.048660  -0.0000   0.00004558
  0.049878  -0.0000   0.00004749
  0.051072  -0.0000   0.00004924
  0.052342  -0.0000   0.00005099
  0.053691  -0.0000   0.00005274
  0.055139  -0.0000   0.00005451
  0.056675  -0.0000   0.00005628
  0.058299  -0.0000   0.00005805
  0.060015  -0.0000   0.00005982
  0.060325  -0.0000   0.00006019
  0.060505  -0.0000   0.00006055
  0.060681  -0.0000   0.00006091
  0.060936  -0.0000   0.00006145
  0.061304  -0.0000   0.00006227
  0.061770  -0.0000   0.00006333
  0.062225  -0.0000   0.00006439
  0.062676  -0.0000   0.00006546
  0.063349  -0.0000   0.00006705
  0.064375  -0.0000   0.00006944
  0.065772  -0.0000   0.00007256
  0.067253  -0.0000   0.00007568
  0.068518  -0.0000   0.00007820
  0.069856  -0.0000   0.00008073
  0.071274  -0.0000   0.00008325
  0.072961  -0.0000   0.00008607
  0.074757  -0.0000   0.00008888
  0.076667  -0.0000   0.00009170
  0.078692  -0.0000   0.00009451
  0.079723  -0.0000   0.00009591
  0.080221  -0.0000   0.00009677
  0.080589  -0.0000   0.00009764
  0.080946  -0.0000   0.00009850
  0.081454  -0.0000   0.00009977
  0.081858  -0.0000   0.00010100
  0.082352  -0.0000   0.00010280
  0.082822  -0.0000   0.00010450
  0.083491  -0.0000   0.00010710
  0.084135  -0.0000   0.00010970
  0.085063  -0.0000   0.00011350
  0.085966  -0.0000   0.00011740
  0.087288  -0.0000   0.00012320
  0.089136  -0.0000   0.00013160
  0.090958  -0.0000   0.00013990
  0.092758  -0.0000   0.00014820
  0.094538  -0.0000   0.00015650
  0.097166  -0.0000   0.00016900
  0.097433  -0.0000   0.00017030
  0.097700  -0.0000   0.00017150
  0.097966  -0.0000   0.00017280
  0.098274  -0.0000   0.00017470
  0.098616  -0.0000   0.00017760
  0.098938  -0.0000   0.00018040
  0.099244  -0.0000   0.00018330
  0.099539  -0.0000   0.00018610
  0.099960  -0.0000   0.00019040
  0.100564  -0.0000   0.00019690
  0.101432  -0.0000   0.00020650
  0.102562  -0.0000   0.00021940
  0.103677  -0.0000   0.00023230
  0.105101  -0.0000   0.00024890
  0.106518  -0.0000   0.00026560
  0.107929  -0.0000   0.00028220
  0.110031  -0.0000   0.00030720
  0.113147  -0.0000   0.00034460
  0.113672  -0.0000   0.00035090
  0.114195  -0.0000   0.00035720
  0.114717  -0.0000   0.00036350
  0.115498  -0.0000   0.00037300
  0.116179  -0.0000   0.00038130
  0.116437  -0.0000   0.00038620
  0.116679  -0.0000   0.00039110
  0.116911  -0.0000   0.00039600
  0.117243  -0.0000   0.00040330
  0.117716  -0.0000   0.00041430
  0.118395  -0.0000   0.00043080
  0.119058  -0.0000   0.00044730
  0.120039  -0.0000   0.00047200
  0.121340  -0.0000   0.00050500
  0.122639  -0.0000   0.00053810
  0.123936  -0.0000   0.00057120
  0.125230  -0.0000   0.00060420
  0.127163  -0.0000   0.00065380
  0.130038  -0.0000   0.00072820
  0.134264  -0.0000   0.00083970
  0.134409  -0.0000   0.00084530
  0.134549  -0.0000   0.00085080
  0.134685  -0.0000   0.00085640
  0.134881  -0.0000   0.00086470
  0.135163  -0.0000   0.00087720
  0.135568  -0.0000   0.00089600
  0.136155  -0.0000   0.00092410
  0.137018  -0.0000   0.00096630
  0.138187  -0.0000   0.00102400
  0.139356  -0.0000   0.00108100
  0.140526  -0.0000   0.00113900
  0.141696  -0.0000   0.00119600
  0.143449  -0.0000   0.00128300
  0.146066  -0.0000   0.00141200
  0.149955  -0.0000   0.00160600
  0.150288  -0.0000   0.00162300
  0.150621  -0.0000   0.00164000
  0.150953  -0.0000   0.00165600
  0.151451  -0.0000   0.00168100
  0.152196  -0.0000   0.00171900
  0.152511  -0.0000   0.00173700
  0.152754  -0.0000   0.00175500
  0.152987  -0.0000   0.00177300
  0.153320  -0.0000   0.00180000
  0.153802  -0.0000   0.00184000
  0.154509  -0.0000   0.00190100
  0.155466  -0.0000   0.00198400
  0.156424  -0.0000   0.00206800
  0.157382  -0.0000   0.00215100
  0.158342  -0.0000   0.00223400
  0.159780  -0.0000   0.00235800
  0.161932  -0.0000   0.00254500
  0.165140  -0.0000   0.00282600
  0.169893  -0.0000   0.00324700
  0.170143  -0.0000   0.00326900
  0.170392  -0.0000   0.00329100
  0.170623  -0.0000   0.00331300
  0.170886  -0.0000   0.00334600
  0.171256  -0.0000   0.00339600
  0.171614  -0.0000   0.00344600
  0.171965  -0.0000   0.00349500
  0.172485  -0.0000   0.00357000
  0.173262  -0.0000   0.00368200
  0.174430  -0.0000   0.00385000
  0.175600  -0.0000   0.00401800
  0.176771  -0.0000   0.00418600
  0.178525  -0.0000   0.00443800
  0.181145  -0.0000   0.00481500
  0.185044  -0.0000   0.00538200
  0.185631  -0.0000   0.00546700
  0.186217  -0.0000   0.00555300
  0.186802  -0.0000   0.00563800
  0.187677  -0.0000   0.00576600
  0.188976  -0.0000   0.00595800
  0.189158  -0.0000   0.00599500
  0.189333  -0.0000   0.00603100
  0.189503  -0.0000   0.00606700
  0.189751  -0.0000   0.00612100
  0.190114  -0.0000   0.00620300
  0.190653  -0.0000   0.00632500
  0.191461  -0.0000   0.00650800
  0.192584  -0.0000   0.00676100
  0.193710  -0.0000   0.00701500
  0.194836  -0.0000   0.00726900
  0.196525  -0.0000   0.00765000
  0.199050  -0.0000   0.00822100
  0.202811  -0.0000   0.00907800
  0.203768  -0.0000   0.00929600
  0.204723  -0.0000   0.00951500
  0.205675  -0.0000   0.00973300
  0.207099  -0.0000   0.01006000
  0.207348  -0.0000   0.01012000
  0.207550  -0.0000   0.01019000
  0.207745  -0.0000   0.01025000
  0.208029  -0.0000   0.01034000
  0.208447  -0.0000   0.01049000
  0.209069  -0.0000   0.01070000
  0.210004  -0.0000   0.01102000
  0.210941  -0.0000   0.01133000
  0.211880  -0.0000   0.01165000
  0.213288  -0.0000   0.01213000
  0.215397  -0.0000   0.01284000
  0.218544  -0.0000   0.01392000
  0.223222  -0.0000   0.01553000
  0.223663  -0.0000   0.01568000
  0.224104  -0.0000   0.01583000
  0.224545  -0.0000   0.01598000
  0.225204  -0.0000   0.01621000
  0.225685  -0.0000   0.01638000
  0.225982  -0.0000   0.01652000
  0.226269  -0.0000   0.01666000
  0.226550  -0.0000   0.01680000
  0.226829  -0.0000   0.01693000
  0.227247  -0.0000   0.01714000
  0.227875  -0.0000   0.01745000
  0.228819  -0.0000   0.01792000
  0.230238  -0.0000   0.01862000
  0.231657  -0.0000   0.01932000
  0.233782  -0.0000   0.02036000
  0.236953  -0.0000   0.02194000
  0.241667  -0.0000   0.02429000
  0.242116  -0.0000   0.02452000
  0.242564  -0.0000   0.02474000
  0.243012  -0.0000   0.02497000
  0.243683  -0.0000   0.02530000
  0.244130  -0.0000   0.02554000
  0.244478  -0.0000   0.02577000
  0.244814  -0.0000   0.02600000
  0.245147  -0.0000   0.02623000
  0.245480  -0.0000   0.02646000
  0.245978  -0.0000   0.02681000
  0.246729  -0.0000   0.02734000
  0.247856  -0.0000   0.02812000
  0.249549  -0.0000   0.02929000
  0.252081  -0.0000   0.03106000
  0.255858  -0.0000   0.03370000
  0.260263  -0.0000   0.03681000
  0.260721  -0.0000   0.03713000
  0.261179  -0.0000   0.03745000
  0.261636  -0.0000   0.03778000
  0.262320  -0.0000   0.03826000
  0.262637  -0.0000   0.03851000
  0.262905  -0.0000   0.03876000
  0.263168  -0.0000   0.03901000
  0.263558  -0.0000   0.03939000
  0.263947  -0.0000   0.03976000
  0.264533  -0.0000   0.04032000
  0.265413  -0.0000   0.04116000
  0.266736  -0.0000   0.04243000
  0.268719  -0.0000   0.04432000
  0.271682  -0.0000   0.04716000
  0.276095  -0.0000   0.05143000
  0.276924  -0.0000   0.05223000
  0.277751  -0.0000   0.05303000
  0.278578  -0.0000   0.05383000
  0.279814  -0.0000   0.05503000
  0.280474  -0.0000   0.05568000
  0.281097  -0.0000   0.05632000
  0.281411  -0.0000   0.05671000
  0.281718  -0.0000   0.05711000
  0.282023  -0.0000   0.05750000
  0.282482  -0.0000   0.05810000
  0.283171  -0.0000   0.05899000
  0.284207  -0.0000   0.06032000
  0.285762  -0.0000   0.06232000
  0.287316  -0.0000   0.06432000
  0.289640  -0.0000   0.06732000
  0.293108  -0.0000   0.07182000
  0.298264  -0.0000   0.07856000
  0.298578  -0.0000   0.07897000
  0.298892  -0.0000   0.07939000
  0.299206  -0.0000   0.07980000
  0.299632  -0.0000   0.08041000
  0.300011  -0.0000   0.08105000
  0.300386  -0.0000   0.08169000
  0.300760  -0.0000   0.08233000
  0.301135  -0.0000   0.08297000
  0.301700  -0.0000   0.08393000
  0.302547  -0.0000   0.08537000
  0.303819  -0.0000   0.08753000
  0.305723  -0.0000   0.09076000
  0.308570  -0.0000   0.09562000
  0.312812  -0.0000   0.10300000
  0.314644  -0.0000   0.10600000
  0.316470  -0.0000   0.10900000
  0.317876  -0.0000   0.11200000
  0.318138  -0.0000   0.11200000
  0.318378  -0.0000   0.11300000
  0.318615  -0.0000   0.11300000
  0.318970  -0.0000   0.11400000
  0.319504  -0.0000   0.11500000
  0.320308  -0.0000   0.11700000
  0.321514  -0.0000   0.12000000
  0.322721  -0.0000   0.12200000
  0.324526  -0.0000   0.12600000
  0.327226  -0.0000   0.13200000
  0.331250  -0.0000   0.14100000
  0.335701  -0.0000   0.15100000
  0.336008  -0.0000   0.15200000
  0.336315  -0.0000   0.15300000
  0.336594  -0.0000   0.15300000
  0.336961  -0.0000   0.15400000
  0.337507  -0.0000   0.15600000
  0.338055  -0.0000   0.15700000
  0.338604  -0.0000   0.15900000
  0.339154  -0.0000   0.16100000
  0.339979  -0.0000   0.16300000
  0.341216  -0.0000   0.16600000
  0.343067  -0.0000   0.17200000
  0.345833  -0.0000   0.17900000
  0.349338  -0.0000   0.18900000
  0.352824  -0.0000   0.19900000
  0.353482  -0.0000   0.20100000
  0.354140  -0.0000   0.20300000
  0.354797  -0.0000   0.20500000
  0.355138  -0.0000   0.20600000
  0.355438  -0.0000   0.20700000
  0.355737  -0.0000   0.20800000
  0.356185  -0.0000   0.21000000
  0.356634  -0.0000   0.21200000
  0.357310  -0.0000   0.21400000
  0.358324  -0.0000   0.21800000
  0.359843  -0.0000   0.22300000
  0.362117  -0.0000   0.23100000
  0.364903  -0.0000   0.24100000
  0.367679  -0.0000   0.25100000
  0.370442  -0.0000   0.26100000
  0.373193  -0.0000   0.27100000
  0.373502  -0.0000   0.27200000
  0.373764  -0.0000   0.27300000
  0.374015  -0.0000   0.27400000
  0.374392  -0.0000   0.27600000
  0.374769  -0.0000   0.27800000
  0.375337  -0.0000   0.28000000
  0.376189  -0.0000   0.28400000
  0.377468  -0.0000   0.29000000
  0.379382  -0.0000   0.29800000
  0.381619  -0.0000   0.30800000
  0.383850  -0.0000   0.31800000
  0.386073  -0.0000   0.32800000
  0.388290  -0.0000   0.33800000
  0.390498  -0.0000   0.34800000
  0.391406  -0.0000   0.35200000
  0.392265  -0.0000   0.35700000
  0.392611  -0.0000   0.35900000
  0.392956  -0.0000   0.36000000
  0.393302  -0.0000   0.36200000
  0.393821  -0.0000   0.36500000
  0.394602  -0.0000   0.36900000
  0.395773  -0.0000   0.37600000
  0.397526  -0.0000   0.38600000
  0.399339  -0.0000   0.39600000
  0.401148  -0.0000   0.40600000
  0.402953  -0.0000   0.41600000
  0.404752  -0.0000   0.42600000
  0.406547  -0.0000   0.43600000
  0.408338  -0.0000   0.44600000
  0.410123  -0.0000   0.45600000
  0.410513  -0.0000   0.45800000
  0.410861  -0.0000   0.46000000
  0.411185  -0.0000   0.46200000
  0.411672  -0.0000   0.46500000
  0.412160  -0.0000   0.46900000
  0.412894  -0.0000   0.47400000
  0.413628  -0.0000   0.47900000
  0.414728  -0.0000   0.48600000
  0.416214  -0.0000   0.49600000
  0.417697  -0.0000   0.50600000
  0.419177  -0.0000   0.51600000
  0.420654  -0.0000   0.52600000
  0.422128  -0.0000   0.53600000
  0.423599  -0.0000   0.54600000
  0.425067  -0.0000   0.55600000
  0.426532  -0.0000   0.56600000
  0.427993  -0.0000   0.57600000
  0.429398  -0.0000   0.58600000
  0.429706  -0.0000   0.58800000
  0.430014  -0.0000   0.59100000
  0.430323  -0.0000   0.59400000
  0.430786  -0.0000   0.59700000
  0.431483  -0.0000   0.60300000
  0.432528  -0.0000   0.61100000
  0.433754  -0.0000   0.62100000
  0.434979  -0.0000   0.63100000
  0.436201  -0.0000   0.64100000
  0.437422  -0.0000   0.65100000
  0.438641  -0.0000   0.66100000
  0.439858  -0.0000   0.67100000
  0.441073  -0.0000   0.68100000
  0.442286  -0.0000   0.69100000
  0.443497  -0.0000   0.70100000
  0.444706  -0.0000   0.71100000
  0.445913  -0.0000   0.72100000
  0.447117  -0.0000   0.73100000
  0.447755  -0.0000   0.73700000
  0.448058  -0.0000   0.74000000
  0.448355  -0.0000   0.74300000
  0.448652  -0.0000   0.74600000
  0.449099  -0.0000   0.75000000
  0.449771  -0.0000   0.75700000
  0.450779  -0.0000   0.76600000
  0.451801  -0.0000   0.77600000
  0.452821  -0.0000   0.78600000
  0.453839  -0.0000   0.79600000
  0.454856  -0.0000   0.80600000
  0.455872  -0.0000   0.81600000
  0.456887  -0.0000   0.82600000
  0.457900  -0.0000   0.83600000
  0.458911  -0.0000   0.84600000
  0.459922  -0.0000   0.85600000
  0.460931  -0.0000   0.86600000
  0.461938  -0.0000   0.87600000
  0.462944  -0.0000   0.88600000
  0.463948  -0.0000   0.89600000
  0.464952  -0.0000   0.90600000
  0.465953  -0.0000   0.91600000
  0.466392  -0.0000   0.92100000
  0.466778  -0.0000   0.92500000
  0.467165  -0.0000   0.93000000
  0.467553  -0.0000   0.93500000
  0.467942  -0.0000   0.93900000
  0.468525  -0.0000   0.94600000
  0.469381  -0.0000   0.95600000
  0.470237  -0.0000   0.96600000
  0.471091  -0.0000   0.97600000
  0.471945  -0.0000   0.98600000
  0.472798  -0.0000   0.99600000
  0.473146  -0.0000   1.00000000
  0.471730  -0.0000   1.00000000
  0.470313  -0.0000   1.00000000
  0.468897  -0.0000   1.00000000
  0.466064  -0.0000   1.00000000
  0.460399  -0.0000   1.00000000
  0.449068  -0.0000   1.00000000
  0.426406  -0.0000   1.00000000
  0.381081  -0.0000   1.00000000
  0.290433  -0.0000   1.00000000
  0.109136  -0.0000   1.00000000
 -0.253457  -0.0000   1.00000000
 -0.943234  -0.0000   1.00000000
