  0.000037  -0.0000   0.00000010
  0.000084  -0.0000   0.00000020
  0.000252  -0.0000   0.00000030
  0.001696  -0.0000   0.00000040
  0.006328  -0.0000   0.00000045
  0.006463  -0.0000   0.00000050
  0.006632  -0.0000   0.00000054
  0.006794  -0.0000   0.00000058
  0.007007  -0.0000   0.00000061
  0.007283  -0.0000   0.00000065
  0.007539  -0.0000   0.00000067
  0.007842  -0.0000   0.00000070
  0.008197  -0.0000   0.00000073
  0.008606  -0.0000   0.00000075
  0.009070  -0.0000   0.00000078
  0.009589  -0.0000   0.00000080
  0.010161  -0.0000   0.00000083
  0.010783  -0.0000   0.00000086
  0.011450  -0.0000   0.00000088
  0.012158  -0.0000   0.00000091
  0.012902  -0.0000   0.00000094
  0.013676  -0.0000   0.00000096
  0.014726  -0.0000   0.00000100
  0.015811  -0.0000   0.00000103
  0.016924  -0.0000   0.00000107
  0.018062  -0.0000   0.00000110
  0.018422  -0.0000   0.00000111
  0.018785  -0.0000   0.00000112
  0.019149  -0.0000   0.00000113
  0.019307  -0.0000   0.00000114
  0.019466  -0.0000   0.00000114
  0.019495  -0.0000   0.00000115
  0.019501  -0.0000   0.00000115
  0.019505  -0.0000   0.00000115
  0.019510  -0.0000   0.00000115
  0.019516  -0.0000   0.00000116
  0.019522  -0.0000   0.00000117
  0.019531  -0.0000   0.00000118
  0.019541  -0.0000   0.00000120
  0.019554  -0.0000   0.00000124
  0.019571  -0.0000   0.00000128
  0.019594  -0.0000   0.00000135
  0.019627  -0.0000   0.00000145
  0.019679  -0.0000   0.00000161
  0.019783  -0.0000   0.00000184
  0.019853  -0.0000   0.00000196
  0.019943  -0.0000   0.00000208
  0.020058  -0.0000   0.00000221
  0.020223  -0.0000   0.00000234
  0.020436  -0.0000   0.00000248
  0.020704  -0.0000   0.00000262
  0.021037  -0.0000   0.00000275
  0.021354  -0.0000   0.00000286
  0.021724  -0.0000   0.00000297
  0.022150  -0.0000   0.00000308
  0.022637  -0.0000   0.00000319
  0.023185  -0.0000   0.00000330
  0.023797  -0.0000   0.00000341
  0.024474  -0.0000   0.00000352
  0.025217  -0.0000   0.00000363
  0.026026  -0.0000   0.00000374
  0.026901  -0.0000   0.00000385
  0.027843  -0.0000   0.00000396
  0.028851  -0.0000   0.00000407
  0.029927  -0.0000   0.00000418
  0.031070  -0.0000   0.00000429
  0.032283  -0.0000   0.00000440
  0.033564  -0.0000   0.00000451
  0.034915  -0.0000   0.00000462
  0.034989  -0.0000   0.00000463
  0.035062  -0.0000   0.00000463
  0.035136  -0.0000   0.00000464
  0.035180  -0.0000   0.00000465
  0.035195  -0.0000   0.00000466
  0.035206  -0.0000   0.00000467
  0.035216  -0.0000   0.00000468
  0.035229  -0.0000   0.00000469
  0.035245  -0.0000   0.00000471
  0.035265  -0.0000   0.00000474
  0.035292  -0.0000   0.00000478
  0.035329  -0.0000   0.00000485
  0.035381  -0.0000   0.00000495
  0.035462  -0.0000   0.00000511
  0.035604  -0.0000   0.00000534
  0.035883  -0.0000   0.00000568
  0.036245  -0.0000   0.00000603
  0.036606  -0.0000   0.00000631
  0.037040  -0.0000   0.00000659
  0.037555  -0.0000   0.00000688
  0.038054  -0.0000   0.00000711
  0.038622  -0.0000   0.00000735
  0.039265  -0.0000   0.00000759
  0.039988  -0.0000   0.00000783
  0.040798  -0.0000   0.00000807
  0.041698  -0.0000   0.00000831
  0.042532  -0.0000   0.00000851
  0.043437  -0.0000   0.00000872
  0.044417  -0.0000   0.00000892
  0.045474  -0.0000   0.00000912
  0.046611  -0.0000   0.00000932
  0.047829  -0.0000   0.00000953
  0.049129  -0.0000   0.00000973
  0.050511  -0.0000   0.00000993
  0.051976  -0.0000   0.00001014
  0.052071  -0.0000   0.00001015
  0.052113  -0.0000   0.00001016
  0.052133  -0.0000   0.00001018
  0.052157  -0.0000   0.00001020
  0.052177  -0.0000   0.00001022
  0.052203  -0.0000   0.00001025
  0.052238  -0.0000   0.00001029
  0.052284  -0.0000   0.00001036
  0.052351  -0.0000   0.00001046
  0.052453  -0.0000   0.00001061
  0.052619  -0.0000   0.00001083
  0.052907  -0.0000   0.00001117
  0.053334  -0.0000   0.00001159
  0.053834  -0.0000   0.00001201
  0.054414  -0.0000   0.00001243
  0.055084  -0.0000   0.00001285
  0.055850  -0.0000   0.00001327
  0.056532  -0.0000   0.00001361
  0.057286  -0.0000   0.00001395
  0.058117  -0.0000   0.00001429
  0.059029  -0.0000   0.00001462
  0.060028  -0.0000   0.00001496
  0.061117  -0.0000   0.00001530
  0.062301  -0.0000   0.00001564
  0.063581  -0.0000   0.00001597
  0.064962  -0.0000   0.00001631
  0.066444  -0.0000   0.00001665
  0.068027  -0.0000   0.00001698
  0.068255  -0.0000   0.00001703
  0.068485  -0.0000   0.00001708
  0.068716  -0.0000   0.00001713
  0.068992  -0.0000   0.00001720
  0.069034  -0.0000   0.00001723
  0.069067  -0.0000   0.00001726
  0.069096  -0.0000   0.00001729
  0.069135  -0.0000   0.00001734
  0.069188  -0.0000   0.00001741
  0.069265  -0.0000   0.00001752
  0.069382  -0.0000   0.00001767
  0.069569  -0.0000   0.00001791
  0.069880  -0.0000   0.00001826
  0.070412  -0.0000   0.00001880
  0.070956  -0.0000   0.00001928
  0.071562  -0.0000   0.00001976
  0.072236  -0.0000   0.00002024
  0.072940  -0.0000   0.00002070
  0.073713  -0.0000   0.00002116
  0.074560  -0.0000   0.00002162
  0.075451  -0.0000   0.00002206
  0.076419  -0.0000   0.00002250
  0.077467  -0.0000   0.00002294
  0.078758  -0.0000   0.00002344
  0.079901  -0.0000   0.00002385
  0.081122  -0.0000   0.00002426
  0.082423  -0.0000   0.00002467
  0.083956  -0.0000   0.00002512
  0.085587  -0.0000   0.00002558
  0.085701  -0.0000   0.00002561
  0.085788  -0.0000   0.00002564
  0.085828  -0.0000   0.00002567
  0.085875  -0.0000   0.00002572
  0.085934  -0.0000   0.00002579
  0.085990  -0.0000   0.00002586
  0.086071  -0.0000   0.00002597
  0.086193  -0.0000   0.00002613
  0.086385  -0.0000   0.00002637
  0.086695  -0.0000   0.00002673
  0.087208  -0.0000   0.00002727
  0.087929  -0.0000   0.00002795
  0.088731  -0.0000   0.00002862
  0.089620  -0.0000   0.00002930
  0.090603  -0.0000   0.00002998
  0.091685  -0.0000   0.00003066
  0.092875  -0.0000   0.00003134
  0.094178  -0.0000   0.00003201
  0.095305  -0.0000   0.00003256
  0.096512  -0.0000   0.00003311
  0.097801  -0.0000   0.00003365
  0.099353  -0.0000   0.00003427
  0.101012  -0.0000   0.00003488
  0.102713  -0.0000   0.00003549
  0.102765  -0.0000   0.00003553
  0.102808  -0.0000   0.00003558
  0.102846  -0.0000   0.00003562
  0.102899  -0.0000   0.00003569
  0.102974  -0.0000   0.00003579
  0.103086  -0.0000   0.00003594
  0.103260  -0.0000   0.00003616
  0.103535  -0.0000   0.00003650
  0.103980  -0.0000   0.00003700
  0.104715  -0.0000   0.00003776
  0.105736  -0.0000   0.00003869
  0.106659  -0.0000   0.00003947
  0.107666  -0.0000   0.00004024
  0.108763  -0.0000   0.00004102
  0.109953  -0.0000   0.00004179
  0.111242  -0.0000   0.00004257
  0.112635  -0.0000   0.00004334
  0.114135  -0.0000   0.00004412
  0.115746  -0.0000   0.00004489
  0.117469  -0.0000   0.00004566
  0.119304  -0.0000   0.00004644
  0.119445  -0.0000   0.00004650
  0.119586  -0.0000   0.00004656
  0.119707  -0.0000   0.00004662
  0.119792  -0.0000   0.00004670
  0.119864  -0.0000   0.00004679
  0.119932  -0.0000   0.00004688
  0.119999  -0.0000   0.00004697
  0.120099  -0.0000   0.00004710
  0.120252  -0.0000   0.00004730
  0.120492  -0.0000   0.00004760
  0.120872  -0.0000   0.00004805
  0.121481  -0.0000   0.00004872
  0.122483  -0.0000   0.00004973
  0.123580  -0.0000   0.00005074
  0.124776  -0.0000   0.00005175
  0.126079  -0.0000   0.00005276
  0.127496  -0.0000   0.00005376
  0.128777  -0.0000   0.00005462
  0.130147  -0.0000   0.00005547
  0.131608  -0.0000   0.00005632
  0.133162  -0.0000   0.00005717
  0.134811  -0.0000   0.00005803
  0.136554  -0.0000   0.00005888
  0.136677  -0.0000   0.00005894
  0.136739  -0.0000   0.00005900
  0.136792  -0.0000   0.00005906
  0.136863  -0.0000   0.00005916
  0.136931  -0.0000   0.00005925
  0.137033  -0.0000   0.00005939
  0.137189  -0.0000   0.00005960
  0.137431  -0.0000   0.00005992
  0.137812  -0.0000   0.00006039
  0.138418  -0.0000   0.00006110
  0.139402  -0.0000   0.00006216
  0.140711  -0.0000   0.00006344
  0.141903  -0.0000   0.00006453
  0.143188  -0.0000   0.00006562
  0.144571  -0.0000   0.00006671
  0.146055  -0.0000   0.00006780
  0.147644  -0.0000   0.00006888
  0.149343  -0.0000   0.00006997
  0.151153  -0.0000   0.00007106
  0.153075  -0.0000   0.00007215
  0.153254  -0.0000   0.00007225
  0.153435  -0.0000   0.00007235
  0.153617  -0.0000   0.00007245
  0.153812  -0.0000   0.00007260
  0.153930  -0.0000   0.00007276
  0.154040  -0.0000   0.00007291
  0.154148  -0.0000   0.00007306
  0.154258  -0.0000   0.00007321
  0.154426  -0.0000   0.00007344
  0.154688  -0.0000   0.00007378
  0.155096  -0.0000   0.00007429
  0.155738  -0.0000   0.00007506
  0.156772  -0.0000   0.00007622
  0.157887  -0.0000   0.00007738
  0.159079  -0.0000   0.00007854
  0.160352  -0.0000   0.00007970
  0.161670  -0.0000   0.00008083
  0.163071  -0.0000   0.00008196
  0.164558  -0.0000   0.00008309
  0.166122  -0.0000   0.00008421
  0.167774  -0.0000   0.00008533
  0.169516  -0.0000   0.00008645
  0.169996  -0.0000   0.00008676
  0.170483  -0.0000   0.00008706
  0.170892  -0.0000   0.00008737
  0.170990  -0.0000   0.00008749
  0.171079  -0.0000   0.00008762
  0.171166  -0.0000   0.00008774
  0.171297  -0.0000   0.00008793
  0.171498  -0.0000   0.00008821
  0.171811  -0.0000   0.00008863
  0.172299  -0.0000   0.00008927
  0.173071  -0.0000   0.00009022
  0.174316  -0.0000   0.00009164
  0.175650  -0.0000   0.00009307
  0.177080  -0.0000   0.00009449
  0.178609  -0.0000   0.00009591
  0.180241  -0.0000   0.00009734
  0.181981  -0.0000   0.00009876
  0.183807  -0.0000   0.00010020
  0.185563  -0.0000   0.00010160
  0.187271  -0.0000   0.00010300
  0.187434  -0.0000   0.00010320
  0.187597  -0.0000   0.00010330
  0.187759  -0.0000   0.00010340
  0.187947  -0.0000   0.00010360
  0.188069  -0.0000   0.00010390
  0.188182  -0.0000   0.00010410
  0.188293  -0.0000   0.00010430
  0.188404  -0.0000   0.00010450
  0.188573  -0.0000   0.00010480
  0.188826  -0.0000   0.00010530
  0.189206  -0.0000   0.00010600
  0.189772  -0.0000   0.00010710
  0.190608  -0.0000   0.00010870
  0.191834  -0.0000   0.00011110
  0.193622  -0.0000   0.00011470
  0.195365  -0.0000   0.00011830
  0.197067  -0.0000   0.00012190
  0.198730  -0.0000   0.00012550
  0.201088  -0.0000   0.00013080
  0.203374  -0.0000   0.00013610
  0.203714  -0.0000   0.00013680
  0.204053  -0.0000   0.00013760
  0.204390  -0.0000   0.00013840
  0.204885  -0.0000   0.00013960
  0.204987  -0.0000   0.00014010
  0.205079  -0.0000   0.00014050
  0.205170  -0.0000   0.00014090
  0.205260  -0.0000   0.00014140
  0.205396  -0.0000   0.00014210
  0.205602  -0.0000   0.00014310
  0.205911  -0.0000   0.00014460
  0.206373  -0.0000   0.00014680
  0.207058  -0.0000   0.00015020
  0.208068  -0.0000   0.00015520
  0.209548  -0.0000   0.00016280
  0.211701  -0.0000   0.00017420
  0.213795  -0.0000   0.00018560
  0.215834  -0.0000   0.00019700
  0.217822  -0.0000   0.00020840
  0.219760  -0.0000   0.00021980
  0.220707  -0.0000   0.00022540
  0.221643  -0.0000   0.00023110
  0.221810  -0.0000   0.00023210
  0.221917  -0.0000   0.00023310
  0.222006  -0.0000   0.00023410
  0.222135  -0.0000   0.00023560
  0.222264  -0.0000   0.00023710
  0.222460  -0.0000   0.00023940
  0.222755  -0.0000   0.00024280
  0.223196  -0.0000   0.00024790
  0.223849  -0.0000   0.00025560
  0.224813  -0.0000   0.00026720
  0.226227  -0.0000   0.00028440
  0.228286  -0.0000   0.00031040
  0.230292  -0.0000   0.00033630
  0.232250  -0.0000   0.00036220
  0.234162  -0.0000   0.00038820
  0.236361  -0.0000   0.00041890
  0.238501  -0.0000   0.00044950
  0.238653  -0.0000   0.00045170
  0.238788  -0.0000   0.00045390
  0.238876  -0.0000   0.00045610
  0.239000  -0.0000   0.00045940
  0.239124  -0.0000   0.00046260
  0.239250  -0.0000   0.00046590
  0.239439  -0.0000   0.00047080
  0.239723  -0.0000   0.00047820
  0.240146  -0.0000   0.00048930
  0.240773  -0.0000   0.00050590
  0.241699  -0.0000   0.00053080
  0.243059  -0.0000   0.00056820
  0.245044  -0.0000   0.00062420
  0.246981  -0.0000   0.00068030
  0.248873  -0.0000   0.00073630
  0.250724  -0.0000   0.00079230
  0.252938  -0.0000   0.00086120
  0.255093  -0.0000   0.00093000
  0.255276  -0.0000   0.00093590
  0.255458  -0.0000   0.00094180
  0.255641  -0.0000   0.00094760
  0.255782  -0.0000   0.00095400
  0.255895  -0.0000   0.00096030
  0.256008  -0.0000   0.00096670
  0.256179  -0.0000   0.00097620
  0.256437  -0.0000   0.00099040
  0.256823  -0.0000   0.00101200
  0.257395  -0.0000   0.00104400
  0.258242  -0.0000   0.00109200
  0.259486  -0.0000   0.00116400
  0.261306  -0.0000   0.00127300
  0.263085  -0.0000   0.00138100
  0.264828  -0.0000   0.00148900
  0.266535  -0.0000   0.00159800
  0.268805  -0.0000   0.00174600
  0.271016  -0.0000   0.00189300
  0.271487  -0.0000   0.00192500
  0.271955  -0.0000   0.00195700
  0.272421  -0.0000   0.00198900
  0.272619  -0.0000   0.00200200
  0.272744  -0.0000   0.00201600
  0.272862  -0.0000   0.00202900
  0.272982  -0.0000   0.00204300
  0.273102  -0.0000   0.00205600
  0.273284  -0.0000   0.00207700
  0.273555  -0.0000   0.00210700
  0.273960  -0.0000   0.00215300
  0.274560  -0.0000   0.00222100
  0.275446  -0.0000   0.00232400
  0.276749  -0.0000   0.00247800
  0.278655  -0.0000   0.00271000
  0.280519  -0.0000   0.00294100
  0.282343  -0.0000   0.00317300
  0.284131  -0.0000   0.00340400
  0.286324  -0.0000   0.00369500
  0.288462  -0.0000   0.00398600
  0.288702  -0.0000   0.00401900
  0.288941  -0.0000   0.00405200
  0.289179  -0.0000   0.00408500
  0.289535  -0.0000   0.00413400
  0.289640  -0.0000   0.00415500
  0.289738  -0.0000   0.00417700
  0.289836  -0.0000   0.00419900
  0.289986  -0.0000   0.00423100
  0.290210  -0.0000   0.00428000
  0.290545  -0.0000   0.00435400
  0.291044  -0.0000   0.00446400
  0.291781  -0.0000   0.00462800
  0.292868  -0.0000   0.00487600
  0.294463  -0.0000   0.00524700
  0.296558  -0.0000   0.00574700
  0.298605  -0.0000   0.00624800
  0.300607  -0.0000   0.00674800
  0.302564  -0.0000   0.00724900
  0.304478  -0.0000   0.00774900
  0.305183  -0.0000   0.00793500
  0.305882  -0.0000   0.00812100
  0.306530  -0.0000   0.00830700
  0.306653  -0.0000   0.00835800
  0.306777  -0.0000   0.00840900
  0.306901  -0.0000   0.00846000
  0.307026  -0.0000   0.00851100
  0.307213  -0.0000   0.00858800
  0.307493  -0.0000   0.00870300
  0.307910  -0.0000   0.00887500
  0.308529  -0.0000   0.00913400
  0.309443  -0.0000   0.00952300
  0.310788  -0.0000   0.01011000
  0.312757  -0.0000   0.01098000
  0.314683  -0.0000   0.01185000
  0.316570  -0.0000   0.01273000
  0.318418  -0.0000   0.01360000
  0.320229  -0.0000   0.01447000
  0.322645  -0.0000   0.01567000
  0.322849  -0.0000   0.01577000
  0.323053  -0.0000   0.01587000
  0.323256  -0.0000   0.01598000
  0.323508  -0.0000   0.01613000
  0.323711  -0.0000   0.01628000
  0.323916  -0.0000   0.01643000
  0.324122  -0.0000   0.01659000
  0.324328  -0.0000   0.01674000
  0.324634  -0.0000   0.01697000
  0.325090  -0.0000   0.01731000
  0.325765  -0.0000   0.01782000
  0.326763  -0.0000   0.01860000
  0.328230  -0.0000   0.01975000
  0.330273  -0.0000   0.02140000
  0.332271  -0.0000   0.02306000
  0.334227  -0.0000   0.02471000
  0.336142  -0.0000   0.02636000
  0.338018  -0.0000   0.02801000
  0.339279  -0.0000   0.02914000
  0.340058  -0.0000   0.02984000
  0.340276  -0.0000   0.03004000
  0.340435  -0.0000   0.03023000
  0.340585  -0.0000   0.03043000
  0.340736  -0.0000   0.03063000
  0.340887  -0.0000   0.03082000
  0.341114  -0.0000   0.03112000
  0.341452  -0.0000   0.03156000
  0.341954  -0.0000   0.03222000
  0.342698  -0.0000   0.03322000
  0.343795  -0.0000   0.03472000
  0.345406  -0.0000   0.03696000
  0.346987  -0.0000   0.03920000
  0.348542  -0.0000   0.04144000
  0.350071  -0.0000   0.04368000
  0.352310  -0.0000   0.04705000
  0.354497  -0.0000   0.05041000
  0.356632  -0.0000   0.05377000
  0.356833  -0.0000   0.05409000
  0.357034  -0.0000   0.05441000
  0.357235  -0.0000   0.05473000
  0.357355  -0.0000   0.05500000
  0.357475  -0.0000   0.05526000
  0.357596  -0.0000   0.05553000
  0.357717  -0.0000   0.05580000
  0.357898  -0.0000   0.05621000
  0.358169  -0.0000   0.05681000
  0.358572  -0.0000   0.05772000
  0.359169  -0.0000   0.05908000
  0.360053  -0.0000   0.06112000
  0.361355  -0.0000   0.06419000
  0.363263  -0.0000   0.06878000
  0.365133  -0.0000   0.07338000
  0.366966  -0.0000   0.07797000
  0.368764  -0.0000   0.08256000
  0.370529  -0.0000   0.08716000
  0.373088  -0.0000   0.09401000
  0.373333  -0.0000   0.09467000
  0.373577  -0.0000   0.09532000
  0.373820  -0.0000   0.09598000
  0.374179  -0.0000   0.09697000
  0.374277  -0.0000   0.09734000
  0.374425  -0.0000   0.09789000
  0.374574  -0.0000   0.09845000
  0.374723  -0.0000   0.09900000
  0.374946  -0.0000   0.10000000
  0.375278  -0.0000   0.10100000
  0.375772  -0.0000   0.10300000
  0.376504  -0.0000   0.10600000
  0.377585  -0.0000   0.11000000
  0.379174  -0.0000   0.11600000
  0.380735  -0.0000   0.12300000
  0.382271  -0.0000   0.12900000
  0.383782  -0.0000   0.13500000
  0.385996  -0.0000   0.14500000
  0.388161  -0.0000   0.15400000
  0.390390  -0.0000   0.16400000
  0.390607  -0.0000   0.16500000
  0.390824  -0.0000   0.16600000
  0.391039  -0.0000   0.16700000
  0.391210  -0.0000   0.16800000
  0.391365  -0.0000   0.16900000
  0.391522  -0.0000   0.17000000
  0.391757  -0.0000   0.17100000
  0.392107  -0.0000   0.17400000
  0.392627  -0.0000   0.17700000
  0.393398  -0.0000   0.18200000
  0.394534  -0.0000   0.18900000
  0.396076  -0.0000   0.19900000
  0.397593  -0.0000   0.20900000
  0.399085  -0.0000   0.21900000
  0.400554  -0.0000   0.22900000
  0.402001  -0.0000   0.23900000
  0.403427  -0.0000   0.24900000
  0.404832  -0.0000   0.25900000
  0.406216  -0.0000   0.26900000
  0.407580  -0.0000   0.27900000
  0.407802  -0.0000   0.28000000
  0.408024  -0.0000   0.28200000
  0.408156  -0.0000   0.28300000
  0.408289  -0.0000   0.28500000
  0.408423  -0.0000   0.28600000
  0.408557  -0.0000   0.28700000
  0.408758  -0.0000   0.28900000
  0.409056  -0.0000   0.29200000
  0.409501  -0.0000   0.29700000
  0.410160  -0.0000   0.30300000
  0.411134  -0.0000   0.31300000
  0.412109  -0.0000   0.32300000
  0.413072  -0.0000   0.33300000
  0.414025  -0.0000   0.34300000
  0.414968  -0.0000   0.35300000
  0.415902  -0.0000   0.36300000
  0.416827  -0.0000   0.37300000
  0.417743  -0.0000   0.38300000
  0.418651  -0.0000   0.39300000
  0.419549  -0.0000   0.40300000
  0.420440  -0.0000   0.41300000
  0.421323  -0.0000   0.42300000
  0.422197  -0.0000   0.43300000
  0.423064  -0.0000   0.44300000
  0.423922  -0.0000   0.45300000
  0.424773  -0.0000   0.46300000
  0.424961  -0.0000   0.46500000
  0.424999  -0.0000   0.46600000
  0.425037  -0.0000   0.46600000
  0.425094  -0.0000   0.46700000
  0.425180  -0.0000   0.46900000
  0.425309  -0.0000   0.47100000
  0.425503  -0.0000   0.47400000
  0.425793  -0.0000   0.47800000
  0.426223  -0.0000   0.48500000
  0.426862  -0.0000   0.49500000
  0.427495  -0.0000   0.50500000
  0.428123  -0.0000   0.51500000
  0.428746  -0.0000   0.52500000
  0.429364  -0.0000   0.53500000
  0.429978  -0.0000   0.54500000
  0.430587  -0.0000   0.55500000
  0.431192  -0.0000   0.56500000
  0.431794  -0.0000   0.57500000
  0.432391  -0.0000   0.58500000
  0.432985  -0.0000   0.59500000
  0.433575  -0.0000   0.60500000
  0.434162  -0.0000   0.61500000
  0.434745  -0.0000   0.62500000
  0.435324  -0.0000   0.63500000
  0.435901  -0.0000   0.64500000
  0.436473  -0.0000   0.65500000
  0.437043  -0.0000   0.66500000
  0.437609  -0.0000   0.67500000
  0.438172  -0.0000   0.68500000
  0.438731  -0.0000   0.69500000
  0.439287  -0.0000   0.70500000
  0.439841  -0.0000   0.71500000
  0.440390  -0.0000   0.72500000
  0.440937  -0.0000   0.73500000
  0.441481  -0.0000   0.74500000
  0.441976  -0.0000   0.75500000
  0.442081  -0.0000   0.75700000
  0.442241  -0.0000   0.76100000
  0.442479  -0.0000   0.76700000
  0.442717  -0.0000   0.77200000
  0.443071  -0.0000   0.78100000
  0.443488  -0.0000   0.79100000
  0.443902  -0.0000   0.80100000
  0.444313  -0.0000   0.81100000
  0.444722  -0.0000   0.82100000
  0.445128  -0.0000   0.83100000
  0.445532  -0.0000   0.84100000
  0.445935  -0.0000   0.85100000
  0.446335  -0.0000   0.86100000
  0.446733  -0.0000   0.87100000
  0.447130  -0.0000   0.88100000
  0.447525  -0.0000   0.89100000
  0.447918  -0.0000   0.90100000
  0.448310  -0.0000   0.91100000
  0.448700  -0.0000   0.92100000
  0.449088  -0.0000   0.93100000
  0.449475  -0.0000   0.94100000
  0.449860  -0.0000   0.95100000
  0.450244  -0.0000   0.96100000
  0.450626  -0.0000   0.97100000
  0.451006  -0.0000   0.98100000
  0.451386  -0.0000   0.99100000
  0.451742  -0.0000   1.00000000
  0.451207  -0.0000   1.00000000
  0.451207  -0.0000   1.00000000
  0.451207  -0.0000   1.00000000
  0.451207  -0.0000   1.00000000
  0.451207  -0.0000   1.00000000
  0.451207  -0.0000   1.00000000
  0.451207  -0.0000   1.00000000
  0.451206  -0.0000   1.00000000
  0.451205  -0.0000   1.00000000
  0.451203  -0.0000   1.00000000
  0.451201  -0.0000   1.00000000
  0.451197  -0.0000   1.00000000
  0.451192  -0.0000   1.00000000
  0.451190  -0.0000   1.00000000
