  0.000022  -0.0000   0.00000010
  0.000054  -0.0000   0.00000016
  0.000124  -0.0000   0.00000020
  0.000263  -0.0000   0.00000023
  0.001298  -0.0000   0.00000025
  0.006402  -0.0000   0.00000028
  0.006556  -0.0000   0.00000029
  0.006751  -0.0000   0.00000031
  0.006995  -0.0000   0.00000033
  0.007266  -0.0000   0.00000034
  0.007580  -0.0000   0.00000036
  0.007935  -0.0000   0.00000037
  0.008428  -0.0000   0.00000039
  0.008970  -0.0000   0.00000041
  0.009556  -0.0000   0.00000043
  0.010183  -0.0000   0.00000045
  0.010849  -0.0000   0.00000047
  0.011743  -0.0000   0.00000049
  0.012702  -0.0000   0.00000051
  0.013509  -0.0000   0.00000053
  0.014368  -0.0000   0.00000055
  0.015283  -0.0000   0.00000057
  0.016261  -0.0000   0.00000059
  0.017302  -0.0000   0.00000061
  0.018408  -0.0000   0.00000063
  0.019574  -0.0000   0.00000065
  0.019647  -0.0000   0.00000065
  0.019721  -0.0000   0.00000065
  0.019791  -0.0000   0.00000065
  0.019797  -0.0000   0.00000065
  0.019801  -0.0000   0.00000065
  0.019804  -0.0000   0.00000065
  0.019806  -0.0000   0.00000065
  0.019809  -0.0000   0.00000066
  0.019812  -0.0000   0.00000066
  0.019816  -0.0000   0.00000066
  0.019821  -0.0000   0.00000067
  0.019828  -0.0000   0.00000068
  0.019836  -0.0000   0.00000069
  0.019848  -0.0000   0.00000071
  0.019867  -0.0000   0.00000074
  0.019901  -0.0000   0.00000078
  0.019966  -0.0000   0.00000085
  0.020103  -0.0000   0.00000095
  0.020291  -0.0000   0.00000105
  0.020542  -0.0000   0.00000115
  0.020797  -0.0000   0.00000123
  0.021113  -0.0000   0.00000131
  0.021499  -0.0000   0.00000140
  0.021963  -0.0000   0.00000148
  0.022399  -0.0000   0.00000154
  0.022896  -0.0000   0.00000161
  0.023457  -0.0000   0.00000168
  0.024171  -0.0000   0.00000175
  0.024974  -0.0000   0.00000183
  0.025686  -0.0000   0.00000189
  0.026461  -0.0000   0.00000195
  0.027301  -0.0000   0.00000201
  0.028331  -0.0000   0.00000207
  0.029445  -0.0000   0.00000214
  0.030645  -0.0000   0.00000221
  0.031930  -0.0000   0.00000228
  0.033299  -0.0000   0.00000234
  0.034751  -0.0000   0.00000241
  0.035105  -0.0000   0.00000243
  0.035464  -0.0000   0.00000244
  0.035828  -0.0000   0.00000246
  0.035914  -0.0000   0.00000247
  0.035925  -0.0000   0.00000247
  0.035934  -0.0000   0.00000247
  0.035940  -0.0000   0.00000248
  0.035946  -0.0000   0.00000248
  0.035954  -0.0000   0.00000249
  0.035965  -0.0000   0.00000249
  0.035985  -0.0000   0.00000251
  0.036015  -0.0000   0.00000254
  0.036062  -0.0000   0.00000258
  0.036136  -0.0000   0.00000264
  0.036259  -0.0000   0.00000273
  0.036472  -0.0000   0.00000286
  0.036871  -0.0000   0.00000306
  0.037234  -0.0000   0.00000321
  0.037664  -0.0000   0.00000336
  0.038171  -0.0000   0.00000352
  0.038765  -0.0000   0.00000367
  0.039455  -0.0000   0.00000382
  0.040093  -0.0000   0.00000395
  0.040807  -0.0000   0.00000407
  0.041603  -0.0000   0.00000420
  0.042486  -0.0000   0.00000432
  0.043460  -0.0000   0.00000445
  0.044530  -0.0000   0.00000457
  0.045699  -0.0000   0.00000470
  0.046968  -0.0000   0.00000483
  0.048340  -0.0000   0.00000495
  0.049814  -0.0000   0.00000508
  0.051388  -0.0000   0.00000520
  0.051792  -0.0000   0.00000523
  0.052202  -0.0000   0.00000527
  0.052583  -0.0000   0.00000530
  0.052593  -0.0000   0.00000530
  0.052604  -0.0000   0.00000530
  0.052616  -0.0000   0.00000531
  0.052633  -0.0000   0.00000532
  0.052657  -0.0000   0.00000534
  0.052692  -0.0000   0.00000536
  0.052745  -0.0000   0.00000539
  0.052827  -0.0000   0.00000544
  0.052952  -0.0000   0.00000552
  0.053151  -0.0000   0.00000563
  0.053474  -0.0000   0.00000581
  0.054035  -0.0000   0.00000606
  0.054686  -0.0000   0.00000632
  0.055285  -0.0000   0.00000653
  0.055962  -0.0000   0.00000674
  0.056725  -0.0000   0.00000695
  0.057581  -0.0000   0.00000716
  0.058540  -0.0000   0.00000737
  0.059608  -0.0000   0.00000758
  0.060791  -0.0000   0.00000779
  0.061870  -0.0000   0.00000796
  0.063037  -0.0000   0.00000814
  0.064293  -0.0000   0.00000832
  0.065788  -0.0000   0.00000851
  0.067390  -0.0000   0.00000871
  0.069096  -0.0000   0.00000890
  0.069212  -0.0000   0.00000891
  0.069241  -0.0000   0.00000893
  0.069266  -0.0000   0.00000894
  0.069288  -0.0000   0.00000895
  0.069311  -0.0000   0.00000896
  0.069345  -0.0000   0.00000898
  0.069396  -0.0000   0.00000901
  0.069474  -0.0000   0.00000906
  0.069591  -0.0000   0.00000912
  0.069771  -0.0000   0.00000923
  0.070050  -0.0000   0.00000938
  0.070498  -0.0000   0.00000960
  0.071251  -0.0000   0.00000994
  0.072103  -0.0000   0.00001028
  0.072873  -0.0000   0.00001055
  0.073726  -0.0000   0.00001083
  0.074669  -0.0000   0.00001110
  0.075710  -0.0000   0.00001138
  0.076854  -0.0000   0.00001165
  0.078107  -0.0000   0.00001193
  0.079473  -0.0000   0.00001220
  0.080955  -0.0000   0.00001248
  0.082553  -0.0000   0.00001276
  0.084266  -0.0000   0.00001303
  0.085314  -0.0000   0.00001319
  0.085578  -0.0000   0.00001323
  0.085808  -0.0000   0.00001327
  0.085839  -0.0000   0.00001329
  0.085879  -0.0000   0.00001331
  0.085918  -0.0000   0.00001334
  0.085958  -0.0000   0.00001336
  0.086018  -0.0000   0.00001339
  0.086109  -0.0000   0.00001344
  0.086245  -0.0000   0.00001352
  0.086453  -0.0000   0.00001364
  0.086772  -0.0000   0.00001381
  0.087275  -0.0000   0.00001407
  0.088102  -0.0000   0.00001446
  0.089014  -0.0000   0.00001485
  0.090024  -0.0000   0.00001524
  0.091142  -0.0000   0.00001563
  0.092377  -0.0000   0.00001602
  0.093511  -0.0000   0.00001635
  0.094738  -0.0000   0.00001668
  0.096062  -0.0000   0.00001701
  0.097629  -0.0000   0.00001737
  0.099315  -0.0000   0.00001773
  0.101118  -0.0000   0.00001809
  0.101535  -0.0000   0.00001817
  0.101957  -0.0000   0.00001825
  0.102386  -0.0000   0.00001833
  0.102456  -0.0000   0.00001836
  0.102499  -0.0000   0.00001838
  0.102541  -0.0000   0.00001841
  0.102604  -0.0000   0.00001844
  0.102699  -0.0000   0.00001850
  0.102844  -0.0000   0.00001858
  0.103061  -0.0000   0.00001871
  0.103393  -0.0000   0.00001889
  0.103909  -0.0000   0.00001917
  0.104736  -0.0000   0.00001959
  0.105487  -0.0000   0.00001995
  0.106290  -0.0000   0.00002030
  0.107150  -0.0000   0.00002066
  0.108169  -0.0000   0.00002105
  0.109267  -0.0000   0.00002144
  0.110449  -0.0000   0.00002183
  0.111719  -0.0000   0.00002222
  0.113080  -0.0000   0.00002261
  0.114532  -0.0000   0.00002300
  0.116362  -0.0000   0.00002346
  0.118317  -0.0000   0.00002392
  0.118510  -0.0000   0.00002397
  0.118704  -0.0000   0.00002401
  0.118900  -0.0000   0.00002406
  0.119119  -0.0000   0.00002413
  0.119149  -0.0000   0.00002414
  0.119191  -0.0000   0.00002417
  0.119254  -0.0000   0.00002421
  0.119350  -0.0000   0.00002426
  0.119495  -0.0000   0.00002435
  0.119714  -0.0000   0.00002448
  0.120046  -0.0000   0.00002467
  0.120556  -0.0000   0.00002496
  0.121361  -0.0000   0.00002539
  0.122289  -0.0000   0.00002586
  0.123283  -0.0000   0.00002633
  0.124351  -0.0000   0.00002680
  0.125486  -0.0000   0.00002727
  0.126703  -0.0000   0.00002773
  0.128005  -0.0000   0.00002820
  0.129471  -0.0000   0.00002869
  0.131036  -0.0000   0.00002918
  0.132701  -0.0000   0.00002967
  0.134638  -0.0000   0.00003021
  0.134935  -0.0000   0.00003029
  0.135235  -0.0000   0.00003037
  0.135537  -0.0000   0.00003045
  0.135795  -0.0000   0.00003052
  0.135826  -0.0000   0.00003054
  0.135855  -0.0000   0.00003056
  0.135899  -0.0000   0.00003059
  0.135964  -0.0000   0.00003063
  0.136064  -0.0000   0.00003069
  0.136214  -0.0000   0.00003078
  0.136440  -0.0000   0.00003092
  0.136781  -0.0000   0.00003113
  0.137304  -0.0000   0.00003144
  0.138124  -0.0000   0.00003190
  0.139201  -0.0000   0.00003248
  0.140355  -0.0000   0.00003306
  0.141591  -0.0000   0.00003363
  0.143151  -0.0000   0.00003430
  0.144838  -0.0000   0.00003497
  0.146656  -0.0000   0.00003564
  0.148608  -0.0000   0.00003632
  0.150693  -0.0000   0.00003699
  0.151700  -0.0000   0.00003730
  0.152372  -0.0000   0.00003751
  0.152527  -0.0000   0.00003756
  0.152548  -0.0000   0.00003757
  0.152568  -0.0000   0.00003758
  0.152596  -0.0000   0.00003760
  0.152639  -0.0000   0.00003763
  0.152705  -0.0000   0.00003767
  0.152804  -0.0000   0.00003774
  0.152952  -0.0000   0.00003783
  0.153176  -0.0000   0.00003797
  0.153514  -0.0000   0.00003819
  0.154029  -0.0000   0.00003851
  0.154829  -0.0000   0.00003899
  0.156108  -0.0000   0.00003971
  0.157480  -0.0000   0.00004044
  0.158954  -0.0000   0.00004116
  0.160535  -0.0000   0.00004188
  0.162230  -0.0000   0.00004260
  0.164040  -0.0000   0.00004333
  0.165967  -0.0000   0.00004405
  0.168008  -0.0000   0.00004477
  0.168337  -0.0000   0.00004489
  0.168669  -0.0000   0.00004500
  0.169004  -0.0000   0.00004512
  0.169268  -0.0000   0.00004521
  0.169303  -0.0000   0.00004523
  0.169337  -0.0000   0.00004526
  0.169387  -0.0000   0.00004529
  0.169463  -0.0000   0.00004534
  0.169579  -0.0000   0.00004542
  0.169753  -0.0000   0.00004554
  0.170014  -0.0000   0.00004571
  0.170410  -0.0000   0.00004597
  0.171015  -0.0000   0.00004636
  0.171957  -0.0000   0.00004695
  0.173469  -0.0000   0.00004783
  0.175095  -0.0000   0.00004871
  0.176843  -0.0000   0.00004959
  0.178720  -0.0000   0.00005047
  0.180730  -0.0000   0.00005136
  0.182873  -0.0000   0.00005224
  0.185146  -0.0000   0.00005312
  0.185359  -0.0000   0.00005320
  0.185572  -0.0000   0.00005328
  0.185787  -0.0000   0.00005336
  0.186072  -0.0000   0.00005349
  0.186137  -0.0000   0.00005353
  0.186234  -0.0000   0.00005360
  0.186333  -0.0000   0.00005367
  0.186432  -0.0000   0.00005374
  0.186582  -0.0000   0.00005384
  0.186806  -0.0000   0.00005400
  0.187145  -0.0000   0.00005423
  0.187659  -0.0000   0.00005458
  0.188452  -0.0000   0.00005511
  0.189701  -0.0000   0.00005589
  0.190854  -0.0000   0.00005659
  0.192065  -0.0000   0.00005728
  0.193336  -0.0000   0.00005797
  0.194900  -0.0000   0.00005878
  0.196552  -0.0000   0.00005958
  0.198293  -0.0000   0.00006039
  0.200589  -0.0000   0.00006139
  0.202900  -0.0000   0.00006239
  0.202985  -0.0000   0.00006246
  0.203069  -0.0000   0.00006252
  0.203155  -0.0000   0.00006258
  0.203241  -0.0000   0.00006264
  0.203371  -0.0000   0.00006274
  0.203566  -0.0000   0.00006288
  0.203859  -0.0000   0.00006309
  0.204304  -0.0000   0.00006341
  0.204984  -0.0000   0.00006388
  0.206042  -0.0000   0.00006459
  0.207733  -0.0000   0.00006566
  0.209537  -0.0000   0.00006673
  0.211461  -0.0000   0.00006780
  0.213509  -0.0000   0.00006887
  0.215682  -0.0000   0.00006994
  0.217979  -0.0000   0.00007101
  0.218485  -0.0000   0.00007124
  0.218998  -0.0000   0.00007148
  0.219516  -0.0000   0.00007171
  0.219681  -0.0000   0.00007179
  0.219707  -0.0000   0.00007181
  0.219733  -0.0000   0.00007183
  0.219771  -0.0000   0.00007186
  0.219829  -0.0000   0.00007190
  0.219917  -0.0000   0.00007197
  0.220049  -0.0000   0.00007206
  0.220247  -0.0000   0.00007221
  0.220546  -0.0000   0.00007243
  0.220997  -0.0000   0.00007277
  0.221685  -0.0000   0.00007326
  0.222750  -0.0000   0.00007401
  0.224439  -0.0000   0.00007513
  0.226230  -0.0000   0.00007626
  0.228129  -0.0000   0.00007738
  0.230139  -0.0000   0.00007850
  0.232263  -0.0000   0.00007962
  0.234498  -0.0000   0.00008075
  0.235278  -0.0000   0.00008113
  0.236071  -0.0000   0.00008152
  0.236280  -0.0000   0.00008162
  0.236428  -0.0000   0.00008172
  0.236556  -0.0000   0.00008182
  0.236685  -0.0000   0.00008192
  0.236816  -0.0000   0.00008202
  0.237011  -0.0000   0.00008217
  0.237306  -0.0000   0.00008240
  0.237751  -0.0000   0.00008274
  0.238427  -0.0000   0.00008326
  0.239472  -0.0000   0.00008403
  0.241121  -0.0000   0.00008518
  0.242858  -0.0000   0.00008633
  0.244691  -0.0000   0.00008748
  0.246622  -0.0000   0.00008864
  0.248652  -0.0000   0.00008979
  0.251016  -0.0000   0.00009107
  0.252301  -0.0000   0.00009174
  0.252706  -0.0000   0.00009195
  0.253115  -0.0000   0.00009216
  0.253231  -0.0000   0.00009225
  0.253335  -0.0000   0.00009234
  0.253441  -0.0000   0.00009242
  0.253601  -0.0000   0.00009255
  0.253841  -0.0000   0.00009274
  0.254203  -0.0000   0.00009303
  0.254750  -0.0000   0.00009347
  0.255586  -0.0000   0.00009412
  0.256885  -0.0000   0.00009510
  0.258371  -0.0000   0.00009617
  0.259924  -0.0000   0.00009724
  0.261546  -0.0000   0.00009831
  0.263933  -0.0000   0.00009980
  0.266244  -0.0000   0.00010130
  0.268462  -0.0000   0.00010280
  0.268873  -0.0000   0.00010310
  0.269280  -0.0000   0.00010330
  0.269685  -0.0000   0.00010360
  0.269955  -0.0000   0.00010380
  0.270073  -0.0000   0.00010390
  0.270183  -0.0000   0.00010400
  0.270295  -0.0000   0.00010410
  0.270406  -0.0000   0.00010430
  0.270571  -0.0000   0.00010440
  0.270816  -0.0000   0.00010470
  0.271178  -0.0000   0.00010510
  0.271710  -0.0000   0.00010570
  0.272488  -0.0000   0.00010660
  0.273621  -0.0000   0.00010800
  0.274727  -0.0000   0.00010930
  0.275807  -0.0000   0.00011070
  0.276865  -0.0000   0.00011200
  0.278409  -0.0000   0.00011400
  0.280330  -0.0000   0.00011660
  0.282189  -0.0000   0.00011920
  0.283989  -0.0000   0.00012180
  0.285735  -0.0000   0.00012440
  0.286014  -0.0000   0.00012490
  0.286292  -0.0000   0.00012530
  0.286568  -0.0000   0.00012570
  0.286942  -0.0000   0.00012630
  0.287045  -0.0000   0.00012660
  0.287201  -0.0000   0.00012690
  0.287357  -0.0000   0.00012730
  0.287512  -0.0000   0.00012760
  0.287742  -0.0000   0.00012820
  0.288081  -0.0000   0.00012900
  0.288581  -0.0000   0.00013010
  0.289315  -0.0000   0.00013190
  0.290385  -0.0000   0.00013460
  0.291609  -0.0000   0.00013780
  0.292804  -0.0000   0.00014090
  0.293973  -0.0000   0.00014410
  0.295565  -0.0000   0.00014850
  0.297113  -0.0000   0.00015290
  0.299052  -0.0000   0.00015870
  0.300929  -0.0000   0.00016440
  0.302747  -0.0000   0.00017010
  0.303073  -0.0000   0.00017120
  0.303398  -0.0000   0.00017220
  0.303721  -0.0000   0.00017320
  0.303877  -0.0000   0.00017380
  0.304009  -0.0000   0.00017450
  0.304142  -0.0000   0.00017510
  0.304340  -0.0000   0.00017600
  0.304633  -0.0000   0.00017740
  0.305064  -0.0000   0.00017940
  0.305697  -0.0000   0.00018250
  0.306622  -0.0000   0.00018710
  0.307790  -0.0000   0.00019310
  0.308930  -0.0000   0.00019910
  0.310046  -0.0000   0.00020510
  0.311139  -0.0000   0.00021110
  0.312733  -0.0000   0.00022020
  0.314709  -0.0000   0.00023170
  0.316622  -0.0000   0.00024330
  0.318475  -0.0000   0.00025480
  0.320273  -0.0000   0.00026640
  0.320462  -0.0000   0.00026760
  0.320650  -0.0000   0.00026880
  0.320801  -0.0000   0.00027000
  0.320851  -0.0000   0.00027050
  0.320928  -0.0000   0.00027120
  0.321042  -0.0000   0.00027220
  0.321213  -0.0000   0.00027370
  0.321466  -0.0000   0.00027600
  0.321840  -0.0000   0.00027950
  0.322390  -0.0000   0.00028470
  0.323196  -0.0000   0.00029250
  0.324372  -0.0000   0.00030430
  0.325519  -0.0000   0.00031600
  0.326641  -0.0000   0.00032770
  0.327741  -0.0000   0.00033940
  0.329345  -0.0000   0.00035700
  0.331254  -0.0000   0.00037860
  0.333104  -0.0000   0.00040020
  0.334899  -0.0000   0.00042180
  0.336644  -0.0000   0.00044340
  0.336910  -0.0000   0.00044680
  0.337175  -0.0000   0.00045010
  0.337439  -0.0000   0.00045340
  0.337702  -0.0000   0.00045710
  0.337757  -0.0000   0.00045810
  0.337812  -0.0000   0.00045900
  0.337895  -0.0000   0.00046040
  0.338019  -0.0000   0.00046250
  0.338203  -0.0000   0.00046570
  0.338476  -0.0000   0.00047050
  0.338879  -0.0000   0.00047760
  0.339473  -0.0000   0.00048830
  0.340343  -0.0000   0.00050430
  0.341561  -0.0000   0.00052740
  0.342751  -0.0000   0.00055050
  0.343914  -0.0000   0.00057350
  0.345054  -0.0000   0.00059660
  0.346716  -0.0000   0.00063130
  0.348674  -0.0000   0.00067340
  0.350571  -0.0000   0.00071560
  0.352412  -0.0000   0.00075770
  0.354203  -0.0000   0.00079990
  0.354399  -0.0000   0.00080450
  0.354585  -0.0000   0.00080910
  0.354621  -0.0000   0.00081030
  0.354677  -0.0000   0.00081200
  0.354760  -0.0000   0.00081460
  0.354885  -0.0000   0.00081850
  0.355071  -0.0000   0.00082440
  0.355347  -0.0000   0.00083310
  0.355754  -0.0000   0.00084630
  0.356353  -0.0000   0.00086610
  0.357231  -0.0000   0.00089570
  0.358419  -0.0000   0.00093690
  0.359580  -0.0000   0.00097810
  0.360717  -0.0000   0.00101900
  0.361831  -0.0000   0.00106000
  0.363456  -0.0000   0.00112200
  0.365452  -0.0000   0.00120100
  0.367387  -0.0000   0.00127900
  0.369266  -0.0000   0.00135800
  0.371094  -0.0000   0.00143600
  0.371304  -0.0000   0.00144500
  0.371504  -0.0000   0.00145400
  0.371544  -0.0000   0.00145600
  0.371605  -0.0000   0.00146000
  0.371697  -0.0000   0.00146500
  0.371833  -0.0000   0.00147200
  0.372037  -0.0000   0.00148400
  0.372338  -0.0000   0.00150100
  0.372783  -0.0000   0.00152700
  0.373438  -0.0000   0.00156600
  0.374397  -0.0000   0.00162400
  0.375579  -0.0000   0.00169700
  0.376734  -0.0000   0.00177000
  0.377865  -0.0000   0.00184400
  0.379424  -0.0000   0.00194700
  0.380944  -0.0000   0.00205100
  0.382908  -0.0000   0.00219000
  0.384814  -0.0000   0.00232800
  0.386668  -0.0000   0.00246700
  0.388451  -0.0000   0.00260500
  0.388473  -0.0000   0.00260700
  0.388506  -0.0000   0.00261000
  0.388556  -0.0000   0.00261500
  0.388631  -0.0000   0.00262300
  0.388743  -0.0000   0.00263400
  0.388910  -0.0000   0.00265000
  0.389158  -0.0000   0.00267500
  0.389525  -0.0000   0.00271200
  0.390067  -0.0000   0.00276700
  0.390863  -0.0000   0.00285000
  0.392026  -0.0000   0.00297500
  0.393164  -0.0000   0.00310000
  0.394279  -0.0000   0.00322500
  0.395373  -0.0000   0.00334900
  0.396969  -0.0000   0.00353600
  0.398938  -0.0000   0.00377500
  0.400849  -0.0000   0.00401300
  0.402709  -0.0000   0.00425100
  0.404524  -0.0000   0.00448900
  0.404810  -0.0000   0.00452700
  0.405095  -0.0000   0.00456400
  0.405379  -0.0000   0.00460200
  0.405544  -0.0000   0.00462900
  0.405707  -0.0000   0.00465600
  0.405870  -0.0000   0.00468300
  0.406031  -0.0000   0.00471000
  0.406272  -0.0000   0.00475100
  0.406628  -0.0000   0.00481200
  0.407154  -0.0000   0.00490400
  0.407929  -0.0000   0.00504100
  0.409063  -0.0000   0.00524700
  0.410385  -0.0000   0.00549300
  0.411677  -0.0000   0.00574000
  0.412941  -0.0000   0.00598600
  0.414677  -0.0000   0.00633400
  0.416367  -0.0000   0.00668200
  0.418412  -0.0000   0.00711600
  0.420403  -0.0000   0.00755000
  0.421790  -0.0000   0.00785800
  0.422045  -0.0000   0.00791500
  0.422277  -0.0000   0.00797200
  0.422329  -0.0000   0.00798600
  0.422407  -0.0000   0.00800800
  0.422523  -0.0000   0.00804000
  0.422696  -0.0000   0.00808800
  0.422954  -0.0000   0.00816000
  0.423335  -0.0000   0.00826800
  0.423898  -0.0000   0.00843000
  0.424725  -0.0000   0.00867400
  0.425935  -0.0000   0.00903900
  0.427117  -0.0000   0.00940400
  0.428276  -0.0000   0.00976900
  0.429411  -0.0000   0.01013000
  0.431069  -0.0000   0.01068000
  0.433170  -0.0000   0.01140000
  0.435210  -0.0000   0.01211000
  0.437197  -0.0000   0.01283000
  0.439134  -0.0000   0.01355000
  0.439159  -0.0000   0.01356000
  0.439196  -0.0000   0.01358000
  0.439252  -0.0000   0.01360000
  0.439336  -0.0000   0.01364000
  0.439461  -0.0000   0.01370000
  0.439648  -0.0000   0.01378000
  0.439925  -0.0000   0.01391000
  0.440335  -0.0000   0.01410000
  0.440941  -0.0000   0.01439000
  0.441830  -0.0000   0.01482000
  0.443051  -0.0000   0.01542000
  0.444245  -0.0000   0.01603000
  0.445415  -0.0000   0.01663000
  0.446562  -0.0000   0.01724000
  0.448238  -0.0000   0.01815000
  0.450383  -0.0000   0.01935000
  0.452469  -0.0000   0.02055000
  0.454502  -0.0000   0.02175000
  0.455354  -0.0000   0.02226000
  0.456183  -0.0000   0.02276000
  0.456226  -0.0000   0.02280000
  0.456292  -0.0000   0.02284000
  0.456391  -0.0000   0.02291000
  0.456538  -0.0000   0.02302000
  0.456758  -0.0000   0.02318000
  0.457083  -0.0000   0.02342000
  0.457565  -0.0000   0.02379000
  0.458275  -0.0000   0.02433000
  0.459316  -0.0000   0.02514000
  0.460616  -0.0000   0.02618000
  0.461886  -0.0000   0.02723000
  0.463130  -0.0000   0.02827000
  0.464828  -0.0000   0.02973000
  0.466486  -0.0000   0.03119000
  0.468598  -0.0000   0.03310000
  0.470657  -0.0000   0.03502000
  0.472668  -0.0000   0.03694000
  0.472908  -0.0000   0.03716000
  0.473118  -0.0000   0.03739000
  0.473168  -0.0000   0.03745000
  0.473244  -0.0000   0.03754000
  0.473357  -0.0000   0.03767000
  0.473525  -0.0000   0.03786000
  0.473776  -0.0000   0.03815000
  0.474148  -0.0000   0.03859000
  0.474698  -0.0000   0.03924000
  0.475507  -0.0000   0.04022000
  0.476692  -0.0000   0.04169000
  0.478082  -0.0000   0.04346000
  0.479440  -0.0000   0.04522000
  0.480769  -0.0000   0.04699000
  0.482616  -0.0000   0.04952000
  0.484418  -0.0000   0.05204000
  0.486532  -0.0000   0.05509000
  0.488595  -0.0000   0.05813000
  0.489078  -0.0000   0.05885000
  0.489558  -0.0000   0.05956000
  0.489997  -0.0000   0.06028000
  0.490022  -0.0000   0.06032000
  0.490060  -0.0000   0.06039000
  0.490117  -0.0000   0.06049000
  0.490203  -0.0000   0.06064000
  0.490330  -0.0000   0.06087000
  0.490520  -0.0000   0.06121000
  0.490803  -0.0000   0.06172000
  0.491221  -0.0000   0.06249000
  0.491840  -0.0000   0.06363000
  0.492750  -0.0000   0.06535000
  0.494081  -0.0000   0.06794000
  0.495381  -0.0000   0.07052000
  0.496654  -0.0000   0.07310000
  0.497903  -0.0000   0.07568000
  0.499727  -0.0000   0.07955000
  0.501954  -0.0000   0.08442000
  0.504123  -0.0000   0.08928000
  0.506240  -0.0000   0.09414000
  0.506517  -0.0000   0.09478000
  0.506788  -0.0000   0.09542000
  0.506803  -0.0000   0.09546000
  0.506825  -0.0000   0.09552000
  0.506858  -0.0000   0.09561000
  0.506908  -0.0000   0.09574000
  0.506983  -0.0000   0.09594000
  0.507095  -0.0000   0.09625000
  0.507261  -0.0000   0.09670000
  0.507509  -0.0000   0.09738000
  0.507878  -0.0000   0.09840000
  0.508422  -0.0000   0.10000000
  0.509224  -0.0000   0.10200000
  0.510400  -0.0000   0.10600000
  0.511837  -0.0000   0.11000000
  0.513240  -0.0000   0.11400000
  0.514613  -0.0000   0.11900000
  0.516458  -0.0000   0.12500000
  0.518259  -0.0000   0.13100000
  0.520429  -0.0000   0.13800000
  0.522547  -0.0000   0.14500000
  0.522979  -0.0000   0.14700000
  0.523409  -0.0000   0.14800000
  0.523807  -0.0000   0.15000000
  0.523842  -0.0000   0.15000000
  0.523894  -0.0000   0.15000000
  0.523972  -0.0000   0.15000000
  0.524088  -0.0000   0.15100000
  0.524262  -0.0000   0.15200000
  0.524521  -0.0000   0.15300000
  0.524905  -0.0000   0.15400000
  0.525473  -0.0000   0.15700000
  0.526309  -0.0000   0.16000000
  0.527535  -0.0000   0.16600000
  0.529051  -0.0000   0.17300000
  0.530531  -0.0000   0.18000000
  0.531980  -0.0000   0.18700000
  0.533402  -0.0000   0.19300000
  0.535480  -0.0000   0.20400000
  0.537510  -0.0000   0.21400000
  0.539496  -0.0000   0.22400000
  0.539952  -0.0000   0.22700000
  0.540407  -0.0000   0.22900000
  0.540716  -0.0000   0.23100000
  0.540789  -0.0000   0.23100000
  0.540862  -0.0000   0.23200000
  0.540971  -0.0000   0.23300000
  0.541133  -0.0000   0.23400000
  0.541376  -0.0000   0.23500000
  0.541735  -0.0000   0.23700000
  0.542268  -0.0000   0.24100000
  0.543053  -0.0000   0.24600000
  0.544205  -0.0000   0.25300000
  0.545783  -0.0000   0.26400000
  0.547323  -0.0000   0.27500000
  0.548831  -0.0000   0.28500000
  0.550308  -0.0000   0.29600000
  0.552468  -0.0000   0.31200000
  0.554577  -0.0000   0.32800000
  0.556640  -0.0000   0.34400000
  0.557007  -0.0000   0.34700000
  0.557373  -0.0000   0.35000000
  0.557702  -0.0000   0.35200000
  0.557782  -0.0000   0.35300000
  0.557901  -0.0000   0.35400000
  0.558079  -0.0000   0.35600000
  0.558345  -0.0000   0.35800000
  0.558738  -0.0000   0.36200000
  0.559321  -0.0000   0.36700000
  0.560179  -0.0000   0.37500000
  0.561436  -0.0000   0.38800000
  0.563016  -0.0000   0.40300000
  0.564559  -0.0000   0.41900000
  0.566071  -0.0000   0.43500000
  0.567554  -0.0000   0.45100000
  0.569723  -0.0000   0.47400000
  0.571843  -0.0000   0.49800000
  0.573917  -0.0000   0.52100000
  0.574214  -0.0000   0.52500000
  0.574493  -0.0000   0.52800000
  0.574509  -0.0000   0.52800000
  0.574533  -0.0000   0.52900000
  0.574570  -0.0000   0.52900000
  0.574625  -0.0000   0.53000000
  0.574708  -0.0000   0.53100000
  0.574831  -0.0000   0.53300000
  0.575015  -0.0000   0.53500000
  0.575288  -0.0000   0.53900000
  0.575693  -0.0000   0.54400000
  0.576293  -0.0000   0.55200000
  0.577177  -0.0000   0.56400000
  0.578471  -0.0000   0.58300000
  0.580088  -0.0000   0.60600000
  0.581668  -0.0000   0.63000000
  0.583216  -0.0000   0.65300000
  0.584735  -0.0000   0.67700000
  0.586957  -0.0000   0.71200000
  0.589129  -0.0000   0.74700000
  0.591255  -0.0000   0.78200000
  0.591482  -0.0000   0.78600000
  0.591538  -0.0000   0.78700000
  0.591594  -0.0000   0.78800000
  0.591677  -0.0000   0.79000000
  0.591801  -0.0000   0.79200000
  0.591987  -0.0000   0.79600000
  0.592263  -0.0000   0.80100000
  0.592673  -0.0000   0.80900000
  0.593279  -0.0000   0.82100000
  0.594173  -0.0000   0.83900000
  0.595481  -0.0000   0.86500000
  0.597164  -0.0000   0.90000000
  0.598808  -0.0000   0.93600000
  0.600418  -0.0000   0.97100000
  0.601738  -0.0000   1.00000000
  0.601553  -0.0000   1.00000000
  0.601553  -0.0000   1.00000000
  0.601553  -0.0000   1.00000000
  0.601553  -0.0000   1.00000000
  0.601553  -0.0000   1.00000000
  0.601553  -0.0000   1.00000000
  0.601553  -0.0000   1.00000000
  0.601553  -0.0000   1.00000000
  0.601553  -0.0000   1.00000000
  0.601553  -0.0000   1.00000000
  0.601552  -0.0000   1.00000000
  0.601552  -0.0000   1.00000000
  0.601552  -0.0000   1.00000000
  0.601551  -0.0000   1.00000000
  0.601550  -0.0000   1.00000000
  0.601550  -0.0000   1.00000000
