  0.000004  -0.0000   0.00000010
  0.000009  -0.0000   0.00000020
  0.000026  -0.0000   0.00000030
  0.000270  -0.0000   0.00000045
  0.005428  -0.0000   0.00000067
  0.006102  -0.0000   0.00000073
  0.006131  -0.0000   0.00000079
  0.006188  -0.0000   0.00000087
  0.006315  -0.0000   0.00000100
  0.006438  -0.0000   0.00000109
  0.006593  -0.0000   0.00000119
  0.006785  -0.0000   0.00000128
  0.007015  -0.0000   0.00000137
  0.007287  -0.0000   0.00000147
  0.007604  -0.0000   0.00000156
  0.007961  -0.0000   0.00000166
  0.008363  -0.0000   0.00000175
  0.008811  -0.0000   0.00000184
  0.009439  -0.0000   0.00000196
  0.010138  -0.0000   0.00000208
  0.010907  -0.0000   0.00000219
  0.011747  -0.0000   0.00000231
  0.012658  -0.0000   0.00000242
  0.013641  -0.0000   0.00000254
  0.014697  -0.0000   0.00000266
  0.015829  -0.0000   0.00000277
  0.017036  -0.0000   0.00000289
  0.018321  -0.0000   0.00000301
  0.019681  -0.0000   0.00000312
  0.019790  -0.0000   0.00000313
  0.019899  -0.0000   0.00000314
  0.020009  -0.0000   0.00000315
  0.020175  -0.0000   0.00000316
  0.020235  -0.0000   0.00000317
  0.020245  -0.0000   0.00000318
  0.020252  -0.0000   0.00000319
  0.020261  -0.0000   0.00000320
  0.020268  -0.0000   0.00000321
  0.020278  -0.0000   0.00000323
  0.020293  -0.0000   0.00000326
  0.020314  -0.0000   0.00000329
  0.020348  -0.0000   0.00000336
  0.020400  -0.0000   0.00000344
  0.020482  -0.0000   0.00000358
  0.020616  -0.0000   0.00000378
  0.020845  -0.0000   0.00000408
  0.021258  -0.0000   0.00000454
  0.021755  -0.0000   0.00000499
  0.022198  -0.0000   0.00000534
  0.022704  -0.0000   0.00000569
  0.023279  -0.0000   0.00000605
  0.024030  -0.0000   0.00000645
  0.024728  -0.0000   0.00000678
  0.025500  -0.0000   0.00000712
  0.026349  -0.0000   0.00000745
  0.027395  -0.0000   0.00000783
  0.028545  -0.0000   0.00000820
  0.029577  -0.0000   0.00000851
  0.030685  -0.0000   0.00000882
  0.031870  -0.0000   0.00000913
  0.033135  -0.0000   0.00000944
  0.034479  -0.0000   0.00000975
  0.035902  -0.0000   0.00001006
  0.037405  -0.0000   0.00001037
  0.037488  -0.0000   0.00001039
  0.037510  -0.0000   0.00001041
  0.037528  -0.0000   0.00001043
  0.037553  -0.0000   0.00001046
  0.037579  -0.0000   0.00001049
  0.037617  -0.0000   0.00001054
  0.037674  -0.0000   0.00001060
  0.037761  -0.0000   0.00001070
  0.037893  -0.0000   0.00001085
  0.038095  -0.0000   0.00001108
  0.038409  -0.0000   0.00001142
  0.038912  -0.0000   0.00001192
  0.039758  -0.0000   0.00001268
  0.040703  -0.0000   0.00001344
  0.041542  -0.0000   0.00001406
  0.042461  -0.0000   0.00001467
  0.043468  -0.0000   0.00001529
  0.044725  -0.0000   0.00001598
  0.046107  -0.0000   0.00001667
  0.047317  -0.0000   0.00001724
  0.048617  -0.0000   0.00001780
  0.050009  -0.0000   0.00001836
  0.051705  -0.0000   0.00001900
  0.053522  -0.0000   0.00001963
  0.055376  -0.0000   0.00002027
  0.055416  -0.0000   0.00002031
  0.055470  -0.0000   0.00002037
  0.055524  -0.0000   0.00002043
  0.055578  -0.0000   0.00002049
  0.055661  -0.0000   0.00002058
  0.055785  -0.0000   0.00002071
  0.055973  -0.0000   0.00002092
  0.056259  -0.0000   0.00002122
  0.056700  -0.0000   0.00002167
  0.057396  -0.0000   0.00002235
  0.058537  -0.0000   0.00002337
  0.059786  -0.0000   0.00002439
  0.061154  -0.0000   0.00002541
  0.062651  -0.0000   0.00002643
  0.064283  -0.0000   0.00002745
  0.065715  -0.0000   0.00002829
  0.067245  -0.0000   0.00002912
  0.068875  -0.0000   0.00002996
  0.070871  -0.0000   0.00003091
  0.072999  -0.0000   0.00003186
  0.073163  -0.0000   0.00003194
  0.073252  -0.0000   0.00003201
  0.073318  -0.0000   0.00003208
  0.073417  -0.0000   0.00003219
  0.073517  -0.0000   0.00003230
  0.073669  -0.0000   0.00003247
  0.073898  -0.0000   0.00003271
  0.074244  -0.0000   0.00003308
  0.074776  -0.0000   0.00003364
  0.075606  -0.0000   0.00003447
  0.076939  -0.0000   0.00003572
  0.078371  -0.0000   0.00003697
  0.079914  -0.0000   0.00003822
  0.081572  -0.0000   0.00003947
  0.083353  -0.0000   0.00004072
  0.085261  -0.0000   0.00004196
  0.087300  -0.0000   0.00004321
  0.089471  -0.0000   0.00004446
  0.089907  -0.0000   0.00004471
  0.090348  -0.0000   0.00004496
  0.090794  -0.0000   0.00004521
  0.090966  -0.0000   0.00004532
  0.091015  -0.0000   0.00004537
  0.091064  -0.0000   0.00004543
  0.091136  -0.0000   0.00004551
  0.091247  -0.0000   0.00004564
  0.091413  -0.0000   0.00004583
  0.091664  -0.0000   0.00004611
  0.092043  -0.0000   0.00004654
  0.092623  -0.0000   0.00004717
  0.093521  -0.0000   0.00004813
  0.094945  -0.0000   0.00004956
  0.096280  -0.0000   0.00005083
  0.097689  -0.0000   0.00005210
  0.099177  -0.0000   0.00005337
  0.100743  -0.0000   0.00005464
  0.102394  -0.0000   0.00005591
  0.104131  -0.0000   0.00005718
  0.106141  -0.0000   0.00005857
  0.108256  -0.0000   0.00005996
  0.108472  -0.0000   0.00006011
  0.108689  -0.0000   0.00006025
  0.108838  -0.0000   0.00006039
  0.109015  -0.0000   0.00006060
  0.109194  -0.0000   0.00006081
  0.109374  -0.0000   0.00006103
  0.109646  -0.0000   0.00006134
  0.110056  -0.0000   0.00006182
  0.110681  -0.0000   0.00006254
  0.111646  -0.0000   0.00006361
  0.113164  -0.0000   0.00006522
  0.114624  -0.0000   0.00006670
  0.116157  -0.0000   0.00006818
  0.117765  -0.0000   0.00006965
  0.119551  -0.0000   0.00007121
  0.121427  -0.0000   0.00007277
  0.123395  -0.0000   0.00007433
  0.125783  -0.0000   0.00007613
  0.126045  -0.0000   0.00007633
  0.126309  -0.0000   0.00007652
  0.126575  -0.0000   0.00007672
  0.126715  -0.0000   0.00007687
  0.126840  -0.0000   0.00007703
  0.126965  -0.0000   0.00007718
  0.127155  -0.0000   0.00007742
  0.127440  -0.0000   0.00007777
  0.127871  -0.0000   0.00007829
  0.128525  -0.0000   0.00007908
  0.129531  -0.0000   0.00008026
  0.131104  -0.0000   0.00008203
  0.132780  -0.0000   0.00008383
  0.134536  -0.0000   0.00008564
  0.136377  -0.0000   0.00008744
  0.138431  -0.0000   0.00008935
  0.140586  -0.0000   0.00009127
  0.142842  -0.0000   0.00009318
  0.143232  -0.0000   0.00009351
  0.143624  -0.0000   0.00009384
  0.144019  -0.0000   0.00009417
  0.144567  -0.0000   0.00009466
  0.144707  -0.0000   0.00009484
  0.144850  -0.0000   0.00009503
  0.144993  -0.0000   0.00009521
  0.145208  -0.0000   0.00009549
  0.145533  -0.0000   0.00009590
  0.146024  -0.0000   0.00009653
  0.146770  -0.0000   0.00009746
  0.147917  -0.0000   0.00009886
  0.149654  -0.0000   0.00010100
  0.151205  -0.0000   0.00010290
  0.152726  -0.0000   0.00010480
  0.154219  -0.0000   0.00010670
  0.156404  -0.0000   0.00010960
  0.159010  -0.0000   0.00011310
  0.161546  -0.0000   0.00011670
  0.161840  -0.0000   0.00011710
  0.162134  -0.0000   0.00011750
  0.162427  -0.0000   0.00011790
  0.162624  -0.0000   0.00011830
  0.162794  -0.0000   0.00011860
  0.162964  -0.0000   0.00011900
  0.163133  -0.0000   0.00011940
  0.163384  -0.0000   0.00011990
  0.163758  -0.0000   0.00012070
  0.164310  -0.0000   0.00012190
  0.165123  -0.0000   0.00012370
  0.166316  -0.0000   0.00012640
  0.168058  -0.0000   0.00013050
  0.169762  -0.0000   0.00013460
  0.171432  -0.0000   0.00013870
  0.173070  -0.0000   0.00014270
  0.175467  -0.0000   0.00014880
  0.177805  -0.0000   0.00015500
  0.180089  -0.0000   0.00016110
  0.180347  -0.0000   0.00016180
  0.180604  -0.0000   0.00016250
  0.180793  -0.0000   0.00016310
  0.180974  -0.0000   0.00016380
  0.181155  -0.0000   0.00016450
  0.181336  -0.0000   0.00016520
  0.181604  -0.0000   0.00016630
  0.182002  -0.0000   0.00016780
  0.182590  -0.0000   0.00017010
  0.183458  -0.0000   0.00017360
  0.184731  -0.0000   0.00017890
  0.186592  -0.0000   0.00018680
  0.188412  -0.0000   0.00019470
  0.190195  -0.0000   0.00020250
  0.191945  -0.0000   0.00021040
  0.194405  -0.0000   0.00022180
  0.196807  -0.0000   0.00023310
  0.197353  -0.0000   0.00023570
  0.197896  -0.0000   0.00023830
  0.198436  -0.0000   0.00024090
  0.198786  -0.0000   0.00024260
  0.198851  -0.0000   0.00024300
  0.198916  -0.0000   0.00024340
  0.198981  -0.0000   0.00024390
  0.199079  -0.0000   0.00024450
  0.199226  -0.0000   0.00024550
  0.199444  -0.0000   0.00024690
  0.199768  -0.0000   0.00024900
  0.200248  -0.0000   0.00025230
  0.200958  -0.0000   0.00025710
  0.202003  -0.0000   0.00026440
  0.203536  -0.0000   0.00027530
  0.205360  -0.0000   0.00028850
  0.207146  -0.0000   0.00030180
  0.208899  -0.0000   0.00031500
  0.210621  -0.0000   0.00032830
  0.213140  -0.0000   0.00034820
  0.216018  -0.0000   0.00037160
  0.216338  -0.0000   0.00037420
  0.216657  -0.0000   0.00037680
  0.216973  -0.0000   0.00037940
  0.217064  -0.0000   0.00038040
  0.217156  -0.0000   0.00038130
  0.217248  -0.0000   0.00038230
  0.217385  -0.0000   0.00038380
  0.217590  -0.0000   0.00038600
  0.217895  -0.0000   0.00038930
  0.218347  -0.0000   0.00039420
  0.219015  -0.0000   0.00040170
  0.220001  -0.0000   0.00041280
  0.221449  -0.0000   0.00042950
  0.223348  -0.0000   0.00045200
  0.225207  -0.0000   0.00047440
  0.227031  -0.0000   0.00049690
  0.228822  -0.0000   0.00051930
  0.231442  -0.0000   0.00055300
  0.234003  -0.0000   0.00058670
  0.234405  -0.0000   0.00059200
  0.234806  -0.0000   0.00059730
  0.235189  -0.0000   0.00060270
  0.235307  -0.0000   0.00060470
  0.235426  -0.0000   0.00060660
  0.235544  -0.0000   0.00060860
  0.235721  -0.0000   0.00061160
  0.235984  -0.0000   0.00061610
  0.236375  -0.0000   0.00062280
  0.236955  -0.0000   0.00063290
  0.237812  -0.0000   0.00064810
  0.239073  -0.0000   0.00067080
  0.240921  -0.0000   0.00070480
  0.242731  -0.0000   0.00073890
  0.244507  -0.0000   0.00077290
  0.246252  -0.0000   0.00080690
  0.248807  -0.0000   0.00085800
  0.251307  -0.0000   0.00090910
  0.252209  -0.0000   0.00092770
  0.253103  -0.0000   0.00094620
  0.253409  -0.0000   0.00095310
  0.253476  -0.0000   0.00095480
  0.253543  -0.0000   0.00095650
  0.253611  -0.0000   0.00095820
  0.253711  -0.0000   0.00096080
  0.253861  -0.0000   0.00096470
  0.254086  -0.0000   0.00097050
  0.254419  -0.0000   0.00097920
  0.254914  -0.0000   0.00099230
  0.255647  -0.0000   0.00101200
  0.256728  -0.0000   0.00104100
  0.258316  -0.0000   0.00108500
  0.260335  -0.0000   0.00114300
  0.262312  -0.0000   0.00120000
  0.264252  -0.0000   0.00125700
  0.266157  -0.0000   0.00131500
  0.268948  -0.0000   0.00140100
  0.270614  -0.0000   0.00145300
  0.271152  -0.0000   0.00146900
  0.271652  -0.0000   0.00148600
  0.271763  -0.0000   0.00149100
  0.271874  -0.0000   0.00149500
  0.271985  -0.0000   0.00149900
  0.272151  -0.0000   0.00150500
  0.272398  -0.0000   0.00151500
  0.272765  -0.0000   0.00152900
  0.273311  -0.0000   0.00155100
  0.274119  -0.0000   0.00158300
  0.275310  -0.0000   0.00163100
  0.277059  -0.0000   0.00170300
  0.279119  -0.0000   0.00179000
  0.281138  -0.0000   0.00187700
  0.283119  -0.0000   0.00196400
  0.285067  -0.0000   0.00205100
  0.287924  -0.0000   0.00218100
  0.288529  -0.0000   0.00220900
  0.289130  -0.0000   0.00223700
  0.289728  -0.0000   0.00226500
  0.289790  -0.0000   0.00226800
  0.289854  -0.0000   0.00227200
  0.289917  -0.0000   0.00227500
  0.290012  -0.0000   0.00228000
  0.290153  -0.0000   0.00228800
  0.290365  -0.0000   0.00230000
  0.290680  -0.0000   0.00231700
  0.291148  -0.0000   0.00234400
  0.291841  -0.0000   0.00238300
  0.292866  -0.0000   0.00244200
  0.294374  -0.0000   0.00253100
  0.296513  -0.0000   0.00266100
  0.298608  -0.0000   0.00279000
  0.300663  -0.0000   0.00291900
  0.302682  -0.0000   0.00304800
  0.305406  -0.0000   0.00322600
  0.307255  -0.0000   0.00334800
  0.307697  -0.0000   0.00337800
  0.308104  -0.0000   0.00340700
  0.308198  -0.0000   0.00341500
  0.308293  -0.0000   0.00342200
  0.308387  -0.0000   0.00342900
  0.308528  -0.0000   0.00344000
  0.308739  -0.0000   0.00345700
  0.309053  -0.0000   0.00348200
  0.309520  -0.0000   0.00351900
  0.310213  -0.0000   0.00357500
  0.311237  -0.0000   0.00365900
  0.312744  -0.0000   0.00378400
  0.314952  -0.0000   0.00397300
  0.317113  -0.0000   0.00416100
  0.319235  -0.0000   0.00435000
  0.321320  -0.0000   0.00453800
  0.324024  -0.0000   0.00478800
  0.324935  -0.0000   0.00487200
  0.325840  -0.0000   0.00495700
  0.326234  -0.0000   0.00499600
  0.326324  -0.0000   0.00500500
  0.326415  -0.0000   0.00501500
  0.326505  -0.0000   0.00502500
  0.326640  -0.0000   0.00503900
  0.326841  -0.0000   0.00506100
  0.327142  -0.0000   0.00509400
  0.327589  -0.0000   0.00514300
  0.328252  -0.0000   0.00521700
  0.329234  -0.0000   0.00532800
  0.330679  -0.0000   0.00549500
  0.332799  -0.0000   0.00574400
  0.334876  -0.0000   0.00599400
  0.336916  -0.0000   0.00624400
  0.338924  -0.0000   0.00649300
  0.341661  -0.0000   0.00684000
  0.344348  -0.0000   0.00718700
  0.344385  -0.0000   0.00719200
  0.344421  -0.0000   0.00719800
  0.344458  -0.0000   0.00720300
  0.344514  -0.0000   0.00721100
  0.344596  -0.0000   0.00722400
  0.344720  -0.0000   0.00724200
  0.344905  -0.0000   0.00726900
  0.345181  -0.0000   0.00731100
  0.345592  -0.0000   0.00737200
  0.346202  -0.0000   0.00746500
  0.347106  -0.0000   0.00760400
  0.348439  -0.0000   0.00781200
  0.350395  -0.0000   0.00812500
  0.352316  -0.0000   0.00843700
  0.354206  -0.0000   0.00875000
  0.356069  -0.0000   0.00906200
  0.358809  -0.0000   0.00953100
  0.361503  -0.0000   0.01000000
  0.362029  -0.0000   0.01009000
  0.362553  -0.0000   0.01018000
  0.362869  -0.0000   0.01024000
  0.363176  -0.0000   0.01031000
  0.363481  -0.0000   0.01037000
  0.363785  -0.0000   0.01043000
  0.364237  -0.0000   0.01052000
  0.364908  -0.0000   0.01066000
  0.365902  -0.0000   0.01086000
  0.367367  -0.0000   0.01117000
  0.369516  -0.0000   0.01163000
  0.371626  -0.0000   0.01210000
  0.373701  -0.0000   0.01256000
  0.375745  -0.0000   0.01302000
  0.378502  -0.0000   0.01366000
  0.379612  -0.0000   0.01391000
  0.380714  -0.0000   0.01417000
  0.380966  -0.0000   0.01424000
  0.381215  -0.0000   0.01430000
  0.381463  -0.0000   0.01437000
  0.381710  -0.0000   0.01443000
  0.382078  -0.0000   0.01453000
  0.382626  -0.0000   0.01468000
  0.383437  -0.0000   0.01490000
  0.384637  -0.0000   0.01523000
  0.386402  -0.0000   0.01572000
  0.388499  -0.0000   0.01632000
  0.390561  -0.0000   0.01693000
  0.392592  -0.0000   0.01753000
  0.395160  -0.0000   0.01830000
  0.397688  -0.0000   0.01907000
  0.398221  -0.0000   0.01923000
  0.398752  -0.0000   0.01940000
  0.399245  -0.0000   0.01956000
  0.399364  -0.0000   0.01960000
  0.399484  -0.0000   0.01964000
  0.399603  -0.0000   0.01968000
  0.399780  -0.0000   0.01974000
  0.400046  -0.0000   0.01984000
  0.400441  -0.0000   0.01997000
  0.401029  -0.0000   0.02018000
  0.401901  -0.0000   0.02049000
  0.403189  -0.0000   0.02096000
  0.405084  -0.0000   0.02165000
  0.407196  -0.0000   0.02245000
  0.409276  -0.0000   0.02324000
  0.411325  -0.0000   0.02403000
  0.413957  -0.0000   0.02507000
  0.416550  -0.0000   0.02610000
  0.416919  -0.0000   0.02625000
  0.417276  -0.0000   0.02640000
  0.417360  -0.0000   0.02643000
  0.417485  -0.0000   0.02649000
  0.417736  -0.0000   0.02660000
  0.418109  -0.0000   0.02677000
  0.418663  -0.0000   0.02701000
  0.419485  -0.0000   0.02739000
  0.420700  -0.0000   0.02795000
  0.422487  -0.0000   0.02879000
  0.424572  -0.0000   0.02979000
  0.426623  -0.0000   0.03079000
  0.428645  -0.0000   0.03179000
  0.431179  -0.0000   0.03307000
  0.433677  -0.0000   0.03434000
  0.434427  -0.0000   0.03473000
  0.435173  -0.0000   0.03511000
  0.435552  -0.0000   0.03532000
  0.435642  -0.0000   0.03537000
  0.435733  -0.0000   0.03542000
  0.435824  -0.0000   0.03547000
  0.435959  -0.0000   0.03555000
  0.436162  -0.0000   0.03566000
  0.436464  -0.0000   0.03583000
  0.436914  -0.0000   0.03609000
  0.437583  -0.0000   0.03648000
  0.438574  -0.0000   0.03706000
  0.440036  -0.0000   0.03794000
  0.442188  -0.0000   0.03925000
  0.444303  -0.0000   0.04056000
  0.446388  -0.0000   0.04187000
  0.448446  -0.0000   0.04318000
  0.451219  -0.0000   0.04497000
  0.452698  -0.0000   0.04594000
  0.453507  -0.0000   0.04647000
  0.453805  -0.0000   0.04668000
  0.454096  -0.0000   0.04689000
  0.454386  -0.0000   0.04709000
  0.454674  -0.0000   0.04730000
  0.455104  -0.0000   0.04761000
  0.455743  -0.0000   0.04808000
  0.456689  -0.0000   0.04879000
  0.458088  -0.0000   0.04984000
  0.460147  -0.0000   0.05142000
  0.462173  -0.0000   0.05300000
  0.464172  -0.0000   0.05458000
  0.466147  -0.0000   0.05616000
  0.468985  -0.0000   0.05847000
  0.471783  -0.0000   0.06078000
  0.472061  -0.0000   0.06103000
  0.472335  -0.0000   0.06128000
  0.472608  -0.0000   0.06152000
  0.472880  -0.0000   0.06177000
  0.473285  -0.0000   0.06214000
  0.473887  -0.0000   0.06269000
  0.474781  -0.0000   0.06352000
  0.476102  -0.0000   0.06477000
  0.478050  -0.0000   0.06663000
  0.480186  -0.0000   0.06872000
  0.482292  -0.0000   0.07080000
  0.484372  -0.0000   0.07288000
  0.487066  -0.0000   0.07562000
  0.489723  -0.0000   0.07835000
  0.490064  -0.0000   0.07871000
  0.490103  -0.0000   0.07875000
  0.490143  -0.0000   0.07879000
  0.490183  -0.0000   0.07884000
  0.490242  -0.0000   0.07890000
  0.490331  -0.0000   0.07900000
  0.490465  -0.0000   0.07915000
  0.490664  -0.0000   0.07938000
  0.490962  -0.0000   0.07971000
  0.491405  -0.0000   0.08021000
  0.492064  -0.0000   0.08096000
  0.493040  -0.0000   0.08209000
  0.494483  -0.0000   0.08378000
  0.496609  -0.0000   0.08632000
  0.498703  -0.0000   0.08886000
  0.500769  -0.0000   0.09140000
  0.502810  -0.0000   0.09393000
  0.505642  -0.0000   0.09751000
  0.508004  -0.0000   0.10100000
  0.508343  -0.0000   0.10100000
  0.508383  -0.0000   0.10100000
  0.508423  -0.0000   0.10100000
  0.508463  -0.0000   0.10100000
  0.508523  -0.0000   0.10100000
  0.508613  -0.0000   0.10100000
  0.508747  -0.0000   0.10200000
  0.508948  -0.0000   0.10200000
  0.509248  -0.0000   0.10200000
  0.509694  -0.0000   0.10300000
  0.510359  -0.0000   0.10400000
  0.511343  -0.0000   0.10500000
  0.512799  -0.0000   0.10700000
  0.514944  -0.0000   0.11000000
  0.517058  -0.0000   0.11400000
  0.519145  -0.0000   0.11700000
  0.521207  -0.0000   0.12000000
  0.524070  -0.0000   0.12400000
  0.525645  -0.0000   0.12700000
  0.526376  -0.0000   0.12800000
  0.526721  -0.0000   0.12900000
  0.526805  -0.0000   0.12900000
  0.526869  -0.0000   0.12900000
  0.526932  -0.0000   0.12900000
  0.527026  -0.0000   0.12900000
  0.527168  -0.0000   0.12900000
  0.527380  -0.0000   0.13000000
  0.527696  -0.0000   0.13000000
  0.528167  -0.0000   0.13100000
  0.528867  -0.0000   0.13200000
  0.529905  -0.0000   0.13400000
  0.531440  -0.0000   0.13700000
  0.533704  -0.0000   0.14100000
  0.535935  -0.0000   0.14500000
  0.538137  -0.0000   0.14900000
  0.540313  -0.0000   0.15300000
  0.543197  -0.0000   0.15900000
  0.543963  -0.0000   0.16000000
  0.544725  -0.0000   0.16200000
  0.545005  -0.0000   0.16200000
  0.545283  -0.0000   0.16300000
  0.545559  -0.0000   0.16300000
  0.545834  -0.0000   0.16400000
  0.546245  -0.0000   0.16500000
  0.546855  -0.0000   0.16600000
  0.547762  -0.0000   0.16800000
  0.549105  -0.0000   0.17100000
  0.551087  -0.0000   0.17500000
  0.553321  -0.0000   0.18000000
  0.555525  -0.0000   0.18500000
  0.557703  -0.0000   0.19000000
  0.560450  -0.0000   0.19600000
  0.562754  -0.0000   0.20200000
  0.563093  -0.0000   0.20200000
  0.563114  -0.0000   0.20200000
  0.563134  -0.0000   0.20300000
  0.563165  -0.0000   0.20300000
  0.563211  -0.0000   0.20300000
  0.563280  -0.0000   0.20300000
  0.563383  -0.0000   0.20300000
  0.563538  -0.0000   0.20400000
  0.563769  -0.0000   0.20400000
  0.564114  -0.0000   0.20500000
  0.564627  -0.0000   0.20600000
  0.565390  -0.0000   0.20800000
  0.566522  -0.0000   0.21100000
  0.568195  -0.0000   0.21500000
  0.570662  -0.0000   0.22200000
  0.573094  -0.0000   0.22900000
  0.575494  -0.0000   0.23500000
  0.577866  -0.0000   0.24200000
  0.580213  -0.0000   0.24800000
  0.580715  -0.0000   0.25000000
  0.581217  -0.0000   0.25100000
  0.581499  -0.0000   0.25200000
  0.581779  -0.0000   0.25300000
  0.582059  -0.0000   0.25400000
  0.582337  -0.0000   0.25400000
  0.582752  -0.0000   0.25600000
  0.583369  -0.0000   0.25800000
  0.584287  -0.0000   0.26000000
  0.585646  -0.0000   0.26500000
  0.587656  -0.0000   0.27100000
  0.590291  -0.0000   0.27900000
  0.592889  -0.0000   0.28800000
  0.595454  -0.0000   0.29600000
  0.597990  -0.0000   0.30500000
  0.598871  -0.0000   0.30800000
  0.599729  -0.0000   0.31100000
  0.599742  -0.0000   0.31100000
  0.599762  -0.0000   0.31100000
  0.599791  -0.0000   0.31100000
  0.599835  -0.0000   0.31100000
  0.599900  -0.0000   0.31100000
  0.599999  -0.0000   0.31200000
  0.600146  -0.0000   0.31200000
  0.600366  -0.0000   0.31300000
  0.600695  -0.0000   0.31400000
  0.601185  -0.0000   0.31600000
  0.601913  -0.0000   0.31900000
  0.602995  -0.0000   0.32300000
  0.604597  -0.0000   0.32900000
  0.606961  -0.0000   0.33800000
  0.609294  -0.0000   0.34700000
  0.611599  -0.0000   0.35600000
  0.613879  -0.0000   0.36500000
  0.616887  -0.0000   0.37700000
  0.617382  -0.0000   0.37900000
  0.617866  -0.0000   0.38100000
  0.617896  -0.0000   0.38100000
  0.617925  -0.0000   0.38100000
  0.617954  -0.0000   0.38100000
  0.617998  -0.0000   0.38100000
  0.618064  -0.0000   0.38100000
  0.618163  -0.0000   0.38200000
  0.618311  -0.0000   0.38200000
  0.618532  -0.0000   0.38300000
  0.618862  -0.0000   0.38500000
  0.619353  -0.0000   0.38700000
  0.620085  -0.0000   0.39000000
  0.621171  -0.0000   0.39500000
  0.622779  -0.0000   0.40200000
  0.625155  -0.0000   0.41300000
  0.627498  -0.0000   0.42300000
  0.629815  -0.0000   0.43400000
  0.632106  -0.0000   0.44500000
  0.635120  -0.0000   0.45900000
  0.635626  -0.0000   0.46200000
  0.636120  -0.0000   0.46400000
  0.636150  -0.0000   0.46400000
  0.636180  -0.0000   0.46400000
  0.636210  -0.0000   0.46400000
  0.636255  -0.0000   0.46500000
  0.636323  -0.0000   0.46500000
  0.636424  -0.0000   0.46500000
  0.636575  -0.0000   0.46600000
  0.636801  -0.0000   0.46700000
  0.637139  -0.0000   0.46900000
  0.637642  -0.0000   0.47200000
  0.638390  -0.0000   0.47500000
  0.639502  -0.0000   0.48100000
  0.641149  -0.0000   0.49000000
  0.643581  -0.0000   0.50300000
  0.645981  -0.0000   0.51600000
  0.648354  -0.0000   0.52900000
  0.650701  -0.0000   0.54200000
  0.653742  -0.0000   0.55900000
  0.654169  -0.0000   0.56100000
  0.654495  -0.0000   0.56300000
  0.654576  -0.0000   0.56400000
  0.654657  -0.0000   0.56400000
  0.654779  -0.0000   0.56500000
  0.654960  -0.0000   0.56600000
  0.655231  -0.0000   0.56700000
  0.655635  -0.0000   0.57000000
  0.656238  -0.0000   0.57400000
  0.657134  -0.0000   0.57900000
  0.658464  -0.0000   0.58700000
  0.660431  -0.0000   0.59900000
  0.663103  -0.0000   0.61600000
  0.665740  -0.0000   0.63300000
  0.668345  -0.0000   0.65000000
  0.670922  -0.0000   0.66700000
  0.671906  -0.0000   0.67300000
  0.672657  -0.0000   0.67800000
  0.672668  -0.0000   0.67800000
  0.672680  -0.0000   0.67900000
  0.672697  -0.0000   0.67900000
  0.672722  -0.0000   0.67900000
  0.672761  -0.0000   0.67900000
  0.672819  -0.0000   0.67900000
  0.672905  -0.0000   0.68000000
  0.673034  -0.0000   0.68100000
  0.673228  -0.0000   0.68200000
  0.673517  -0.0000   0.68400000
  0.673948  -0.0000   0.68700000
  0.674591  -0.0000   0.69200000
  0.675546  -0.0000   0.69900000
  0.676963  -0.0000   0.70900000
  0.679061  -0.0000   0.72400000
  0.681673  -0.0000   0.74400000
  0.684252  -0.0000   0.76300000
  0.686802  -0.0000   0.78200000
  0.689325  -0.0000   0.80200000
  0.690021  -0.0000   0.80700000
  0.690714  -0.0000   0.81200000
  0.690724  -0.0000   0.81200000
  0.690740  -0.0000   0.81300000
  0.690763  -0.0000   0.81300000
  0.690798  -0.0000   0.81300000
  0.690851  -0.0000   0.81300000
  0.690929  -0.0000   0.81400000
  0.691047  -0.0000   0.81500000
  0.691224  -0.0000   0.81600000
  0.691487  -0.0000   0.81900000
  0.691881  -0.0000   0.82200000
  0.692467  -0.0000   0.82700000
  0.693339  -0.0000   0.83400000
  0.694634  -0.0000   0.84500000
  0.696551  -0.0000   0.86100000
  0.699227  -0.0000   0.88400000
  0.701868  -0.0000   0.90700000
  0.704478  -0.0000   0.93000000
  0.707061  -0.0000   0.95300000
  0.708458  -0.0000   0.96600000
  0.709016  -0.0000   0.97100000
  0.709025  -0.0000   0.97100000
  0.709033  -0.0000   0.97100000
  0.709046  -0.0000   0.97100000
  0.709065  -0.0000   0.97100000
  0.709093  -0.0000   0.97100000
  0.709136  -0.0000   0.97200000
  0.709200  -0.0000   0.97200000
  0.709295  -0.0000   0.97300000
  0.709439  -0.0000   0.97500000
  0.709653  -0.0000   0.97700000
  0.709973  -0.0000   0.98000000
  0.710450  -0.0000   0.98400000
  0.711160  -0.0000   0.99100000
  0.712093  -0.0000   1.00000000
  0.712058  -0.0000   1.00000000
  0.712058  -0.0000   1.00000000
  0.712058  -0.0000   1.00000000
  0.712058  -0.0000   1.00000000
  0.712058  -0.0000   1.00000000
  0.712058  -0.0000   1.00000000
  0.712058  -0.0000   1.00000000
  0.712058  -0.0000   1.00000000
  0.712058  -0.0000   1.00000000
  0.712057  -0.0000   1.00000000
  0.712057  -0.0000   1.00000000
  0.712057  -0.0000   1.00000000
  0.712057  -0.0000   1.00000000
  0.712056  -0.0000   1.00000000
  0.712055  -0.0000   1.00000000
  0.712055  -0.0000   1.00000000
