  0.000005  -0.0000   0.00000010
  0.000012  -0.0000   0.00000020
  0.000033  -0.0000   0.00000030
  0.000353  -0.0000   0.00000045
  0.006098  -0.0000   0.00000067
  0.006178  -0.0000   0.00000079
  0.006292  -0.0000   0.00000091
  0.006455  -0.0000   0.00000103
  0.006586  -0.0000   0.00000111
  0.006745  -0.0000   0.00000119
  0.006935  -0.0000   0.00000127
  0.007202  -0.0000   0.00000136
  0.007519  -0.0000   0.00000145
  0.007886  -0.0000   0.00000154
  0.008372  -0.0000   0.00000164
  0.008928  -0.0000   0.00000175
  0.009553  -0.0000   0.00000185
  0.010247  -0.0000   0.00000195
  0.011008  -0.0000   0.00000205
  0.011837  -0.0000   0.00000216
  0.012732  -0.0000   0.00000226
  0.013695  -0.0000   0.00000237
  0.014726  -0.0000   0.00000247
  0.015826  -0.0000   0.00000257
  0.016997  -0.0000   0.00000268
  0.018240  -0.0000   0.00000278
  0.019554  -0.0000   0.00000288
  0.019661  -0.0000   0.00000289
  0.019768  -0.0000   0.00000290
  0.019876  -0.0000   0.00000291
  0.020039  -0.0000   0.00000292
  0.020084  -0.0000   0.00000293
  0.020093  -0.0000   0.00000293
  0.020099  -0.0000   0.00000294
  0.020107  -0.0000   0.00000295
  0.020117  -0.0000   0.00000297
  0.020129  -0.0000   0.00000299
  0.020146  -0.0000   0.00000302
  0.020171  -0.0000   0.00000308
  0.020211  -0.0000   0.00000315
  0.020273  -0.0000   0.00000327
  0.020377  -0.0000   0.00000344
  0.020555  -0.0000   0.00000371
  0.020879  -0.0000   0.00000410
  0.021149  -0.0000   0.00000438
  0.021459  -0.0000   0.00000467
  0.021812  -0.0000   0.00000496
  0.022239  -0.0000   0.00000526
  0.022723  -0.0000   0.00000556
  0.023268  -0.0000   0.00000587
  0.023873  -0.0000   0.00000617
  0.024544  -0.0000   0.00000647
  0.025285  -0.0000   0.00000677
  0.026269  -0.0000   0.00000713
  0.027146  -0.0000   0.00000742
  0.028097  -0.0000   0.00000771
  0.029126  -0.0000   0.00000801
  0.030366  -0.0000   0.00000833
  0.031706  -0.0000   0.00000866
  0.033147  -0.0000   0.00000898
  0.034691  -0.0000   0.00000931
  0.036336  -0.0000   0.00000963
  0.036496  -0.0000   0.00000966
  0.036658  -0.0000   0.00000970
  0.036820  -0.0000   0.00000973
  0.037066  -0.0000   0.00000977
  0.037179  -0.0000   0.00000980
  0.037205  -0.0000   0.00000982
  0.037225  -0.0000   0.00000984
  0.037245  -0.0000   0.00000987
  0.037263  -0.0000   0.00000989
  0.037291  -0.0000   0.00000992
  0.037333  -0.0000   0.00000997
  0.037396  -0.0000   0.00001005
  0.037494  -0.0000   0.00001017
  0.037643  -0.0000   0.00001034
  0.037874  -0.0000   0.00001060
  0.038241  -0.0000   0.00001099
  0.038847  -0.0000   0.00001158
  0.039440  -0.0000   0.00001210
  0.040088  -0.0000   0.00001262
  0.040796  -0.0000   0.00001315
  0.041536  -0.0000   0.00001365
  0.042341  -0.0000   0.00001415
  0.043213  -0.0000   0.00001466
  0.044149  -0.0000   0.00001516
  0.045159  -0.0000   0.00001566
  0.046245  -0.0000   0.00001616
  0.047393  -0.0000   0.00001665
  0.048620  -0.0000   0.00001714
  0.049929  -0.0000   0.00001763
  0.051349  -0.0000   0.00001813
  0.052856  -0.0000   0.00001863
  0.054451  -0.0000   0.00001913
  0.054619  -0.0000   0.00001919
  0.054787  -0.0000   0.00001924
  0.054949  -0.0000   0.00001929
  0.054971  -0.0000   0.00001931
  0.054999  -0.0000   0.00001934
  0.055039  -0.0000   0.00001938
  0.055098  -0.0000   0.00001945
  0.055188  -0.0000   0.00001955
  0.055325  -0.0000   0.00001970
  0.055533  -0.0000   0.00001992
  0.055853  -0.0000   0.00002026
  0.056351  -0.0000   0.00002076
  0.057149  -0.0000   0.00002151
  0.058022  -0.0000   0.00002228
  0.058962  -0.0000   0.00002305
  0.059975  -0.0000   0.00002382
  0.061080  -0.0000   0.00002459
  0.062270  -0.0000   0.00002537
  0.063550  -0.0000   0.00002615
  0.064889  -0.0000   0.00002691
  0.066320  -0.0000   0.00002767
  0.067844  -0.0000   0.00002843
  0.069829  -0.0000   0.00002935
  0.071955  -0.0000   0.00003026
  0.072161  -0.0000   0.00003035
  0.072369  -0.0000   0.00003044
  0.072578  -0.0000   0.00003053
  0.072721  -0.0000   0.00003062
  0.072802  -0.0000   0.00003071
  0.072884  -0.0000   0.00003080
  0.073007  -0.0000   0.00003094
  0.073132  -0.0000   0.00003108
  0.073321  -0.0000   0.00003128
  0.073607  -0.0000   0.00003159
  0.074046  -0.0000   0.00003205
  0.074730  -0.0000   0.00003274
  0.075821  -0.0000   0.00003378
  0.076844  -0.0000   0.00003470
  0.077929  -0.0000   0.00003562
  0.079080  -0.0000   0.00003654
  0.080437  -0.0000   0.00003755
  0.081884  -0.0000   0.00003857
  0.083424  -0.0000   0.00003958
  0.085091  -0.0000   0.00004061
  0.086860  -0.0000   0.00004164
  0.088732  -0.0000   0.00004268
  0.089262  -0.0000   0.00004296
  0.089800  -0.0000   0.00004325
  0.090347  -0.0000   0.00004354
  0.090446  -0.0000   0.00004363
  0.090521  -0.0000   0.00004371
  0.090596  -0.0000   0.00004380
  0.090710  -0.0000   0.00004393
  0.090883  -0.0000   0.00004413
  0.091145  -0.0000   0.00004442
  0.091542  -0.0000   0.00004486
  0.092152  -0.0000   0.00004552
  0.093104  -0.0000   0.00004652
  0.094630  -0.0000   0.00004800
  0.096265  -0.0000   0.00004949
  0.098018  -0.0000   0.00005098
  0.099897  -0.0000   0.00005246
  0.101906  -0.0000   0.00005395
  0.104049  -0.0000   0.00005544
  0.106329  -0.0000   0.00005693
  0.107043  -0.0000   0.00005738
  0.107770  -0.0000   0.00005784
  0.108106  -0.0000   0.00005805
  0.108234  -0.0000   0.00005818
  0.108338  -0.0000   0.00005830
  0.108443  -0.0000   0.00005843
  0.108602  -0.0000   0.00005862
  0.108843  -0.0000   0.00005890
  0.109208  -0.0000   0.00005933
  0.109764  -0.0000   0.00005997
  0.110622  -0.0000   0.00006092
  0.111970  -0.0000   0.00006236
  0.113395  -0.0000   0.00006380
  0.114896  -0.0000   0.00006524
  0.116477  -0.0000   0.00006669
  0.118193  -0.0000   0.00006817
  0.120000  -0.0000   0.00006966
  0.121900  -0.0000   0.00007114
  0.124136  -0.0000   0.00007280
  0.124915  -0.0000   0.00007337
  0.125707  -0.0000   0.00007393
  0.125948  -0.0000   0.00007410
  0.126061  -0.0000   0.00007424
  0.126171  -0.0000   0.00007438
  0.126283  -0.0000   0.00007452
  0.126395  -0.0000   0.00007466
  0.126564  -0.0000   0.00007487
  0.126820  -0.0000   0.00007518
  0.127206  -0.0000   0.00007565
  0.127794  -0.0000   0.00007635
  0.128698  -0.0000   0.00007740
  0.130110  -0.0000   0.00007898
  0.131801  -0.0000   0.00008078
  0.133581  -0.0000   0.00008258
  0.135456  -0.0000   0.00008438
  0.137576  -0.0000   0.00008631
  0.139812  -0.0000   0.00008823
  0.142163  -0.0000   0.00009016
  0.142579  -0.0000   0.00009050
  0.142998  -0.0000   0.00009084
  0.143421  -0.0000   0.00009118
  0.143792  -0.0000   0.00009148
  0.143852  -0.0000   0.00009156
  0.143909  -0.0000   0.00009164
  0.143997  -0.0000   0.00009175
  0.144130  -0.0000   0.00009192
  0.144332  -0.0000   0.00009218
  0.144635  -0.0000   0.00009257
  0.145095  -0.0000   0.00009315
  0.145794  -0.0000   0.00009402
  0.146871  -0.0000   0.00009533
  0.148556  -0.0000   0.00009730
  0.150501  -0.0000   0.00009945
  0.152432  -0.0000   0.00010160
  0.154319  -0.0000   0.00010380
  0.156804  -0.0000   0.00010670
  0.159226  -0.0000   0.00010960
  0.161589  -0.0000   0.00011250
  0.161746  -0.0000   0.00011270
  0.161870  -0.0000   0.00011300
  0.161995  -0.0000   0.00011320
  0.162119  -0.0000   0.00011340
  0.162306  -0.0000   0.00011380
  0.162584  -0.0000   0.00011430
  0.162995  -0.0000   0.00011510
  0.163604  -0.0000   0.00011630
  0.164500  -0.0000   0.00011820
  0.165815  -0.0000   0.00012090
  0.167735  -0.0000   0.00012490
  0.169612  -0.0000   0.00012900
  0.171450  -0.0000   0.00013310
  0.173255  -0.0000   0.00013720
  0.175701  -0.0000   0.00014280
  0.178089  -0.0000   0.00014850
  0.178485  -0.0000   0.00014940
  0.178880  -0.0000   0.00015040
  0.179273  -0.0000   0.00015130
  0.179797  -0.0000   0.00015270
  0.179897  -0.0000   0.00015310
  0.179997  -0.0000   0.00015340
  0.180097  -0.0000   0.00015380
  0.180247  -0.0000   0.00015430
  0.180471  -0.0000   0.00015510
  0.180804  -0.0000   0.00015630
  0.181298  -0.0000   0.00015810
  0.182027  -0.0000   0.00016080
  0.183100  -0.0000   0.00016480
  0.184673  -0.0000   0.00017090
  0.186614  -0.0000   0.00017850
  0.188515  -0.0000   0.00018620
  0.190379  -0.0000   0.00019380
  0.192209  -0.0000   0.00020140
  0.194858  -0.0000   0.00021280
  0.197443  -0.0000   0.00022410
  0.197670  -0.0000   0.00022510
  0.197853  -0.0000   0.00022610
  0.198015  -0.0000   0.00022710
  0.198178  -0.0000   0.00022810
  0.198341  -0.0000   0.00022910
  0.198582  -0.0000   0.00023060
  0.198942  -0.0000   0.00023290
  0.199475  -0.0000   0.00023630
  0.200262  -0.0000   0.00024130
  0.201420  -0.0000   0.00024890
  0.203119  -0.0000   0.00026030
  0.204784  -0.0000   0.00027170
  0.206420  -0.0000   0.00028310
  0.208029  -0.0000   0.00029440
  0.210389  -0.0000   0.00031150
  0.213151  -0.0000   0.00033200
  0.215412  -0.0000   0.00034920
  0.215659  -0.0000   0.00035110
  0.215871  -0.0000   0.00035300
  0.216056  -0.0000   0.00035480
  0.216240  -0.0000   0.00035670
  0.216423  -0.0000   0.00035860
  0.216697  -0.0000   0.00036140
  0.217103  -0.0000   0.00036570
  0.217705  -0.0000   0.00037200
  0.218594  -0.0000   0.00038160
  0.219902  -0.0000   0.00039590
  0.221818  -0.0000   0.00041730
  0.223695  -0.0000   0.00043880
  0.225537  -0.0000   0.00046020
  0.227346  -0.0000   0.00048170
  0.229935  -0.0000   0.00051310
  0.232465  -0.0000   0.00054450
  0.232905  -0.0000   0.00055000
  0.233343  -0.0000   0.00055550
  0.233780  -0.0000   0.00056100
  0.233983  -0.0000   0.00056420
  0.234177  -0.0000   0.00056730
  0.234370  -0.0000   0.00057050
  0.234562  -0.0000   0.00057360
  0.234848  -0.0000   0.00057840
  0.235274  -0.0000   0.00058550
  0.235904  -0.0000   0.00059610
  0.236835  -0.0000   0.00061210
  0.238206  -0.0000   0.00063610
  0.240215  -0.0000   0.00067210
  0.242182  -0.0000   0.00070810
  0.244113  -0.0000   0.00074410
  0.246010  -0.0000   0.00078000
  0.248662  -0.0000   0.00083150
  0.251256  -0.0000   0.00088310
  0.251553  -0.0000   0.00088900
  0.251849  -0.0000   0.00089490
  0.252092  -0.0000   0.00090080
  0.252326  -0.0000   0.00090670
  0.252559  -0.0000   0.00091260
  0.252791  -0.0000   0.00091860
  0.253137  -0.0000   0.00092740
  0.253649  -0.0000   0.00094080
  0.254409  -0.0000   0.00096070
  0.255530  -0.0000   0.00099070
  0.257177  -0.0000   0.00103600
  0.259208  -0.0000   0.00109200
  0.261198  -0.0000   0.00114900
  0.263152  -0.0000   0.00120500
  0.265073  -0.0000   0.00126200
  0.267887  -0.0000   0.00134700
  0.268580  -0.0000   0.00136800
  0.269270  -0.0000   0.00138900
  0.269956  -0.0000   0.00141000
  0.270168  -0.0000   0.00141800
  0.270378  -0.0000   0.00142600
  0.270588  -0.0000   0.00143400
  0.270797  -0.0000   0.00144200
  0.271108  -0.0000   0.00145400
  0.271570  -0.0000   0.00147200
  0.272255  -0.0000   0.00149900
  0.273269  -0.0000   0.00153900
  0.274761  -0.0000   0.00160000
  0.276912  -0.0000   0.00168900
  0.279019  -0.0000   0.00177900
  0.281086  -0.0000   0.00186800
  0.283116  -0.0000   0.00195700
  0.285867  -0.0000   0.00208100
  0.286712  -0.0000   0.00212000
  0.287550  -0.0000   0.00215800
  0.288102  -0.0000   0.00218400
  0.288219  -0.0000   0.00219000
  0.288308  -0.0000   0.00219500
  0.288396  -0.0000   0.00220000
  0.288528  -0.0000   0.00220800
  0.288725  -0.0000   0.00221900
  0.289018  -0.0000   0.00223500
  0.289455  -0.0000   0.00226000
  0.290103  -0.0000   0.00229700
  0.291061  -0.0000   0.00235300
  0.292474  -0.0000   0.00243600
  0.294546  -0.0000   0.00256100
  0.296577  -0.0000   0.00268700
  0.298571  -0.0000   0.00281200
  0.300532  -0.0000   0.00293700
  0.303313  -0.0000   0.00311900
  0.306039  -0.0000   0.00330000
  0.306291  -0.0000   0.00331900
  0.306525  -0.0000   0.00333700
  0.306759  -0.0000   0.00335600
  0.306992  -0.0000   0.00337500
  0.307338  -0.0000   0.00340300
  0.307853  -0.0000   0.00344400
  0.308617  -0.0000   0.00350700
  0.309746  -0.0000   0.00360200
  0.311407  -0.0000   0.00374300
  0.313569  -0.0000   0.00393100
  0.315689  -0.0000   0.00411900
  0.317771  -0.0000   0.00430800
  0.319819  -0.0000   0.00449600
  0.322692  -0.0000   0.00476500
  0.323237  -0.0000   0.00481700
  0.323780  -0.0000   0.00486800
  0.324303  -0.0000   0.00491900
  0.324389  -0.0000   0.00492900
  0.324476  -0.0000   0.00493900
  0.324562  -0.0000   0.00494800
  0.324692  -0.0000   0.00496300
  0.324885  -0.0000   0.00498400
  0.325174  -0.0000   0.00501700
  0.325603  -0.0000   0.00506500
  0.326241  -0.0000   0.00513900
  0.327184  -0.0000   0.00524800
  0.328577  -0.0000   0.00541300
  0.330621  -0.0000   0.00565900
  0.332627  -0.0000   0.00590600
  0.334598  -0.0000   0.00615200
  0.336538  -0.0000   0.00639900
  0.339389  -0.0000   0.00676900
  0.342187  -0.0000   0.00713900
  0.342450  -0.0000   0.00717600
  0.342695  -0.0000   0.00721400
  0.342939  -0.0000   0.00725200
  0.343182  -0.0000   0.00728900
  0.343543  -0.0000   0.00734500
  0.344081  -0.0000   0.00743000
  0.344879  -0.0000   0.00755700
  0.346058  -0.0000   0.00774700
  0.347794  -0.0000   0.00803200
  0.350056  -0.0000   0.00841200
  0.352275  -0.0000   0.00879200
  0.354456  -0.0000   0.00917200
  0.356603  -0.0000   0.00955200
  0.359431  -0.0000   0.01006000
  0.359867  -0.0000   0.01014000
  0.360302  -0.0000   0.01022000
  0.360691  -0.0000   0.01030000
  0.361068  -0.0000   0.01038000
  0.361443  -0.0000   0.01046000
  0.361816  -0.0000   0.01053000
  0.362370  -0.0000   0.01065000
  0.363191  -0.0000   0.01083000
  0.364406  -0.0000   0.01110000
  0.366195  -0.0000   0.01149000
  0.368595  -0.0000   0.01204000
  0.370948  -0.0000   0.01259000
  0.373262  -0.0000   0.01314000
  0.375540  -0.0000   0.01368000
  0.377786  -0.0000   0.01423000
  0.378150  -0.0000   0.01432000
  0.378512  -0.0000   0.01441000
  0.378532  -0.0000   0.01442000
  0.378562  -0.0000   0.01442000
  0.378607  -0.0000   0.01444000
  0.378675  -0.0000   0.01445000
  0.378777  -0.0000   0.01448000
  0.378929  -0.0000   0.01453000
  0.379156  -0.0000   0.01459000
  0.379494  -0.0000   0.01468000
  0.379998  -0.0000   0.01483000
  0.380745  -0.0000   0.01504000
  0.381850  -0.0000   0.01536000
  0.383480  -0.0000   0.01584000
  0.385836  -0.0000   0.01655000
  0.388147  -0.0000   0.01726000
  0.390419  -0.0000   0.01798000
  0.392657  -0.0000   0.01869000
  0.394865  -0.0000   0.01940000
  0.395514  -0.0000   0.01961000
  0.396160  -0.0000   0.01982000
  0.396776  -0.0000   0.02003000
  0.396830  -0.0000   0.02005000
  0.396883  -0.0000   0.02007000
  0.396937  -0.0000   0.02009000
  0.397018  -0.0000   0.02012000
  0.397138  -0.0000   0.02016000
  0.397319  -0.0000   0.02023000
  0.397588  -0.0000   0.02033000
  0.397990  -0.0000   0.02048000
  0.398586  -0.0000   0.02070000
  0.399472  -0.0000   0.02104000
  0.400780  -0.0000   0.02154000
  0.402705  -0.0000   0.02230000
  0.405147  -0.0000   0.02328000
  0.407545  -0.0000   0.02426000
  0.409905  -0.0000   0.02524000
  0.412232  -0.0000   0.02622000
  0.414528  -0.0000   0.02720000
  0.414808  -0.0000   0.02733000
  0.414874  -0.0000   0.02736000
  0.414940  -0.0000   0.02739000
  0.415006  -0.0000   0.02742000
  0.415104  -0.0000   0.02747000
  0.415252  -0.0000   0.02754000
  0.415472  -0.0000   0.02765000
  0.415801  -0.0000   0.02780000
  0.416291  -0.0000   0.02804000
  0.417018  -0.0000   0.02840000
  0.418094  -0.0000   0.02893000
  0.419682  -0.0000   0.02974000
  0.422014  -0.0000   0.03094000
  0.424304  -0.0000   0.03215000
  0.426559  -0.0000   0.03335000
  0.428782  -0.0000   0.03456000
  0.430977  -0.0000   0.03576000
  0.431679  -0.0000   0.03615000
  0.432379  -0.0000   0.03654000
  0.433042  -0.0000   0.03692000
  0.433200  -0.0000   0.03702000
  0.433357  -0.0000   0.03712000
  0.433514  -0.0000   0.03721000
  0.433748  -0.0000   0.03736000
  0.434097  -0.0000   0.03758000
  0.434617  -0.0000   0.03790000
  0.435390  -0.0000   0.03839000
  0.436533  -0.0000   0.03913000
  0.438220  -0.0000   0.04023000
  0.440697  -0.0000   0.04189000
  0.443131  -0.0000   0.04354000
  0.445527  -0.0000   0.04520000
  0.447890  -0.0000   0.04685000
  0.450223  -0.0000   0.04851000
  0.450594  -0.0000   0.04877000
  0.450959  -0.0000   0.04903000
  0.451043  -0.0000   0.04910000
  0.451127  -0.0000   0.04917000
  0.451212  -0.0000   0.04923000
  0.451338  -0.0000   0.04933000
  0.451527  -0.0000   0.04948000
  0.451809  -0.0000   0.04970000
  0.452229  -0.0000   0.05004000
  0.452853  -0.0000   0.05054000
  0.453779  -0.0000   0.05129000
  0.455148  -0.0000   0.05241000
  0.457164  -0.0000   0.05411000
  0.459696  -0.0000   0.05627000
  0.462185  -0.0000   0.05844000
  0.464638  -0.0000   0.06061000
  0.467058  -0.0000   0.06277000
  0.468273  -0.0000   0.06387000
  0.469035  -0.0000   0.06456000
  0.469078  -0.0000   0.06460000
  0.469122  -0.0000   0.06464000
  0.469166  -0.0000   0.06469000
  0.469232  -0.0000   0.06475000
  0.469331  -0.0000   0.06485000
  0.469478  -0.0000   0.06500000
  0.469698  -0.0000   0.06522000
  0.470027  -0.0000   0.06554000
  0.470516  -0.0000   0.06604000
  0.471243  -0.0000   0.06678000
  0.472320  -0.0000   0.06789000
  0.473910  -0.0000   0.06955000
  0.476249  -0.0000   0.07205000
  0.478549  -0.0000   0.07454000
  0.480817  -0.0000   0.07704000
  0.483055  -0.0000   0.07953000
  0.485267  -0.0000   0.08203000
  0.486032  -0.0000   0.08290000
  0.486795  -0.0000   0.08376000
  0.487290  -0.0000   0.08435000
  0.487407  -0.0000   0.08449000
  0.487525  -0.0000   0.08464000
  0.487643  -0.0000   0.08478000
  0.487819  -0.0000   0.08500000
  0.488081  -0.0000   0.08533000
  0.488473  -0.0000   0.08583000
  0.489056  -0.0000   0.08656000
  0.489922  -0.0000   0.08767000
  0.491203  -0.0000   0.08934000
  0.493092  -0.0000   0.09183000
  0.495201  -0.0000   0.09466000
  0.497282  -0.0000   0.09750000
  0.499336  -0.0000   0.10000000
  0.502042  -0.0000   0.10400000
  0.504712  -0.0000   0.10800000
  0.505071  -0.0000   0.10800000
  0.505412  -0.0000   0.10900000
  0.505495  -0.0000   0.10900000
  0.505578  -0.0000   0.10900000
  0.505661  -0.0000   0.10900000
  0.505785  -0.0000   0.10900000
  0.505971  -0.0000   0.11000000
  0.506248  -0.0000   0.11000000
  0.506661  -0.0000   0.11100000
  0.507276  -0.0000   0.11200000
  0.508188  -0.0000   0.11300000
  0.509538  -0.0000   0.11500000
  0.511528  -0.0000   0.11900000
  0.513693  -0.0000   0.12200000
  0.515828  -0.0000   0.12600000
  0.517937  -0.0000   0.13000000
  0.520647  -0.0000   0.13400000
  0.523323  -0.0000   0.13900000
  0.523593  -0.0000   0.13900000
  0.523862  -0.0000   0.14000000
  0.524129  -0.0000   0.14100000
  0.524396  -0.0000   0.14100000
  0.524793  -0.0000   0.14200000
  0.525385  -0.0000   0.14300000
  0.526264  -0.0000   0.14500000
  0.527565  -0.0000   0.14700000
  0.529485  -0.0000   0.15100000
  0.531576  -0.0000   0.15500000
  0.533639  -0.0000   0.16000000
  0.535679  -0.0000   0.16400000
  0.538442  -0.0000   0.17000000
  0.541170  -0.0000   0.17600000
  0.541489  -0.0000   0.17600000
  0.541564  -0.0000   0.17700000
  0.541640  -0.0000   0.17700000
  0.541715  -0.0000   0.17700000
  0.541828  -0.0000   0.17700000
  0.541997  -0.0000   0.17800000
  0.542249  -0.0000   0.17800000
  0.542625  -0.0000   0.17900000
  0.543186  -0.0000   0.18000000
  0.544018  -0.0000   0.18200000
  0.545250  -0.0000   0.18500000
  0.547070  -0.0000   0.19000000
  0.549150  -0.0000   0.19500000
  0.551203  -0.0000   0.20000000
  0.553232  -0.0000   0.20600000
  0.555934  -0.0000   0.21300000
  0.558602  -0.0000   0.22000000
  0.559055  -0.0000   0.22100000
  0.559508  -0.0000   0.22200000
  0.559810  -0.0000   0.22300000
  0.560110  -0.0000   0.22400000
  0.560408  -0.0000   0.22400000
  0.560705  -0.0000   0.22500000
  0.561147  -0.0000   0.22700000
  0.561806  -0.0000   0.22900000
  0.562783  -0.0000   0.23100000
  0.564230  -0.0000   0.23600000
  0.566365  -0.0000   0.24200000
  0.568472  -0.0000   0.24900000
  0.570553  -0.0000   0.25500000
  0.572612  -0.0000   0.26100000
  0.575528  -0.0000   0.27100000
  0.576608  -0.0000   0.27400000
  0.577681  -0.0000   0.27800000
  0.577713  -0.0000   0.27800000
  0.577744  -0.0000   0.27800000
  0.577776  -0.0000   0.27800000
  0.577823  -0.0000   0.27800000
  0.577894  -0.0000   0.27800000
  0.578000  -0.0000   0.27900000
  0.578159  -0.0000   0.27900000
  0.578397  -0.0000   0.28000000
  0.578752  -0.0000   0.28100000
  0.579280  -0.0000   0.28300000
  0.580065  -0.0000   0.28600000
  0.581228  -0.0000   0.29000000
  0.582949  -0.0000   0.29600000
  0.585486  -0.0000   0.30600000
  0.587986  -0.0000   0.31500000
  0.590454  -0.0000   0.32400000
  0.592894  -0.0000   0.33300000
  0.595308  -0.0000   0.34300000
  0.595685  -0.0000   0.34400000
  0.596047  -0.0000   0.34600000
  0.596135  -0.0000   0.34600000
  0.596202  -0.0000   0.34600000
  0.596268  -0.0000   0.34700000
  0.596368  -0.0000   0.34700000
  0.596516  -0.0000   0.34800000
  0.596739  -0.0000   0.34900000
  0.597071  -0.0000   0.35000000
  0.597566  -0.0000   0.35200000
  0.598303  -0.0000   0.35500000
  0.599397  -0.0000   0.36000000
  0.601015  -0.0000   0.36700000
  0.603403  -0.0000   0.37700000
  0.605759  -0.0000   0.38800000
  0.608086  -0.0000   0.39800000
  0.610388  -0.0000   0.40900000
  0.613281  -0.0000   0.42200000
  0.613691  -0.0000   0.42400000
  0.614090  -0.0000   0.42600000
  0.614138  -0.0000   0.42600000
  0.614187  -0.0000   0.42600000
  0.614235  -0.0000   0.42700000
  0.614307  -0.0000   0.42700000
  0.614416  -0.0000   0.42800000
  0.614578  -0.0000   0.42800000
  0.614821  -0.0000   0.43000000
  0.615184  -0.0000   0.43100000
  0.615723  -0.0000   0.43400000
  0.616526  -0.0000   0.43800000
  0.617717  -0.0000   0.44400000
  0.619478  -0.0000   0.45300000
  0.621647  -0.0000   0.46500000
  0.623789  -0.0000   0.47600000
  0.625907  -0.0000   0.48700000
  0.628603  -0.0000   0.50200000
  0.631269  -0.0000   0.51700000
  0.631705  -0.0000   0.51900000
  0.632135  -0.0000   0.52200000
  0.632161  -0.0000   0.52200000
  0.632186  -0.0000   0.52200000
  0.632212  -0.0000   0.52200000
  0.632251  -0.0000   0.52200000
  0.632309  -0.0000   0.52300000
  0.632396  -0.0000   0.52300000
  0.632526  -0.0000   0.52400000
  0.632721  -0.0000   0.52500000
  0.633011  -0.0000   0.52700000
  0.633445  -0.0000   0.52900000
  0.634090  -0.0000   0.53300000
  0.635049  -0.0000   0.53900000
  0.636470  -0.0000   0.54800000
  0.638571  -0.0000   0.56100000
  0.640645  -0.0000   0.57400000
  0.642697  -0.0000   0.58700000
  0.644728  -0.0000   0.60000000
  0.647735  -0.0000   0.61900000
  0.649152  -0.0000   0.62800000
  0.650534  -0.0000   0.63800000
  0.650618  -0.0000   0.63800000
  0.650701  -0.0000   0.63900000
  0.650785  -0.0000   0.63900000
  0.650909  -0.0000   0.64000000
  0.651096  -0.0000   0.64200000
  0.651375  -0.0000   0.64400000
  0.651791  -0.0000   0.64700000
  0.652411  -0.0000   0.65100000
  0.653332  -0.0000   0.65700000
  0.654699  -0.0000   0.66700000
  0.656721  -0.0000   0.68200000
  0.659033  -0.0000   0.69900000
  0.661317  -0.0000   0.71700000
  0.663578  -0.0000   0.73400000
  0.666432  -0.0000   0.75600000
  0.667509  -0.0000   0.76400000
  0.668566  -0.0000   0.77200000
  0.668582  -0.0000   0.77200000
  0.668606  -0.0000   0.77300000
  0.668642  -0.0000   0.77300000
  0.668696  -0.0000   0.77300000
  0.668777  -0.0000   0.77400000
  0.668897  -0.0000   0.77500000
  0.669078  -0.0000   0.77600000
  0.669348  -0.0000   0.77900000
  0.669750  -0.0000   0.78200000
  0.670350  -0.0000   0.78700000
  0.671243  -0.0000   0.79500000
  0.672566  -0.0000   0.80600000
  0.674526  -0.0000   0.82300000
  0.676785  -0.0000   0.84200000
  0.679019  -0.0000   0.86200000
  0.681230  -0.0000   0.88200000
  0.684084  -0.0000   0.90800000
  0.685718  -0.0000   0.92200000
  0.686343  -0.0000   0.92800000
  0.686711  -0.0000   0.93200000
  0.686733  -0.0000   0.93200000
  0.686756  -0.0000   0.93200000
  0.686790  -0.0000   0.93200000
  0.686841  -0.0000   0.93300000
  0.686918  -0.0000   0.93400000
  0.687032  -0.0000   0.93500000
  0.687204  -0.0000   0.93600000
  0.687460  -0.0000   0.93900000
  0.687842  -0.0000   0.94200000
  0.688413  -0.0000   0.94800000
  0.689261  -0.0000   0.95600000
  0.690520  -0.0000   0.96900000
  0.692385  -0.0000   0.98800000
  0.693599  -0.0000   1.00000000
  0.693552  -0.0000   1.00000000
  0.693552  -0.0000   1.00000000
  0.693552  -0.0000   1.00000000
  0.693552  -0.0000   1.00000000
  0.693551  -0.0000   1.00000000
  0.693551  -0.0000   1.00000000
  0.693551  -0.0000   1.00000000
  0.693551  -0.0000   1.00000000
  0.693551  -0.0000   1.00000000
  0.693551  -0.0000   1.00000000
  0.693550  -0.0000   1.00000000
  0.693549  -0.0000   1.00000000
  0.693548  -0.0000   1.00000000
  0.693546  -0.0000   1.00000000
  0.693545  -0.0000   1.00000000
