  0.000007  -0.0000   0.00000010
  0.000017  -0.0000   0.00000020
  0.000051  -0.0000   0.00000030
  0.000339  -0.0000   0.00000040
  0.003688  -0.0000   0.00000050
  0.006093  -0.0000   0.00000054
  0.006144  -0.0000   0.00000059
  0.006274  -0.0000   0.00000068
  0.006404  -0.0000   0.00000074
  0.006582  -0.0000   0.00000080
  0.006818  -0.0000   0.00000086
  0.007119  -0.0000   0.00000091
  0.007410  -0.0000   0.00000096
  0.007750  -0.0000   0.00000101
  0.008136  -0.0000   0.00000106
  0.008628  -0.0000   0.00000111
  0.009175  -0.0000   0.00000117
  0.009774  -0.0000   0.00000122
  0.010421  -0.0000   0.00000128
  0.011114  -0.0000   0.00000133
  0.011852  -0.0000   0.00000138
  0.012752  -0.0000   0.00000145
  0.013712  -0.0000   0.00000151
  0.014733  -0.0000   0.00000157
  0.015819  -0.0000   0.00000163
  0.016977  -0.0000   0.00000169
  0.018000  -0.0000   0.00000175
  0.019075  -0.0000   0.00000180
  0.019256  -0.0000   0.00000181
  0.019437  -0.0000   0.00000182
  0.019620  -0.0000   0.00000182
  0.019788  -0.0000   0.00000183
  0.019796  -0.0000   0.00000184
  0.019801  -0.0000   0.00000184
  0.019805  -0.0000   0.00000184
  0.019809  -0.0000   0.00000185
  0.019814  -0.0000   0.00000186
  0.019820  -0.0000   0.00000187
  0.019828  -0.0000   0.00000188
  0.019838  -0.0000   0.00000191
  0.019851  -0.0000   0.00000195
  0.019871  -0.0000   0.00000200
  0.019903  -0.0000   0.00000209
  0.019959  -0.0000   0.00000222
  0.020063  -0.0000   0.00000241
  0.020272  -0.0000   0.00000270
  0.020547  -0.0000   0.00000299
  0.020827  -0.0000   0.00000323
  0.021171  -0.0000   0.00000346
  0.021588  -0.0000   0.00000370
  0.022086  -0.0000   0.00000393
  0.022546  -0.0000   0.00000413
  0.023069  -0.0000   0.00000432
  0.023656  -0.0000   0.00000451
  0.024411  -0.0000   0.00000473
  0.025109  -0.0000   0.00000491
  0.025876  -0.0000   0.00000509
  0.026714  -0.0000   0.00000527
  0.027626  -0.0000   0.00000546
  0.028614  -0.0000   0.00000564
  0.029679  -0.0000   0.00000582
  0.030823  -0.0000   0.00000600
  0.032047  -0.0000   0.00000618
  0.033350  -0.0000   0.00000636
  0.034732  -0.0000   0.00000655
  0.036178  -0.0000   0.00000673
  0.036193  -0.0000   0.00000674
  0.036204  -0.0000   0.00000675
  0.036213  -0.0000   0.00000676
  0.036222  -0.0000   0.00000677
  0.036234  -0.0000   0.00000679
  0.036250  -0.0000   0.00000682
  0.036275  -0.0000   0.00000685
  0.036311  -0.0000   0.00000691
  0.036368  -0.0000   0.00000700
  0.036456  -0.0000   0.00000713
  0.036595  -0.0000   0.00000732
  0.036823  -0.0000   0.00000761
  0.037220  -0.0000   0.00000805
  0.037584  -0.0000   0.00000841
  0.037996  -0.0000   0.00000876
  0.038460  -0.0000   0.00000912
  0.038947  -0.0000   0.00000945
  0.039491  -0.0000   0.00000979
  0.040096  -0.0000   0.00001012
  0.040729  -0.0000   0.00001044
  0.041425  -0.0000   0.00001075
  0.042188  -0.0000   0.00001107
  0.043011  -0.0000   0.00001138
  0.043907  -0.0000   0.00001170
  0.044876  -0.0000   0.00001201
  0.045909  -0.0000   0.00001232
  0.047020  -0.0000   0.00001263
  0.048209  -0.0000   0.00001294
  0.049516  -0.0000   0.00001326
  0.050907  -0.0000   0.00001358
  0.052382  -0.0000   0.00001390
  0.052582  -0.0000   0.00001394
  0.052783  -0.0000   0.00001398
  0.052986  -0.0000   0.00001403
  0.053216  -0.0000   0.00001409
  0.053241  -0.0000   0.00001412
  0.053272  -0.0000   0.00001415
  0.053301  -0.0000   0.00001419
  0.053330  -0.0000   0.00001422
  0.053373  -0.0000   0.00001428
  0.053440  -0.0000   0.00001436
  0.053541  -0.0000   0.00001448
  0.053697  -0.0000   0.00001467
  0.053939  -0.0000   0.00001494
  0.054325  -0.0000   0.00001535
  0.054969  -0.0000   0.00001597
  0.055489  -0.0000   0.00001643
  0.056054  -0.0000   0.00001689
  0.056668  -0.0000   0.00001736
  0.057462  -0.0000   0.00001789
  0.058336  -0.0000   0.00001843
  0.059295  -0.0000   0.00001897
  0.060336  -0.0000   0.00001951
  0.061472  -0.0000   0.00002004
  0.062706  -0.0000   0.00002058
  0.064044  -0.0000   0.00002111
  0.065487  -0.0000   0.00002165
  0.067036  -0.0000   0.00002218
  0.068692  -0.0000   0.00002272
  0.069636  -0.0000   0.00002301
  0.069883  -0.0000   0.00002309
  0.070131  -0.0000   0.00002317
  0.070184  -0.0000   0.00002321
  0.070219  -0.0000   0.00002325
  0.070253  -0.0000   0.00002329
  0.070287  -0.0000   0.00002333
  0.070339  -0.0000   0.00002339
  0.070417  -0.0000   0.00002349
  0.070535  -0.0000   0.00002363
  0.070716  -0.0000   0.00002384
  0.070993  -0.0000   0.00002415
  0.071427  -0.0000   0.00002462
  0.072127  -0.0000   0.00002533
  0.072858  -0.0000   0.00002601
  0.073649  -0.0000   0.00002669
  0.074506  -0.0000   0.00002738
  0.075428  -0.0000   0.00002805
  0.076426  -0.0000   0.00002873
  0.077503  -0.0000   0.00002941
  0.078616  -0.0000   0.00003006
  0.079810  -0.0000   0.00003072
  0.081088  -0.0000   0.00003137
  0.082497  -0.0000   0.00003204
  0.083997  -0.0000   0.00003271
  0.085590  -0.0000   0.00003339
  0.086189  -0.0000   0.00003364
  0.086800  -0.0000   0.00003388
  0.087037  -0.0000   0.00003398
  0.087139  -0.0000   0.00003405
  0.087197  -0.0000   0.00003412
  0.087255  -0.0000   0.00003419
  0.087343  -0.0000   0.00003430
  0.087476  -0.0000   0.00003446
  0.087679  -0.0000   0.00003470
  0.087988  -0.0000   0.00003506
  0.088467  -0.0000   0.00003559
  0.089227  -0.0000   0.00003640
  0.090131  -0.0000   0.00003730
  0.091104  -0.0000   0.00003820
  0.092152  -0.0000   0.00003909
  0.093336  -0.0000   0.00004003
  0.094615  -0.0000   0.00004097
  0.095993  -0.0000   0.00004191
  0.097475  -0.0000   0.00004285
  0.099065  -0.0000   0.00004378
  0.100763  -0.0000   0.00004472
  0.102570  -0.0000   0.00004566
  0.103433  -0.0000   0.00004609
  0.104020  -0.0000   0.00004639
  0.104136  -0.0000   0.00004646
  0.104197  -0.0000   0.00004654
  0.104258  -0.0000   0.00004662
  0.104349  -0.0000   0.00004673
  0.104441  -0.0000   0.00004684
  0.104581  -0.0000   0.00004702
  0.104793  -0.0000   0.00004727
  0.105115  -0.0000   0.00004766
  0.105610  -0.0000   0.00004824
  0.106385  -0.0000   0.00004911
  0.107640  -0.0000   0.00005042
  0.109000  -0.0000   0.00005172
  0.110475  -0.0000   0.00005303
  0.112075  -0.0000   0.00005434
  0.113807  -0.0000   0.00005564
  0.115675  -0.0000   0.00005695
  0.117682  -0.0000   0.00005825
  0.119829  -0.0000   0.00005956
  0.120173  -0.0000   0.00005977
  0.120519  -0.0000   0.00005997
  0.120869  -0.0000   0.00006018
  0.121169  -0.0000   0.00006036
  0.121206  -0.0000   0.00006040
  0.121240  -0.0000   0.00006045
  0.121290  -0.0000   0.00006051
  0.121366  -0.0000   0.00006061
  0.121481  -0.0000   0.00006076
  0.121657  -0.0000   0.00006099
  0.121922  -0.0000   0.00006132
  0.122325  -0.0000   0.00006183
  0.122946  -0.0000   0.00006259
  0.123923  -0.0000   0.00006373
  0.125039  -0.0000   0.00006496
  0.126224  -0.0000   0.00006619
  0.127484  -0.0000   0.00006742
  0.128872  -0.0000   0.00006869
  0.130349  -0.0000   0.00006997
  0.131917  -0.0000   0.00007124
  0.134026  -0.0000   0.00007284
  0.135887  -0.0000   0.00007417
  0.137849  -0.0000   0.00007550
  0.138287  -0.0000   0.00007583
  0.138378  -0.0000   0.00007595
  0.138469  -0.0000   0.00007608
  0.138561  -0.0000   0.00007620
  0.138654  -0.0000   0.00007633
  0.138794  -0.0000   0.00007652
  0.139006  -0.0000   0.00007680
  0.139327  -0.0000   0.00007722
  0.139815  -0.0000   0.00007785
  0.140569  -0.0000   0.00007880
  0.141759  -0.0000   0.00008022
  0.142951  -0.0000   0.00008157
  0.144208  -0.0000   0.00008292
  0.145535  -0.0000   0.00008427
  0.146991  -0.0000   0.00008567
  0.148528  -0.0000   0.00008707
  0.150148  -0.0000   0.00008848
  0.152023  -0.0000   0.00009001
  0.153998  -0.0000   0.00009155
  0.154428  -0.0000   0.00009188
  0.154862  -0.0000   0.00009221
  0.155301  -0.0000   0.00009254
  0.155401  -0.0000   0.00009266
  0.155484  -0.0000   0.00009278
  0.155567  -0.0000   0.00009290
  0.155695  -0.0000   0.00009308
  0.155887  -0.0000   0.00009334
  0.156178  -0.0000   0.00009374
  0.156618  -0.0000   0.00009434
  0.157292  -0.0000   0.00009524
  0.158341  -0.0000   0.00009659
  0.160017  -0.0000   0.00009862
  0.161746  -0.0000   0.00010060
  0.163410  -0.0000   0.00010270
  0.165024  -0.0000   0.00010470
  0.166591  -0.0000   0.00010670
  0.168115  -0.0000   0.00010870
  0.170261  -0.0000   0.00011170
  0.172328  -0.0000   0.00011470
  0.172488  -0.0000   0.00011490
  0.172586  -0.0000   0.00011510
  0.172676  -0.0000   0.00011530
  0.172813  -0.0000   0.00011570
  0.172949  -0.0000   0.00011600
  0.173152  -0.0000   0.00011660
  0.173451  -0.0000   0.00011730
  0.173891  -0.0000   0.00011850
  0.174534  -0.0000   0.00012030
  0.175470  -0.0000   0.00012290
  0.176825  -0.0000   0.00012680
  0.178139  -0.0000   0.00013080
  0.179419  -0.0000   0.00013470
  0.180669  -0.0000   0.00013860
  0.182420  -0.0000   0.00014430
  0.184120  -0.0000   0.00015000
  0.186109  -0.0000   0.00015690
  0.188032  -0.0000   0.00016380
  0.188703  -0.0000   0.00016620
  0.189365  -0.0000   0.00016870
  0.189763  -0.0000   0.00017010
  0.189875  -0.0000   0.00017080
  0.189979  -0.0000   0.00017140
  0.190085  -0.0000   0.00017210
  0.190242  -0.0000   0.00017300
  0.190476  -0.0000   0.00017440
  0.190820  -0.0000   0.00017660
  0.191325  -0.0000   0.00017980
  0.192064  -0.0000   0.00018460
  0.193138  -0.0000   0.00019190
  0.194461  -0.0000   0.00020110
  0.195748  -0.0000   0.00021030
  0.197004  -0.0000   0.00021950
  0.198232  -0.0000   0.00022880
  0.200017  -0.0000   0.00024260
  0.202022  -0.0000   0.00025860
  0.203962  -0.0000   0.00027470
  0.205843  -0.0000   0.00029070
  0.206262  -0.0000   0.00029430
  0.206677  -0.0000   0.00029790
  0.207085  -0.0000   0.00030150
  0.207110  -0.0000   0.00030190
  0.207148  -0.0000   0.00030240
  0.207204  -0.0000   0.00030320
  0.207289  -0.0000   0.00030430
  0.207416  -0.0000   0.00030600
  0.207606  -0.0000   0.00030860
  0.207886  -0.0000   0.00031240
  0.208298  -0.0000   0.00031820
  0.208903  -0.0000   0.00032680
  0.209787  -0.0000   0.00033980
  0.211071  -0.0000   0.00035930
  0.212321  -0.0000   0.00037880
  0.213541  -0.0000   0.00039830
  0.214734  -0.0000   0.00041770
  0.216471  -0.0000   0.00044690
  0.218160  -0.0000   0.00047620
  0.220170  -0.0000   0.00051210
  0.222117  -0.0000   0.00054800
  0.224216  -0.0000   0.00058810
  0.224396  -0.0000   0.00059160
  0.224427  -0.0000   0.00059240
  0.224457  -0.0000   0.00059330
  0.224504  -0.0000   0.00059460
  0.224574  -0.0000   0.00059660
  0.224679  -0.0000   0.00059950
  0.224836  -0.0000   0.00060390
  0.225068  -0.0000   0.00061050
  0.225411  -0.0000   0.00062040
  0.225915  -0.0000   0.00063530
  0.226654  -0.0000   0.00065760
  0.227732  -0.0000   0.00069110
  0.229009  -0.0000   0.00073180
  0.230254  -0.0000   0.00077260
  0.231472  -0.0000   0.00081330
  0.232664  -0.0000   0.00085410
  0.234402  -0.0000   0.00091520
  0.236515  -0.0000   0.00099220
  0.238562  -0.0000   0.00106900
  0.240545  -0.0000   0.00114600
  0.240902  -0.0000   0.00116000
  0.241257  -0.0000   0.00117400
  0.241610  -0.0000   0.00118800
  0.241764  -0.0000   0.00119600
  0.241906  -0.0000   0.00120400
  0.242048  -0.0000   0.00121200
  0.242258  -0.0000   0.00122300
  0.242570  -0.0000   0.00124100
  0.243029  -0.0000   0.00126800
  0.243703  -0.0000   0.00130800
  0.244689  -0.0000   0.00136700
  0.246004  -0.0000   0.00144900
  0.247286  -0.0000   0.00153200
  0.248539  -0.0000   0.00161400
  0.249766  -0.0000   0.00169600
  0.251552  -0.0000   0.00181900
  0.253615  -0.0000   0.00196600
  0.255614  -0.0000   0.00211300
  0.257556  -0.0000   0.00226000
  0.258121  -0.0000   0.00230400
  0.258682  -0.0000   0.00234700
  0.259005  -0.0000   0.00237300
  0.259067  -0.0000   0.00238000
  0.259130  -0.0000   0.00238600
  0.259225  -0.0000   0.00239600
  0.259366  -0.0000   0.00241100
  0.259576  -0.0000   0.00243300
  0.259886  -0.0000   0.00246700
  0.260345  -0.0000   0.00251700
  0.261018  -0.0000   0.00259200
  0.262004  -0.0000   0.00270500
  0.263336  -0.0000   0.00286200
  0.264635  -0.0000   0.00301900
  0.265905  -0.0000   0.00317600
  0.267148  -0.0000   0.00333300
  0.268959  -0.0000   0.00356800
  0.271060  -0.0000   0.00385000
  0.273098  -0.0000   0.00413200
  0.275079  -0.0000   0.00441400
  0.275513  -0.0000   0.00447600
  0.275945  -0.0000   0.00453800
  0.276349  -0.0000   0.00460100
  0.276379  -0.0000   0.00460700
  0.276425  -0.0000   0.00461500
  0.276494  -0.0000   0.00462800
  0.276598  -0.0000   0.00464800
  0.276752  -0.0000   0.00467800
  0.276980  -0.0000   0.00472200
  0.277319  -0.0000   0.00478800
  0.277819  -0.0000   0.00488800
  0.278554  -0.0000   0.00503800
  0.279629  -0.0000   0.00526200
  0.280974  -0.0000   0.00555100
  0.282288  -0.0000   0.00583900
  0.283572  -0.0000   0.00612800
  0.284830  -0.0000   0.00641700
  0.286664  -0.0000   0.00685000
  0.288888  -0.0000   0.00739300
  0.291045  -0.0000   0.00793600
  0.293143  -0.0000   0.00847900
  0.293391  -0.0000   0.00854400
  0.293636  -0.0000   0.00860800
  0.293684  -0.0000   0.00862500
  0.293757  -0.0000   0.00864900
  0.293866  -0.0000   0.00868500
  0.294028  -0.0000   0.00874000
  0.294269  -0.0000   0.00882100
  0.294626  -0.0000   0.00894400
  0.295153  -0.0000   0.00912800
  0.295927  -0.0000   0.00940400
  0.297059  -0.0000   0.00981800
  0.298393  -0.0000   0.01032000
  0.299695  -0.0000   0.01082000
  0.300969  -0.0000   0.01132000
  0.302728  -0.0000   0.01203000
  0.304440  -0.0000   0.01274000
  0.306560  -0.0000   0.01365000
  0.308622  -0.0000   0.01455000
  0.310632  -0.0000   0.01546000
  0.310873  -0.0000   0.01557000
  0.311075  -0.0000   0.01568000
  0.311123  -0.0000   0.01571000
  0.311195  -0.0000   0.01575000
  0.311302  -0.0000   0.01581000
  0.311463  -0.0000   0.01590000
  0.311701  -0.0000   0.01604000
  0.312055  -0.0000   0.01624000
  0.312578  -0.0000   0.01656000
  0.313346  -0.0000   0.01702000
  0.314472  -0.0000   0.01772000
  0.315941  -0.0000   0.01866000
  0.317375  -0.0000   0.01960000
  0.318775  -0.0000   0.02054000
  0.320146  -0.0000   0.02147000
  0.322143  -0.0000   0.02288000
  0.324087  -0.0000   0.02429000
  0.325984  -0.0000   0.02570000
  0.327840  -0.0000   0.02710000
  0.328095  -0.0000   0.02730000
  0.328327  -0.0000   0.02749000
  0.328379  -0.0000   0.02754000
  0.328457  -0.0000   0.02761000
  0.328573  -0.0000   0.02772000
  0.328746  -0.0000   0.02789000
  0.329003  -0.0000   0.02813000
  0.329384  -0.0000   0.02850000
  0.329947  -0.0000   0.02905000
  0.330775  -0.0000   0.02988000
  0.331985  -0.0000   0.03113000
  0.333442  -0.0000   0.03267000
  0.334865  -0.0000   0.03420000
  0.336256  -0.0000   0.03574000
  0.338113  -0.0000   0.03785000
  0.339923  -0.0000   0.03997000
  0.342062  -0.0000   0.04253000
  0.344148  -0.0000   0.04509000
  0.344767  -0.0000   0.04586000
  0.345382  -0.0000   0.04663000
  0.345535  -0.0000   0.04682000
  0.345730  -0.0000   0.04711000
  0.345802  -0.0000   0.04721000
  0.345908  -0.0000   0.04738000
  0.346067  -0.0000   0.04762000
  0.346304  -0.0000   0.04798000
  0.346655  -0.0000   0.04853000
  0.347174  -0.0000   0.04935000
  0.347938  -0.0000   0.05057000
  0.349058  -0.0000   0.05241000
  0.350627  -0.0000   0.05507000
  0.352157  -0.0000   0.05772000
  0.353650  -0.0000   0.06038000
  0.355112  -0.0000   0.06303000
  0.357243  -0.0000   0.06702000
  0.359319  -0.0000   0.07100000
  0.361348  -0.0000   0.07498000
  0.362125  -0.0000   0.07652000
  0.362896  -0.0000   0.07806000
  0.363100  -0.0000   0.07854000
  0.363302  -0.0000   0.07903000
  0.363502  -0.0000   0.07951000
  0.363702  -0.0000   0.07999000
  0.363998  -0.0000   0.08072000
  0.364437  -0.0000   0.08181000
  0.365086  -0.0000   0.08344000
  0.366040  -0.0000   0.08589000
  0.367434  -0.0000   0.08956000
  0.369071  -0.0000   0.09399000
  0.370667  -0.0000   0.09843000
  0.372227  -0.0000   0.10300000
  0.374187  -0.0000   0.10900000
  0.376102  -0.0000   0.11400000
  0.378299  -0.0000   0.12100000
  0.379510  -0.0000   0.12500000
  0.380053  -0.0000   0.12600000
  0.380360  -0.0000   0.12700000
  0.380432  -0.0000   0.12800000
  0.380504  -0.0000   0.12800000
  0.380575  -0.0000   0.12800000
  0.380682  -0.0000   0.12900000
  0.380841  -0.0000   0.12900000
  0.381079  -0.0000   0.13000000
  0.381431  -0.0000   0.13200000
  0.381953  -0.0000   0.13400000
  0.382722  -0.0000   0.13700000
  0.383851  -0.0000   0.14100000
  0.385495  -0.0000   0.14800000
  0.387098  -0.0000   0.15500000
  0.388664  -0.0000   0.16100000
  0.390199  -0.0000   0.16800000
  0.392358  -0.0000   0.17800000
  0.394467  -0.0000   0.18800000
  0.396530  -0.0000   0.19700000
  0.397000  -0.0000   0.20000000
  0.397468  -0.0000   0.20200000
  0.397743  -0.0000   0.20300000
  0.397809  -0.0000   0.20400000
  0.397875  -0.0000   0.20400000
  0.397974  -0.0000   0.20500000
  0.398121  -0.0000   0.20500000
  0.398341  -0.0000   0.20700000
  0.398668  -0.0000   0.20800000
  0.399151  -0.0000   0.21100000
  0.399866  -0.0000   0.21500000
  0.400915  -0.0000   0.22200000
  0.402446  -0.0000   0.23100000
  0.403941  -0.0000   0.24100000
  0.405404  -0.0000   0.25000000
  0.406839  -0.0000   0.26000000
  0.408937  -0.0000   0.27400000
  0.410988  -0.0000   0.28800000
  0.412996  -0.0000   0.30200000
  0.414953  -0.0000   0.31600000
  0.414979  -0.0000   0.31600000
  0.415019  -0.0000   0.31700000
  0.415079  -0.0000   0.31700000
  0.415169  -0.0000   0.31800000
  0.415304  -0.0000   0.31900000
  0.415504  -0.0000   0.32100000
  0.415801  -0.0000   0.32300000
  0.416242  -0.0000   0.32700000
  0.416894  -0.0000   0.33300000
  0.418165  -0.0000   0.34400000
  0.419787  -0.0000   0.35900000
  0.421370  -0.0000   0.37400000
  0.422918  -0.0000   0.38900000
  0.424438  -0.0000   0.40400000
  0.426659  -0.0000   0.42600000
  0.428830  -0.0000   0.44800000
  0.430956  -0.0000   0.47100000
  0.431630  -0.0000   0.47800000
  0.432301  -0.0000   0.48500000
  0.432533  -0.0000   0.48800000
  0.432762  -0.0000   0.49100000
  0.432989  -0.0000   0.49300000
  0.433215  -0.0000   0.49600000
  0.433551  -0.0000   0.50000000
  0.434049  -0.0000   0.50700000
  0.434785  -0.0000   0.51600000
  0.435866  -0.0000   0.53000000
  0.437444  -0.0000   0.55100000
  0.439270  -0.0000   0.57700000
  0.441053  -0.0000   0.60200000
  0.442800  -0.0000   0.62700000
  0.444514  -0.0000   0.65200000
  0.446759  -0.0000   0.68600000
  0.448958  -0.0000   0.72000000
  0.449325  -0.0000   0.72600000
  0.449673  -0.0000   0.73100000
  0.449693  -0.0000   0.73200000
  0.449724  -0.0000   0.73200000
  0.449769  -0.0000   0.73300000
  0.449838  -0.0000   0.73400000
  0.449940  -0.0000   0.73600000
  0.450092  -0.0000   0.73900000
  0.450319  -0.0000   0.74300000
  0.450656  -0.0000   0.74900000
  0.451157  -0.0000   0.75800000
  0.451895  -0.0000   0.77100000
  0.452979  -0.0000   0.79200000
  0.454564  -0.0000   0.82200000
  0.456363  -0.0000   0.85800000
  0.458123  -0.0000   0.89400000
  0.459847  -0.0000   0.92900000
  0.461540  -0.0000   0.96500000
  0.463183  -0.0000   1.00000000
  0.463077  -0.0000   1.00000000
  0.463077  -0.0000   1.00000000
  0.463077  -0.0000   1.00000000
  0.463077  -0.0000   1.00000000
  0.463077  -0.0000   1.00000000
  0.463077  -0.0000   1.00000000
  0.463077  -0.0000   1.00000000
  0.463077  -0.0000   1.00000000
  0.463076  -0.0000   1.00000000
  0.463076  -0.0000   1.00000000
  0.463075  -0.0000   1.00000000
  0.463074  -0.0000   1.00000000
  0.463072  -0.0000   1.00000000
  0.463070  -0.0000   1.00000000
