  0.000011  -0.0000   0.00000010
  0.000024  -0.0000   0.00000020
  0.000064  -0.0000   0.00000030
  0.000751  -0.0000   0.00000045
  0.006050  -0.0000   0.00000067
  0.006099  -0.0000   0.00000101
  0.006171  -0.0000   0.00000152
  0.006293  -0.0000   0.00000228
  0.006526  -0.0000   0.00000342
  0.006691  -0.0000   0.00000411
  0.006884  -0.0000   0.00000480
  0.007108  -0.0000   0.00000549
  0.007435  -0.0000   0.00000633
  0.007822  -0.0000   0.00000717
  0.008277  -0.0000   0.00000801
  0.008805  -0.0000   0.00000886
  0.009291  -0.0000   0.00000954
  0.009833  -0.0000   0.00001023
  0.010436  -0.0000   0.00001092
  0.011101  -0.0000   0.00001161
  0.011831  -0.0000   0.00001230
  0.012628  -0.0000   0.00001298
  0.013494  -0.0000   0.00001367
  0.014430  -0.0000   0.00001436
  0.015439  -0.0000   0.00001505
  0.016520  -0.0000   0.00001573
  0.017676  -0.0000   0.00001642
  0.018907  -0.0000   0.00001711
  0.020214  -0.0000   0.00001780
  0.020396  -0.0000   0.00001789
  0.020579  -0.0000   0.00001799
  0.020625  -0.0000   0.00001808
  0.020674  -0.0000   0.00001823
  0.020738  -0.0000   0.00001844
  0.020796  -0.0000   0.00001866
  0.020849  -0.0000   0.00001887
  0.020899  -0.0000   0.00001909
  0.020968  -0.0000   0.00001941
  0.021066  -0.0000   0.00001989
  0.021187  -0.0000   0.00002052
  0.021304  -0.0000   0.00002116
  0.021421  -0.0000   0.00002179
  0.021599  -0.0000   0.00002275
  0.021884  -0.0000   0.00002417
  0.022367  -0.0000   0.00002632
  0.022774  -0.0000   0.00002795
  0.023224  -0.0000   0.00002958
  0.023721  -0.0000   0.00003121
  0.024360  -0.0000   0.00003310
  0.025069  -0.0000   0.00003499
  0.025850  -0.0000   0.00003687
  0.026707  -0.0000   0.00003876
  0.027643  -0.0000   0.00004065
  0.028661  -0.0000   0.00004254
  0.029762  -0.0000   0.00004443
  0.030733  -0.0000   0.00004599
  0.031765  -0.0000   0.00004755
  0.032857  -0.0000   0.00004912
  0.034011  -0.0000   0.00005068
  0.035227  -0.0000   0.00005224
  0.036507  -0.0000   0.00005381
  0.037850  -0.0000   0.00005537
  0.038669  -0.0000   0.00005630
  0.038873  -0.0000   0.00005653
  0.039025  -0.0000   0.00005676
  0.039098  -0.0000   0.00005699
  0.039198  -0.0000   0.00005734
  0.039291  -0.0000   0.00005768
  0.039378  -0.0000   0.00005803
  0.039502  -0.0000   0.00005855
  0.039680  -0.0000   0.00005933
  0.039942  -0.0000   0.00006049
  0.040343  -0.0000   0.00006225
  0.040761  -0.0000   0.00006400
  0.041436  -0.0000   0.00006662
  0.042282  -0.0000   0.00006965
  0.043201  -0.0000   0.00007267
  0.044194  -0.0000   0.00007569
  0.045651  -0.0000   0.00007971
  0.046916  -0.0000   0.00008295
  0.048274  -0.0000   0.00008618
  0.049729  -0.0000   0.00008942
  0.051487  -0.0000   0.00009305
  0.053371  -0.0000   0.00009669
  0.055364  -0.0000   0.00010030
  0.057264  -0.0000   0.00010400
  0.057607  -0.0000   0.00010460
  0.057948  -0.0000   0.00010530
  0.058288  -0.0000   0.00010590
  0.058429  -0.0000   0.00010640
  0.058544  -0.0000   0.00010690
  0.058652  -0.0000   0.00010740
  0.058802  -0.0000   0.00010820
  0.059015  -0.0000   0.00010930
  0.059320  -0.0000   0.00011100
  0.059768  -0.0000   0.00011360
  0.060434  -0.0000   0.00011740
  0.061429  -0.0000   0.00012320
  0.062863  -0.0000   0.00013150
  0.064287  -0.0000   0.00013980
  0.066400  -0.0000   0.00015230
  0.069519  -0.0000   0.00017100
  0.072498  -0.0000   0.00018920
  0.075432  -0.0000   0.00020730
  0.075901  -0.0000   0.00021020
  0.076369  -0.0000   0.00021310
  0.076835  -0.0000   0.00021610
  0.077443  -0.0000   0.00022040
  0.077583  -0.0000   0.00022210
  0.077714  -0.0000   0.00022380
  0.077840  -0.0000   0.00022540
  0.078023  -0.0000   0.00022790
  0.078293  -0.0000   0.00023160
  0.078695  -0.0000   0.00023720
  0.079298  -0.0000   0.00024560
  0.080201  -0.0000   0.00025820
  0.081549  -0.0000   0.00027720
  0.083554  -0.0000   0.00030550
  0.086522  -0.0000   0.00034810
  0.089905  -0.0000   0.00039730
  0.093242  -0.0000   0.00044650
  0.096530  -0.0000   0.00049570
  0.096662  -0.0000   0.00049860
  0.096777  -0.0000   0.00050160
  0.096888  -0.0000   0.00050460
  0.097049  -0.0000   0.00050900
  0.097289  -0.0000   0.00051570
  0.097647  -0.0000   0.00052580
  0.098185  -0.0000   0.00054080
  0.098991  -0.0000   0.00056340
  0.100193  -0.0000   0.00059730
  0.101983  -0.0000   0.00064820
  0.104638  -0.0000   0.00072440
  0.108561  -0.0000   0.00083880
  0.112429  -0.0000   0.00095320
  0.114067  -0.0000   0.00100200
  0.115695  -0.0000   0.00105100
  0.115909  -0.0000   0.00105800
  0.116065  -0.0000   0.00106600
  0.116216  -0.0000   0.00107300
  0.116439  -0.0000   0.00108400
  0.116773  -0.0000   0.00110100
  0.117274  -0.0000   0.00112600
  0.118025  -0.0000   0.00116400
  0.119146  -0.0000   0.00122000
  0.120815  -0.0000   0.00130500
  0.123293  -0.0000   0.00143100
  0.126962  -0.0000   0.00162200
  0.130586  -0.0000   0.00181200
  0.134166  -0.0000   0.00200200
  0.134470  -0.0000   0.00201800
  0.134773  -0.0000   0.00203500
  0.135076  -0.0000   0.00205100
  0.135359  -0.0000   0.00207100
  0.135601  -0.0000   0.00209000
  0.135842  -0.0000   0.00211000
  0.136083  -0.0000   0.00213000
  0.136445  -0.0000   0.00215900
  0.136987  -0.0000   0.00220400
  0.137797  -0.0000   0.00227100
  0.139006  -0.0000   0.00237100
  0.140805  -0.0000   0.00252100
  0.143477  -0.0000   0.00274600
  0.147433  -0.0000   0.00308400
  0.151341  -0.0000   0.00342100
  0.152520  -0.0000   0.00352400
  0.153695  -0.0000   0.00362600
  0.154575  -0.0000   0.00370300
  0.154772  -0.0000   0.00372800
  0.154966  -0.0000   0.00375200
  0.155159  -0.0000   0.00377700
  0.155448  -0.0000   0.00381300
  0.155883  -0.0000   0.00386800
  0.156534  -0.0000   0.00395100
  0.157507  -0.0000   0.00407500
  0.158956  -0.0000   0.00426000
  0.161113  -0.0000   0.00453900
  0.164315  -0.0000   0.00495600
  0.168056  -0.0000   0.00545000
  0.171758  -0.0000   0.00594300
  0.172340  -0.0000   0.00602100
  0.172921  -0.0000   0.00609900
  0.173501  -0.0000   0.00617700
  0.174024  -0.0000   0.00625000
  0.174286  -0.0000   0.00629900
  0.174547  -0.0000   0.00634700
  0.174808  -0.0000   0.00639500
  0.175070  -0.0000   0.00644400
  0.175461  -0.0000   0.00651600
  0.176047  -0.0000   0.00662500
  0.176922  -0.0000   0.00678900
  0.178228  -0.0000   0.00703400
  0.180171  -0.0000   0.00740100
  0.183059  -0.0000   0.00795300
  0.187339  -0.0000   0.00878000
  0.191570  -0.0000   0.00960700
  0.192002  -0.0000   0.00969200
  0.192434  -0.0000   0.00977600
  0.192865  -0.0000   0.00986100
  0.193468  -0.0000   0.00998800
  0.193758  -0.0000   0.01006000
  0.194048  -0.0000   0.01014000
  0.194338  -0.0000   0.01022000
  0.194628  -0.0000   0.01029000
  0.195063  -0.0000   0.01041000
  0.195713  -0.0000   0.01058000
  0.196683  -0.0000   0.01083000
  0.198129  -0.0000   0.01122000
  0.200283  -0.0000   0.01179000
  0.203482  -0.0000   0.01266000
  0.207100  -0.0000   0.01364000
  0.210685  -0.0000   0.01463000
  0.211309  -0.0000   0.01480000
  0.211933  -0.0000   0.01498000
  0.212555  -0.0000   0.01515000
  0.212901  -0.0000   0.01525000
  0.213197  -0.0000   0.01536000
  0.213494  -0.0000   0.01547000
  0.213939  -0.0000   0.01563000
  0.214384  -0.0000   0.01578000
  0.215048  -0.0000   0.01602000
  0.216040  -0.0000   0.01638000
  0.217519  -0.0000   0.01692000
  0.219721  -0.0000   0.01772000
  0.222992  -0.0000   0.01893000
  0.226491  -0.0000   0.02024000
  0.229960  -0.0000   0.02154000
  0.230725  -0.0000   0.02183000
  0.231488  -0.0000   0.02212000
  0.232241  -0.0000   0.02241000
  0.232502  -0.0000   0.02253000
  0.232764  -0.0000   0.02266000
  0.233025  -0.0000   0.02278000
  0.233287  -0.0000   0.02290000
  0.233678  -0.0000   0.02309000
  0.234264  -0.0000   0.02337000
  0.235140  -0.0000   0.02379000
  0.236445  -0.0000   0.02442000
  0.238391  -0.0000   0.02537000
  0.241285  -0.0000   0.02679000
  0.245579  -0.0000   0.02892000
  0.249829  -0.0000   0.03104000
  0.250323  -0.0000   0.03129000
  0.250817  -0.0000   0.03154000
  0.251310  -0.0000   0.03179000
  0.251840  -0.0000   0.03208000
  0.252237  -0.0000   0.03233000
  0.252633  -0.0000   0.03257000
  0.253030  -0.0000   0.03282000
  0.253425  -0.0000   0.03306000
  0.254017  -0.0000   0.03343000
  0.254901  -0.0000   0.03399000
  0.256221  -0.0000   0.03482000
  0.258187  -0.0000   0.03606000
  0.261112  -0.0000   0.03793000
  0.265453  -0.0000   0.04074000
  0.269751  -0.0000   0.04354000
  0.270181  -0.0000   0.04382000
  0.270611  -0.0000   0.04410000
  0.271041  -0.0000   0.04438000
  0.271359  -0.0000   0.04463000
  0.271668  -0.0000   0.04487000
  0.271977  -0.0000   0.04512000
  0.272286  -0.0000   0.04536000
  0.272749  -0.0000   0.04573000
  0.273440  -0.0000   0.04628000
  0.274472  -0.0000   0.04711000
  0.276012  -0.0000   0.04835000
  0.278304  -0.0000   0.05021000
  0.281712  -0.0000   0.05300000
  0.285329  -0.0000   0.05598000
  0.288917  -0.0000   0.05897000
  0.289464  -0.0000   0.05942000
  0.290011  -0.0000   0.05988000
  0.290554  -0.0000   0.06034000
  0.290847  -0.0000   0.06063000
  0.291140  -0.0000   0.06092000
  0.291433  -0.0000   0.06121000
  0.291726  -0.0000   0.06150000
  0.292164  -0.0000   0.06194000
  0.292820  -0.0000   0.06260000
  0.293798  -0.0000   0.06358000
  0.295259  -0.0000   0.06506000
  0.297435  -0.0000   0.06728000
  0.300672  -0.0000   0.07060000
  0.304179  -0.0000   0.07424000
  0.307660  -0.0000   0.07787000
  0.308575  -0.0000   0.07883000
  0.309489  -0.0000   0.07979000
  0.310192  -0.0000   0.08057000
  0.310568  -0.0000   0.08103000
  0.310945  -0.0000   0.08150000
  0.311321  -0.0000   0.08196000
  0.311696  -0.0000   0.08243000
  0.312257  -0.0000   0.08312000
  0.313096  -0.0000   0.08417000
  0.314349  -0.0000   0.08574000
  0.316217  -0.0000   0.08809000
  0.318998  -0.0000   0.09162000
  0.323130  -0.0000   0.09691000
  0.327226  -0.0000   0.10200000
  0.327926  -0.0000   0.10300000
  0.328624  -0.0000   0.10400000
  0.329322  -0.0000   0.10500000
  0.329696  -0.0000   0.10500000
  0.330052  -0.0000   0.10600000
  0.330407  -0.0000   0.10700000
  0.330939  -0.0000   0.10700000
  0.331469  -0.0000   0.10800000
  0.332263  -0.0000   0.10900000
  0.333447  -0.0000   0.11100000
  0.335213  -0.0000   0.11400000
  0.337843  -0.0000   0.11800000
  0.341752  -0.0000   0.12400000
  0.345629  -0.0000   0.13000000
  0.347356  -0.0000   0.13300000
  0.349054  -0.0000   0.13600000
  0.349366  -0.0000   0.13600000
  0.349679  -0.0000   0.13700000
  0.349992  -0.0000   0.13700000
  0.350460  -0.0000   0.13800000
  0.351160  -0.0000   0.13900000
  0.352206  -0.0000   0.14100000
  0.353766  -0.0000   0.14400000
  0.356092  -0.0000   0.14900000
  0.359552  -0.0000   0.15500000
  0.364018  -0.0000   0.16400000
  0.368444  -0.0000   0.17200000
  0.368735  -0.0000   0.17300000
  0.369022  -0.0000   0.17300000
  0.369309  -0.0000   0.17400000
  0.369740  -0.0000   0.17500000
  0.370383  -0.0000   0.17600000
  0.371344  -0.0000   0.17900000
  0.372779  -0.0000   0.18200000
  0.374917  -0.0000   0.18600000
  0.378098  -0.0000   0.19400000
  0.381814  -0.0000   0.20200000
  0.385502  -0.0000   0.21000000
  0.386442  -0.0000   0.21300000
  0.387380  -0.0000   0.21500000
  0.388112  -0.0000   0.21700000
  0.388530  -0.0000   0.21800000
  0.388948  -0.0000   0.21900000
  0.389365  -0.0000   0.22000000
  0.389782  -0.0000   0.22100000
  0.390405  -0.0000   0.22300000
  0.391336  -0.0000   0.22500000
  0.392727  -0.0000   0.22900000
  0.394801  -0.0000   0.23400000
  0.397890  -0.0000   0.24200000
  0.401635  -0.0000   0.25200000
  0.405353  -0.0000   0.26300000
  0.406131  -0.0000   0.26500000
  0.406908  -0.0000   0.26700000
  0.407648  -0.0000   0.26900000
  0.408069  -0.0000   0.27000000
  0.408489  -0.0000   0.27100000
  0.408909  -0.0000   0.27300000
  0.409328  -0.0000   0.27400000
  0.409954  -0.0000   0.27600000
  0.410891  -0.0000   0.27900000
  0.412290  -0.0000   0.28300000
  0.414377  -0.0000   0.29000000
  0.417484  -0.0000   0.29900000
  0.421281  -0.0000   0.31100000
  0.425049  -0.0000   0.32300000
  0.425757  -0.0000   0.32600000
  0.426464  -0.0000   0.32800000
  0.427138  -0.0000   0.33000000
  0.427581  -0.0000   0.33200000
  0.428024  -0.0000   0.33300000
  0.428467  -0.0000   0.33500000
  0.428908  -0.0000   0.33700000
  0.429568  -0.0000   0.33900000
  0.430555  -0.0000   0.34200000
  0.432029  -0.0000   0.34800000
  0.434227  -0.0000   0.35600000
  0.437500  -0.0000   0.36800000
  0.442094  -0.0000   0.38500000
  0.445330  -0.0000   0.39700000
  0.445879  -0.0000   0.39900000
  0.446424  -0.0000   0.40100000
  0.446787  -0.0000   0.40300000
  0.447150  -0.0000   0.40400000
  0.447512  -0.0000   0.40600000
  0.447874  -0.0000   0.40700000
  0.448416  -0.0000   0.40900000
  0.449226  -0.0000   0.41300000
  0.450436  -0.0000   0.41800000
  0.452241  -0.0000   0.42500000
  0.454932  -0.0000   0.43700000
  0.458935  -0.0000   0.45400000
  0.462908  -0.0000   0.47100000
  0.464178  -0.0000   0.47600000
  0.465444  -0.0000   0.48200000
  0.466047  -0.0000   0.48500000
  0.466473  -0.0000   0.48700000
  0.466899  -0.0000   0.48900000
  0.467324  -0.0000   0.49100000
  0.467748  -0.0000   0.49300000
  0.468382  -0.0000   0.49600000
  0.469331  -0.0000   0.50000000
  0.470748  -0.0000   0.50700000
  0.472862  -0.0000   0.51800000
  0.476010  -0.0000   0.53300000
  0.480676  -0.0000   0.55600000
  0.485304  -0.0000   0.57900000
  0.485637  -0.0000   0.58100000
  0.485959  -0.0000   0.58300000
  0.486281  -0.0000   0.58400000
  0.486764  -0.0000   0.58700000
  0.487486  -0.0000   0.59100000
  0.488563  -0.0000   0.59700000
  0.490172  -0.0000   0.60600000
  0.492571  -0.0000   0.61900000
  0.496141  -0.0000   0.63900000
  0.499686  -0.0000   0.65900000
  0.503210  -0.0000   0.68000000
  0.503947  -0.0000   0.68400000
  0.504684  -0.0000   0.68800000
  0.505375  -0.0000   0.69200000
  0.506049  -0.0000   0.69600000
  0.506721  -0.0000   0.70100000
  0.507391  -0.0000   0.70500000
  0.508060  -0.0000   0.70900000
  0.509060  -0.0000   0.71500000
  0.510553  -0.0000   0.72500000
  0.512782  -0.0000   0.73900000
  0.516102  -0.0000   0.76000000
  0.520983  -0.0000   0.79200000
  0.522122  -0.0000   0.79900000
  0.523258  -0.0000   0.80700000
  0.524393  -0.0000   0.81400000
  0.524752  -0.0000   0.81700000
  0.525106  -0.0000   0.81900000
  0.525460  -0.0000   0.82200000
  0.525990  -0.0000   0.82500000
  0.526782  -0.0000   0.83100000
  0.527965  -0.0000   0.83900000
  0.529731  -0.0000   0.85200000
  0.532363  -0.0000   0.87100000
  0.536281  -0.0000   0.90000000
  0.540171  -0.0000   0.92800000
  0.544034  -0.0000   0.95700000
  0.544369  -0.0000   0.95900000
  0.544704  -0.0000   0.96200000
  0.545038  -0.0000   0.96500000
  0.545539  -0.0000   0.96900000
  0.546288  -0.0000   0.97500000
  0.547407  -0.0000   0.98400000
  0.549079  -0.0000   0.99800000
  0.549382  -0.0000   1.00000000
  0.549242  -0.0000   1.00000000
  0.549242  -0.0000   1.00000000
  0.549242  -0.0000   1.00000000
  0.549242  -0.0000   1.00000000
  0.549242  -0.0000   1.00000000
  0.549242  -0.0000   1.00000000
  0.549242  -0.0000   1.00000000
  0.549242  -0.0000   1.00000000
  0.549242  -0.0000   1.00000000
  0.549242  -0.0000   1.00000000
  0.549241  -0.0000   1.00000000
  0.549241  -0.0000   1.00000000
  0.549241  -0.0000   1.00000000
