  0.000023  -0.0000   0.00000010
  0.000051  -0.0000   0.00000020
  0.000139  -0.0000   0.00000030
  0.001600  -0.0000   0.00000045
  0.006106  -0.0000   0.00000051
  0.006157  -0.0000   0.00000059
  0.006222  -0.0000   0.00000072
  0.006356  -0.0000   0.00000091
  0.006482  -0.0000   0.00000105
  0.006640  -0.0000   0.00000119
  0.006840  -0.0000   0.00000133
  0.007020  -0.0000   0.00000143
  0.007232  -0.0000   0.00000153
  0.007482  -0.0000   0.00000164
  0.007754  -0.0000   0.00000174
  0.008065  -0.0000   0.00000184
  0.008420  -0.0000   0.00000194
  0.008778  -0.0000   0.00000203
  0.009175  -0.0000   0.00000212
  0.009613  -0.0000   0.00000221
  0.010081  -0.0000   0.00000229
  0.010590  -0.0000   0.00000238
  0.011140  -0.0000   0.00000247
  0.011752  -0.0000   0.00000256
  0.012409  -0.0000   0.00000265
  0.013110  -0.0000   0.00000274
  0.014021  -0.0000   0.00000285
  0.014995  -0.0000   0.00000296
  0.016030  -0.0000   0.00000306
  0.017126  -0.0000   0.00000317
  0.018280  -0.0000   0.00000328
  0.019491  -0.0000   0.00000339
  0.019610  -0.0000   0.00000340
  0.019730  -0.0000   0.00000341
  0.019850  -0.0000   0.00000342
  0.019965  -0.0000   0.00000344
  0.019984  -0.0000   0.00000345
  0.019999  -0.0000   0.00000346
  0.020012  -0.0000   0.00000348
  0.020029  -0.0000   0.00000350
  0.020050  -0.0000   0.00000353
  0.020076  -0.0000   0.00000358
  0.020110  -0.0000   0.00000365
  0.020154  -0.0000   0.00000375
  0.020195  -0.0000   0.00000385
  0.020254  -0.0000   0.00000401
  0.020345  -0.0000   0.00000424
  0.020501  -0.0000   0.00000460
  0.020805  -0.0000   0.00000512
  0.021117  -0.0000   0.00000556
  0.021497  -0.0000   0.00000600
  0.021954  -0.0000   0.00000644
  0.022394  -0.0000   0.00000680
  0.022898  -0.0000   0.00000717
  0.023471  -0.0000   0.00000753
  0.024117  -0.0000   0.00000790
  0.024842  -0.0000   0.00000826
  0.025499  -0.0000   0.00000857
  0.026214  -0.0000   0.00000887
  0.026988  -0.0000   0.00000917
  0.027824  -0.0000   0.00000948
  0.028723  -0.0000   0.00000978
  0.029686  -0.0000   0.00001008
  0.030715  -0.0000   0.00001038
  0.031809  -0.0000   0.00001069
  0.032970  -0.0000   0.00001099
  0.034198  -0.0000   0.00001129
  0.035494  -0.0000   0.00001160
  0.036857  -0.0000   0.00001190
  0.036914  -0.0000   0.00001192
  0.036936  -0.0000   0.00001193
  0.036955  -0.0000   0.00001195
  0.036981  -0.0000   0.00001198
  0.037013  -0.0000   0.00001201
  0.037056  -0.0000   0.00001207
  0.037113  -0.0000   0.00001216
  0.037191  -0.0000   0.00001229
  0.037304  -0.0000   0.00001248
  0.037477  -0.0000   0.00001278
  0.037760  -0.0000   0.00001321
  0.038246  -0.0000   0.00001387
  0.038796  -0.0000   0.00001453
  0.039413  -0.0000   0.00001519
  0.040103  -0.0000   0.00001584
  0.040883  -0.0000   0.00001651
  0.041746  -0.0000   0.00001718
  0.042696  -0.0000   0.00001785
  0.043737  -0.0000   0.00001852
  0.044875  -0.0000   0.00001919
  0.046112  -0.0000   0.00001986
  0.047453  -0.0000   0.00002053
  0.048900  -0.0000   0.00002120
  0.050458  -0.0000   0.00002187
  0.051858  -0.0000   0.00002244
  0.053340  -0.0000   0.00002301
  0.054903  -0.0000   0.00002357
  0.055014  -0.0000   0.00002362
  0.055063  -0.0000   0.00002366
  0.055105  -0.0000   0.00002371
  0.055160  -0.0000   0.00002378
  0.055235  -0.0000   0.00002388
  0.055339  -0.0000   0.00002404
  0.055491  -0.0000   0.00002427
  0.055725  -0.0000   0.00002461
  0.056099  -0.0000   0.00002513
  0.056713  -0.0000   0.00002592
  0.057610  -0.0000   0.00002694
  0.058600  -0.0000   0.00002796
  0.059687  -0.0000   0.00002898
  0.060877  -0.0000   0.00003001
  0.062173  -0.0000   0.00003103
  0.063582  -0.0000   0.00003205
  0.065107  -0.0000   0.00003308
  0.066752  -0.0000   0.00003410
  0.068521  -0.0000   0.00003512
  0.070089  -0.0000   0.00003598
  0.071746  -0.0000   0.00003683
  0.072297  -0.0000   0.00003711
  0.072857  -0.0000   0.00003739
  0.073039  -0.0000   0.00003750
  0.073130  -0.0000   0.00003760
  0.073210  -0.0000   0.00003771
  0.073321  -0.0000   0.00003787
  0.073427  -0.0000   0.00003802
  0.073586  -0.0000   0.00003826
  0.073829  -0.0000   0.00003862
  0.074212  -0.0000   0.00003915
  0.074824  -0.0000   0.00003995
  0.075822  -0.0000   0.00004115
  0.076901  -0.0000   0.00004236
  0.078370  -0.0000   0.00004385
  0.079973  -0.0000   0.00004534
  0.081383  -0.0000   0.00004656
  0.082889  -0.0000   0.00004779
  0.084496  -0.0000   0.00004901
  0.086399  -0.0000   0.00005036
  0.088430  -0.0000   0.00005172
  0.090592  -0.0000   0.00005307
  0.090774  -0.0000   0.00005318
  0.090958  -0.0000   0.00005330
  0.091100  -0.0000   0.00005341
  0.091230  -0.0000   0.00005358
  0.091404  -0.0000   0.00005384
  0.091573  -0.0000   0.00005409
  0.091743  -0.0000   0.00005435
  0.092004  -0.0000   0.00005474
  0.092411  -0.0000   0.00005531
  0.093052  -0.0000   0.00005618
  0.094078  -0.0000   0.00005748
  0.095682  -0.0000   0.00005934
  0.097424  -0.0000   0.00006120
  0.099309  -0.0000   0.00006306
  0.100949  -0.0000   0.00006458
  0.102690  -0.0000   0.00006610
  0.104535  -0.0000   0.00006762
  0.106710  -0.0000   0.00006931
  0.109016  -0.0000   0.00007100
  0.109191  -0.0000   0.00007112
  0.109303  -0.0000   0.00007125
  0.109395  -0.0000   0.00007138
  0.109522  -0.0000   0.00007157
  0.109707  -0.0000   0.00007186
  0.109986  -0.0000   0.00007229
  0.110419  -0.0000   0.00007293
  0.111098  -0.0000   0.00007390
  0.112092  -0.0000   0.00007523
  0.113135  -0.0000   0.00007657
  0.114814  -0.0000   0.00007858
  0.116391  -0.0000   0.00008036
  0.118062  -0.0000   0.00008214
  0.119829  -0.0000   0.00008391
  0.121716  -0.0000   0.00008571
  0.123705  -0.0000   0.00008751
  0.125799  -0.0000   0.00008931
  0.126287  -0.0000   0.00008972
  0.126780  -0.0000   0.00009014
  0.127280  -0.0000   0.00009055
  0.127455  -0.0000   0.00009073
  0.127580  -0.0000   0.00009091
  0.127698  -0.0000   0.00009110
  0.127869  -0.0000   0.00009137
  0.128127  -0.0000   0.00009178
  0.128525  -0.0000   0.00009239
  0.129142  -0.0000   0.00009331
  0.130113  -0.0000   0.00009469
  0.131124  -0.0000   0.00009607
  0.132731  -0.0000   0.00009814
  0.135195  -0.0000   0.00010120
  0.137594  -0.0000   0.00010430
  0.139954  -0.0000   0.00010730
  0.143313  -0.0000   0.00011180
  0.143761  -0.0000   0.00011230
  0.144207  -0.0000   0.00011290
  0.144653  -0.0000   0.00011350
  0.145317  -0.0000   0.00011440
  0.145535  -0.0000   0.00011470
  0.145673  -0.0000   0.00011500
  0.145801  -0.0000   0.00011530
  0.145986  -0.0000   0.00011580
  0.146171  -0.0000   0.00011620
  0.146449  -0.0000   0.00011690
  0.146867  -0.0000   0.00011800
  0.147497  -0.0000   0.00011950
  0.148439  -0.0000   0.00012180
  0.149841  -0.0000   0.00012520
  0.151920  -0.0000   0.00013040
  0.154986  -0.0000   0.00013820
  0.158002  -0.0000   0.00014590
  0.160969  -0.0000   0.00015370
  0.162412  -0.0000   0.00015750
  0.163367  -0.0000   0.00016010
  0.163609  -0.0000   0.00016070
  0.163763  -0.0000   0.00016140
  0.163909  -0.0000   0.00016200
  0.164053  -0.0000   0.00016270
  0.164196  -0.0000   0.00016330
  0.164413  -0.0000   0.00016430
  0.164739  -0.0000   0.00016580
  0.165229  -0.0000   0.00016790
  0.165963  -0.0000   0.00017120
  0.167059  -0.0000   0.00017620
  0.168687  -0.0000   0.00018360
  0.171098  -0.0000   0.00019470
  0.174649  -0.0000   0.00021140
  0.178139  -0.0000   0.00022810
  0.181566  -0.0000   0.00024470
  0.181732  -0.0000   0.00024570
  0.181857  -0.0000   0.00024660
  0.181977  -0.0000   0.00024750
  0.182157  -0.0000   0.00024900
  0.182428  -0.0000   0.00025110
  0.182836  -0.0000   0.00025420
  0.183450  -0.0000   0.00025900
  0.184366  -0.0000   0.00026610
  0.185730  -0.0000   0.00027680
  0.187753  -0.0000   0.00029280
  0.190742  -0.0000   0.00031680
  0.193657  -0.0000   0.00034050
  0.196531  -0.0000   0.00036430
  0.199365  -0.0000   0.00038800
  0.199575  -0.0000   0.00038980
  0.199774  -0.0000   0.00039150
  0.199916  -0.0000   0.00039330
  0.200121  -0.0000   0.00039590
  0.200327  -0.0000   0.00039860
  0.200534  -0.0000   0.00040120
  0.200845  -0.0000   0.00040520
  0.201312  -0.0000   0.00041110
  0.202010  -0.0000   0.00042000
  0.203052  -0.0000   0.00043340
  0.204601  -0.0000   0.00045340
  0.206897  -0.0000   0.00048340
  0.210287  -0.0000   0.00052850
  0.213626  -0.0000   0.00057350
  0.216913  -0.0000   0.00061860
  0.217173  -0.0000   0.00062220
  0.217432  -0.0000   0.00062570
  0.217691  -0.0000   0.00062930
  0.218000  -0.0000   0.00063460
  0.218264  -0.0000   0.00064000
  0.218530  -0.0000   0.00064530
  0.218796  -0.0000   0.00065070
  0.219197  -0.0000   0.00065870
  0.219796  -0.0000   0.00067070
  0.220691  -0.0000   0.00068870
  0.222023  -0.0000   0.00071580
  0.224000  -0.0000   0.00075640
  0.226925  -0.0000   0.00081720
  0.229712  -0.0000   0.00087590
  0.232465  -0.0000   0.00093460
  0.235184  -0.0000   0.00099330
  0.235426  -0.0000   0.00099860
  0.235668  -0.0000   0.00100400
  0.235910  -0.0000   0.00100900
  0.236095  -0.0000   0.00101400
  0.236271  -0.0000   0.00102000
  0.236448  -0.0000   0.00102500
  0.236626  -0.0000   0.00103100
  0.236893  -0.0000   0.00103900
  0.237295  -0.0000   0.00105100
  0.237895  -0.0000   0.00106900
  0.238790  -0.0000   0.00109700
  0.240123  -0.0000   0.00113800
  0.242102  -0.0000   0.00120000
  0.245031  -0.0000   0.00129300
  0.247923  -0.0000   0.00138500
  0.250780  -0.0000   0.00147800
  0.253602  -0.0000   0.00157100
  0.253832  -0.0000   0.00157800
  0.254051  -0.0000   0.00158600
  0.254219  -0.0000   0.00159300
  0.254470  -0.0000   0.00160500
  0.254722  -0.0000   0.00161600
  0.254975  -0.0000   0.00162700
  0.255355  -0.0000   0.00164400
  0.255922  -0.0000   0.00167000
  0.256770  -0.0000   0.00170800
  0.258031  -0.0000   0.00176600
  0.259906  -0.0000   0.00185200
  0.262683  -0.0000   0.00198200
  0.265430  -0.0000   0.00211100
  0.268145  -0.0000   0.00224100
  0.270829  -0.0000   0.00237000
  0.271136  -0.0000   0.00238500
  0.271442  -0.0000   0.00240000
  0.271747  -0.0000   0.00241500
  0.272181  -0.0000   0.00243700
  0.272387  -0.0000   0.00245000
  0.272594  -0.0000   0.00246400
  0.272801  -0.0000   0.00247700
  0.273009  -0.0000   0.00249100
  0.273322  -0.0000   0.00251100
  0.273789  -0.0000   0.00254100
  0.274487  -0.0000   0.00258600
  0.275528  -0.0000   0.00265400
  0.277077  -0.0000   0.00275600
  0.279376  -0.0000   0.00291000
  0.282248  -0.0000   0.00310300
  0.285087  -0.0000   0.00329700
  0.287894  -0.0000   0.00349000
  0.288521  -0.0000   0.00353400
  0.289146  -0.0000   0.00357700
  0.289770  -0.0000   0.00362100
  0.290179  -0.0000   0.00364900
  0.290396  -0.0000   0.00366800
  0.290603  -0.0000   0.00368700
  0.290811  -0.0000   0.00370600
  0.291019  -0.0000   0.00372500
  0.291332  -0.0000   0.00375300
  0.291799  -0.0000   0.00379500
  0.292498  -0.0000   0.00385900
  0.293540  -0.0000   0.00395500
  0.295090  -0.0000   0.00409800
  0.297390  -0.0000   0.00431300
  0.300181  -0.0000   0.00457700
  0.302941  -0.0000   0.00484100
  0.305671  -0.0000   0.00510500
  0.306500  -0.0000   0.00518600
  0.307325  -0.0000   0.00526600
  0.308148  -0.0000   0.00534700
  0.308385  -0.0000   0.00537200
  0.308585  -0.0000   0.00539700
  0.308786  -0.0000   0.00542200
  0.309089  -0.0000   0.00546000
  0.309392  -0.0000   0.00549800
  0.309846  -0.0000   0.00555500
  0.310523  -0.0000   0.00564000
  0.311533  -0.0000   0.00576700
  0.313037  -0.0000   0.00595900
  0.315269  -0.0000   0.00624600
  0.318059  -0.0000   0.00660900
  0.320818  -0.0000   0.00697200
  0.323547  -0.0000   0.00733500
  0.324826  -0.0000   0.00750600
  0.326098  -0.0000   0.00767700
  0.326398  -0.0000   0.00771800
  0.326643  -0.0000   0.00775800
  0.326881  -0.0000   0.00779800
  0.327120  -0.0000   0.00783900
  0.327360  -0.0000   0.00787900
  0.327718  -0.0000   0.00794000
  0.328255  -0.0000   0.00803100
  0.329055  -0.0000   0.00816700
  0.330248  -0.0000   0.00837200
  0.332022  -0.0000   0.00867900
  0.334653  -0.0000   0.00913900
  0.337476  -0.0000   0.00963800
  0.340270  -0.0000   0.01014000
  0.343033  -0.0000   0.01064000
  0.343407  -0.0000   0.01070000
  0.343781  -0.0000   0.01077000
  0.344155  -0.0000   0.01084000
  0.344675  -0.0000   0.01094000
  0.344928  -0.0000   0.01100000
  0.345183  -0.0000   0.01106000
  0.345438  -0.0000   0.01111000
  0.345820  -0.0000   0.01120000
  0.346392  -0.0000   0.01133000
  0.347244  -0.0000   0.01152000
  0.348515  -0.0000   0.01181000
  0.350404  -0.0000   0.01225000
  0.353206  -0.0000   0.01290000
  0.355978  -0.0000   0.01356000
  0.358721  -0.0000   0.01421000
  0.361436  -0.0000   0.01486000
  0.361769  -0.0000   0.01494000
  0.362102  -0.0000   0.01502000
  0.362434  -0.0000   0.01510000
  0.362881  -0.0000   0.01522000
  0.363195  -0.0000   0.01532000
  0.363511  -0.0000   0.01541000
  0.363827  -0.0000   0.01550000
  0.364142  -0.0000   0.01560000
  0.364613  -0.0000   0.01574000
  0.365317  -0.0000   0.01595000
  0.366367  -0.0000   0.01626000
  0.367931  -0.0000   0.01673000
  0.370253  -0.0000   0.01744000
  0.373005  -0.0000   0.01829000
  0.375728  -0.0000   0.01914000
  0.378425  -0.0000   0.01998000
  0.379078  -0.0000   0.02019000
  0.379730  -0.0000   0.02039000
  0.380380  -0.0000   0.02060000
  0.380781  -0.0000   0.02073000
  0.381012  -0.0000   0.02082000
  0.381241  -0.0000   0.02090000
  0.381470  -0.0000   0.02099000
  0.381699  -0.0000   0.02108000
  0.382042  -0.0000   0.02121000
  0.382556  -0.0000   0.02141000
  0.383323  -0.0000   0.02170000
  0.384465  -0.0000   0.02214000
  0.386166  -0.0000   0.02281000
  0.388690  -0.0000   0.02381000
  0.392009  -0.0000   0.02513000
  0.395287  -0.0000   0.02646000
  0.398527  -0.0000   0.02779000
  0.398800  -0.0000   0.02790000
  0.399047  -0.0000   0.02801000
  0.399275  -0.0000   0.02812000
  0.399504  -0.0000   0.02824000
  0.399734  -0.0000   0.02835000
  0.400077  -0.0000   0.02852000
  0.400591  -0.0000   0.02877000
  0.401358  -0.0000   0.02915000
  0.402501  -0.0000   0.02972000
  0.404203  -0.0000   0.03057000
  0.406729  -0.0000   0.03184000
  0.409974  -0.0000   0.03350000
  0.413181  -0.0000   0.03516000
  0.416352  -0.0000   0.03682000
  0.416659  -0.0000   0.03698000
  0.416965  -0.0000   0.03714000
  0.417236  -0.0000   0.03730000
  0.417625  -0.0000   0.03755000
  0.418014  -0.0000   0.03779000
  0.418403  -0.0000   0.03803000
  0.418791  -0.0000   0.03827000
  0.419370  -0.0000   0.03863000
  0.420235  -0.0000   0.03917000
  0.421525  -0.0000   0.03999000
  0.423443  -0.0000   0.04121000
  0.426289  -0.0000   0.04304000
  0.429107  -0.0000   0.04487000
  0.431896  -0.0000   0.04670000
  0.434658  -0.0000   0.04853000
  0.434945  -0.0000   0.04872000
  0.435226  -0.0000   0.04891000
  0.435469  -0.0000   0.04910000
  0.435714  -0.0000   0.04929000
  0.435959  -0.0000   0.04948000
  0.436204  -0.0000   0.04967000
  0.436570  -0.0000   0.04996000
  0.437118  -0.0000   0.05039000
  0.437936  -0.0000   0.05103000
  0.439155  -0.0000   0.05199000
  0.440969  -0.0000   0.05344000
  0.443663  -0.0000   0.05560000
  0.446331  -0.0000   0.05777000
  0.448973  -0.0000   0.05993000
  0.451591  -0.0000   0.06210000
  0.452011  -0.0000   0.06245000
  0.452431  -0.0000   0.06280000
  0.452850  -0.0000   0.06314000
  0.453452  -0.0000   0.06367000
  0.453713  -0.0000   0.06392000
  0.453976  -0.0000   0.06417000
  0.454239  -0.0000   0.06443000
  0.454632  -0.0000   0.06481000
  0.455221  -0.0000   0.06538000
  0.456098  -0.0000   0.06624000
  0.457407  -0.0000   0.06752000
  0.459353  -0.0000   0.06945000
  0.462242  -0.0000   0.07234000
  0.465101  -0.0000   0.07523000
  0.467931  -0.0000   0.07812000
  0.470734  -0.0000   0.08101000
  0.471049  -0.0000   0.08133000
  0.471364  -0.0000   0.08166000
  0.471651  -0.0000   0.08198000
  0.472060  -0.0000   0.08247000
  0.472470  -0.0000   0.08296000
  0.472879  -0.0000   0.08344000
  0.473287  -0.0000   0.08393000
  0.473897  -0.0000   0.08466000
  0.474808  -0.0000   0.08576000
  0.476166  -0.0000   0.08741000
  0.478185  -0.0000   0.08987000
  0.481181  -0.0000   0.09358000
  0.484147  -0.0000   0.09728000
  0.487082  -0.0000   0.10100000
  0.488475  -0.0000   0.10300000
  0.489821  -0.0000   0.10500000
  0.490076  -0.0000   0.10500000
  0.490333  -0.0000   0.10500000
  0.490589  -0.0000   0.10600000
  0.490973  -0.0000   0.10600000
  0.491547  -0.0000   0.10700000
  0.492404  -0.0000   0.10800000
  0.493683  -0.0000   0.11000000
  0.495585  -0.0000   0.11300000
  0.498409  -0.0000   0.11700000
  0.501205  -0.0000   0.12200000
  0.503975  -0.0000   0.12600000
  0.506719  -0.0000   0.13000000
  0.507076  -0.0000   0.13100000
  0.507433  -0.0000   0.13100000
  0.507789  -0.0000   0.13200000
  0.508067  -0.0000   0.13200000
  0.508342  -0.0000   0.13300000
  0.508617  -0.0000   0.13300000
  0.508892  -0.0000   0.13400000
  0.509303  -0.0000   0.13400000
  0.509917  -0.0000   0.13500000
  0.510834  -0.0000   0.13700000
  0.512201  -0.0000   0.14000000
  0.514234  -0.0000   0.14300000
  0.517251  -0.0000   0.14900000
  0.520238  -0.0000   0.15400000
  0.523194  -0.0000   0.16000000
  0.525288  -0.0000   0.16400000
  0.525664  -0.0000   0.16400000
  0.526021  -0.0000   0.16500000
  0.526353  -0.0000   0.16600000
  0.526686  -0.0000   0.16700000
  0.527018  -0.0000   0.16700000
  0.527349  -0.0000   0.16800000
  0.527845  -0.0000   0.16900000
  0.528586  -0.0000   0.17100000
  0.529691  -0.0000   0.17300000
  0.531337  -0.0000   0.17700000
  0.533783  -0.0000   0.18200000
  0.537126  -0.0000   0.18900000
  0.540432  -0.0000   0.19700000
  0.543704  -0.0000   0.20400000
  0.544002  -0.0000   0.20500000
  0.544276  -0.0000   0.20600000
  0.544541  -0.0000   0.20600000
  0.544807  -0.0000   0.20700000
  0.545072  -0.0000   0.20800000
  0.545470  -0.0000   0.20900000
  0.546064  -0.0000   0.21000000
  0.546950  -0.0000   0.21200000
  0.548272  -0.0000   0.21600000
  0.550239  -0.0000   0.22100000
  0.553158  -0.0000   0.22900000
  0.556049  -0.0000   0.23600000
  0.558912  -0.0000   0.24400000
  0.561750  -0.0000   0.25200000
  0.562049  -0.0000   0.25300000
  0.562336  -0.0000   0.25300000
  0.562603  -0.0000   0.25400000
  0.562871  -0.0000   0.25500000
  0.563139  -0.0000   0.25600000
  0.563540  -0.0000   0.25700000
  0.564139  -0.0000   0.25900000
  0.565033  -0.0000   0.26200000
  0.566366  -0.0000   0.26600000
  0.568350  -0.0000   0.27200000
  0.571294  -0.0000   0.28100000
  0.574210  -0.0000   0.29100000
  0.577098  -0.0000   0.30000000
  0.579961  -0.0000   0.30900000
  0.580258  -0.0000   0.31000000
  0.580540  -0.0000   0.31100000
  0.580807  -0.0000   0.31200000
  0.581075  -0.0000   0.31300000
  0.581342  -0.0000   0.31400000
  0.581742  -0.0000   0.31500000
  0.582340  -0.0000   0.31700000
  0.583233  -0.0000   0.32100000
  0.584565  -0.0000   0.32600000
  0.586546  -0.0000   0.33300000
  0.589487  -0.0000   0.34400000
  0.592399  -0.0000   0.35500000
  0.595285  -0.0000   0.36600000
  0.598146  -0.0000   0.37700000
  0.598464  -0.0000   0.37800000
  0.598762  -0.0000   0.37900000
  0.599050  -0.0000   0.38000000
  0.599338  -0.0000   0.38200000
  0.599626  -0.0000   0.38300000
  0.600057  -0.0000   0.38500000
  0.600700  -0.0000   0.38700000
  0.601660  -0.0000   0.39100000
  0.603092  -0.0000   0.39800000
  0.605222  -0.0000   0.40700000
  0.608382  -0.0000   0.42100000
  0.611509  -0.0000   0.43500000
  0.614607  -0.0000   0.44900000
  0.615477  -0.0000   0.45300000
  0.616345  -0.0000   0.45600000
  0.616891  -0.0000   0.45900000
  0.617206  -0.0000   0.46100000
  0.617521  -0.0000   0.46200000
  0.617836  -0.0000   0.46400000
  0.618150  -0.0000   0.46500000
  0.618621  -0.0000   0.46800000
  0.619323  -0.0000   0.47100000
  0.620373  -0.0000   0.47600000
  0.621936  -0.0000   0.48400000
  0.624262  -0.0000   0.49600000
  0.627710  -0.0000   0.51400000
  0.631122  -0.0000   0.53200000
  0.634501  -0.0000   0.55000000
  0.634832  -0.0000   0.55200000
  0.635145  -0.0000   0.55300000
  0.635446  -0.0000   0.55500000
  0.635748  -0.0000   0.55700000
  0.636050  -0.0000   0.55900000
  0.636501  -0.0000   0.56100000
  0.637175  -0.0000   0.56500000
  0.638181  -0.0000   0.57100000
  0.639680  -0.0000   0.58000000
  0.641911  -0.0000   0.59300000
  0.645220  -0.0000   0.61300000
  0.648495  -0.0000   0.63300000
  0.651740  -0.0000   0.65300000
  0.652252  -0.0000   0.65600000
  0.652765  -0.0000   0.65900000
  0.653263  -0.0000   0.66200000
  0.653578  -0.0000   0.66500000
  0.653894  -0.0000   0.66700000
  0.654209  -0.0000   0.66900000
  0.654524  -0.0000   0.67100000
  0.654995  -0.0000   0.67400000
  0.655699  -0.0000   0.67900000
  0.656749  -0.0000   0.68600000
  0.658316  -0.0000   0.69700000
  0.660645  -0.0000   0.71300000
  0.664100  -0.0000   0.73700000
  0.667519  -0.0000   0.76200000
  0.670907  -0.0000   0.78600000
  0.671235  -0.0000   0.78800000
  0.671545  -0.0000   0.79100000
  0.671847  -0.0000   0.79300000
  0.672149  -0.0000   0.79500000
  0.672450  -0.0000   0.79800000
  0.672901  -0.0000   0.80100000
  0.673575  -0.0000   0.80700000
  0.674581  -0.0000   0.81400000
  0.676080  -0.0000   0.82600000
  0.678311  -0.0000   0.84400000
  0.681620  -0.0000   0.87100000
  0.684896  -0.0000   0.89800000
  0.688143  -0.0000   0.92500000
  0.688655  -0.0000   0.92900000
  0.689166  -0.0000   0.93300000
  0.689663  -0.0000   0.93700000
  0.689992  -0.0000   0.94000000
  0.690321  -0.0000   0.94300000
  0.690650  -0.0000   0.94600000
  0.690978  -0.0000   0.94900000
  0.691469  -0.0000   0.95400000
  0.692202  -0.0000   0.96000000
  0.693297  -0.0000   0.97000000
  0.694929  -0.0000   0.98500000
  0.696501  -0.0000   1.00000000
  0.696279  -0.0000   1.00000000
  0.696279  -0.0000   1.00000000
  0.696279  -0.0000   1.00000000
  0.696279  -0.0000   1.00000000
  0.696279  -0.0000   1.00000000
  0.696279  -0.0000   1.00000000
  0.696279  -0.0000   1.00000000
  0.696279  -0.0000   1.00000000
  0.696279  -0.0000   1.00000000
  0.696279  -0.0000   1.00000000
  0.696278  -0.0000   1.00000000
  0.696277  -0.0000   1.00000000
  0.696277  -0.0000   1.00000000
