  0.000012  -0.0000   0.00000010
  0.000033  -0.0000   0.00000020
  0.000108  -0.0000   0.00000030
  0.000410  -0.0000   0.00000036
  0.003435  -0.0000   0.00000043
  0.006263  -0.0000   0.00000044
  0.006311  -0.0000   0.00000046
  0.006396  -0.0000   0.00000048
  0.006578  -0.0000   0.00000052
  0.006822  -0.0000   0.00000056
  0.007062  -0.0000   0.00000059
  0.007349  -0.0000   0.00000061
  0.007683  -0.0000   0.00000064
  0.008120  -0.0000   0.00000068
  0.008611  -0.0000   0.00000071
  0.009154  -0.0000   0.00000074
  0.009744  -0.0000   0.00000077
  0.010375  -0.0000   0.00000080
  0.011046  -0.0000   0.00000084
  0.011904  -0.0000   0.00000088
  0.012813  -0.0000   0.00000091
  0.013777  -0.0000   0.00000095
  0.014800  -0.0000   0.00000099
  0.015888  -0.0000   0.00000103
  0.016816  -0.0000   0.00000106
  0.017793  -0.0000   0.00000109
  0.018822  -0.0000   0.00000113
  0.019079  -0.0000   0.00000113
  0.019339  -0.0000   0.00000114
  0.019603  -0.0000   0.00000115
  0.019687  -0.0000   0.00000115
  0.019710  -0.0000   0.00000115
  0.019716  -0.0000   0.00000116
  0.019720  -0.0000   0.00000116
  0.019723  -0.0000   0.00000116
  0.019726  -0.0000   0.00000116
  0.019731  -0.0000   0.00000117
  0.019736  -0.0000   0.00000118
  0.019743  -0.0000   0.00000119
  0.019751  -0.0000   0.00000121
  0.019762  -0.0000   0.00000124
  0.019779  -0.0000   0.00000128
  0.019805  -0.0000   0.00000134
  0.019854  -0.0000   0.00000144
  0.019951  -0.0000   0.00000158
  0.020091  -0.0000   0.00000173
  0.020273  -0.0000   0.00000189
  0.020506  -0.0000   0.00000204
  0.020745  -0.0000   0.00000217
  0.021033  -0.0000   0.00000230
  0.021376  -0.0000   0.00000243
  0.021734  -0.0000   0.00000255
  0.022144  -0.0000   0.00000266
  0.022610  -0.0000   0.00000278
  0.023146  -0.0000   0.00000290
  0.023747  -0.0000   0.00000302
  0.024416  -0.0000   0.00000314
  0.025158  -0.0000   0.00000326
  0.025975  -0.0000   0.00000337
  0.026871  -0.0000   0.00000349
  0.027848  -0.0000   0.00000361
  0.028908  -0.0000   0.00000373
  0.030052  -0.0000   0.00000385
  0.031281  -0.0000   0.00000397
  0.032596  -0.0000   0.00000409
  0.033994  -0.0000   0.00000421
  0.035475  -0.0000   0.00000433
  0.035570  -0.0000   0.00000433
  0.035666  -0.0000   0.00000434
  0.035762  -0.0000   0.00000435
  0.035874  -0.0000   0.00000436
  0.035883  -0.0000   0.00000436
  0.035892  -0.0000   0.00000437
  0.035903  -0.0000   0.00000438
  0.035912  -0.0000   0.00000439
  0.035924  -0.0000   0.00000440
  0.035940  -0.0000   0.00000443
  0.035972  -0.0000   0.00000447
  0.036020  -0.0000   0.00000453
  0.036096  -0.0000   0.00000463
  0.036222  -0.0000   0.00000478
  0.036437  -0.0000   0.00000500
  0.036829  -0.0000   0.00000533
  0.037308  -0.0000   0.00000566
  0.037741  -0.0000   0.00000592
  0.038244  -0.0000   0.00000617
  0.038824  -0.0000   0.00000643
  0.039489  -0.0000   0.00000668
  0.040248  -0.0000   0.00000694
  0.041107  -0.0000   0.00000720
  0.042075  -0.0000   0.00000745
  0.042966  -0.0000   0.00000767
  0.043942  -0.0000   0.00000788
  0.045007  -0.0000   0.00000810
  0.046163  -0.0000   0.00000831
  0.047413  -0.0000   0.00000853
  0.048757  -0.0000   0.00000874
  0.050197  -0.0000   0.00000896
  0.051730  -0.0000   0.00000917
  0.051977  -0.0000   0.00000921
  0.052226  -0.0000   0.00000924
  0.052478  -0.0000   0.00000927
  0.052656  -0.0000   0.00000930
  0.052668  -0.0000   0.00000931
  0.052678  -0.0000   0.00000931
  0.052690  -0.0000   0.00000932
  0.052705  -0.0000   0.00000934
  0.052727  -0.0000   0.00000936
  0.052758  -0.0000   0.00000939
  0.052806  -0.0000   0.00000944
  0.052878  -0.0000   0.00000951
  0.052990  -0.0000   0.00000962
  0.053164  -0.0000   0.00000979
  0.053443  -0.0000   0.00001004
  0.053910  -0.0000   0.00001041
  0.054399  -0.0000   0.00001076
  0.054946  -0.0000   0.00001111
  0.055555  -0.0000   0.00001146
  0.056170  -0.0000   0.00001178
  0.056847  -0.0000   0.00001210
  0.057593  -0.0000   0.00001242
  0.058375  -0.0000   0.00001272
  0.059228  -0.0000   0.00001303
  0.060156  -0.0000   0.00001333
  0.061124  -0.0000   0.00001363
  0.062168  -0.0000   0.00001393
  0.063290  -0.0000   0.00001422
  0.064508  -0.0000   0.00001452
  0.065809  -0.0000   0.00001482
  0.067191  -0.0000   0.00001512
  0.068991  -0.0000   0.00001548
  0.069129  -0.0000   0.00001551
  0.069267  -0.0000   0.00001554
  0.069404  -0.0000   0.00001556
  0.069425  -0.0000   0.00001558
  0.069450  -0.0000   0.00001560
  0.069483  -0.0000   0.00001563
  0.069515  -0.0000   0.00001566
  0.069564  -0.0000   0.00001571
  0.069638  -0.0000   0.00001578
  0.069751  -0.0000   0.00001588
  0.069925  -0.0000   0.00001604
  0.070193  -0.0000   0.00001628
  0.070619  -0.0000   0.00001663
  0.071323  -0.0000   0.00001717
  0.071877  -0.0000   0.00001755
  0.072475  -0.0000   0.00001794
  0.073121  -0.0000   0.00001833
  0.073992  -0.0000   0.00001881
  0.074950  -0.0000   0.00001928
  0.075999  -0.0000   0.00001976
  0.077311  -0.0000   0.00002030
  0.078466  -0.0000   0.00002074
  0.079711  -0.0000   0.00002117
  0.081050  -0.0000   0.00002161
  0.082691  -0.0000   0.00002211
  0.084453  -0.0000   0.00002260
  0.086180  -0.0000   0.00002310
  0.086218  -0.0000   0.00002313
  0.086267  -0.0000   0.00002318
  0.086315  -0.0000   0.00002323
  0.086364  -0.0000   0.00002327
  0.086437  -0.0000   0.00002334
  0.086549  -0.0000   0.00002345
  0.086720  -0.0000   0.00002360
  0.086980  -0.0000   0.00002384
  0.087386  -0.0000   0.00002419
  0.088036  -0.0000   0.00002472
  0.088819  -0.0000   0.00002532
  0.089669  -0.0000   0.00002591
  0.090595  -0.0000   0.00002650
  0.091616  -0.0000   0.00002710
  0.092728  -0.0000   0.00002769
  0.093934  -0.0000   0.00002829
  0.095438  -0.0000   0.00002897
  0.096785  -0.0000   0.00002954
  0.098229  -0.0000   0.00003011
  0.099768  -0.0000   0.00003068
  0.101570  -0.0000   0.00003130
  0.102044  -0.0000   0.00003147
  0.102525  -0.0000   0.00003163
  0.102955  -0.0000   0.00003179
  0.102974  -0.0000   0.00003180
  0.102999  -0.0000   0.00003183
  0.103034  -0.0000   0.00003186
  0.103087  -0.0000   0.00003191
  0.103166  -0.0000   0.00003199
  0.103287  -0.0000   0.00003210
  0.103471  -0.0000   0.00003227
  0.103750  -0.0000   0.00003253
  0.104181  -0.0000   0.00003292
  0.104858  -0.0000   0.00003350
  0.105963  -0.0000   0.00003438
  0.107173  -0.0000   0.00003525
  0.108499  -0.0000   0.00003612
  0.109952  -0.0000   0.00003699
  0.111244  -0.0000   0.00003771
  0.112632  -0.0000   0.00003843
  0.114119  -0.0000   0.00003915
  0.115899  -0.0000   0.00003996
  0.117804  -0.0000   0.00004076
  0.119744  -0.0000   0.00004156
  0.119797  -0.0000   0.00004161
  0.119870  -0.0000   0.00004169
  0.119944  -0.0000   0.00004176
  0.120019  -0.0000   0.00004184
  0.120133  -0.0000   0.00004195
  0.120305  -0.0000   0.00004212
  0.120566  -0.0000   0.00004237
  0.120965  -0.0000   0.00004275
  0.121585  -0.0000   0.00004333
  0.122577  -0.0000   0.00004418
  0.123458  -0.0000   0.00004490
  0.124392  -0.0000   0.00004562
  0.125384  -0.0000   0.00004634
  0.126656  -0.0000   0.00004719
  0.128021  -0.0000   0.00004805
  0.129481  -0.0000   0.00004891
  0.131327  -0.0000   0.00004991
  0.132987  -0.0000   0.00005076
  0.134745  -0.0000   0.00005162
  0.136592  -0.0000   0.00005247
  0.136654  -0.0000   0.00005253
  0.136712  -0.0000   0.00005259
  0.136771  -0.0000   0.00005265
  0.136830  -0.0000   0.00005271
  0.136920  -0.0000   0.00005281
  0.137056  -0.0000   0.00005294
  0.137262  -0.0000   0.00005315
  0.137573  -0.0000   0.00005347
  0.138050  -0.0000   0.00005394
  0.138792  -0.0000   0.00005464
  0.139980  -0.0000   0.00005570
  0.141252  -0.0000   0.00005675
  0.142617  -0.0000   0.00005781
  0.144082  -0.0000   0.00005886
  0.145650  -0.0000   0.00005992
  0.147326  -0.0000   0.00006097
  0.149111  -0.0000   0.00006203
  0.151005  -0.0000   0.00006309
  0.153008  -0.0000   0.00006414
  0.153473  -0.0000   0.00006441
  0.153498  -0.0000   0.00006443
  0.153532  -0.0000   0.00006447
  0.153583  -0.0000   0.00006452
  0.153661  -0.0000   0.00006461
  0.153778  -0.0000   0.00006473
  0.153956  -0.0000   0.00006492
  0.154225  -0.0000   0.00006520
  0.154633  -0.0000   0.00006562
  0.155260  -0.0000   0.00006626
  0.156242  -0.0000   0.00006721
  0.157425  -0.0000   0.00006829
  0.158678  -0.0000   0.00006938
  0.160008  -0.0000   0.00007046
  0.161515  -0.0000   0.00007162
  0.163116  -0.0000   0.00007277
  0.164815  -0.0000   0.00007393
  0.166899  -0.0000   0.00007525
  0.169112  -0.0000   0.00007658
  0.169390  -0.0000   0.00007674
  0.169670  -0.0000   0.00007691
  0.169952  -0.0000   0.00007708
  0.170331  -0.0000   0.00007732
  0.170414  -0.0000   0.00007742
  0.170537  -0.0000   0.00007756
  0.170663  -0.0000   0.00007770
  0.170790  -0.0000   0.00007784
  0.170981  -0.0000   0.00007805
  0.171269  -0.0000   0.00007836
  0.171707  -0.0000   0.00007883
  0.172379  -0.0000   0.00007954
  0.173431  -0.0000   0.00008060
  0.174742  -0.0000   0.00008185
  0.176130  -0.0000   0.00008311
  0.177600  -0.0000   0.00008436
  0.179554  -0.0000   0.00008591
  0.181644  -0.0000   0.00008746
  0.183872  -0.0000   0.00008902
  0.186237  -0.0000   0.00009057
  0.186465  -0.0000   0.00009072
  0.186694  -0.0000   0.00009087
  0.186925  -0.0000   0.00009102
  0.187250  -0.0000   0.00009124
  0.187322  -0.0000   0.00009132
  0.187429  -0.0000   0.00009145
  0.187537  -0.0000   0.00009157
  0.187646  -0.0000   0.00009170
  0.187811  -0.0000   0.00009189
  0.188059  -0.0000   0.00009217
  0.188435  -0.0000   0.00009260
  0.189008  -0.0000   0.00009323
  0.189893  -0.0000   0.00009419
  0.191291  -0.0000   0.00009562
  0.192767  -0.0000   0.00009705
  0.194328  -0.0000   0.00009849
  0.195979  -0.0000   0.00009992
  0.197896  -0.0000   0.00010160
  0.199746  -0.0000   0.00010340
  0.201533  -0.0000   0.00010510
  0.203263  -0.0000   0.00010680
  0.203485  -0.0000   0.00010710
  0.203707  -0.0000   0.00010730
  0.203927  -0.0000   0.00010750
  0.204221  -0.0000   0.00010780
  0.204292  -0.0000   0.00010800
  0.204397  -0.0000   0.00010810
  0.204556  -0.0000   0.00010840
  0.204715  -0.0000   0.00010870
  0.204950  -0.0000   0.00010910
  0.205296  -0.0000   0.00010980
  0.205804  -0.0000   0.00011070
  0.206546  -0.0000   0.00011220
  0.207624  -0.0000   0.00011430
  0.208909  -0.0000   0.00011690
  0.210159  -0.0000   0.00011960
  0.211378  -0.0000   0.00012220
  0.212568  -0.0000   0.00012490
  0.214297  -0.0000   0.00012880
  0.216255  -0.0000   0.00013350
  0.218145  -0.0000   0.00013810
  0.219974  -0.0000   0.00014280
  0.220402  -0.0000   0.00014390
  0.220827  -0.0000   0.00014500
  0.221246  -0.0000   0.00014610
  0.221271  -0.0000   0.00014620
  0.221307  -0.0000   0.00014630
  0.221361  -0.0000   0.00014650
  0.221443  -0.0000   0.00014690
  0.221565  -0.0000   0.00014740
  0.221748  -0.0000   0.00014820
  0.222018  -0.0000   0.00014940
  0.222416  -0.0000   0.00015110
  0.222999  -0.0000   0.00015380
  0.223849  -0.0000   0.00015770
  0.225082  -0.0000   0.00016370
  0.226282  -0.0000   0.00016960
  0.227452  -0.0000   0.00017550
  0.228596  -0.0000   0.00018150
  0.230259  -0.0000   0.00019040
  0.231875  -0.0000   0.00019930
  0.233786  -0.0000   0.00021020
  0.235635  -0.0000   0.00022110
  0.237659  -0.0000   0.00023350
  0.237863  -0.0000   0.00023470
  0.238066  -0.0000   0.00023600
  0.238269  -0.0000   0.00023720
  0.238388  -0.0000   0.00023830
  0.238499  -0.0000   0.00023940
  0.238612  -0.0000   0.00024050
  0.238724  -0.0000   0.00024150
  0.238890  -0.0000   0.00024310
  0.239137  -0.0000   0.00024560
  0.239501  -0.0000   0.00024920
  0.240036  -0.0000   0.00025460
  0.240819  -0.0000   0.00026280
  0.241957  -0.0000   0.00027510
  0.243066  -0.0000   0.00028730
  0.244151  -0.0000   0.00029960
  0.245213  -0.0000   0.00031180
  0.246761  -0.0000   0.00033020
  0.248673  -0.0000   0.00035370
  0.250524  -0.0000   0.00037710
  0.252318  -0.0000   0.00040060
  0.254058  -0.0000   0.00042410
  0.254377  -0.0000   0.00042840
  0.254694  -0.0000   0.00043270
  0.255009  -0.0000   0.00043710
  0.255415  -0.0000   0.00044360
  0.255493  -0.0000   0.00044520
  0.255612  -0.0000   0.00044760
  0.255789  -0.0000   0.00045130
  0.255966  -0.0000   0.00045490
  0.256226  -0.0000   0.00046040
  0.256611  -0.0000   0.00046860
  0.257177  -0.0000   0.00048090
  0.258005  -0.0000   0.00049940
  0.259209  -0.0000   0.00052720
  0.260384  -0.0000   0.00055490
  0.261531  -0.0000   0.00058260
  0.262655  -0.0000   0.00061040
  0.264291  -0.0000   0.00065200
  0.266201  -0.0000   0.00070210
  0.268051  -0.0000   0.00075230
  0.269846  -0.0000   0.00080250
  0.271588  -0.0000   0.00085270
  0.271816  -0.0000   0.00085930
  0.272044  -0.0000   0.00086590
  0.272271  -0.0000   0.00087250
  0.272473  -0.0000   0.00087970
  0.272516  -0.0000   0.00088150
  0.272559  -0.0000   0.00088330
  0.272624  -0.0000   0.00088600
  0.272721  -0.0000   0.00089010
  0.272866  -0.0000   0.00089610
  0.273082  -0.0000   0.00090520
  0.273400  -0.0000   0.00091890
  0.273868  -0.0000   0.00093940
  0.274556  -0.0000   0.00097010
  0.275560  -0.0000   0.00101600
  0.276792  -0.0000   0.00107400
  0.277994  -0.0000   0.00113200
  0.279170  -0.0000   0.00119100
  0.280321  -0.0000   0.00124900
  0.281998  -0.0000   0.00133600
  0.284039  -0.0000   0.00144600
  0.286014  -0.0000   0.00155600
  0.287927  -0.0000   0.00166600
  0.288567  -0.0000   0.00170300
  0.289201  -0.0000   0.00174000
  0.289444  -0.0000   0.00175400
  0.289489  -0.0000   0.00175800
  0.289534  -0.0000   0.00176200
  0.289601  -0.0000   0.00176700
  0.289702  -0.0000   0.00177500
  0.289853  -0.0000   0.00178800
  0.290077  -0.0000   0.00180600
  0.290409  -0.0000   0.00183400
  0.290897  -0.0000   0.00187500
  0.291613  -0.0000   0.00193800
  0.292658  -0.0000   0.00203100
  0.293839  -0.0000   0.00214000
  0.294992  -0.0000   0.00224800
  0.296122  -0.0000   0.00235600
  0.297736  -0.0000   0.00251600
  0.299307  -0.0000   0.00267500
  0.301248  -0.0000   0.00287800
  0.303131  -0.0000   0.00308200
  0.304959  -0.0000   0.00328500
  0.305786  -0.0000   0.00337800
  0.306564  -0.0000   0.00347100
  0.306602  -0.0000   0.00347700
  0.306659  -0.0000   0.00348600
  0.306745  -0.0000   0.00349900
  0.306873  -0.0000   0.00351900
  0.307064  -0.0000   0.00354800
  0.307346  -0.0000   0.00359300
  0.307764  -0.0000   0.00365900
  0.308377  -0.0000   0.00375800
  0.309277  -0.0000   0.00390800
  0.310500  -0.0000   0.00411600
  0.311693  -0.0000   0.00432500
  0.312861  -0.0000   0.00453400
  0.314005  -0.0000   0.00474200
  0.315673  -0.0000   0.00505500
  0.317677  -0.0000   0.00544400
  0.319619  -0.0000   0.00583300
  0.321506  -0.0000   0.00622200
  0.323342  -0.0000   0.00661000
  0.323546  -0.0000   0.00665400
  0.323708  -0.0000   0.00669700
  0.323863  -0.0000   0.00674000
  0.324095  -0.0000   0.00680500
  0.324325  -0.0000   0.00687000
  0.324665  -0.0000   0.00696800
  0.325167  -0.0000   0.00711400
  0.325904  -0.0000   0.00733300
  0.326983  -0.0000   0.00766200
  0.328247  -0.0000   0.00805800
  0.329482  -0.0000   0.00845300
  0.330690  -0.0000   0.00884900
  0.332359  -0.0000   0.00941200
  0.333983  -0.0000   0.00997400
  0.336020  -0.0000   0.01070000
  0.337996  -0.0000   0.01143000
  0.339919  -0.0000   0.01216000
  0.340188  -0.0000   0.01226000
  0.340456  -0.0000   0.01236000
  0.340692  -0.0000   0.01247000
  0.340770  -0.0000   0.01250000
  0.340887  -0.0000   0.01256000
  0.341062  -0.0000   0.01265000
  0.341322  -0.0000   0.01278000
  0.341706  -0.0000   0.01297000
  0.342272  -0.0000   0.01326000
  0.343103  -0.0000   0.01370000
  0.344316  -0.0000   0.01435000
  0.345501  -0.0000   0.01501000
  0.346660  -0.0000   0.01566000
  0.347797  -0.0000   0.01632000
  0.349454  -0.0000   0.01730000
  0.351501  -0.0000   0.01856000
  0.353487  -0.0000   0.01981000
  0.355418  -0.0000   0.02106000
  0.357301  -0.0000   0.02232000
  0.357535  -0.0000   0.02247000
  0.357746  -0.0000   0.02263000
  0.357793  -0.0000   0.02267000
  0.357862  -0.0000   0.02273000
  0.357967  -0.0000   0.02282000
  0.358123  -0.0000   0.02295000
  0.358354  -0.0000   0.02315000
  0.358698  -0.0000   0.02344000
  0.359204  -0.0000   0.02389000
  0.359949  -0.0000   0.02456000
  0.361040  -0.0000   0.02556000
  0.362333  -0.0000   0.02678000
  0.363597  -0.0000   0.02800000
  0.364833  -0.0000   0.02922000
  0.366544  -0.0000   0.03095000
  0.368210  -0.0000   0.03269000
  0.370256  -0.0000   0.03488000
  0.372246  -0.0000   0.03708000
  0.374186  -0.0000   0.03928000
  0.374453  -0.0000   0.03958000
  0.374719  -0.0000   0.03989000
  0.374937  -0.0000   0.04019000
  0.375151  -0.0000   0.04049000
  0.375364  -0.0000   0.04080000
  0.375575  -0.0000   0.04110000
  0.375888  -0.0000   0.04155000
  0.376351  -0.0000   0.04224000
  0.377034  -0.0000   0.04326000
  0.378035  -0.0000   0.04480000
  0.379495  -0.0000   0.04710000
  0.380918  -0.0000   0.04940000
  0.382307  -0.0000   0.05171000
  0.383666  -0.0000   0.05401000
  0.385643  -0.0000   0.05747000
  0.387568  -0.0000   0.06092000
  0.389444  -0.0000   0.06438000
  0.391279  -0.0000   0.06783000
  0.391535  -0.0000   0.06832000
  0.391790  -0.0000   0.06880000
  0.392001  -0.0000   0.06928000
  0.392209  -0.0000   0.06977000
  0.392416  -0.0000   0.07025000
  0.392622  -0.0000   0.07074000
  0.392927  -0.0000   0.07146000
  0.393379  -0.0000   0.07255000
  0.394045  -0.0000   0.07418000
  0.395024  -0.0000   0.07663000
  0.396451  -0.0000   0.08031000
  0.397843  -0.0000   0.08398000
  0.399203  -0.0000   0.08765000
  0.400535  -0.0000   0.09133000
  0.402475  -0.0000   0.09684000
  0.404365  -0.0000   0.10200000
  0.406210  -0.0000   0.10800000
  0.408016  -0.0000   0.11300000
  0.408324  -0.0000   0.11400000
  0.408631  -0.0000   0.11500000
  0.408923  -0.0000   0.11600000
  0.408947  -0.0000   0.11600000
  0.408982  -0.0000   0.11600000
  0.409036  -0.0000   0.11700000
  0.409117  -0.0000   0.11700000
  0.409237  -0.0000   0.11700000
  0.409417  -0.0000   0.11800000
  0.409684  -0.0000   0.11900000
  0.410079  -0.0000   0.12100000
  0.410663  -0.0000   0.12300000
  0.411521  -0.0000   0.12600000
  0.412776  -0.0000   0.13100000
  0.414177  -0.0000   0.13700000
  0.415546  -0.0000   0.14300000
  0.416885  -0.0000   0.14900000
  0.418791  -0.0000   0.15700000
  0.420649  -0.0000   0.16600000
  0.422464  -0.0000   0.17500000
  0.424240  -0.0000   0.18300000
  0.424869  -0.0000   0.18600000
  0.425493  -0.0000   0.18900000
  0.426077  -0.0000   0.19200000
  0.426126  -0.0000   0.19300000
  0.426199  -0.0000   0.19300000
  0.426309  -0.0000   0.19400000
  0.426473  -0.0000   0.19500000
  0.426717  -0.0000   0.19600000
  0.427078  -0.0000   0.19800000
  0.427613  -0.0000   0.20100000
  0.428401  -0.0000   0.20600000
  0.429554  -0.0000   0.21400000
  0.431031  -0.0000   0.22300000
  0.432472  -0.0000   0.23300000
  0.433881  -0.0000   0.24300000
  0.435261  -0.0000   0.25200000
  0.437276  -0.0000   0.26700000
  0.439242  -0.0000   0.28100000
  0.441165  -0.0000   0.29600000
  0.443047  -0.0000   0.31000000
  0.443079  -0.0000   0.31100000
  0.443129  -0.0000   0.31100000
  0.443203  -0.0000   0.31200000
  0.443314  -0.0000   0.31300000
  0.443480  -0.0000   0.31400000
  0.443726  -0.0000   0.31600000
  0.444091  -0.0000   0.32000000
  0.444631  -0.0000   0.32500000
  0.445426  -0.0000   0.33300000
  0.446590  -0.0000   0.34400000
  0.447983  -0.0000   0.35800000
  0.449344  -0.0000   0.37200000
  0.450678  -0.0000   0.38600000
  0.452560  -0.0000   0.40700000
  0.454398  -0.0000   0.42700000
  0.456624  -0.0000   0.45200000
  0.458796  -0.0000   0.47800000
  0.459373  -0.0000   0.48400000
  0.459947  -0.0000   0.49100000
  0.460278  -0.0000   0.49500000
  0.460297  -0.0000   0.49600000
  0.460316  -0.0000   0.49600000
  0.460345  -0.0000   0.49600000
  0.460388  -0.0000   0.49700000
  0.460452  -0.0000   0.49800000
  0.460549  -0.0000   0.49900000
  0.460692  -0.0000   0.50100000
  0.460906  -0.0000   0.50400000
  0.461224  -0.0000   0.50900000
  0.461695  -0.0000   0.51500000
  0.462390  -0.0000   0.52500000
  0.463410  -0.0000   0.54100000
  0.464900  -0.0000   0.56300000
  0.466354  -0.0000   0.58600000
  0.467776  -0.0000   0.60900000
  0.469171  -0.0000   0.63100000
  0.471209  -0.0000   0.66600000
  0.473199  -0.0000   0.70000000
  0.475147  -0.0000   0.73400000
  0.477056  -0.0000   0.76800000
  0.477284  -0.0000   0.77200000
  0.477339  -0.0000   0.77300000
  0.477393  -0.0000   0.77400000
  0.477475  -0.0000   0.77600000
  0.477596  -0.0000   0.77900000
  0.477778  -0.0000   0.78200000
  0.478048  -0.0000   0.78800000
  0.478448  -0.0000   0.79700000
  0.479040  -0.0000   0.80900000
  0.479911  -0.0000   0.82800000
  0.481187  -0.0000   0.85700000
  0.482810  -0.0000   0.89500000
  0.484395  -0.0000   0.93200000
  0.485945  -0.0000   0.97000000
  0.487171  -0.0000   1.00000000
  0.487012  -0.0000   1.00000000
  0.487012  -0.0000   1.00000000
  0.487012  -0.0000   1.00000000
  0.487012  -0.0000   1.00000000
  0.487012  -0.0000   1.00000000
  0.487012  -0.0000   1.00000000
  0.487012  -0.0000   1.00000000
  0.487012  -0.0000   1.00000000
  0.487012  -0.0000   1.00000000
  0.487012  -0.0000   1.00000000
  0.487012  -0.0000   1.00000000
  0.487012  -0.0000   1.00000000
  0.487011  -0.0000   1.00000000
  0.487011  -0.0000   1.00000000
  0.487010  -0.0000   1.00000000
  0.487010  -0.0000   1.00000000
