  0.000010  -0.0000   0.00000010
  0.000027  -0.0000   0.00000020
  0.000084  -0.0000   0.00000030
  0.000505  -0.0000   0.00000040
  0.003359  -0.0000   0.00000047
  0.006205  -0.0000   0.00000048
  0.006235  -0.0000   0.00000050
  0.006285  -0.0000   0.00000053
  0.006381  -0.0000   0.00000056
  0.006587  -0.0000   0.00000062
  0.006788  -0.0000   0.00000066
  0.007037  -0.0000   0.00000071
  0.007339  -0.0000   0.00000075
  0.007696  -0.0000   0.00000079
  0.008109  -0.0000   0.00000084
  0.008577  -0.0000   0.00000088
  0.009100  -0.0000   0.00000093
  0.009675  -0.0000   0.00000097
  0.010300  -0.0000   0.00000101
  0.010974  -0.0000   0.00000106
  0.011694  -0.0000   0.00000110
  0.012459  -0.0000   0.00000114
  0.013407  -0.0000   0.00000119
  0.014416  -0.0000   0.00000124
  0.015489  -0.0000   0.00000129
  0.016629  -0.0000   0.00000134
  0.017840  -0.0000   0.00000139
  0.019123  -0.0000   0.00000144
  0.019259  -0.0000   0.00000145
  0.019396  -0.0000   0.00000145
  0.019533  -0.0000   0.00000146
  0.019741  -0.0000   0.00000147
  0.019830  -0.0000   0.00000147
  0.019839  -0.0000   0.00000148
  0.019845  -0.0000   0.00000148
  0.019849  -0.0000   0.00000148
  0.019853  -0.0000   0.00000148
  0.019858  -0.0000   0.00000149
  0.019864  -0.0000   0.00000150
  0.019872  -0.0000   0.00000151
  0.019882  -0.0000   0.00000153
  0.019897  -0.0000   0.00000155
  0.019918  -0.0000   0.00000159
  0.019953  -0.0000   0.00000166
  0.020012  -0.0000   0.00000175
  0.020117  -0.0000   0.00000188
  0.020318  -0.0000   0.00000208
  0.020532  -0.0000   0.00000226
  0.020794  -0.0000   0.00000244
  0.021108  -0.0000   0.00000261
  0.021400  -0.0000   0.00000276
  0.021735  -0.0000   0.00000290
  0.022116  -0.0000   0.00000304
  0.022537  -0.0000   0.00000318
  0.023009  -0.0000   0.00000332
  0.023535  -0.0000   0.00000346
  0.024135  -0.0000   0.00000360
  0.024797  -0.0000   0.00000375
  0.025524  -0.0000   0.00000389
  0.026287  -0.0000   0.00000403
  0.027115  -0.0000   0.00000417
  0.028010  -0.0000   0.00000431
  0.029129  -0.0000   0.00000446
  0.030340  -0.0000   0.00000462
  0.031645  -0.0000   0.00000478
  0.033046  -0.0000   0.00000494
  0.034541  -0.0000   0.00000510
  0.036131  -0.0000   0.00000526
  0.036219  -0.0000   0.00000527
  0.036308  -0.0000   0.00000528
  0.036385  -0.0000   0.00000529
  0.036403  -0.0000   0.00000530
  0.036416  -0.0000   0.00000531
  0.036428  -0.0000   0.00000532
  0.036439  -0.0000   0.00000533
  0.036454  -0.0000   0.00000534
  0.036477  -0.0000   0.00000537
  0.036511  -0.0000   0.00000540
  0.036562  -0.0000   0.00000545
  0.036642  -0.0000   0.00000553
  0.036766  -0.0000   0.00000565
  0.036965  -0.0000   0.00000582
  0.037293  -0.0000   0.00000609
  0.037866  -0.0000   0.00000648
  0.038535  -0.0000   0.00000687
  0.039120  -0.0000   0.00000718
  0.039777  -0.0000   0.00000748
  0.040514  -0.0000   0.00000779
  0.041288  -0.0000   0.00000808
  0.042144  -0.0000   0.00000837
  0.043088  -0.0000   0.00000866
  0.044124  -0.0000   0.00000895
  0.045256  -0.0000   0.00000924
  0.046490  -0.0000   0.00000952
  0.047828  -0.0000   0.00000981
  0.049272  -0.0000   0.00001010
  0.050825  -0.0000   0.00001039
  0.052487  -0.0000   0.00001068
  0.052806  -0.0000   0.00001074
  0.053128  -0.0000   0.00001079
  0.053455  -0.0000   0.00001085
  0.053596  -0.0000   0.00001087
  0.053633  -0.0000   0.00001090
  0.053665  -0.0000   0.00001092
  0.053695  -0.0000   0.00001095
  0.053725  -0.0000   0.00001098
  0.053771  -0.0000   0.00001102
  0.053841  -0.0000   0.00001107
  0.053947  -0.0000   0.00001116
  0.054110  -0.0000   0.00001129
  0.054362  -0.0000   0.00001149
  0.054761  -0.0000   0.00001179
  0.055414  -0.0000   0.00001224
  0.056042  -0.0000   0.00001263
  0.056725  -0.0000   0.00001302
  0.057469  -0.0000   0.00001342
  0.058271  -0.0000   0.00001381
  0.059143  -0.0000   0.00001420
  0.060087  -0.0000   0.00001459
  0.061107  -0.0000   0.00001498
  0.062208  -0.0000   0.00001537
  0.063393  -0.0000   0.00001576
  0.064636  -0.0000   0.00001615
  0.065965  -0.0000   0.00001653
  0.067380  -0.0000   0.00001691
  0.069264  -0.0000   0.00001738
  0.069839  -0.0000   0.00001752
  0.070426  -0.0000   0.00001767
  0.070707  -0.0000   0.00001773
  0.070796  -0.0000   0.00001777
  0.070844  -0.0000   0.00001781
  0.070889  -0.0000   0.00001785
  0.070958  -0.0000   0.00001791
  0.071063  -0.0000   0.00001799
  0.071222  -0.0000   0.00001812
  0.071467  -0.0000   0.00001831
  0.071843  -0.0000   0.00001860
  0.072438  -0.0000   0.00001904
  0.073408  -0.0000   0.00001969
  0.074469  -0.0000   0.00002035
  0.075631  -0.0000   0.00002100
  0.076904  -0.0000   0.00002165
  0.078296  -0.0000   0.00002230
  0.079814  -0.0000   0.00002296
  0.081464  -0.0000   0.00002361
  0.083251  -0.0000   0.00002426
  0.085177  -0.0000   0.00002492
  0.087243  -0.0000   0.00002557
  0.087430  -0.0000   0.00002563
  0.087619  -0.0000   0.00002569
  0.087808  -0.0000   0.00002575
  0.087968  -0.0000   0.00002582
  0.088052  -0.0000   0.00002589
  0.088135  -0.0000   0.00002596
  0.088219  -0.0000   0.00002603
  0.088348  -0.0000   0.00002614
  0.088543  -0.0000   0.00002630
  0.088840  -0.0000   0.00002654
  0.089297  -0.0000   0.00002690
  0.090015  -0.0000   0.00002745
  0.091175  -0.0000   0.00002826
  0.092433  -0.0000   0.00002908
  0.093797  -0.0000   0.00002989
  0.095276  -0.0000   0.00003070
  0.096878  -0.0000   0.00003152
  0.098608  -0.0000   0.00003233
  0.100469  -0.0000   0.00003315
  0.102465  -0.0000   0.00003396
  0.104595  -0.0000   0.00003478
  0.104773  -0.0000   0.00003484
  0.104952  -0.0000   0.00003491
  0.105132  -0.0000   0.00003498
  0.105204  -0.0000   0.00003504
  0.105269  -0.0000   0.00003510
  0.105334  -0.0000   0.00003515
  0.105401  -0.0000   0.00003521
  0.105501  -0.0000   0.00003530
  0.105652  -0.0000   0.00003543
  0.105882  -0.0000   0.00003563
  0.106231  -0.0000   0.00003592
  0.106767  -0.0000   0.00003636
  0.107606  -0.0000   0.00003702
  0.108955  -0.0000   0.00003801
  0.110407  -0.0000   0.00003900
  0.111973  -0.0000   0.00003999
  0.113659  -0.0000   0.00004098
  0.115472  -0.0000   0.00004197
  0.117415  -0.0000   0.00004296
  0.119492  -0.0000   0.00004395
  0.121702  -0.0000   0.00004494
  0.121901  -0.0000   0.00004503
  0.122101  -0.0000   0.00004512
  0.122303  -0.0000   0.00004521
  0.122439  -0.0000   0.00004530
  0.122535  -0.0000   0.00004539
  0.122632  -0.0000   0.00004548
  0.122780  -0.0000   0.00004561
  0.123005  -0.0000   0.00004581
  0.123345  -0.0000   0.00004611
  0.123864  -0.0000   0.00004656
  0.124668  -0.0000   0.00004724
  0.125942  -0.0000   0.00004826
  0.127154  -0.0000   0.00004917
  0.128434  -0.0000   0.00005009
  0.129786  -0.0000   0.00005100
  0.131247  -0.0000   0.00005194
  0.132790  -0.0000   0.00005288
  0.134416  -0.0000   0.00005382
  0.136297  -0.0000   0.00005484
  0.138279  -0.0000   0.00005587
  0.138745  -0.0000   0.00005610
  0.139217  -0.0000   0.00005634
  0.139675  -0.0000   0.00005658
  0.139768  -0.0000   0.00005667
  0.139861  -0.0000   0.00005676
  0.139955  -0.0000   0.00005685
  0.140050  -0.0000   0.00005694
  0.140194  -0.0000   0.00005707
  0.140411  -0.0000   0.00005727
  0.140739  -0.0000   0.00005758
  0.141238  -0.0000   0.00005803
  0.142007  -0.0000   0.00005871
  0.143212  -0.0000   0.00005973
  0.144586  -0.0000   0.00006083
  0.146036  -0.0000   0.00006193
  0.147565  -0.0000   0.00006304
  0.149281  -0.0000   0.00006421
  0.151093  -0.0000   0.00006538
  0.153003  -0.0000   0.00006655
  0.155514  -0.0000   0.00006800
  0.155860  -0.0000   0.00006819
  0.156209  -0.0000   0.00006839
  0.156561  -0.0000   0.00006859
  0.157027  -0.0000   0.00006889
  0.157138  -0.0000   0.00006900
  0.157251  -0.0000   0.00006911
  0.157364  -0.0000   0.00006922
  0.157536  -0.0000   0.00006939
  0.157796  -0.0000   0.00006964
  0.158189  -0.0000   0.00007002
  0.158788  -0.0000   0.00007058
  0.159712  -0.0000   0.00007142
  0.161164  -0.0000   0.00007269
  0.162633  -0.0000   0.00007392
  0.164177  -0.0000   0.00007514
  0.165798  -0.0000   0.00007636
  0.167636  -0.0000   0.00007768
  0.169570  -0.0000   0.00007900
  0.171598  -0.0000   0.00008032
  0.174308  -0.0000   0.00008199
  0.174408  -0.0000   0.00008210
  0.174508  -0.0000   0.00008220
  0.174610  -0.0000   0.00008231
  0.174712  -0.0000   0.00008241
  0.174866  -0.0000   0.00008257
  0.175098  -0.0000   0.00008281
  0.175450  -0.0000   0.00008316
  0.175984  -0.0000   0.00008369
  0.176804  -0.0000   0.00008449
  0.178081  -0.0000   0.00008568
  0.179738  -0.0000   0.00008716
  0.181480  -0.0000   0.00008863
  0.183314  -0.0000   0.00009011
  0.185738  -0.0000   0.00009194
  0.188308  -0.0000   0.00009378
  0.191024  -0.0000   0.00009561
  0.191229  -0.0000   0.00009575
  0.191436  -0.0000   0.00009589
  0.191643  -0.0000   0.00009603
  0.191766  -0.0000   0.00009615
  0.191883  -0.0000   0.00009628
  0.192001  -0.0000   0.00009640
  0.192120  -0.0000   0.00009653
  0.192300  -0.0000   0.00009672
  0.192570  -0.0000   0.00009700
  0.192979  -0.0000   0.00009742
  0.193601  -0.0000   0.00009806
  0.194555  -0.0000   0.00009901
  0.196010  -0.0000   0.00010040
  0.197493  -0.0000   0.00010190
  0.198945  -0.0000   0.00010340
  0.200369  -0.0000   0.00010490
  0.202448  -0.0000   0.00010720
  0.204476  -0.0000   0.00010940
  0.206856  -0.0000   0.00011210
  0.207852  -0.0000   0.00011330
  0.208835  -0.0000   0.00011440
  0.208982  -0.0000   0.00011460
  0.209099  -0.0000   0.00011480
  0.209217  -0.0000   0.00011510
  0.209394  -0.0000   0.00011540
  0.209657  -0.0000   0.00011590
  0.210048  -0.0000   0.00011660
  0.210626  -0.0000   0.00011760
  0.211475  -0.0000   0.00011930
  0.212718  -0.0000   0.00012170
  0.214460  -0.0000   0.00012520
  0.216161  -0.0000   0.00012870
  0.217825  -0.0000   0.00013210
  0.219455  -0.0000   0.00013560
  0.221633  -0.0000   0.00014040
  0.223755  -0.0000   0.00014520
  0.226277  -0.0000   0.00015110
  0.226439  -0.0000   0.00015150
  0.226560  -0.0000   0.00015190
  0.226683  -0.0000   0.00015230
  0.226805  -0.0000   0.00015270
  0.226989  -0.0000   0.00015340
  0.227262  -0.0000   0.00015430
  0.227667  -0.0000   0.00015570
  0.228265  -0.0000   0.00015790
  0.229145  -0.0000   0.00016100
  0.230435  -0.0000   0.00016580
  0.232140  -0.0000   0.00017230
  0.233807  -0.0000   0.00017880
  0.235440  -0.0000   0.00018530
  0.237041  -0.0000   0.00019180
  0.239321  -0.0000   0.00020120
  0.241542  -0.0000   0.00021070
  0.243707  -0.0000   0.00022020
  0.243889  -0.0000   0.00022100
  0.243923  -0.0000   0.00022130
  0.243956  -0.0000   0.00022150
  0.244006  -0.0000   0.00022180
  0.244082  -0.0000   0.00022220
  0.244196  -0.0000   0.00022290
  0.244366  -0.0000   0.00022400
  0.244620  -0.0000   0.00022560
  0.244996  -0.0000   0.00022800
  0.245552  -0.0000   0.00023150
  0.246371  -0.0000   0.00023690
  0.247574  -0.0000   0.00024490
  0.249259  -0.0000   0.00025640
  0.250907  -0.0000   0.00026790
  0.252522  -0.0000   0.00027950
  0.254107  -0.0000   0.00029100
  0.256335  -0.0000   0.00030760
  0.258508  -0.0000   0.00032420
  0.261047  -0.0000   0.00034420
  0.261249  -0.0000   0.00034580
  0.261416  -0.0000   0.00034740
  0.261563  -0.0000   0.00034900
  0.261711  -0.0000   0.00035060
  0.261859  -0.0000   0.00035220
  0.262079  -0.0000   0.00035460
  0.262407  -0.0000   0.00035820
  0.262891  -0.0000   0.00036360
  0.263608  -0.0000   0.00037170
  0.264661  -0.0000   0.00038380
  0.266205  -0.0000   0.00040200
  0.267717  -0.0000   0.00042020
  0.269201  -0.0000   0.00043840
  0.270659  -0.0000   0.00045660
  0.272793  -0.0000   0.00048380
  0.275234  -0.0000   0.00051590
  0.277611  -0.0000   0.00054800
  0.277945  -0.0000   0.00055250
  0.278279  -0.0000   0.00055710
  0.278611  -0.0000   0.00056160
  0.278860  -0.0000   0.00056540
  0.278913  -0.0000   0.00056640
  0.278965  -0.0000   0.00056730
  0.279045  -0.0000   0.00056880
  0.279164  -0.0000   0.00057090
  0.279342  -0.0000   0.00057420
  0.279607  -0.0000   0.00057900
  0.280000  -0.0000   0.00058630
  0.280582  -0.0000   0.00059720
  0.281440  -0.0000   0.00061360
  0.282701  -0.0000   0.00063820
  0.284349  -0.0000   0.00067110
  0.285962  -0.0000   0.00070390
  0.287545  -0.0000   0.00073680
  0.289100  -0.0000   0.00076960
  0.291374  -0.0000   0.00081890
  0.293905  -0.0000   0.00087530
  0.295504  -0.0000   0.00091160
  0.295838  -0.0000   0.00091920
  0.296170  -0.0000   0.00092680
  0.296388  -0.0000   0.00093280
  0.296438  -0.0000   0.00093430
  0.296489  -0.0000   0.00093580
  0.296566  -0.0000   0.00093810
  0.296680  -0.0000   0.00094150
  0.296851  -0.0000   0.00094650
  0.297106  -0.0000   0.00095420
  0.297484  -0.0000   0.00096560
  0.298044  -0.0000   0.00098270
  0.298872  -0.0000   0.00100800
  0.300088  -0.0000   0.00104700
  0.301803  -0.0000   0.00110300
  0.303482  -0.0000   0.00115800
  0.305128  -0.0000   0.00121400
  0.306744  -0.0000   0.00126900
  0.309084  -0.0000   0.00135200
  0.311368  -0.0000   0.00143500
  0.313601  -0.0000   0.00151700
  0.313795  -0.0000   0.00152500
  0.313838  -0.0000   0.00152700
  0.313881  -0.0000   0.00152900
  0.313945  -0.0000   0.00153200
  0.314042  -0.0000   0.00153700
  0.314187  -0.0000   0.00154400
  0.314403  -0.0000   0.00155400
  0.314724  -0.0000   0.00156900
  0.315201  -0.0000   0.00159200
  0.315906  -0.0000   0.00162600
  0.316944  -0.0000   0.00167800
  0.318468  -0.0000   0.00175500
  0.319963  -0.0000   0.00183300
  0.321431  -0.0000   0.00191000
  0.322875  -0.0000   0.00198800
  0.324991  -0.0000   0.00210400
  0.327539  -0.0000   0.00224700
  0.330023  -0.0000   0.00239100
  0.330385  -0.0000   0.00241200
  0.330745  -0.0000   0.00243300
  0.331104  -0.0000   0.00245400
  0.331323  -0.0000   0.00246900
  0.331374  -0.0000   0.00247200
  0.331426  -0.0000   0.00247600
  0.331503  -0.0000   0.00248200
  0.331619  -0.0000   0.00249000
  0.331791  -0.0000   0.00250300
  0.332048  -0.0000   0.00252200
  0.332430  -0.0000   0.00255000
  0.332997  -0.0000   0.00259200
  0.333834  -0.0000   0.00265600
  0.335066  -0.0000   0.00275200
  0.336816  -0.0000   0.00289000
  0.338531  -0.0000   0.00302900
  0.340213  -0.0000   0.00316800
  0.341864  -0.0000   0.00330700
  0.344279  -0.0000   0.00351600
  0.346638  -0.0000   0.00372400
  0.347716  -0.0000   0.00382000
  0.348755  -0.0000   0.00391600
  0.348809  -0.0000   0.00392200
  0.348891  -0.0000   0.00393100
  0.349013  -0.0000   0.00394500
  0.349197  -0.0000   0.00396500
  0.349471  -0.0000   0.00399600
  0.349877  -0.0000   0.00404100
  0.350480  -0.0000   0.00411000
  0.351370  -0.0000   0.00421300
  0.352680  -0.0000   0.00436700
  0.354311  -0.0000   0.00456300
  0.355911  -0.0000   0.00475900
  0.357483  -0.0000   0.00495500
  0.359029  -0.0000   0.00515100
  0.361294  -0.0000   0.00544500
  0.363975  -0.0000   0.00580200
  0.364903  -0.0000   0.00592600
  0.365824  -0.0000   0.00605100
  0.366179  -0.0000   0.00609900
  0.366389  -0.0000   0.00613300
  0.366597  -0.0000   0.00616700
  0.366804  -0.0000   0.00620100
  0.367010  -0.0000   0.00623500
  0.367317  -0.0000   0.00628600
  0.367773  -0.0000   0.00636300
  0.368449  -0.0000   0.00647700
  0.369447  -0.0000   0.00664900
  0.370915  -0.0000   0.00690800
  0.372723  -0.0000   0.00723200
  0.374494  -0.0000   0.00755700
  0.376231  -0.0000   0.00788200
  0.377939  -0.0000   0.00820700
  0.380440  -0.0000   0.00869500
  0.382888  -0.0000   0.00918200
  0.383205  -0.0000   0.00924500
  0.383522  -0.0000   0.00930900
  0.383799  -0.0000   0.00937200
  0.383865  -0.0000   0.00938800
  0.383965  -0.0000   0.00941100
  0.384114  -0.0000   0.00944700
  0.384337  -0.0000   0.00950000
  0.384668  -0.0000   0.00958100
  0.385161  -0.0000   0.00970100
  0.385890  -0.0000   0.00988100
  0.386967  -0.0000   0.01015000
  0.388548  -0.0000   0.01056000
  0.390099  -0.0000   0.01096000
  0.391623  -0.0000   0.01137000
  0.393123  -0.0000   0.01177000
  0.395324  -0.0000   0.01238000
  0.397986  -0.0000   0.01314000
  0.400590  -0.0000   0.01389000
  0.400883  -0.0000   0.01398000
  0.401164  -0.0000   0.01406000
  0.401226  -0.0000   0.01408000
  0.401289  -0.0000   0.01410000
  0.401352  -0.0000   0.01412000
  0.401445  -0.0000   0.01416000
  0.401586  -0.0000   0.01420000
  0.401795  -0.0000   0.01428000
  0.402106  -0.0000   0.01438000
  0.402570  -0.0000   0.01455000
  0.403256  -0.0000   0.01479000
  0.404271  -0.0000   0.01515000
  0.405762  -0.0000   0.01570000
  0.407575  -0.0000   0.01638000
  0.409353  -0.0000   0.01706000
  0.411098  -0.0000   0.01774000
  0.412814  -0.0000   0.01842000
  0.415332  -0.0000   0.01943000
  0.417800  -0.0000   0.02045000
  0.418150  -0.0000   0.02060000
  0.418499  -0.0000   0.02074000
  0.418808  -0.0000   0.02089000
  0.418883  -0.0000   0.02092000
  0.418996  -0.0000   0.02098000
  0.419164  -0.0000   0.02106000
  0.419415  -0.0000   0.02118000
  0.419789  -0.0000   0.02137000
  0.420343  -0.0000   0.02164000
  0.421164  -0.0000   0.02205000
  0.422375  -0.0000   0.02267000
  0.424151  -0.0000   0.02360000
  0.425892  -0.0000   0.02453000
  0.427601  -0.0000   0.02546000
  0.429283  -0.0000   0.02638000
  0.431750  -0.0000   0.02778000
  0.434170  -0.0000   0.02917000
  0.435032  -0.0000   0.02967000
  0.435888  -0.0000   0.03017000
  0.436179  -0.0000   0.03035000
  0.436247  -0.0000   0.03040000
  0.436315  -0.0000   0.03044000
  0.436416  -0.0000   0.03051000
  0.436569  -0.0000   0.03061000
  0.436796  -0.0000   0.03077000
  0.437134  -0.0000   0.03100000
  0.437637  -0.0000   0.03135000
  0.438382  -0.0000   0.03186000
  0.439483  -0.0000   0.03264000
  0.441100  -0.0000   0.03381000
  0.442977  -0.0000   0.03520000
  0.444819  -0.0000   0.03659000
  0.446628  -0.0000   0.03797000
  0.448948  -0.0000   0.03979000
  0.451225  -0.0000   0.04160000
  0.452544  -0.0000   0.04266000
  0.453510  -0.0000   0.04345000
  0.453744  -0.0000   0.04366000
  0.453974  -0.0000   0.04387000
  0.454203  -0.0000   0.04409000
  0.454431  -0.0000   0.04430000
  0.454771  -0.0000   0.04462000
  0.455277  -0.0000   0.04510000
  0.456026  -0.0000   0.04582000
  0.457133  -0.0000   0.04690000
  0.458760  -0.0000   0.04852000
  0.460760  -0.0000   0.05055000
  0.462722  -0.0000   0.05259000
  0.464649  -0.0000   0.05463000
  0.466546  -0.0000   0.05666000
  0.469118  -0.0000   0.05948000
  0.469902  -0.0000   0.06034000
  0.470681  -0.0000   0.06121000
  0.471112  -0.0000   0.06170000
  0.471136  -0.0000   0.06174000
  0.471161  -0.0000   0.06177000
  0.471198  -0.0000   0.06181000
  0.471254  -0.0000   0.06188000
  0.471337  -0.0000   0.06199000
  0.471462  -0.0000   0.06214000
  0.471648  -0.0000   0.06238000
  0.471925  -0.0000   0.06273000
  0.472339  -0.0000   0.06326000
  0.472952  -0.0000   0.06406000
  0.473860  -0.0000   0.06525000
  0.475198  -0.0000   0.06704000
  0.477161  -0.0000   0.06972000
  0.479084  -0.0000   0.07240000
  0.480973  -0.0000   0.07508000
  0.482832  -0.0000   0.07776000
  0.485336  -0.0000   0.08144000
  0.487795  -0.0000   0.08512000
  0.488175  -0.0000   0.08569000
  0.488550  -0.0000   0.08626000
  0.488571  -0.0000   0.08630000
  0.488603  -0.0000   0.08635000
  0.488650  -0.0000   0.08643000
  0.488722  -0.0000   0.08655000
  0.488829  -0.0000   0.08673000
  0.488988  -0.0000   0.08700000
  0.489227  -0.0000   0.08741000
  0.489582  -0.0000   0.08802000
  0.490109  -0.0000   0.08893000
  0.490891  -0.0000   0.09030000
  0.492045  -0.0000   0.09235000
  0.493741  -0.0000   0.09544000
  0.495693  -0.0000   0.09906000
  0.497609  -0.0000   0.10300000
  0.499493  -0.0000   0.10600000
  0.501850  -0.0000   0.11100000
  0.504168  -0.0000   0.11600000
  0.505138  -0.0000   0.11700000
  0.506089  -0.0000   0.11900000
  0.506143  -0.0000   0.12000000
  0.506197  -0.0000   0.12000000
  0.506251  -0.0000   0.12000000
  0.506332  -0.0000   0.12000000
  0.506454  -0.0000   0.12000000
  0.506635  -0.0000   0.12100000
  0.506905  -0.0000   0.12100000
  0.507308  -0.0000   0.12200000
  0.507906  -0.0000   0.12400000
  0.508791  -0.0000   0.12600000
  0.510097  -0.0000   0.12900000
  0.512014  -0.0000   0.13300000
  0.513895  -0.0000   0.13800000
  0.515745  -0.0000   0.14300000
  0.517568  -0.0000   0.14700000
  0.520116  -0.0000   0.15400000
  0.522620  -0.0000   0.16100000
  0.523051  -0.0000   0.16200000
  0.523480  -0.0000   0.16300000
  0.523752  -0.0000   0.16400000
  0.523819  -0.0000   0.16400000
  0.523886  -0.0000   0.16400000
  0.523987  -0.0000   0.16500000
  0.524137  -0.0000   0.16500000
  0.524362  -0.0000   0.16600000
  0.524697  -0.0000   0.16700000
  0.525195  -0.0000   0.16800000
  0.525934  -0.0000   0.17000000
  0.527026  -0.0000   0.17400000
  0.528634  -0.0000   0.17900000
  0.530833  -0.0000   0.18600000
  0.532990  -0.0000   0.19300000
  0.535111  -0.0000   0.20000000
  0.537200  -0.0000   0.20800000
  0.539259  -0.0000   0.21500000
  0.539977  -0.0000   0.21700000
  0.540691  -0.0000   0.22000000
  0.541112  -0.0000   0.22100000
  0.541137  -0.0000   0.22100000
  0.541162  -0.0000   0.22100000
  0.541199  -0.0000   0.22200000
  0.541255  -0.0000   0.22200000
  0.541340  -0.0000   0.22200000
  0.541465  -0.0000   0.22300000
  0.541654  -0.0000   0.22300000
  0.541934  -0.0000   0.22400000
  0.542352  -0.0000   0.22600000
  0.542973  -0.0000   0.22900000
  0.543892  -0.0000   0.23200000
  0.545248  -0.0000   0.23800000
  0.547239  -0.0000   0.24600000
  0.549193  -0.0000   0.25500000
  0.551116  -0.0000   0.26300000
  0.553012  -0.0000   0.27100000
  0.555446  -0.0000   0.28200000
  0.557843  -0.0000   0.29300000
  0.558201  -0.0000   0.29500000
  0.558549  -0.0000   0.29600000
  0.558570  -0.0000   0.29600000
  0.558600  -0.0000   0.29700000
  0.558646  -0.0000   0.29700000
  0.558715  -0.0000   0.29700000
  0.558818  -0.0000   0.29800000
  0.558973  -0.0000   0.29900000
  0.559203  -0.0000   0.30000000
  0.559546  -0.0000   0.30100000
  0.560057  -0.0000   0.30400000
  0.560815  -0.0000   0.30800000
  0.561934  -0.0000   0.31400000
  0.563582  -0.0000   0.32300000
  0.565785  -0.0000   0.33500000
  0.567948  -0.0000   0.34700000
  0.570076  -0.0000   0.35900000
  0.572173  -0.0000   0.37100000
  0.574242  -0.0000   0.38300000
  0.575000  -0.0000   0.38800000
  0.575754  -0.0000   0.39200000
  0.576091  -0.0000   0.39400000
  0.576111  -0.0000   0.39400000
  0.576131  -0.0000   0.39400000
  0.576162  -0.0000   0.39500000
  0.576207  -0.0000   0.39500000
  0.576275  -0.0000   0.39500000
  0.576377  -0.0000   0.39600000
  0.576530  -0.0000   0.39700000
  0.576758  -0.0000   0.39800000
  0.577098  -0.0000   0.40100000
  0.577603  -0.0000   0.40400000
  0.578353  -0.0000   0.40900000
  0.579461  -0.0000   0.41700000
  0.581094  -0.0000   0.42800000
  0.583045  -0.0000   0.44100000
  0.584963  -0.0000   0.45500000
  0.586855  -0.0000   0.46900000
  0.589136  -0.0000   0.48600000
  0.591384  -0.0000   0.50300000
  0.592413  -0.0000   0.51000000
  0.593436  -0.0000   0.51800000
  0.593660  -0.0000   0.52000000
  0.593884  -0.0000   0.52200000
  0.594107  -0.0000   0.52400000
  0.594330  -0.0000   0.52500000
  0.594661  -0.0000   0.52800000
  0.595154  -0.0000   0.53200000
  0.595886  -0.0000   0.53900000
  0.596968  -0.0000   0.54800000
  0.598564  -0.0000   0.56200000
  0.600469  -0.0000   0.57900000
  0.602344  -0.0000   0.59600000
  0.604194  -0.0000   0.61300000
  0.606492  -0.0000   0.63500000
  0.608758  -0.0000   0.65600000
  0.609949  -0.0000   0.66800000
  0.611108  -0.0000   0.67900000
  0.611125  -0.0000   0.67900000
  0.611151  -0.0000   0.67900000
  0.611189  -0.0000   0.68000000
  0.611247  -0.0000   0.68000000
  0.611333  -0.0000   0.68100000
  0.611462  -0.0000   0.68300000
  0.611655  -0.0000   0.68500000
  0.611943  -0.0000   0.68800000
  0.612372  -0.0000   0.69200000
  0.613010  -0.0000   0.69900000
  0.613954  -0.0000   0.70900000
  0.615347  -0.0000   0.72500000
  0.617396  -0.0000   0.74800000
  0.619411  -0.0000   0.77100000
  0.621395  -0.0000   0.79400000
  0.623354  -0.0000   0.81700000
  0.625740  -0.0000   0.84600000
  0.628094  -0.0000   0.87400000
  0.628395  -0.0000   0.87800000
  0.628678  -0.0000   0.88200000
  0.628748  -0.0000   0.88300000
  0.628852  -0.0000   0.88400000
  0.629009  -0.0000   0.88600000
  0.629242  -0.0000   0.88900000
  0.629591  -0.0000   0.89400000
  0.630109  -0.0000   0.90100000
  0.630878  -0.0000   0.91100000
  0.632015  -0.0000   0.92700000
  0.633691  -0.0000   0.95000000
  0.635568  -0.0000   0.97700000
  0.637152  -0.0000   1.00000000
  0.637051  -0.0000   1.00000000
  0.637051  -0.0000   1.00000000
  0.637051  -0.0000   1.00000000
  0.637051  -0.0000   1.00000000
  0.637051  -0.0000   1.00000000
  0.637051  -0.0000   1.00000000
  0.637051  -0.0000   1.00000000
  0.637051  -0.0000   1.00000000
  0.637051  -0.0000   1.00000000
  0.637051  -0.0000   1.00000000
  0.637051  -0.0000   1.00000000
  0.637051  -0.0000   1.00000000
  0.637050  -0.0000   1.00000000
  0.637049  -0.0000   1.00000000
