  0.000001  -0.0000   0.00000010
  0.000002  -0.0000   0.00000020
  0.000007  -0.0000   0.00000030
  0.000076  -0.0000   0.00000045
  0.001603  -0.0000   0.00000067
  0.005977  -0.0000   0.00000076
  0.005981  -0.0000   0.00000089
  0.005984  -0.0000   0.00000108
  0.005991  -0.0000   0.00000136
  0.006005  -0.0000   0.00000179
  0.006036  -0.0000   0.00000243
  0.006118  -0.0000   0.00000339
  0.006219  -0.0000   0.00000418
  0.006359  -0.0000   0.00000497
  0.006549  -0.0000   0.00000576
  0.006724  -0.0000   0.00000636
  0.006934  -0.0000   0.00000696
  0.007181  -0.0000   0.00000756
  0.007492  -0.0000   0.00000820
  0.007853  -0.0000   0.00000884
  0.008264  -0.0000   0.00000949
  0.008717  -0.0000   0.00001012
  0.009221  -0.0000   0.00001075
  0.009778  -0.0000   0.00001138
  0.010511  -0.0000   0.00001212
  0.011320  -0.0000   0.00001286
  0.012205  -0.0000   0.00001360
  0.013169  -0.0000   0.00001434
  0.014210  -0.0000   0.00001509
  0.015331  -0.0000   0.00001583
  0.016532  -0.0000   0.00001657
  0.017813  -0.0000   0.00001731
  0.019176  -0.0000   0.00001805
  0.020561  -0.0000   0.00001880
  0.020575  -0.0000   0.00001884
  0.020586  -0.0000   0.00001888
  0.020595  -0.0000   0.00001892
  0.020607  -0.0000   0.00001898
  0.020624  -0.0000   0.00001907
  0.020646  -0.0000   0.00001921
  0.020678  -0.0000   0.00001941
  0.020727  -0.0000   0.00001972
  0.020803  -0.0000   0.00002018
  0.020922  -0.0000   0.00002088
  0.021115  -0.0000   0.00002192
  0.021436  -0.0000   0.00002348
  0.021995  -0.0000   0.00002582
  0.022425  -0.0000   0.00002746
  0.022899  -0.0000   0.00002909
  0.023419  -0.0000   0.00003072
  0.024149  -0.0000   0.00003278
  0.024960  -0.0000   0.00003483
  0.025856  -0.0000   0.00003688
  0.026945  -0.0000   0.00003913
  0.028144  -0.0000   0.00004139
  0.029457  -0.0000   0.00004364
  0.030633  -0.0000   0.00004551
  0.031890  -0.0000   0.00004739
  0.033232  -0.0000   0.00004927
  0.034659  -0.0000   0.00005115
  0.036172  -0.0000   0.00005302
  0.037770  -0.0000   0.00005490
  0.038017  -0.0000   0.00005519
  0.038267  -0.0000   0.00005548
  0.038518  -0.0000   0.00005577
  0.038834  -0.0000   0.00005620
  0.038877  -0.0000   0.00005636
  0.038914  -0.0000   0.00005651
  0.038951  -0.0000   0.00005667
  0.039005  -0.0000   0.00005690
  0.039088  -0.0000   0.00005726
  0.039213  -0.0000   0.00005778
  0.039403  -0.0000   0.00005857
  0.039696  -0.0000   0.00005976
  0.040152  -0.0000   0.00006154
  0.040876  -0.0000   0.00006421
  0.042068  -0.0000   0.00006822
  0.043376  -0.0000   0.00007222
  0.044806  -0.0000   0.00007623
  0.046368  -0.0000   0.00008023
  0.048068  -0.0000   0.00008424
  0.049912  -0.0000   0.00008824
  0.051906  -0.0000   0.00009225
  0.054052  -0.0000   0.00009625
  0.056339  -0.0000   0.00010030
  0.056742  -0.0000   0.00010100
  0.057142  -0.0000   0.00010170
  0.057541  -0.0000   0.00010240
  0.057862  -0.0000   0.00010300
  0.057938  -0.0000   0.00010330
  0.058011  -0.0000   0.00010360
  0.058082  -0.0000   0.00010390
  0.058154  -0.0000   0.00010420
  0.058261  -0.0000   0.00010470
  0.058421  -0.0000   0.00010550
  0.058658  -0.0000   0.00010650
  0.059009  -0.0000   0.00010820
  0.059525  -0.0000   0.00011060
  0.060281  -0.0000   0.00011420
  0.061384  -0.0000   0.00011970
  0.062987  -0.0000   0.00012790
  0.064548  -0.0000   0.00013610
  0.066075  -0.0000   0.00014430
  0.067572  -0.0000   0.00015250
  0.069759  -0.0000   0.00016480
  0.072228  -0.0000   0.00017910
  0.074637  -0.0000   0.00019330
  0.076989  -0.0000   0.00020760
  0.077199  -0.0000   0.00020890
  0.077333  -0.0000   0.00021020
  0.077444  -0.0000   0.00021140
  0.077611  -0.0000   0.00021340
  0.077776  -0.0000   0.00021530
  0.078022  -0.0000   0.00021810
  0.078386  -0.0000   0.00022250
  0.078922  -0.0000   0.00022890
  0.079710  -0.0000   0.00023860
  0.080862  -0.0000   0.00025320
  0.082542  -0.0000   0.00027500
  0.084499  -0.0000   0.00030110
  0.086411  -0.0000   0.00032720
  0.088283  -0.0000   0.00035340
  0.090120  -0.0000   0.00037950
  0.092791  -0.0000   0.00041850
  0.095400  -0.0000   0.00045750
  0.095781  -0.0000   0.00046320
  0.096162  -0.0000   0.00046900
  0.096541  -0.0000   0.00047470
  0.096786  -0.0000   0.00047930
  0.096974  -0.0000   0.00048390
  0.097162  -0.0000   0.00048850
  0.097348  -0.0000   0.00049310
  0.097625  -0.0000   0.00050000
  0.098035  -0.0000   0.00051030
  0.098640  -0.0000   0.00052580
  0.099531  -0.0000   0.00054910
  0.100836  -0.0000   0.00058400
  0.102740  -0.0000   0.00063630
  0.104601  -0.0000   0.00068860
  0.106425  -0.0000   0.00074100
  0.108217  -0.0000   0.00079330
  0.110841  -0.0000   0.00087180
  0.113408  -0.0000   0.00095030
  0.115920  -0.0000   0.00102900
  0.116196  -0.0000   0.00103700
  0.116400  -0.0000   0.00104600
  0.116590  -0.0000   0.00105500
  0.116872  -0.0000   0.00106800
  0.117151  -0.0000   0.00108100
  0.117566  -0.0000   0.00110000
  0.118178  -0.0000   0.00112900
  0.119081  -0.0000   0.00117300
  0.120406  -0.0000   0.00123900
  0.122344  -0.0000   0.00133700
  0.124240  -0.0000   0.00143500
  0.126101  -0.0000   0.00153400
  0.127930  -0.0000   0.00163200
  0.130612  -0.0000   0.00178000
  0.133625  -0.0000   0.00195000
  0.134341  -0.0000   0.00199000
  0.135053  -0.0000   0.00203100
  0.135761  -0.0000   0.00207100
  0.135996  -0.0000   0.00208900
  0.136216  -0.0000   0.00210600
  0.136434  -0.0000   0.00212300
  0.136651  -0.0000   0.00214000
  0.136974  -0.0000   0.00216500
  0.137452  -0.0000   0.00220400
  0.138160  -0.0000   0.00226200
  0.139204  -0.0000   0.00234800
  0.140737  -0.0000   0.00247800
  0.142978  -0.0000   0.00267200
  0.145172  -0.0000   0.00286700
  0.147324  -0.0000   0.00306100
  0.149438  -0.0000   0.00325600
  0.152431  -0.0000   0.00353800
  0.155362  -0.0000   0.00382000
  0.155627  -0.0000   0.00385000
  0.155871  -0.0000   0.00388000
  0.156113  -0.0000   0.00391100
  0.156354  -0.0000   0.00394100
  0.156712  -0.0000   0.00398600
  0.157243  -0.0000   0.00405400
  0.158028  -0.0000   0.00415600
  0.159187  -0.0000   0.00430900
  0.160889  -0.0000   0.00453800
  0.163377  -0.0000   0.00488200
  0.165811  -0.0000   0.00522600
  0.168198  -0.0000   0.00557000
  0.170542  -0.0000   0.00591400
  0.173680  -0.0000   0.00638400
  0.174197  -0.0000   0.00646200
  0.174712  -0.0000   0.00654000
  0.175204  -0.0000   0.00661700
  0.175504  -0.0000   0.00667400
  0.175801  -0.0000   0.00673000
  0.176096  -0.0000   0.00678600
  0.176389  -0.0000   0.00684200
  0.176826  -0.0000   0.00692600
  0.177473  -0.0000   0.00705200
  0.178431  -0.0000   0.00724200
  0.179843  -0.0000   0.00752500
  0.181917  -0.0000   0.00795100
  0.184499  -0.0000   0.00849400
  0.187029  -0.0000   0.00903700
  0.189514  -0.0000   0.00958000
  0.191958  -0.0000   0.01012000
  0.193051  -0.0000   0.01037000
  0.194137  -0.0000   0.01061000
  0.194931  -0.0000   0.01080000
  0.195246  -0.0000   0.01089000
  0.195559  -0.0000   0.01097000
  0.195871  -0.0000   0.01106000
  0.196180  -0.0000   0.01114000
  0.196640  -0.0000   0.01127000
  0.197324  -0.0000   0.01146000
  0.198335  -0.0000   0.01175000
  0.199828  -0.0000   0.01219000
  0.202019  -0.0000   0.01284000
  0.204747  -0.0000   0.01367000
  0.207421  -0.0000   0.01450000
  0.210048  -0.0000   0.01533000
  0.212635  -0.0000   0.01616000
  0.213273  -0.0000   0.01637000
  0.213909  -0.0000   0.01657000
  0.214537  -0.0000   0.01678000
  0.214832  -0.0000   0.01689000
  0.215124  -0.0000   0.01700000
  0.215415  -0.0000   0.01711000
  0.215705  -0.0000   0.01723000
  0.216136  -0.0000   0.01739000
  0.216776  -0.0000   0.01765000
  0.217724  -0.0000   0.01802000
  0.219125  -0.0000   0.01859000
  0.221185  -0.0000   0.01944000
  0.224089  -0.0000   0.02067000
  0.226934  -0.0000   0.02189000
  0.229730  -0.0000   0.02312000
  0.232482  -0.0000   0.02435000
  0.233303  -0.0000   0.02472000
  0.234121  -0.0000   0.02508000
  0.234462  -0.0000   0.02526000
  0.234793  -0.0000   0.02543000
  0.235121  -0.0000   0.02560000
  0.235447  -0.0000   0.02577000
  0.235933  -0.0000   0.02603000
  0.236655  -0.0000   0.02641000
  0.237723  -0.0000   0.02699000
  0.239300  -0.0000   0.02786000
  0.241617  -0.0000   0.02917000
  0.244562  -0.0000   0.03086000
  0.247453  -0.0000   0.03256000
  0.250296  -0.0000   0.03425000
  0.253098  -0.0000   0.03594000
  0.253606  -0.0000   0.03625000
  0.254084  -0.0000   0.03656000
  0.254529  -0.0000   0.03687000
  0.254971  -0.0000   0.03718000
  0.255409  -0.0000   0.03748000
  0.255845  -0.0000   0.03779000
  0.256494  -0.0000   0.03825000
  0.257455  -0.0000   0.03894000
  0.258878  -0.0000   0.03998000
  0.260973  -0.0000   0.04154000
  0.264048  -0.0000   0.04388000
  0.267067  -0.0000   0.04621000
  0.270037  -0.0000   0.04855000
  0.272965  -0.0000   0.05089000
  0.273443  -0.0000   0.05127000
  0.273886  -0.0000   0.05165000
  0.274311  -0.0000   0.05203000
  0.274733  -0.0000   0.05242000
  0.275152  -0.0000   0.05280000
  0.275776  -0.0000   0.05337000
  0.276701  -0.0000   0.05424000
  0.278070  -0.0000   0.05553000
  0.280089  -0.0000   0.05746000
  0.283054  -0.0000   0.06037000
  0.285967  -0.0000   0.06328000
  0.288836  -0.0000   0.06618000
  0.291666  -0.0000   0.06909000
  0.292556  -0.0000   0.07001000
  0.293427  -0.0000   0.07093000
  0.293797  -0.0000   0.07135000
  0.294165  -0.0000   0.07178000
  0.294531  -0.0000   0.07220000
  0.294895  -0.0000   0.07263000
  0.295437  -0.0000   0.07326000
  0.296242  -0.0000   0.07422000
  0.297437  -0.0000   0.07565000
  0.299201  -0.0000   0.07780000
  0.301800  -0.0000   0.08103000
  0.304359  -0.0000   0.08426000
  0.306883  -0.0000   0.08749000
  0.309376  -0.0000   0.09071000
  0.313055  -0.0000   0.09555000
  0.313400  -0.0000   0.09605000
  0.313744  -0.0000   0.09655000
  0.314085  -0.0000   0.09705000
  0.314425  -0.0000   0.09755000
  0.314932  -0.0000   0.09830000
  0.315685  -0.0000   0.09942000
  0.316802  -0.0000   0.10100000
  0.318456  -0.0000   0.10400000
  0.320895  -0.0000   0.10700000
  0.324253  -0.0000   0.11300000
  0.327557  -0.0000   0.11800000
  0.330813  -0.0000   0.12300000
  0.331825  -0.0000   0.12500000
  0.332832  -0.0000   0.12700000
  0.333187  -0.0000   0.12700000
  0.333539  -0.0000   0.12800000
  0.333889  -0.0000   0.12900000
  0.334237  -0.0000   0.12900000
  0.334756  -0.0000   0.13000000
  0.335529  -0.0000   0.13200000
  0.336675  -0.0000   0.13400000
  0.338371  -0.0000   0.13700000
  0.340874  -0.0000   0.14200000
  0.344189  -0.0000   0.14800000
  0.347453  -0.0000   0.15500000
  0.350671  -0.0000   0.16100000
  0.351615  -0.0000   0.16300000
  0.352548  -0.0000   0.16500000
  0.352933  -0.0000   0.16600000
  0.353316  -0.0000   0.16700000
  0.353696  -0.0000   0.16800000
  0.354075  -0.0000   0.16800000
  0.354640  -0.0000   0.17000000
  0.355480  -0.0000   0.17200000
  0.356726  -0.0000   0.17500000
  0.358570  -0.0000   0.17900000
  0.361292  -0.0000   0.18500000
  0.363976  -0.0000   0.19200000
  0.366627  -0.0000   0.19800000
  0.369249  -0.0000   0.20500000
  0.370540  -0.0000   0.20800000
  0.371825  -0.0000   0.21100000
  0.372384  -0.0000   0.21200000
  0.372917  -0.0000   0.21400000
  0.373447  -0.0000   0.21500000
  0.373973  -0.0000   0.21700000
  0.374496  -0.0000   0.21800000
  0.375275  -0.0000   0.22000000
  0.376432  -0.0000   0.22300000
  0.378148  -0.0000   0.22800000
  0.380683  -0.0000   0.23500000
  0.384137  -0.0000   0.24600000
  0.387539  -0.0000   0.25600000
  0.390898  -0.0000   0.26600000
  0.391584  -0.0000   0.26800000
  0.392244  -0.0000   0.27000000
  0.392880  -0.0000   0.27200000
  0.393511  -0.0000   0.27400000
  0.394138  -0.0000   0.27600000
  0.394761  -0.0000   0.27800000
  0.395689  -0.0000   0.28100000
  0.397067  -0.0000   0.28600000
  0.399108  -0.0000   0.29300000
  0.402122  -0.0000   0.30300000
  0.405097  -0.0000   0.31300000
  0.408036  -0.0000   0.32400000
  0.410943  -0.0000   0.33400000
  0.411547  -0.0000   0.33600000
  0.412006  -0.0000   0.33800000
  0.412458  -0.0000   0.34000000
  0.412908  -0.0000   0.34100000
  0.413356  -0.0000   0.34300000
  0.414023  -0.0000   0.34600000
  0.415015  -0.0000   0.35000000
  0.416487  -0.0000   0.35600000
  0.418668  -0.0000   0.36400000
  0.421886  -0.0000   0.37800000
  0.425060  -0.0000   0.39100000
  0.428196  -0.0000   0.40400000
  0.431297  -0.0000   0.41700000
  0.431766  -0.0000   0.41900000
  0.432230  -0.0000   0.42100000
  0.432690  -0.0000   0.42300000
  0.433149  -0.0000   0.42600000
  0.433833  -0.0000   0.42900000
  0.434850  -0.0000   0.43300000
  0.436359  -0.0000   0.44100000
  0.438596  -0.0000   0.45100000
  0.441898  -0.0000   0.46700000
  0.445156  -0.0000   0.48300000
  0.448374  -0.0000   0.49900000
  0.450462  -0.0000   0.51000000
  0.451155  -0.0000   0.51300000
  0.451608  -0.0000   0.51500000
  0.452059  -0.0000   0.51800000
  0.452508  -0.0000   0.52000000
  0.452955  -0.0000   0.52300000
  0.453622  -0.0000   0.52600000
  0.454614  -0.0000   0.53200000
  0.456088  -0.0000   0.54000000
  0.458273  -0.0000   0.55200000
  0.461502  -0.0000   0.57000000
  0.464690  -0.0000   0.58900000
  0.467841  -0.0000   0.60700000
  0.470951  -0.0000   0.62500000
  0.471408  -0.0000   0.62800000
  0.471862  -0.0000   0.63100000
  0.472314  -0.0000   0.63400000
  0.472765  -0.0000   0.63600000
  0.473436  -0.0000   0.64100000
  0.474436  -0.0000   0.64700000
  0.475922  -0.0000   0.65700000
  0.478126  -0.0000   0.67100000
  0.481384  -0.0000   0.69200000
  0.484603  -0.0000   0.71400000
  0.487785  -0.0000   0.73500000
  0.490918  -0.0000   0.75700000
  0.491406  -0.0000   0.76000000
  0.491893  -0.0000   0.76400000
  0.492377  -0.0000   0.76700000
  0.492858  -0.0000   0.77100000
  0.493577  -0.0000   0.77600000
  0.494648  -0.0000   0.78400000
  0.496239  -0.0000   0.79600000
  0.498598  -0.0000   0.81300000
  0.502087  -0.0000   0.84000000
  0.505532  -0.0000   0.86700000
  0.508939  -0.0000   0.89300000
  0.510039  -0.0000   0.90200000
  0.510814  -0.0000   0.90800000
  0.511568  -0.0000   0.91500000
  0.512318  -0.0000   0.92100000
  0.513063  -0.0000   0.92700000
  0.514173  -0.0000   0.93700000
  0.515821  -0.0000   0.95100000
  0.518265  -0.0000   0.97200000
  0.521494  -0.0000   1.00000000
  0.521478  -0.0000   1.00000000
  0.521478  -0.0000   1.00000000
  0.521478  -0.0000   1.00000000
  0.521478  -0.0000   1.00000000
  0.521478  -0.0000   1.00000000
  0.521478  -0.0000   1.00000000
  0.521478  -0.0000   1.00000000
  0.521478  -0.0000   1.00000000
  0.521478  -0.0000   1.00000000
  0.521478  -0.0000   1.00000000
  0.521477  -0.0000   1.00000000
  0.521477  -0.0000   1.00000000
  0.521477  -0.0000   1.00000000
  0.521476  -0.0000   1.00000000
  0.521475  -0.0000   1.00000000
