  0.000019  -0.0000   0.00000010
  0.000050  -0.0000   0.00000020
  0.000157  -0.0000   0.00000030
  0.000757  -0.0000   0.00000038
  0.004703  -0.0000   0.00000044
  0.006297  -0.0000   0.00000045
  0.006329  -0.0000   0.00000046
  0.006382  -0.0000   0.00000048
  0.006483  -0.0000   0.00000051
  0.006692  -0.0000   0.00000056
  0.006907  -0.0000   0.00000059
  0.007174  -0.0000   0.00000063
  0.007499  -0.0000   0.00000067
  0.007887  -0.0000   0.00000071
  0.008338  -0.0000   0.00000074
  0.008770  -0.0000   0.00000077
  0.009248  -0.0000   0.00000080
  0.009772  -0.0000   0.00000084
  0.010408  -0.0000   0.00000087
  0.011096  -0.0000   0.00000091
  0.011831  -0.0000   0.00000094
  0.012611  -0.0000   0.00000097
  0.013433  -0.0000   0.00000101
  0.014430  -0.0000   0.00000105
  0.015477  -0.0000   0.00000109
  0.016573  -0.0000   0.00000113
  0.017719  -0.0000   0.00000117
  0.019071  -0.0000   0.00000121
  0.019173  -0.0000   0.00000122
  0.019275  -0.0000   0.00000122
  0.019378  -0.0000   0.00000122
  0.019533  -0.0000   0.00000123
  0.019638  -0.0000   0.00000123
  0.019647  -0.0000   0.00000124
  0.019652  -0.0000   0.00000124
  0.019657  -0.0000   0.00000124
  0.019661  -0.0000   0.00000124
  0.019666  -0.0000   0.00000125
  0.019672  -0.0000   0.00000126
  0.019680  -0.0000   0.00000127
  0.019690  -0.0000   0.00000128
  0.019702  -0.0000   0.00000131
  0.019719  -0.0000   0.00000134
  0.019743  -0.0000   0.00000139
  0.019783  -0.0000   0.00000147
  0.019857  -0.0000   0.00000159
  0.020010  -0.0000   0.00000177
  0.020137  -0.0000   0.00000189
  0.020292  -0.0000   0.00000201
  0.020478  -0.0000   0.00000213
  0.020762  -0.0000   0.00000229
  0.021109  -0.0000   0.00000244
  0.021526  -0.0000   0.00000259
  0.022019  -0.0000   0.00000274
  0.022594  -0.0000   0.00000289
  0.023257  -0.0000   0.00000304
  0.023853  -0.0000   0.00000316
  0.024511  -0.0000   0.00000328
  0.025234  -0.0000   0.00000340
  0.026024  -0.0000   0.00000353
  0.026884  -0.0000   0.00000365
  0.027816  -0.0000   0.00000377
  0.028821  -0.0000   0.00000389
  0.029903  -0.0000   0.00000401
  0.031063  -0.0000   0.00000414
  0.032301  -0.0000   0.00000426
  0.033620  -0.0000   0.00000438
  0.035019  -0.0000   0.00000450
  0.035224  -0.0000   0.00000452
  0.035430  -0.0000   0.00000454
  0.035638  -0.0000   0.00000455
  0.035955  -0.0000   0.00000458
  0.035973  -0.0000   0.00000459
  0.035985  -0.0000   0.00000459
  0.035994  -0.0000   0.00000460
  0.036007  -0.0000   0.00000461
  0.036022  -0.0000   0.00000462
  0.036044  -0.0000   0.00000464
  0.036073  -0.0000   0.00000468
  0.036117  -0.0000   0.00000472
  0.036184  -0.0000   0.00000479
  0.036291  -0.0000   0.00000490
  0.036468  -0.0000   0.00000506
  0.036885  -0.0000   0.00000537
  0.037226  -0.0000   0.00000560
  0.037609  -0.0000   0.00000583
  0.038039  -0.0000   0.00000606
  0.038586  -0.0000   0.00000632
  0.039204  -0.0000   0.00000658
  0.039899  -0.0000   0.00000684
  0.040633  -0.0000   0.00000708
  0.041447  -0.0000   0.00000733
  0.042346  -0.0000   0.00000757
  0.043304  -0.0000   0.00000781
  0.044352  -0.0000   0.00000805
  0.045492  -0.0000   0.00000828
  0.046728  -0.0000   0.00000852
  0.048063  -0.0000   0.00000876
  0.049499  -0.0000   0.00000900
  0.051038  -0.0000   0.00000924
  0.052678  -0.0000   0.00000947
  0.052817  -0.0000   0.00000949
  0.052955  -0.0000   0.00000951
  0.053095  -0.0000   0.00000953
  0.053162  -0.0000   0.00000956
  0.053193  -0.0000   0.00000958
  0.053219  -0.0000   0.00000960
  0.053256  -0.0000   0.00000963
  0.053308  -0.0000   0.00000967
  0.053388  -0.0000   0.00000974
  0.053513  -0.0000   0.00000985
  0.053709  -0.0000   0.00001000
  0.054023  -0.0000   0.00001024
  0.054542  -0.0000   0.00001059
  0.055204  -0.0000   0.00001099
  0.055942  -0.0000   0.00001139
  0.056763  -0.0000   0.00001179
  0.057622  -0.0000   0.00001217
  0.058569  -0.0000   0.00001255
  0.059610  -0.0000   0.00001293
  0.060915  -0.0000   0.00001336
  0.062048  -0.0000   0.00001371
  0.063273  -0.0000   0.00001405
  0.064591  -0.0000   0.00001440
  0.066189  -0.0000   0.00001478
  0.067911  -0.0000   0.00001517
  0.069756  -0.0000   0.00001556
  0.069909  -0.0000   0.00001559
  0.070063  -0.0000   0.00001562
  0.070218  -0.0000   0.00001565
  0.070315  -0.0000   0.00001569
  0.070363  -0.0000   0.00001572
  0.070407  -0.0000   0.00001576
  0.070470  -0.0000   0.00001581
  0.070566  -0.0000   0.00001589
  0.070714  -0.0000   0.00001601
  0.070946  -0.0000   0.00001619
  0.071309  -0.0000   0.00001646
  0.071891  -0.0000   0.00001686
  0.072860  -0.0000   0.00001746
  0.073935  -0.0000   0.00001807
  0.075128  -0.0000   0.00001867
  0.076449  -0.0000   0.00001927
  0.077638  -0.0000   0.00001977
  0.078927  -0.0000   0.00002027
  0.080320  -0.0000   0.00002077
  0.081822  -0.0000   0.00002127
  0.083435  -0.0000   0.00002177
  0.085161  -0.0000   0.00002227
  0.087001  -0.0000   0.00002277
  0.087153  -0.0000   0.00002281
  0.087305  -0.0000   0.00002285
  0.087428  -0.0000   0.00002290
  0.087507  -0.0000   0.00002296
  0.087581  -0.0000   0.00002302
  0.087654  -0.0000   0.00002308
  0.087728  -0.0000   0.00002314
  0.087842  -0.0000   0.00002323
  0.088016  -0.0000   0.00002337
  0.088284  -0.0000   0.00002358
  0.088701  -0.0000   0.00002389
  0.089361  -0.0000   0.00002436
  0.090438  -0.0000   0.00002506
  0.091612  -0.0000   0.00002576
  0.092892  -0.0000   0.00002647
  0.094285  -0.0000   0.00002717
  0.095799  -0.0000   0.00002787
  0.097440  -0.0000   0.00002857
  0.099214  -0.0000   0.00002927
  0.100800  -0.0000   0.00002986
  0.102482  -0.0000   0.00003045
  0.104261  -0.0000   0.00003104
  0.104415  -0.0000   0.00003109
  0.104569  -0.0000   0.00003114
  0.104661  -0.0000   0.00003119
  0.104751  -0.0000   0.00003127
  0.104838  -0.0000   0.00003135
  0.104928  -0.0000   0.00003142
  0.105064  -0.0000   0.00003154
  0.105274  -0.0000   0.00003171
  0.105595  -0.0000   0.00003196
  0.106093  -0.0000   0.00003235
  0.106879  -0.0000   0.00003292
  0.108152  -0.0000   0.00003379
  0.109531  -0.0000   0.00003466
  0.111025  -0.0000   0.00003552
  0.112642  -0.0000   0.00003639
  0.114388  -0.0000   0.00003725
  0.116269  -0.0000   0.00003812
  0.117952  -0.0000   0.00003885
  0.119733  -0.0000   0.00003958
  0.121614  -0.0000   0.00004030
  0.121767  -0.0000   0.00004036
  0.121896  -0.0000   0.00004042
  0.121966  -0.0000   0.00004048
  0.122065  -0.0000   0.00004057
  0.122165  -0.0000   0.00004066
  0.122267  -0.0000   0.00004075
  0.122422  -0.0000   0.00004088
  0.122659  -0.0000   0.00004108
  0.123021  -0.0000   0.00004138
  0.123581  -0.0000   0.00004183
  0.124460  -0.0000   0.00004250
  0.125876  -0.0000   0.00004350
  0.127399  -0.0000   0.00004451
  0.129038  -0.0000   0.00004552
  0.130800  -0.0000   0.00004653
  0.132691  -0.0000   0.00004754
  0.134713  -0.0000   0.00004854
  0.136870  -0.0000   0.00004955
  0.139162  -0.0000   0.00005056
  0.139241  -0.0000   0.00005062
  0.139310  -0.0000   0.00005069
  0.139379  -0.0000   0.00005075
  0.139484  -0.0000   0.00005085
  0.139644  -0.0000   0.00005099
  0.139888  -0.0000   0.00005120
  0.140261  -0.0000   0.00005152
  0.140836  -0.0000   0.00005201
  0.141732  -0.0000   0.00005273
  0.143162  -0.0000   0.00005382
  0.144687  -0.0000   0.00005491
  0.146312  -0.0000   0.00005599
  0.148045  -0.0000   0.00005708
  0.149888  -0.0000   0.00005817
  0.151846  -0.0000   0.00005925
  0.153919  -0.0000   0.00006034
  0.156108  -0.0000   0.00006143
  0.156280  -0.0000   0.00006151
  0.156452  -0.0000   0.00006160
  0.156556  -0.0000   0.00006168
  0.156689  -0.0000   0.00006181
  0.156824  -0.0000   0.00006194
  0.156961  -0.0000   0.00006206
  0.157169  -0.0000   0.00006225
  0.157486  -0.0000   0.00006254
  0.157971  -0.0000   0.00006297
  0.158720  -0.0000   0.00006361
  0.159894  -0.0000   0.00006458
  0.161312  -0.0000   0.00006568
  0.162809  -0.0000   0.00006679
  0.164390  -0.0000   0.00006790
  0.166604  -0.0000   0.00006934
  0.168452  -0.0000   0.00007048
  0.170398  -0.0000   0.00007163
  0.172442  -0.0000   0.00007277
  0.172778  -0.0000   0.00007296
  0.173117  -0.0000   0.00007314
  0.173459  -0.0000   0.00007333
  0.173888  -0.0000   0.00007361
  0.173960  -0.0000   0.00007368
  0.174067  -0.0000   0.00007378
  0.174229  -0.0000   0.00007394
  0.174393  -0.0000   0.00007410
  0.174643  -0.0000   0.00007433
  0.175024  -0.0000   0.00007469
  0.175607  -0.0000   0.00007522
  0.176509  -0.0000   0.00007602
  0.177927  -0.0000   0.00007721
  0.179349  -0.0000   0.00007836
  0.180840  -0.0000   0.00007950
  0.182404  -0.0000   0.00008064
  0.184302  -0.0000   0.00008196
  0.186302  -0.0000   0.00008328
  0.188404  -0.0000   0.00008459
  0.190927  -0.0000   0.00008609
  0.191095  -0.0000   0.00008619
  0.191217  -0.0000   0.00008629
  0.191314  -0.0000   0.00008639
  0.191461  -0.0000   0.00008654
  0.191610  -0.0000   0.00008668
  0.191837  -0.0000   0.00008691
  0.192183  -0.0000   0.00008724
  0.192710  -0.0000   0.00008775
  0.193520  -0.0000   0.00008850
  0.194782  -0.0000   0.00008964
  0.196448  -0.0000   0.00009106
  0.198201  -0.0000   0.00009248
  0.200046  -0.0000   0.00009391
  0.202437  -0.0000   0.00009565
  0.204546  -0.0000   0.00009710
  0.206757  -0.0000   0.00009856
  0.207429  -0.0000   0.00009900
  0.208110  -0.0000   0.00009944
  0.208436  -0.0000   0.00009965
  0.208566  -0.0000   0.00009977
  0.208680  -0.0000   0.00009989
  0.208796  -0.0000   0.00010000
  0.208970  -0.0000   0.00010020
  0.209232  -0.0000   0.00010050
  0.209622  -0.0000   0.00010090
  0.210200  -0.0000   0.00010150
  0.211054  -0.0000   0.00010240
  0.212311  -0.0000   0.00010380
  0.214152  -0.0000   0.00010590
  0.215954  -0.0000   0.00010800
  0.217722  -0.0000   0.00011010
  0.219458  -0.0000   0.00011210
  0.221900  -0.0000   0.00011510
  0.224281  -0.0000   0.00011810
  0.224702  -0.0000   0.00011870
  0.225120  -0.0000   0.00011920
  0.225537  -0.0000   0.00011970
  0.225837  -0.0000   0.00012010
  0.225953  -0.0000   0.00012040
  0.226065  -0.0000   0.00012060
  0.226179  -0.0000   0.00012080
  0.226292  -0.0000   0.00012110
  0.226464  -0.0000   0.00012140
  0.226720  -0.0000   0.00012190
  0.227101  -0.0000   0.00012270
  0.227667  -0.0000   0.00012390
  0.228504  -0.0000   0.00012560
  0.229737  -0.0000   0.00012820
  0.231546  -0.0000   0.00013220
  0.233319  -0.0000   0.00013610
  0.235060  -0.0000   0.00014000
  0.236772  -0.0000   0.00014400
  0.239221  -0.0000   0.00014980
  0.241611  -0.0000   0.00015550
  0.242059  -0.0000   0.00015660
  0.242504  -0.0000   0.00015770
  0.242948  -0.0000   0.00015880
  0.243207  -0.0000   0.00015940
  0.243330  -0.0000   0.00015990
  0.243450  -0.0000   0.00016030
  0.243572  -0.0000   0.00016080
  0.243694  -0.0000   0.00016120
  0.243877  -0.0000   0.00016190
  0.244150  -0.0000   0.00016290
  0.244557  -0.0000   0.00016440
  0.245161  -0.0000   0.00016670
  0.246053  -0.0000   0.00017020
  0.247368  -0.0000   0.00017530
  0.249296  -0.0000   0.00018300
  0.251186  -0.0000   0.00019080
  0.253041  -0.0000   0.00019850
  0.254864  -0.0000   0.00020620
  0.257246  -0.0000   0.00021660
  0.259575  -0.0000   0.00022690
  0.259817  -0.0000   0.00022800
  0.260057  -0.0000   0.00022910
  0.260297  -0.0000   0.00023010
  0.260626  -0.0000   0.00023170
  0.260718  -0.0000   0.00023230
  0.260855  -0.0000   0.00023320
  0.261063  -0.0000   0.00023460
  0.261271  -0.0000   0.00023600
  0.261581  -0.0000   0.00023800
  0.262043  -0.0000   0.00024110
  0.262727  -0.0000   0.00024570
  0.263738  -0.0000   0.00025250
  0.265225  -0.0000   0.00026290
  0.267017  -0.0000   0.00027550
  0.268777  -0.0000   0.00028820
  0.270508  -0.0000   0.00030090
  0.272725  -0.0000   0.00031750
  0.274898  -0.0000   0.00033410
  0.277526  -0.0000   0.00035470
  0.277723  -0.0000   0.00035620
  0.277919  -0.0000   0.00035780
  0.278066  -0.0000   0.00035930
  0.278274  -0.0000   0.00036170
  0.278483  -0.0000   0.00036400
  0.278691  -0.0000   0.00036630
  0.279003  -0.0000   0.00036980
  0.279467  -0.0000   0.00037500
  0.280154  -0.0000   0.00038280
  0.281169  -0.0000   0.00039460
  0.282664  -0.0000   0.00041220
  0.284468  -0.0000   0.00043390
  0.286240  -0.0000   0.00045560
  0.287983  -0.0000   0.00047720
  0.290204  -0.0000   0.00050540
  0.292379  -0.0000   0.00053360
  0.295096  -0.0000   0.00056970
  0.295283  -0.0000   0.00057220
  0.295422  -0.0000   0.00057470
  0.295558  -0.0000   0.00057720
  0.295763  -0.0000   0.00058100
  0.295968  -0.0000   0.00058470
  0.296274  -0.0000   0.00059030
  0.296729  -0.0000   0.00059880
  0.297404  -0.0000   0.00061140
  0.298402  -0.0000   0.00063040
  0.299871  -0.0000   0.00065880
  0.301936  -0.0000   0.00069970
  0.303961  -0.0000   0.00074050
  0.305949  -0.0000   0.00078140
  0.307901  -0.0000   0.00082230
  0.309819  -0.0000   0.00086310
  0.312623  -0.0000   0.00092440
  0.312766  -0.0000   0.00092840
  0.312904  -0.0000   0.00093250
  0.313042  -0.0000   0.00093650
  0.313250  -0.0000   0.00094260
  0.313559  -0.0000   0.00095170
  0.314019  -0.0000   0.00096530
  0.314702  -0.0000   0.00098580
  0.315711  -0.0000   0.00101600
  0.317197  -0.0000   0.00106200
  0.319154  -0.0000   0.00112400
  0.321075  -0.0000   0.00118600
  0.322962  -0.0000   0.00124800
  0.324818  -0.0000   0.00131000
  0.327423  -0.0000   0.00139900
  0.329968  -0.0000   0.00148700
  0.330121  -0.0000   0.00149400
  0.330265  -0.0000   0.00150100
  0.330410  -0.0000   0.00150700
  0.330627  -0.0000   0.00151700
  0.330951  -0.0000   0.00153200
  0.331432  -0.0000   0.00155400
  0.332146  -0.0000   0.00158800
  0.333201  -0.0000   0.00163800
  0.334755  -0.0000   0.00171300
  0.336630  -0.0000   0.00180600
  0.338473  -0.0000   0.00189800
  0.340286  -0.0000   0.00199100
  0.342069  -0.0000   0.00208400
  0.344684  -0.0000   0.00222200
  0.345842  -0.0000   0.00228500
  0.346988  -0.0000   0.00234700
  0.347249  -0.0000   0.00236100
  0.347472  -0.0000   0.00237500
  0.347523  -0.0000   0.00237900
  0.347599  -0.0000   0.00238400
  0.347714  -0.0000   0.00239200
  0.347886  -0.0000   0.00240400
  0.348143  -0.0000   0.00242200
  0.348526  -0.0000   0.00244900
  0.349095  -0.0000   0.00248900
  0.349938  -0.0000   0.00255000
  0.351182  -0.0000   0.00264100
  0.353013  -0.0000   0.00277800
  0.354813  -0.0000   0.00291400
  0.356583  -0.0000   0.00305100
  0.358326  -0.0000   0.00318800
  0.360882  -0.0000   0.00339200
  0.363384  -0.0000   0.00359700
  0.363750  -0.0000   0.00362700
  0.364116  -0.0000   0.00365800
  0.364480  -0.0000   0.00368800
  0.364792  -0.0000   0.00371500
  0.364857  -0.0000   0.00372200
  0.364923  -0.0000   0.00372900
  0.365022  -0.0000   0.00374000
  0.365172  -0.0000   0.00375500
  0.365394  -0.0000   0.00377800
  0.365727  -0.0000   0.00381300
  0.366221  -0.0000   0.00386600
  0.366954  -0.0000   0.00394400
  0.368038  -0.0000   0.00406200
  0.369637  -0.0000   0.00423900
  0.371210  -0.0000   0.00441600
  0.372761  -0.0000   0.00459300
  0.374290  -0.0000   0.00477000
  0.376540  -0.0000   0.00503600
  0.379354  -0.0000   0.00537600
  0.382105  -0.0000   0.00571600
  0.382271  -0.0000   0.00574200
  0.382436  -0.0000   0.00576700
  0.382601  -0.0000   0.00579200
  0.382766  -0.0000   0.00581800
  0.383012  -0.0000   0.00585600
  0.383379  -0.0000   0.00591300
  0.383924  -0.0000   0.00599800
  0.384733  -0.0000   0.00612600
  0.385928  -0.0000   0.00631800
  0.387689  -0.0000   0.00660700
  0.389422  -0.0000   0.00689500
  0.391128  -0.0000   0.00718300
  0.392809  -0.0000   0.00747100
  0.395278  -0.0000   0.00790400
  0.398136  -0.0000   0.00841600
  0.398473  -0.0000   0.00847700
  0.398809  -0.0000   0.00853800
  0.399144  -0.0000   0.00859800
  0.399603  -0.0000   0.00868900
  0.399705  -0.0000   0.00871200
  0.399859  -0.0000   0.00874600
  0.400089  -0.0000   0.00879700
  0.400433  -0.0000   0.00887400
  0.400944  -0.0000   0.00898900
  0.401702  -0.0000   0.00916200
  0.402823  -0.0000   0.00942100
  0.404476  -0.0000   0.00980900
  0.406103  -0.0000   0.01020000
  0.407707  -0.0000   0.01059000
  0.409288  -0.0000   0.01097000
  0.411614  -0.0000   0.01156000
  0.414438  -0.0000   0.01228000
  0.415454  -0.0000   0.01254000
  0.416461  -0.0000   0.01281000
  0.416779  -0.0000   0.01289000
  0.417051  -0.0000   0.01297000
  0.417314  -0.0000   0.01306000
  0.417577  -0.0000   0.01314000
  0.417838  -0.0000   0.01322000
  0.418228  -0.0000   0.01335000
  0.418807  -0.0000   0.01353000
  0.419667  -0.0000   0.01382000
  0.420937  -0.0000   0.01424000
  0.422809  -0.0000   0.01487000
  0.424649  -0.0000   0.01550000
  0.426460  -0.0000   0.01613000
  0.428244  -0.0000   0.01676000
  0.430863  -0.0000   0.01771000
  0.433431  -0.0000   0.01865000
  0.433719  -0.0000   0.01876000
  0.434007  -0.0000   0.01887000
  0.434280  -0.0000   0.01897000
  0.434370  -0.0000   0.01901000
  0.434505  -0.0000   0.01907000
  0.434709  -0.0000   0.01916000
  0.435012  -0.0000   0.01930000
  0.435464  -0.0000   0.01950000
  0.436135  -0.0000   0.01981000
  0.437129  -0.0000   0.02026000
  0.438597  -0.0000   0.02094000
  0.440373  -0.0000   0.02179000
  0.442122  -0.0000   0.02263000
  0.443844  -0.0000   0.02347000
  0.446144  -0.0000   0.02462000
  0.448404  -0.0000   0.02576000
  0.450724  -0.0000   0.02696000
  0.451052  -0.0000   0.02713000
  0.451380  -0.0000   0.02730000
  0.451688  -0.0000   0.02747000
  0.451791  -0.0000   0.02753000
  0.451895  -0.0000   0.02760000
  0.451999  -0.0000   0.02766000
  0.452155  -0.0000   0.02775000
  0.452387  -0.0000   0.02790000
  0.452734  -0.0000   0.02811000
  0.453250  -0.0000   0.02843000
  0.454016  -0.0000   0.02892000
  0.455151  -0.0000   0.02964000
  0.456825  -0.0000   0.03073000
  0.458473  -0.0000   0.03182000
  0.460097  -0.0000   0.03291000
  0.461700  -0.0000   0.03399000
  0.464059  -0.0000   0.03563000
  0.466324  -0.0000   0.03722000
  0.468554  -0.0000   0.03882000
  0.468826  -0.0000   0.03901000
  0.469079  -0.0000   0.03921000
  0.469137  -0.0000   0.03926000
  0.469224  -0.0000   0.03933000
  0.469355  -0.0000   0.03944000
  0.469551  -0.0000   0.03960000
  0.469843  -0.0000   0.03985000
  0.470278  -0.0000   0.04022000
  0.470926  -0.0000   0.04077000
  0.471885  -0.0000   0.04161000
  0.473303  -0.0000   0.04286000
  0.475191  -0.0000   0.04455000
  0.477048  -0.0000   0.04624000
  0.478877  -0.0000   0.04794000
  0.480679  -0.0000   0.04963000
  0.483329  -0.0000   0.05217000
  0.485931  -0.0000   0.05471000
  0.486204  -0.0000   0.05498000
  0.486461  -0.0000   0.05525000
  0.486519  -0.0000   0.05531000
  0.486608  -0.0000   0.05541000
  0.486740  -0.0000   0.05556000
  0.486938  -0.0000   0.05579000
  0.487235  -0.0000   0.05613000
  0.487675  -0.0000   0.05663000
  0.488331  -0.0000   0.05740000
  0.489303  -0.0000   0.05854000
  0.490739  -0.0000   0.06025000
  0.492640  -0.0000   0.06256000
  0.494510  -0.0000   0.06486000
  0.496352  -0.0000   0.06717000
  0.498167  -0.0000   0.06948000
  0.500838  -0.0000   0.07294000
  0.503462  -0.0000   0.07640000
  0.503729  -0.0000   0.07675000
  0.503965  -0.0000   0.07711000
  0.504197  -0.0000   0.07746000
  0.504428  -0.0000   0.07781000
  0.504658  -0.0000   0.07817000
  0.505003  -0.0000   0.07870000
  0.505515  -0.0000   0.07949000
  0.506276  -0.0000   0.08068000
  0.507404  -0.0000   0.08247000
  0.509069  -0.0000   0.08515000
  0.511069  -0.0000   0.08842000
  0.513035  -0.0000   0.09170000
  0.514972  -0.0000   0.09498000
  0.516882  -0.0000   0.09826000
  0.519683  -0.0000   0.10300000
  0.520147  -0.0000   0.10400000
  0.520609  -0.0000   0.10500000
  0.521069  -0.0000   0.10600000
  0.521316  -0.0000   0.10600000
  0.521376  -0.0000   0.10600000
  0.521436  -0.0000   0.10600000
  0.521526  -0.0000   0.10700000
  0.521661  -0.0000   0.10700000
  0.521863  -0.0000   0.10700000
  0.522165  -0.0000   0.10800000
  0.522614  -0.0000   0.10900000
  0.523282  -0.0000   0.11000000
  0.524273  -0.0000   0.11200000
  0.525738  -0.0000   0.11500000
  0.527795  -0.0000   0.12000000
  0.529817  -0.0000   0.12400000
  0.531807  -0.0000   0.12900000
  0.533769  -0.0000   0.13300000
  0.536429  -0.0000   0.13900000
  0.537326  -0.0000   0.14100000
  0.538219  -0.0000   0.14300000
  0.538574  -0.0000   0.14400000
  0.538594  -0.0000   0.14400000
  0.538614  -0.0000   0.14400000
  0.538643  -0.0000   0.14400000
  0.538688  -0.0000   0.14400000
  0.538756  -0.0000   0.14500000
  0.538857  -0.0000   0.14500000
  0.539008  -0.0000   0.14500000
  0.539234  -0.0000   0.14600000
  0.539572  -0.0000   0.14700000
  0.540075  -0.0000   0.14800000
  0.540822  -0.0000   0.15000000
  0.541929  -0.0000   0.15300000
  0.543564  -0.0000   0.15800000
  0.545524  -0.0000   0.16300000
  0.547453  -0.0000   0.16900000
  0.549353  -0.0000   0.17500000
  0.551823  -0.0000   0.18200000
  0.554254  -0.0000   0.18900000
  0.554989  -0.0000   0.19200000
  0.555722  -0.0000   0.19400000
  0.556049  -0.0000   0.19500000
  0.556126  -0.0000   0.19500000
  0.556203  -0.0000   0.19500000
  0.556318  -0.0000   0.19600000
  0.556490  -0.0000   0.19600000
  0.556747  -0.0000   0.19700000
  0.557131  -0.0000   0.19900000
  0.557702  -0.0000   0.20100000
  0.558551  -0.0000   0.20400000
  0.559807  -0.0000   0.20800000
  0.561659  -0.0000   0.21500000
  0.563482  -0.0000   0.22200000
  0.565279  -0.0000   0.22900000
  0.567052  -0.0000   0.23500000
  0.569666  -0.0000   0.24600000
  0.572239  -0.0000   0.25600000
  0.572663  -0.0000   0.25700000
  0.573086  -0.0000   0.25900000
  0.573485  -0.0000   0.26100000
  0.573520  -0.0000   0.26100000
  0.573573  -0.0000   0.26100000
  0.573652  -0.0000   0.26100000
  0.573772  -0.0000   0.26200000
  0.573950  -0.0000   0.26300000
  0.574216  -0.0000   0.26400000
  0.574614  -0.0000   0.26600000
  0.575205  -0.0000   0.26900000
  0.576084  -0.0000   0.27300000
  0.577384  -0.0000   0.27900000
  0.579301  -0.0000   0.28800000
  0.581187  -0.0000   0.29700000
  0.583046  -0.0000   0.30600000
  0.584882  -0.0000   0.31500000
  0.587588  -0.0000   0.32900000
  0.590251  -0.0000   0.34200000
  0.590556  -0.0000   0.34400000
  0.590845  -0.0000   0.34500000
  0.590913  -0.0000   0.34600000
  0.591015  -0.0000   0.34600000
  0.591169  -0.0000   0.34700000
  0.591399  -0.0000   0.34900000
  0.591742  -0.0000   0.35100000
  0.592253  -0.0000   0.35400000
  0.593012  -0.0000   0.35800000
  0.594138  -0.0000   0.36500000
  0.595799  -0.0000   0.37500000
  0.597841  -0.0000   0.38700000
  0.599850  -0.0000   0.40000000
  0.601831  -0.0000   0.41200000
  0.603787  -0.0000   0.42500000
  0.606672  -0.0000   0.44400000
  0.607178  -0.0000   0.44700000
  0.607682  -0.0000   0.45000000
  0.608176  -0.0000   0.45400000
  0.608219  -0.0000   0.45400000
  0.608283  -0.0000   0.45400000
  0.608378  -0.0000   0.45500000
  0.608522  -0.0000   0.45600000
  0.608737  -0.0000   0.45800000
  0.609057  -0.0000   0.46000000
  0.609535  -0.0000   0.46400000
  0.610245  -0.0000   0.46900000
  0.611298  -0.0000   0.47700000
  0.612854  -0.0000   0.48900000
  0.614938  -0.0000   0.50500000
  0.616990  -0.0000   0.52100000
  0.619012  -0.0000   0.53800000
  0.621008  -0.0000   0.55400000
  0.623863  -0.0000   0.57700000
  0.624472  -0.0000   0.58300000
  0.625079  -0.0000   0.58800000
  0.625664  -0.0000   0.59300000
  0.625715  -0.0000   0.59300000
  0.625792  -0.0000   0.59400000
  0.625908  -0.0000   0.59500000
  0.626081  -0.0000   0.59600000
  0.626340  -0.0000   0.59900000
  0.626726  -0.0000   0.60200000
  0.627300  -0.0000   0.60800000
  0.628154  -0.0000   0.61600000
  0.629418  -0.0000   0.62800000
  0.631283  -0.0000   0.64600000
  0.633366  -0.0000   0.66700000
  0.635419  -0.0000   0.68800000
  0.637445  -0.0000   0.70900000
  0.640095  -0.0000   0.73600000
  0.642707  -0.0000   0.76400000
  0.642973  -0.0000   0.76600000
  0.643034  -0.0000   0.76700000
  0.643096  -0.0000   0.76800000
  0.643158  -0.0000   0.76900000
  0.643250  -0.0000   0.77000000
  0.643435  -0.0000   0.77200000
  0.643803  -0.0000   0.77600000
  0.644350  -0.0000   0.78300000
  0.645162  -0.0000   0.79200000
  0.646366  -0.0000   0.80700000
  0.648142  -0.0000   0.82800000
  0.650128  -0.0000   0.85300000
  0.652085  -0.0000   0.87800000
  0.654018  -0.0000   0.90200000
  0.656655  -0.0000   0.93700000
  0.659254  -0.0000   0.97100000
  0.659769  -0.0000   0.97800000
  0.660282  -0.0000   0.98500000
  0.660532  -0.0000   0.98800000
  0.660781  -0.0000   0.99200000
  0.661029  -0.0000   0.99500000
  0.661276  -0.0000   0.99900000
  0.661348  -0.0000   1.00000000
  0.661168  -0.0000   1.00000000
  0.661168  -0.0000   1.00000000
  0.661168  -0.0000   1.00000000
  0.661168  -0.0000   1.00000000
  0.661168  -0.0000   1.00000000
  0.661168  -0.0000   1.00000000
  0.661167  -0.0000   1.00000000
  0.661167  -0.0000   1.00000000
  0.661167  -0.0000   1.00000000
  0.661167  -0.0000   1.00000000
  0.661167  -0.0000   1.00000000
  0.661167  -0.0000   1.00000000
  0.661166  -0.0000   1.00000000
  0.661166  -0.0000   1.00000000
  0.661165  -0.0000   1.00000000
