  0.000019  -0.0000   0.00000010
  0.000045  -0.0000   0.00000020
  0.000132  -0.0000   0.00000030
  0.000866  -0.0000   0.00000040
  0.006205  -0.0000   0.00000050
  0.006289  -0.0000   0.00000056
  0.006385  -0.0000   0.00000061
  0.006511  -0.0000   0.00000067
  0.006680  -0.0000   0.00000073
  0.006896  -0.0000   0.00000078
  0.007166  -0.0000   0.00000084
  0.007498  -0.0000   0.00000090
  0.007827  -0.0000   0.00000095
  0.008208  -0.0000   0.00000100
  0.008642  -0.0000   0.00000104
  0.009133  -0.0000   0.00000109
  0.009679  -0.0000   0.00000114
  0.010281  -0.0000   0.00000119
  0.010939  -0.0000   0.00000124
  0.011650  -0.0000   0.00000129
  0.012414  -0.0000   0.00000134
  0.013226  -0.0000   0.00000139
  0.014087  -0.0000   0.00000144
  0.014992  -0.0000   0.00000149
  0.015942  -0.0000   0.00000153
  0.017124  -0.0000   0.00000159
  0.018364  -0.0000   0.00000165
  0.019660  -0.0000   0.00000171
  0.019725  -0.0000   0.00000171
  0.019733  -0.0000   0.00000172
  0.019739  -0.0000   0.00000172
  0.019746  -0.0000   0.00000172
  0.019754  -0.0000   0.00000173
  0.019763  -0.0000   0.00000174
  0.019775  -0.0000   0.00000175
  0.019789  -0.0000   0.00000178
  0.019807  -0.0000   0.00000181
  0.019831  -0.0000   0.00000186
  0.019865  -0.0000   0.00000194
  0.019921  -0.0000   0.00000205
  0.020024  -0.0000   0.00000223
  0.020234  -0.0000   0.00000248
  0.020514  -0.0000   0.00000274
  0.020785  -0.0000   0.00000295
  0.021113  -0.0000   0.00000315
  0.021507  -0.0000   0.00000335
  0.021972  -0.0000   0.00000356
  0.022515  -0.0000   0.00000376
  0.023143  -0.0000   0.00000396
  0.023718  -0.0000   0.00000413
  0.024356  -0.0000   0.00000430
  0.025059  -0.0000   0.00000446
  0.025828  -0.0000   0.00000463
  0.026667  -0.0000   0.00000480
  0.027576  -0.0000   0.00000497
  0.028557  -0.0000   0.00000513
  0.029613  -0.0000   0.00000530
  0.030744  -0.0000   0.00000547
  0.031953  -0.0000   0.00000564
  0.033240  -0.0000   0.00000580
  0.034605  -0.0000   0.00000597
  0.036050  -0.0000   0.00000614
  0.036132  -0.0000   0.00000615
  0.036214  -0.0000   0.00000616
  0.036285  -0.0000   0.00000617
  0.036310  -0.0000   0.00000618
  0.036330  -0.0000   0.00000619
  0.036347  -0.0000   0.00000621
  0.036362  -0.0000   0.00000622
  0.036383  -0.0000   0.00000624
  0.036413  -0.0000   0.00000628
  0.036455  -0.0000   0.00000632
  0.036517  -0.0000   0.00000639
  0.036616  -0.0000   0.00000650
  0.036774  -0.0000   0.00000666
  0.037134  -0.0000   0.00000699
  0.037635  -0.0000   0.00000738
  0.038210  -0.0000   0.00000777
  0.038865  -0.0000   0.00000816
  0.039610  -0.0000   0.00000855
  0.040451  -0.0000   0.00000894
  0.041396  -0.0000   0.00000933
  0.042454  -0.0000   0.00000972
  0.043630  -0.0000   0.00001011
  0.044665  -0.0000   0.00001043
  0.045786  -0.0000   0.00001074
  0.046995  -0.0000   0.00001106
  0.048453  -0.0000   0.00001141
  0.050028  -0.0000   0.00001176
  0.051720  -0.0000   0.00001211
  0.053227  -0.0000   0.00001241
  0.053400  -0.0000   0.00001244
  0.053574  -0.0000   0.00001247
  0.053749  -0.0000   0.00001251
  0.053857  -0.0000   0.00001254
  0.053903  -0.0000   0.00001257
  0.053942  -0.0000   0.00001261
  0.053995  -0.0000   0.00001266
  0.054047  -0.0000   0.00001271
  0.054125  -0.0000   0.00001279
  0.054247  -0.0000   0.00001290
  0.054437  -0.0000   0.00001307
  0.054739  -0.0000   0.00001333
  0.055229  -0.0000   0.00001371
  0.056050  -0.0000   0.00001429
  0.056965  -0.0000   0.00001486
  0.057983  -0.0000   0.00001544
  0.059112  -0.0000   0.00001601
  0.060359  -0.0000   0.00001659
  0.061732  -0.0000   0.00001717
  0.062964  -0.0000   0.00001764
  0.064291  -0.0000   0.00001812
  0.065715  -0.0000   0.00001860
  0.067241  -0.0000   0.00001908
  0.068870  -0.0000   0.00001956
  0.070603  -0.0000   0.00002004
  0.070801  -0.0000   0.00002009
  0.071001  -0.0000   0.00002014
  0.071202  -0.0000   0.00002020
  0.071360  -0.0000   0.00002026
  0.071434  -0.0000   0.00002032
  0.071499  -0.0000   0.00002038
  0.071595  -0.0000   0.00002047
  0.071693  -0.0000   0.00002056
  0.071843  -0.0000   0.00002070
  0.072076  -0.0000   0.00002090
  0.072442  -0.0000   0.00002121
  0.073023  -0.0000   0.00002167
  0.073973  -0.0000   0.00002236
  0.074834  -0.0000   0.00002294
  0.075758  -0.0000   0.00002352
  0.076749  -0.0000   0.00002410
  0.077941  -0.0000   0.00002475
  0.079225  -0.0000   0.00002540
  0.080606  -0.0000   0.00002604
  0.082057  -0.0000   0.00002668
  0.083607  -0.0000   0.00002732
  0.085259  -0.0000   0.00002795
  0.087014  -0.0000   0.00002859
  0.088837  -0.0000   0.00002923
  0.088889  -0.0000   0.00002927
  0.088955  -0.0000   0.00002933
  0.089018  -0.0000   0.00002939
  0.089080  -0.0000   0.00002944
  0.089174  -0.0000   0.00002953
  0.089318  -0.0000   0.00002967
  0.089540  -0.0000   0.00002987
  0.089884  -0.0000   0.00003017
  0.090422  -0.0000   0.00003062
  0.091282  -0.0000   0.00003130
  0.092454  -0.0000   0.00003216
  0.093717  -0.0000   0.00003302
  0.095079  -0.0000   0.00003387
  0.096751  -0.0000   0.00003484
  0.098561  -0.0000   0.00003581
  0.100165  -0.0000   0.00003662
  0.101871  -0.0000   0.00003742
  0.103680  -0.0000   0.00003823
  0.105594  -0.0000   0.00003903
  0.105831  -0.0000   0.00003913
  0.106069  -0.0000   0.00003923
  0.106309  -0.0000   0.00003933
  0.106479  -0.0000   0.00003942
  0.106581  -0.0000   0.00003952
  0.106678  -0.0000   0.00003961
  0.106824  -0.0000   0.00003975
  0.106974  -0.0000   0.00003989
  0.107203  -0.0000   0.00004010
  0.107557  -0.0000   0.00004042
  0.108104  -0.0000   0.00004090
  0.108966  -0.0000   0.00004161
  0.110353  -0.0000   0.00004269
  0.111842  -0.0000   0.00004376
  0.113440  -0.0000   0.00004483
  0.115150  -0.0000   0.00004590
  0.116979  -0.0000   0.00004697
  0.118931  -0.0000   0.00004804
  0.121007  -0.0000   0.00004912
  0.123210  -0.0000   0.00005019
  0.123431  -0.0000   0.00005030
  0.123654  -0.0000   0.00005040
  0.123877  -0.0000   0.00005051
  0.124080  -0.0000   0.00005064
  0.124212  -0.0000   0.00005077
  0.124340  -0.0000   0.00005090
  0.124537  -0.0000   0.00005109
  0.124738  -0.0000   0.00005129
  0.125046  -0.0000   0.00005158
  0.125520  -0.0000   0.00005201
  0.126255  -0.0000   0.00005267
  0.127416  -0.0000   0.00005365
  0.128863  -0.0000   0.00005480
  0.130398  -0.0000   0.00005595
  0.132028  -0.0000   0.00005711
  0.133860  -0.0000   0.00005832
  0.135804  -0.0000   0.00005954
  0.137865  -0.0000   0.00006076
  0.140042  -0.0000   0.00006197
  0.140651  -0.0000   0.00006231
  0.141269  -0.0000   0.00006264
  0.141733  -0.0000   0.00006291
  0.141803  -0.0000   0.00006298
  0.141869  -0.0000   0.00006305
  0.141965  -0.0000   0.00006315
  0.142112  -0.0000   0.00006330
  0.142336  -0.0000   0.00006353
  0.142681  -0.0000   0.00006387
  0.143211  -0.0000   0.00006438
  0.144034  -0.0000   0.00006514
  0.145329  -0.0000   0.00006629
  0.146843  -0.0000   0.00006756
  0.148440  -0.0000   0.00006882
  0.150126  -0.0000   0.00007009
  0.152041  -0.0000   0.00007146
  0.154064  -0.0000   0.00007282
  0.156197  -0.0000   0.00007418
  0.158440  -0.0000   0.00007554
  0.158703  -0.0000   0.00007570
  0.158967  -0.0000   0.00007586
  0.159232  -0.0000   0.00007602
  0.159457  -0.0000   0.00007619
  0.159613  -0.0000   0.00007635
  0.159769  -0.0000   0.00007652
  0.160008  -0.0000   0.00007677
  0.160250  -0.0000   0.00007702
  0.160621  -0.0000   0.00007739
  0.161188  -0.0000   0.00007795
  0.162065  -0.0000   0.00007880
  0.163441  -0.0000   0.00008006
  0.165135  -0.0000   0.00008153
  0.166921  -0.0000   0.00008301
  0.168802  -0.0000   0.00008449
  0.170892  -0.0000   0.00008604
  0.173093  -0.0000   0.00008760
  0.175405  -0.0000   0.00008915
  0.175961  -0.0000   0.00008952
  0.176523  -0.0000   0.00008989
  0.177081  -0.0000   0.00009026
  0.177210  -0.0000   0.00009040
  0.177334  -0.0000   0.00009054
  0.177460  -0.0000   0.00009068
  0.177587  -0.0000   0.00009082
  0.177780  -0.0000   0.00009102
  0.178074  -0.0000   0.00009134
  0.178522  -0.0000   0.00009180
  0.179210  -0.0000   0.00009250
  0.180274  -0.0000   0.00009356
  0.181950  -0.0000   0.00009514
  0.183609  -0.0000   0.00009663
  0.185344  -0.0000   0.00009812
  0.187158  -0.0000   0.00009961
  0.189845  -0.0000   0.00010190
  0.192472  -0.0000   0.00010410
  0.193653  -0.0000   0.00010510
  0.194798  -0.0000   0.00010610
  0.194925  -0.0000   0.00010630
  0.195048  -0.0000   0.00010650
  0.195172  -0.0000   0.00010670
  0.195296  -0.0000   0.00010680
  0.195483  -0.0000   0.00010710
  0.195765  -0.0000   0.00010750
  0.196186  -0.0000   0.00010810
  0.196815  -0.0000   0.00010900
  0.197748  -0.0000   0.00011030
  0.199129  -0.0000   0.00011240
  0.201165  -0.0000   0.00011540
  0.203450  -0.0000   0.00011880
  0.205698  -0.0000   0.00012230
  0.207908  -0.0000   0.00012580
  0.210699  -0.0000   0.00013020
  0.211134  -0.0000   0.00013090
  0.211568  -0.0000   0.00013160
  0.212000  -0.0000   0.00013230
  0.212575  -0.0000   0.00013340
  0.212738  -0.0000   0.00013380
  0.212900  -0.0000   0.00013420
  0.213063  -0.0000   0.00013460
  0.213227  -0.0000   0.00013500
  0.213473  -0.0000   0.00013560
  0.213841  -0.0000   0.00013660
  0.214389  -0.0000   0.00013790
  0.215205  -0.0000   0.00014000
  0.216414  -0.0000   0.00014310
  0.218198  -0.0000   0.00014780
  0.220822  -0.0000   0.00015480
  0.223397  -0.0000   0.00016180
  0.225925  -0.0000   0.00016890
  0.228409  -0.0000   0.00017590
  0.228948  -0.0000   0.00017740
  0.229485  -0.0000   0.00017890
  0.230019  -0.0000   0.00018050
  0.230201  -0.0000   0.00018110
  0.230342  -0.0000   0.00018170
  0.230484  -0.0000   0.00018230
  0.230698  -0.0000   0.00018320
  0.230912  -0.0000   0.00018410
  0.231233  -0.0000   0.00018550
  0.231713  -0.0000   0.00018750
  0.232426  -0.0000   0.00019060
  0.233485  -0.0000   0.00019520
  0.235049  -0.0000   0.00020210
  0.237354  -0.0000   0.00021250
  0.239621  -0.0000   0.00022280
  0.241853  -0.0000   0.00023320
  0.244050  -0.0000   0.00024360
  0.246863  -0.0000   0.00025710
  0.247120  -0.0000   0.00025830
  0.247376  -0.0000   0.00025960
  0.247632  -0.0000   0.00026080
  0.247948  -0.0000   0.00026270
  0.248213  -0.0000   0.00026450
  0.248481  -0.0000   0.00026640
  0.248749  -0.0000   0.00026830
  0.249016  -0.0000   0.00027010
  0.249416  -0.0000   0.00027290
  0.250010  -0.0000   0.00027710
  0.250895  -0.0000   0.00028340
  0.252205  -0.0000   0.00029280
  0.254139  -0.0000   0.00030690
  0.256315  -0.0000   0.00032300
  0.258460  -0.0000   0.00033910
  0.260573  -0.0000   0.00035530
  0.263346  -0.0000   0.00037680
  0.264050  -0.0000   0.00038230
  0.264750  -0.0000   0.00038780
  0.265447  -0.0000   0.00039330
  0.265608  -0.0000   0.00039490
  0.265753  -0.0000   0.00039650
  0.265899  -0.0000   0.00039810
  0.266118  -0.0000   0.00040050
  0.266447  -0.0000   0.00040410
  0.266938  -0.0000   0.00040960
  0.267669  -0.0000   0.00041770
  0.268752  -0.0000   0.00042980
  0.270354  -0.0000   0.00044810
  0.272715  -0.0000   0.00047540
  0.275037  -0.0000   0.00050280
  0.277325  -0.0000   0.00053020
  0.279578  -0.0000   0.00055760
  0.281798  -0.0000   0.00058490
  0.282101  -0.0000   0.00058870
  0.282404  -0.0000   0.00059240
  0.282707  -0.0000   0.00059620
  0.283158  -0.0000   0.00060180
  0.283317  -0.0000   0.00060440
  0.283470  -0.0000   0.00060700
  0.283624  -0.0000   0.00060960
  0.283855  -0.0000   0.00061350
  0.284201  -0.0000   0.00061930
  0.284716  -0.0000   0.00062800
  0.285483  -0.0000   0.00064110
  0.286620  -0.0000   0.00066070
  0.288302  -0.0000   0.00069020
  0.290779  -0.0000   0.00073440
  0.293216  -0.0000   0.00077860
  0.295615  -0.0000   0.00082280
  0.297977  -0.0000   0.00086700
  0.300303  -0.0000   0.00091120
  0.300529  -0.0000   0.00091550
  0.300755  -0.0000   0.00091980
  0.300951  -0.0000   0.00092410
  0.301205  -0.0000   0.00093050
  0.301462  -0.0000   0.00093700
  0.301718  -0.0000   0.00094340
  0.301974  -0.0000   0.00094990
  0.302356  -0.0000   0.00095960
  0.302925  -0.0000   0.00097410
  0.303772  -0.0000   0.00099590
  0.305027  -0.0000   0.00102900
  0.306883  -0.0000   0.00107800
  0.309028  -0.0000   0.00113500
  0.311143  -0.0000   0.00119200
  0.313229  -0.0000   0.00125000
  0.315990  -0.0000   0.00132700
  0.317888  -0.0000   0.00138100
  0.318174  -0.0000   0.00138900
  0.318459  -0.0000   0.00139700
  0.318697  -0.0000   0.00140600
  0.318917  -0.0000   0.00141400
  0.319138  -0.0000   0.00142200
  0.319359  -0.0000   0.00143000
  0.319689  -0.0000   0.00144200
  0.320182  -0.0000   0.00146100
  0.320915  -0.0000   0.00148800
  0.322003  -0.0000   0.00152900
  0.323615  -0.0000   0.00159100
  0.325991  -0.0000   0.00168400
  0.328332  -0.0000   0.00177600
  0.330639  -0.0000   0.00186900
  0.332912  -0.0000   0.00196200
  0.335817  -0.0000   0.00208200
  0.336048  -0.0000   0.00209200
  0.336273  -0.0000   0.00210100
  0.336453  -0.0000   0.00211100
  0.336636  -0.0000   0.00212100
  0.336818  -0.0000   0.00213000
  0.337001  -0.0000   0.00214000
  0.337274  -0.0000   0.00215400
  0.337682  -0.0000   0.00217600
  0.338289  -0.0000   0.00220900
  0.339192  -0.0000   0.00225700
  0.340531  -0.0000   0.00233100
  0.342511  -0.0000   0.00244000
  0.345014  -0.0000   0.00258200
  0.347478  -0.0000   0.00272300
  0.349905  -0.0000   0.00286400
  0.352296  -0.0000   0.00300500
  0.352674  -0.0000   0.00302700
  0.353051  -0.0000   0.00305000
  0.353426  -0.0000   0.00307200
  0.353974  -0.0000   0.00310500
  0.354141  -0.0000   0.00311800
  0.354309  -0.0000   0.00313100
  0.354479  -0.0000   0.00314300
  0.354732  -0.0000   0.00316200
  0.355110  -0.0000   0.00319000
  0.355674  -0.0000   0.00323300
  0.356512  -0.0000   0.00329600
  0.357757  -0.0000   0.00339200
  0.359598  -0.0000   0.00353500
  0.362058  -0.0000   0.00372900
  0.364482  -0.0000   0.00392400
  0.366870  -0.0000   0.00411800
  0.369224  -0.0000   0.00431300
  0.369919  -0.0000   0.00437000
  0.370611  -0.0000   0.00442800
  0.371300  -0.0000   0.00448600
  0.371595  -0.0000   0.00451100
  0.371838  -0.0000   0.00453500
  0.372078  -0.0000   0.00456000
  0.372319  -0.0000   0.00458500
  0.372558  -0.0000   0.00461000
  0.372917  -0.0000   0.00464700
  0.373451  -0.0000   0.00470200
  0.374246  -0.0000   0.00478600
  0.375426  -0.0000   0.00491100
  0.377173  -0.0000   0.00509900
  0.379751  -0.0000   0.00538100
  0.382287  -0.0000   0.00566300
  0.384786  -0.0000   0.00594500
  0.387248  -0.0000   0.00622700
  0.388235  -0.0000   0.00634000
  0.389215  -0.0000   0.00645400
  0.389424  -0.0000   0.00648200
  0.389622  -0.0000   0.00651000
  0.389820  -0.0000   0.00653700
  0.390117  -0.0000   0.00657900
  0.390560  -0.0000   0.00664200
  0.391221  -0.0000   0.00673600
  0.392201  -0.0000   0.00687700
  0.393656  -0.0000   0.00708900
  0.395804  -0.0000   0.00740600
  0.397924  -0.0000   0.00772300
  0.400017  -0.0000   0.00804100
  0.402084  -0.0000   0.00835800
  0.405129  -0.0000   0.00883400
  0.405548  -0.0000   0.00890000
  0.405966  -0.0000   0.00896500
  0.406384  -0.0000   0.00903100
  0.407007  -0.0000   0.00913000
  0.407199  -0.0000   0.00916600
  0.407393  -0.0000   0.00920300
  0.407586  -0.0000   0.00923900
  0.407780  -0.0000   0.00927600
  0.408069  -0.0000   0.00933100
  0.408500  -0.0000   0.00941300
  0.409143  -0.0000   0.00953700
  0.410099  -0.0000   0.00972300
  0.411518  -0.0000   0.01000000
  0.413615  -0.0000   0.01042000
  0.415685  -0.0000   0.01084000
  0.417729  -0.0000   0.01125000
  0.419749  -0.0000   0.01167000
  0.422727  -0.0000   0.01230000
  0.423162  -0.0000   0.01239000
  0.423596  -0.0000   0.01248000
  0.424029  -0.0000   0.01257000
  0.424676  -0.0000   0.01271000
  0.424881  -0.0000   0.01276000
  0.425085  -0.0000   0.01281000
  0.425290  -0.0000   0.01286000
  0.425494  -0.0000   0.01291000
  0.425799  -0.0000   0.01299000
  0.426254  -0.0000   0.01311000
  0.426932  -0.0000   0.01328000
  0.427941  -0.0000   0.01354000
  0.429436  -0.0000   0.01393000
  0.431646  -0.0000   0.01452000
  0.433827  -0.0000   0.01510000
  0.435980  -0.0000   0.01569000
  0.438106  -0.0000   0.01627000
  0.441239  -0.0000   0.01715000
  0.441582  -0.0000   0.01725000
  0.441923  -0.0000   0.01735000
  0.442264  -0.0000   0.01744000
  0.442554  -0.0000   0.01753000
  0.442622  -0.0000   0.01756000
  0.442690  -0.0000   0.01758000
  0.442793  -0.0000   0.01761000
  0.442947  -0.0000   0.01766000
  0.443177  -0.0000   0.01774000
  0.443521  -0.0000   0.01785000
  0.444033  -0.0000   0.01803000
  0.444797  -0.0000   0.01828000
  0.445932  -0.0000   0.01867000
  0.447613  -0.0000   0.01925000
  0.450095  -0.0000   0.02012000
  0.452541  -0.0000   0.02099000
  0.454953  -0.0000   0.02185000
  0.457332  -0.0000   0.02272000
  0.458433  -0.0000   0.02313000
  0.459527  -0.0000   0.02353000
  0.460007  -0.0000   0.02371000
  0.460292  -0.0000   0.02383000
  0.460359  -0.0000   0.02386000
  0.460428  -0.0000   0.02389000
  0.460530  -0.0000   0.02393000
  0.460683  -0.0000   0.02400000
  0.460913  -0.0000   0.02410000
  0.461255  -0.0000   0.02424000
  0.461767  -0.0000   0.02447000
  0.462529  -0.0000   0.02480000
  0.463660  -0.0000   0.02530000
  0.465338  -0.0000   0.02605000
  0.467815  -0.0000   0.02718000
  0.470257  -0.0000   0.02831000
  0.472664  -0.0000   0.02944000
  0.475040  -0.0000   0.03057000
  0.476186  -0.0000   0.03111000
  0.477326  -0.0000   0.03166000
  0.477737  -0.0000   0.03186000
  0.478029  -0.0000   0.03202000
  0.478311  -0.0000   0.03217000
  0.478593  -0.0000   0.03233000
  0.478874  -0.0000   0.03249000
  0.479294  -0.0000   0.03272000
  0.479920  -0.0000   0.03307000
  0.480851  -0.0000   0.03360000
  0.482234  -0.0000   0.03440000
  0.484280  -0.0000   0.03559000
  0.486696  -0.0000   0.03701000
  0.489079  -0.0000   0.03844000
  0.491430  -0.0000   0.03987000
  0.493753  -0.0000   0.04129000
  0.494237  -0.0000   0.04159000
  0.494720  -0.0000   0.04189000
  0.495201  -0.0000   0.04219000
  0.495641  -0.0000   0.04247000
  0.495740  -0.0000   0.04254000
  0.495840  -0.0000   0.04261000
  0.495940  -0.0000   0.04268000
  0.496089  -0.0000   0.04279000
  0.496313  -0.0000   0.04295000
  0.496648  -0.0000   0.04319000
  0.497148  -0.0000   0.04355000
  0.497892  -0.0000   0.04408000
  0.498999  -0.0000   0.04489000
  0.500640  -0.0000   0.04610000
  0.503065  -0.0000   0.04791000
  0.505456  -0.0000   0.04972000
  0.507815  -0.0000   0.05154000
  0.510144  -0.0000   0.05335000
  0.513241  -0.0000   0.05580000
  0.513492  -0.0000   0.05602000
  0.513738  -0.0000   0.05624000
  0.513984  -0.0000   0.05646000
  0.514229  -0.0000   0.05668000
  0.514595  -0.0000   0.05701000
  0.515142  -0.0000   0.05751000
  0.515956  -0.0000   0.05825000
  0.517166  -0.0000   0.05937000
  0.518958  -0.0000   0.06105000
  0.521489  -0.0000   0.06345000
  0.523983  -0.0000   0.06586000
  0.526444  -0.0000   0.06826000
  0.528875  -0.0000   0.07067000
  0.529591  -0.0000   0.07138000
  0.530304  -0.0000   0.07209000
  0.531013  -0.0000   0.07280000
  0.531092  -0.0000   0.07289000
  0.531170  -0.0000   0.07298000
  0.531249  -0.0000   0.07306000
  0.531367  -0.0000   0.07320000
  0.531544  -0.0000   0.07340000
  0.531809  -0.0000   0.07370000
  0.532205  -0.0000   0.07415000
  0.532796  -0.0000   0.07482000
  0.533675  -0.0000   0.07583000
  0.534980  -0.0000   0.07735000
  0.536914  -0.0000   0.07963000
  0.539251  -0.0000   0.08242000
  0.541557  -0.0000   0.08521000
  0.543836  -0.0000   0.08800000
  0.546088  -0.0000   0.09079000
  0.547133  -0.0000   0.09209000
  0.548173  -0.0000   0.09339000
  0.548727  -0.0000   0.09409000
  0.548974  -0.0000   0.09443000
  0.549219  -0.0000   0.09478000
  0.549464  -0.0000   0.09513000
  0.549708  -0.0000   0.09547000
  0.550073  -0.0000   0.09599000
  0.550618  -0.0000   0.09676000
  0.551430  -0.0000   0.09793000
  0.552637  -0.0000   0.10000000
  0.554426  -0.0000   0.10200000
  0.557020  -0.0000   0.10600000
  0.559578  -0.0000   0.11000000
  0.562102  -0.0000   0.11400000
  0.564597  -0.0000   0.11800000
  0.565250  -0.0000   0.11900000
  0.565901  -0.0000   0.12000000
  0.566535  -0.0000   0.12100000
  0.566589  -0.0000   0.12100000
  0.566671  -0.0000   0.12100000
  0.566794  -0.0000   0.12100000
  0.566978  -0.0000   0.12200000
  0.567254  -0.0000   0.12200000
  0.567665  -0.0000   0.12300000
  0.568279  -0.0000   0.12400000
  0.569192  -0.0000   0.12500000
  0.570549  -0.0000   0.12800000
  0.572558  -0.0000   0.13200000
  0.574924  -0.0000   0.13600000
  0.577260  -0.0000   0.14000000
  0.579568  -0.0000   0.14500000
  0.582454  -0.0000   0.15000000
  0.583098  -0.0000   0.15100000
  0.583740  -0.0000   0.15300000
  0.584357  -0.0000   0.15400000
  0.584411  -0.0000   0.15400000
  0.584492  -0.0000   0.15400000
  0.584614  -0.0000   0.15400000
  0.584796  -0.0000   0.15500000
  0.585069  -0.0000   0.15500000
  0.585477  -0.0000   0.15600000
  0.586086  -0.0000   0.15800000
  0.586992  -0.0000   0.16000000
  0.588338  -0.0000   0.16300000
  0.590331  -0.0000   0.16700000
  0.592774  -0.0000   0.17300000
  0.595186  -0.0000   0.17800000
  0.597570  -0.0000   0.18400000
  0.599928  -0.0000   0.18900000
  0.600600  -0.0000   0.19100000
  0.601270  -0.0000   0.19200000
  0.601937  -0.0000   0.19400000
  0.602012  -0.0000   0.19400000
  0.602087  -0.0000   0.19400000
  0.602163  -0.0000   0.19500000
  0.602277  -0.0000   0.19500000
  0.602447  -0.0000   0.19500000
  0.602701  -0.0000   0.19600000
  0.603082  -0.0000   0.19700000
  0.603649  -0.0000   0.19900000
  0.604494  -0.0000   0.20100000
  0.605750  -0.0000   0.20400000
  0.607612  -0.0000   0.20900000
  0.610075  -0.0000   0.21600000
  0.612506  -0.0000   0.22300000
  0.614909  -0.0000   0.23000000
  0.617286  -0.0000   0.23700000
  0.618143  -0.0000   0.23900000
  0.618996  -0.0000   0.24100000
  0.619824  -0.0000   0.24400000
  0.619896  -0.0000   0.24400000
  0.619968  -0.0000   0.24400000
  0.620041  -0.0000   0.24500000
  0.620150  -0.0000   0.24500000
  0.620313  -0.0000   0.24500000
  0.620557  -0.0000   0.24600000
  0.620921  -0.0000   0.24700000
  0.621465  -0.0000   0.24900000
  0.622276  -0.0000   0.25200000
  0.623482  -0.0000   0.25600000
  0.625269  -0.0000   0.26200000
  0.627892  -0.0000   0.27100000
  0.630480  -0.0000   0.27900000
  0.633037  -0.0000   0.28800000
  0.635567  -0.0000   0.29700000
  0.636242  -0.0000   0.29900000
  0.636915  -0.0000   0.30200000
  0.637565  -0.0000   0.30400000
  0.637622  -0.0000   0.30400000
  0.637708  -0.0000   0.30500000
  0.637838  -0.0000   0.30500000
  0.638031  -0.0000   0.30600000
  0.638321  -0.0000   0.30700000
  0.638754  -0.0000   0.30900000
  0.639400  -0.0000   0.31100000
  0.640361  -0.0000   0.31500000
  0.641789  -0.0000   0.32100000
  0.643903  -0.0000   0.32900000
  0.646397  -0.0000   0.33900000
  0.648860  -0.0000   0.35000000
  0.651297  -0.0000   0.36000000
  0.654205  -0.0000   0.37200000
  0.654600  -0.0000   0.37400000
  0.654993  -0.0000   0.37500000
  0.655362  -0.0000   0.37700000
  0.655542  -0.0000   0.37800000
  0.655723  -0.0000   0.37900000
  0.655902  -0.0000   0.38000000
  0.656171  -0.0000   0.38100000
  0.656574  -0.0000   0.38300000
  0.657173  -0.0000   0.38600000
  0.658067  -0.0000   0.39000000
  0.659396  -0.0000   0.39600000
  0.661364  -0.0000   0.40600000
  0.664067  -0.0000   0.41900000
  0.666735  -0.0000   0.43200000
  0.669373  -0.0000   0.44600000
  0.671983  -0.0000   0.45900000
  0.672386  -0.0000   0.46100000
  0.672789  -0.0000   0.46300000
  0.673089  -0.0000   0.46500000
  0.673385  -0.0000   0.46600000
  0.673681  -0.0000   0.46800000
  0.673976  -0.0000   0.47000000
  0.674417  -0.0000   0.47200000
  0.675075  -0.0000   0.47600000
  0.676054  -0.0000   0.48100000
  0.677509  -0.0000   0.49000000
  0.679663  -0.0000   0.50200000
  0.682336  -0.0000   0.51800000
  0.684977  -0.0000   0.53400000
  0.687589  -0.0000   0.54900000
  0.690175  -0.0000   0.56500000
  0.690477  -0.0000   0.56700000
  0.690761  -0.0000   0.56900000
  0.690830  -0.0000   0.56900000
  0.690934  -0.0000   0.57000000
  0.691091  -0.0000   0.57100000
  0.691325  -0.0000   0.57300000
  0.691674  -0.0000   0.57500000
  0.692196  -0.0000   0.57800000
  0.692974  -0.0000   0.58400000
  0.694132  -0.0000   0.59100000
  0.695849  -0.0000   0.60300000
  0.698388  -0.0000   0.62100000
  0.700895  -0.0000   0.63900000
  0.703374  -0.0000   0.65600000
  0.705829  -0.0000   0.67400000
  0.706935  -0.0000   0.68200000
  0.708035  -0.0000   0.69000000
  0.708390  -0.0000   0.69300000
  0.708474  -0.0000   0.69300000
  0.708558  -0.0000   0.69400000
  0.708642  -0.0000   0.69500000
  0.708768  -0.0000   0.69500000
  0.708956  -0.0000   0.69700000
  0.709238  -0.0000   0.69900000
  0.709659  -0.0000   0.70300000
  0.710288  -0.0000   0.70800000
  0.711224  -0.0000   0.71500000
  0.712615  -0.0000   0.72600000
  0.714675  -0.0000   0.74300000
  0.717344  -0.0000   0.76500000
  0.719981  -0.0000   0.78800000
  0.722589  -0.0000   0.81000000
  0.725172  -0.0000   0.83200000
  0.725558  -0.0000   0.83500000
  0.725943  -0.0000   0.83800000
  0.726307  -0.0000   0.84200000
  0.726441  -0.0000   0.84300000
  0.726575  -0.0000   0.84400000
  0.726709  -0.0000   0.84600000
  0.726909  -0.0000   0.84700000
  0.727209  -0.0000   0.85000000
  0.727656  -0.0000   0.85400000
  0.728324  -0.0000   0.86100000
  0.729318  -0.0000   0.87000000
  0.730795  -0.0000   0.88400000
  0.732982  -0.0000   0.90500000
  0.735745  -0.0000   0.93300000
  0.738475  -0.0000   0.96000000
  0.741177  -0.0000   0.98700000
  0.742462  -0.0000   1.00000000
  0.742295  -0.0000   1.00000000
  0.742295  -0.0000   1.00000000
  0.742295  -0.0000   1.00000000
  0.742295  -0.0000   1.00000000
  0.742295  -0.0000   1.00000000
  0.742295  -0.0000   1.00000000
  0.742295  -0.0000   1.00000000
  0.742295  -0.0000   1.00000000
  0.742295  -0.0000   1.00000000
  0.742294  -0.0000   1.00000000
  0.742294  -0.0000   1.00000000
  0.742293  -0.0000   1.00000000
  0.742293  -0.0000   1.00000000
  0.742292  -0.0000   1.00000000
