  0.000015  -0.0000   0.00000010
  0.000037  -0.0000   0.00000020
  0.000119  -0.0000   0.00000030
  0.000749  -0.0000   0.00000040
  0.002373  -0.0000   0.00000043
  0.006254  -0.0000   0.00000046
  0.006333  -0.0000   0.00000048
  0.006508  -0.0000   0.00000053
  0.006671  -0.0000   0.00000056
  0.006880  -0.0000   0.00000059
  0.007140  -0.0000   0.00000061
  0.007456  -0.0000   0.00000064
  0.007828  -0.0000   0.00000067
  0.008256  -0.0000   0.00000070
  0.008737  -0.0000   0.00000073
  0.009266  -0.0000   0.00000076
  0.009840  -0.0000   0.00000079
  0.010452  -0.0000   0.00000082
  0.011100  -0.0000   0.00000085
  0.011967  -0.0000   0.00000089
  0.012879  -0.0000   0.00000093
  0.013833  -0.0000   0.00000096
  0.014830  -0.0000   0.00000100
  0.015828  -0.0000   0.00000104
  0.016873  -0.0000   0.00000107
  0.017969  -0.0000   0.00000111
  0.019122  -0.0000   0.00000114
  0.019217  -0.0000   0.00000115
  0.019313  -0.0000   0.00000115
  0.019409  -0.0000   0.00000115
  0.019553  -0.0000   0.00000116
  0.019573  -0.0000   0.00000116
  0.019577  -0.0000   0.00000116
  0.019581  -0.0000   0.00000116
  0.019585  -0.0000   0.00000117
  0.019589  -0.0000   0.00000117
  0.019595  -0.0000   0.00000118
  0.019601  -0.0000   0.00000119
  0.019608  -0.0000   0.00000121
  0.019617  -0.0000   0.00000123
  0.019629  -0.0000   0.00000127
  0.019646  -0.0000   0.00000132
  0.019673  -0.0000   0.00000140
  0.019726  -0.0000   0.00000153
  0.019843  -0.0000   0.00000171
  0.020011  -0.0000   0.00000190
  0.020186  -0.0000   0.00000205
  0.020411  -0.0000   0.00000219
  0.020695  -0.0000   0.00000234
  0.021047  -0.0000   0.00000249
  0.021389  -0.0000   0.00000261
  0.021786  -0.0000   0.00000273
  0.022241  -0.0000   0.00000285
  0.022824  -0.0000   0.00000299
  0.023487  -0.0000   0.00000312
  0.024234  -0.0000   0.00000326
  0.024904  -0.0000   0.00000337
  0.025637  -0.0000   0.00000348
  0.026434  -0.0000   0.00000359
  0.027300  -0.0000   0.00000370
  0.028236  -0.0000   0.00000381
  0.029244  -0.0000   0.00000392
  0.030326  -0.0000   0.00000404
  0.031481  -0.0000   0.00000415
  0.032711  -0.0000   0.00000426
  0.034014  -0.0000   0.00000437
  0.035388  -0.0000   0.00000448
  0.035465  -0.0000   0.00000448
  0.035542  -0.0000   0.00000449
  0.035575  -0.0000   0.00000450
  0.035588  -0.0000   0.00000451
  0.035598  -0.0000   0.00000451
  0.035607  -0.0000   0.00000452
  0.035617  -0.0000   0.00000454
  0.035631  -0.0000   0.00000456
  0.035650  -0.0000   0.00000459
  0.035678  -0.0000   0.00000464
  0.035734  -0.0000   0.00000473
  0.035826  -0.0000   0.00000487
  0.036052  -0.0000   0.00000515
  0.036347  -0.0000   0.00000546
  0.036706  -0.0000   0.00000576
  0.037140  -0.0000   0.00000606
  0.037660  -0.0000   0.00000636
  0.038165  -0.0000   0.00000662
  0.038746  -0.0000   0.00000687
  0.039411  -0.0000   0.00000713
  0.040167  -0.0000   0.00000738
  0.041021  -0.0000   0.00000763
  0.041980  -0.0000   0.00000789
  0.043051  -0.0000   0.00000814
  0.044001  -0.0000   0.00000835
  0.045032  -0.0000   0.00000855
  0.046147  -0.0000   0.00000876
  0.047491  -0.0000   0.00000899
  0.048942  -0.0000   0.00000922
  0.050499  -0.0000   0.00000945
  0.052159  -0.0000   0.00000968
  0.052262  -0.0000   0.00000969
  0.052307  -0.0000   0.00000971
  0.052325  -0.0000   0.00000972
  0.052346  -0.0000   0.00000974
  0.052365  -0.0000   0.00000977
  0.052391  -0.0000   0.00000980
  0.052429  -0.0000   0.00000985
  0.052487  -0.0000   0.00000992
  0.052577  -0.0000   0.00001003
  0.052720  -0.0000   0.00001019
  0.052951  -0.0000   0.00001043
  0.053340  -0.0000   0.00001080
  0.053832  -0.0000   0.00001120
  0.054394  -0.0000   0.00001161
  0.055034  -0.0000   0.00001201
  0.055676  -0.0000   0.00001237
  0.056396  -0.0000   0.00001274
  0.057198  -0.0000   0.00001310
  0.058038  -0.0000   0.00001344
  0.058964  -0.0000   0.00001378
  0.059980  -0.0000   0.00001413
  0.061093  -0.0000   0.00001447
  0.062305  -0.0000   0.00001481
  0.063621  -0.0000   0.00001516
  0.065041  -0.0000   0.00001550
  0.066567  -0.0000   0.00001584
  0.068196  -0.0000   0.00001618
  0.068609  -0.0000   0.00001627
  0.068861  -0.0000   0.00001632
  0.068999  -0.0000   0.00001636
  0.069044  -0.0000   0.00001640
  0.069082  -0.0000   0.00001645
  0.069119  -0.0000   0.00001649
  0.069155  -0.0000   0.00001653
  0.069210  -0.0000   0.00001659
  0.069295  -0.0000   0.00001668
  0.069426  -0.0000   0.00001682
  0.069629  -0.0000   0.00001703
  0.069952  -0.0000   0.00001735
  0.070481  -0.0000   0.00001782
  0.071101  -0.0000   0.00001832
  0.071787  -0.0000   0.00001882
  0.072548  -0.0000   0.00001932
  0.073333  -0.0000   0.00001979
  0.074197  -0.0000   0.00002026
  0.075144  -0.0000   0.00002073
  0.076134  -0.0000   0.00002119
  0.077212  -0.0000   0.00002164
  0.078380  -0.0000   0.00002209
  0.079835  -0.0000   0.00002260
  0.081122  -0.0000   0.00002303
  0.082497  -0.0000   0.00002345
  0.083957  -0.0000   0.00002388
  0.085659  -0.0000   0.00002435
  0.085694  -0.0000   0.00002438
  0.085736  -0.0000   0.00002443
  0.085776  -0.0000   0.00002447
  0.085815  -0.0000   0.00002452
  0.085875  -0.0000   0.00002458
  0.085966  -0.0000   0.00002468
  0.086106  -0.0000   0.00002483
  0.086320  -0.0000   0.00002506
  0.086656  -0.0000   0.00002540
  0.087193  -0.0000   0.00002591
  0.088088  -0.0000   0.00002667
  0.089088  -0.0000   0.00002743
  0.090004  -0.0000   0.00002807
  0.091008  -0.0000   0.00002870
  0.092108  -0.0000   0.00002934
  0.093309  -0.0000   0.00002997
  0.094617  -0.0000   0.00003061
  0.096037  -0.0000   0.00003125
  0.097572  -0.0000   0.00003188
  0.099223  -0.0000   0.00003252
  0.100989  -0.0000   0.00003316
  0.101524  -0.0000   0.00003334
  0.102069  -0.0000   0.00003353
  0.102346  -0.0000   0.00003363
  0.102427  -0.0000   0.00003368
  0.102474  -0.0000   0.00003373
  0.102519  -0.0000   0.00003378
  0.102586  -0.0000   0.00003385
  0.102689  -0.0000   0.00003397
  0.102845  -0.0000   0.00003414
  0.103085  -0.0000   0.00003439
  0.103456  -0.0000   0.00003477
  0.104041  -0.0000   0.00003534
  0.104995  -0.0000   0.00003620
  0.106038  -0.0000   0.00003705
  0.107181  -0.0000   0.00003791
  0.108434  -0.0000   0.00003877
  0.109805  -0.0000   0.00003962
  0.111302  -0.0000   0.00004048
  0.112619  -0.0000   0.00004118
  0.114026  -0.0000   0.00004189
  0.115527  -0.0000   0.00004259
  0.117302  -0.0000   0.00004337
  0.119144  -0.0000   0.00004415
  0.119192  -0.0000   0.00004420
  0.119255  -0.0000   0.00004427
  0.119317  -0.0000   0.00004434
  0.119380  -0.0000   0.00004441
  0.119475  -0.0000   0.00004452
  0.119621  -0.0000   0.00004469
  0.119843  -0.0000   0.00004493
  0.120184  -0.0000   0.00004530
  0.120715  -0.0000   0.00004586
  0.121563  -0.0000   0.00004669
  0.122432  -0.0000   0.00004749
  0.123360  -0.0000   0.00004829
  0.124354  -0.0000   0.00004908
  0.125473  -0.0000   0.00004992
  0.126673  -0.0000   0.00005076
  0.127958  -0.0000   0.00005160
  0.129317  -0.0000   0.00005243
  0.130765  -0.0000   0.00005326
  0.132302  -0.0000   0.00005408
  0.134221  -0.0000   0.00005505
  0.135731  -0.0000   0.00005578
  0.135878  -0.0000   0.00005585
  0.136001  -0.0000   0.00005593
  0.136064  -0.0000   0.00005600
  0.136153  -0.0000   0.00005610
  0.136243  -0.0000   0.00005621
  0.136334  -0.0000   0.00005631
  0.136472  -0.0000   0.00005647
  0.136682  -0.0000   0.00005671
  0.137003  -0.0000   0.00005707
  0.137496  -0.0000   0.00005760
  0.138270  -0.0000   0.00005840
  0.139522  -0.0000   0.00005961
  0.140878  -0.0000   0.00006081
  0.142347  -0.0000   0.00006202
  0.143940  -0.0000   0.00006322
  0.145661  -0.0000   0.00006442
  0.147177  -0.0000   0.00006542
  0.148785  -0.0000   0.00006642
  0.150486  -0.0000   0.00006741
  0.152494  -0.0000   0.00006852
  0.152641  -0.0000   0.00006860
  0.152787  -0.0000   0.00006868
  0.152857  -0.0000   0.00006876
  0.152921  -0.0000   0.00006884
  0.152986  -0.0000   0.00006892
  0.153052  -0.0000   0.00006900
  0.153152  -0.0000   0.00006912
  0.153304  -0.0000   0.00006931
  0.153533  -0.0000   0.00006958
  0.153883  -0.0000   0.00006999
  0.154421  -0.0000   0.00007060
  0.155263  -0.0000   0.00007151
  0.156619  -0.0000   0.00007289
  0.158082  -0.0000   0.00007426
  0.159659  -0.0000   0.00007564
  0.161360  -0.0000   0.00007701
  0.163190  -0.0000   0.00007839
  0.164831  -0.0000   0.00007955
  0.166567  -0.0000   0.00008071
  0.168397  -0.0000   0.00008187
  0.168731  -0.0000   0.00008208
  0.169068  -0.0000   0.00008229
  0.169407  -0.0000   0.00008250
  0.169674  -0.0000   0.00008267
  0.169711  -0.0000   0.00008271
  0.169743  -0.0000   0.00008275
  0.169791  -0.0000   0.00008281
  0.169862  -0.0000   0.00008290
  0.169971  -0.0000   0.00008304
  0.170137  -0.0000   0.00008325
  0.170389  -0.0000   0.00008356
  0.170774  -0.0000   0.00008403
  0.171364  -0.0000   0.00008473
  0.172288  -0.0000   0.00008578
  0.173509  -0.0000   0.00008709
  0.174806  -0.0000   0.00008840
  0.176184  -0.0000   0.00008971
  0.177960  -0.0000   0.00009128
  0.179867  -0.0000   0.00009286
  0.181568  -0.0000   0.00009418
  0.183364  -0.0000   0.00009550
  0.185254  -0.0000   0.00009683
  0.185597  -0.0000   0.00009706
  0.185942  -0.0000   0.00009730
  0.186290  -0.0000   0.00009754
  0.186580  -0.0000   0.00009774
  0.186621  -0.0000   0.00009779
  0.186658  -0.0000   0.00009783
  0.186713  -0.0000   0.00009791
  0.186796  -0.0000   0.00009802
  0.186923  -0.0000   0.00009819
  0.187117  -0.0000   0.00009843
  0.187410  -0.0000   0.00009881
  0.187857  -0.0000   0.00009937
  0.188535  -0.0000   0.00010020
  0.189512  -0.0000   0.00010150
  0.190920  -0.0000   0.00010340
  0.192283  -0.0000   0.00010530
  0.193606  -0.0000   0.00010720
  0.194896  -0.0000   0.00010900
  0.196592  -0.0000   0.00011160
  0.198236  -0.0000   0.00011420
  0.200206  -0.0000   0.00011740
  0.202105  -0.0000   0.00012060
  0.202589  -0.0000   0.00012140
  0.203067  -0.0000   0.00012220
  0.203535  -0.0000   0.00012310
  0.203631  -0.0000   0.00012340
  0.203727  -0.0000   0.00012370
  0.203823  -0.0000   0.00012400
  0.203920  -0.0000   0.00012430
  0.204064  -0.0000   0.00012480
  0.204279  -0.0000   0.00012550
  0.204596  -0.0000   0.00012650
  0.205062  -0.0000   0.00012810
  0.205744  -0.0000   0.00013040
  0.206736  -0.0000   0.00013390
  0.208147  -0.0000   0.00013910
  0.209515  -0.0000   0.00014430
  0.210847  -0.0000   0.00014940
  0.212145  -0.0000   0.00015460
  0.213869  -0.0000   0.00016170
  0.215542  -0.0000   0.00016880
  0.217549  -0.0000   0.00017770
  0.219485  -0.0000   0.00018650
  0.219756  -0.0000   0.00018770
  0.220025  -0.0000   0.00018900
  0.220292  -0.0000   0.00019020
  0.220545  -0.0000   0.00019160
  0.220589  -0.0000   0.00019190
  0.220630  -0.0000   0.00019230
  0.220694  -0.0000   0.00019280
  0.220789  -0.0000   0.00019350
  0.220932  -0.0000   0.00019470
  0.221144  -0.0000   0.00019640
  0.221458  -0.0000   0.00019900
  0.221920  -0.0000   0.00020280
  0.222595  -0.0000   0.00020860
  0.223578  -0.0000   0.00021730
  0.224914  -0.0000   0.00022950
  0.226213  -0.0000   0.00024180
  0.227479  -0.0000   0.00025400
  0.228716  -0.0000   0.00026620
  0.230476  -0.0000   0.00028420
  0.232183  -0.0000   0.00030210
  0.234159  -0.0000   0.00032370
  0.236068  -0.0000   0.00034520
  0.236437  -0.0000   0.00034940
  0.236803  -0.0000   0.00035360
  0.237166  -0.0000   0.00035780
  0.237464  -0.0000   0.00036130
  0.237511  -0.0000   0.00036210
  0.237556  -0.0000   0.00036300
  0.237625  -0.0000   0.00036430
  0.237728  -0.0000   0.00036620
  0.237883  -0.0000   0.00036910
  0.238113  -0.0000   0.00037350
  0.238452  -0.0000   0.00038010
  0.238950  -0.0000   0.00038990
  0.239679  -0.0000   0.00040470
  0.240740  -0.0000   0.00042680
  0.241972  -0.0000   0.00045330
  0.243173  -0.0000   0.00047980
  0.244347  -0.0000   0.00050630
  0.245496  -0.0000   0.00053280
  0.247168  -0.0000   0.00057250
  0.249180  -0.0000   0.00062200
  0.251125  -0.0000   0.00067150
  0.253006  -0.0000   0.00072100
  0.253537  -0.0000   0.00073520
  0.254064  -0.0000   0.00074930
  0.254470  -0.0000   0.00076130
  0.254541  -0.0000   0.00076430
  0.254612  -0.0000   0.00076730
  0.254720  -0.0000   0.00077180
  0.254881  -0.0000   0.00077850
  0.255119  -0.0000   0.00078860
  0.255471  -0.0000   0.00080380
  0.255989  -0.0000   0.00082650
  0.256746  -0.0000   0.00086060
  0.257849  -0.0000   0.00091180
  0.258925  -0.0000   0.00096300
  0.259977  -0.0000   0.00101400
  0.261009  -0.0000   0.00106500
  0.262515  -0.0000   0.00114200
  0.264400  -0.0000   0.00124100
  0.266226  -0.0000   0.00134100
  0.267998  -0.0000   0.00144000
  0.269718  -0.0000   0.00153900
  0.270210  -0.0000   0.00156800
  0.270699  -0.0000   0.00159700
  0.271183  -0.0000   0.00162500
  0.271385  -0.0000   0.00163700
  0.271497  -0.0000   0.00164700
  0.271610  -0.0000   0.00165700
  0.271723  -0.0000   0.00166700
  0.271836  -0.0000   0.00167700
  0.272004  -0.0000   0.00169200
  0.272253  -0.0000   0.00171500
  0.272621  -0.0000   0.00174800
  0.273162  -0.0000   0.00179900
  0.273955  -0.0000   0.00187500
  0.275110  -0.0000   0.00198800
  0.276238  -0.0000   0.00210200
  0.277341  -0.0000   0.00221500
  0.278422  -0.0000   0.00232900
  0.280000  -0.0000   0.00249900
  0.281949  -0.0000   0.00271700
  0.283838  -0.0000   0.00293500
  0.285669  -0.0000   0.00315300
  0.287446  -0.0000   0.00337000
  0.287679  -0.0000   0.00339900
  0.287911  -0.0000   0.00342800
  0.288143  -0.0000   0.00345700
  0.288427  -0.0000   0.00350000
  0.288487  -0.0000   0.00351000
  0.288578  -0.0000   0.00352700
  0.288714  -0.0000   0.00355100
  0.288916  -0.0000   0.00358700
  0.289215  -0.0000   0.00364200
  0.289656  -0.0000   0.00372400
  0.290303  -0.0000   0.00384600
  0.291250  -0.0000   0.00403000
  0.292473  -0.0000   0.00427500
  0.293668  -0.0000   0.00451900
  0.294836  -0.0000   0.00476400
  0.295980  -0.0000   0.00500900
  0.297649  -0.0000   0.00537500
  0.299646  -0.0000   0.00582900
  0.301580  -0.0000   0.00628400
  0.303455  -0.0000   0.00673800
  0.305275  -0.0000   0.00719200
  0.305403  -0.0000   0.00723400
  0.305524  -0.0000   0.00727600
  0.305646  -0.0000   0.00731800
  0.305827  -0.0000   0.00738100
  0.306096  -0.0000   0.00747600
  0.306493  -0.0000   0.00761800
  0.307076  -0.0000   0.00783100
  0.307931  -0.0000   0.00815100
  0.309176  -0.0000   0.00863000
  0.310391  -0.0000   0.00910900
  0.311580  -0.0000   0.00958900
  0.312744  -0.0000   0.01007000
  0.314440  -0.0000   0.01079000
  0.316376  -0.0000   0.01163000
  0.318253  -0.0000   0.01248000
  0.320076  -0.0000   0.01333000
  0.321849  -0.0000   0.01418000
  0.322045  -0.0000   0.01427000
  0.322240  -0.0000   0.01436000
  0.322388  -0.0000   0.01446000
  0.322533  -0.0000   0.01455000
  0.322677  -0.0000   0.01465000
  0.322821  -0.0000   0.01474000
  0.323034  -0.0000   0.01488000
  0.323350  -0.0000   0.01509000
  0.323817  -0.0000   0.01541000
  0.324503  -0.0000   0.01589000
  0.325507  -0.0000   0.01660000
  0.326797  -0.0000   0.01754000
  0.328056  -0.0000   0.01848000
  0.329287  -0.0000   0.01942000
  0.330493  -0.0000   0.02036000
  0.332251  -0.0000   0.02177000
  0.334337  -0.0000   0.02351000
  0.336358  -0.0000   0.02524000
  0.338319  -0.0000   0.02697000
  0.338608  -0.0000   0.02723000
  0.338896  -0.0000   0.02748000
  0.339182  -0.0000   0.02774000
  0.339344  -0.0000   0.02792000
  0.339496  -0.0000   0.02810000
  0.339649  -0.0000   0.02828000
  0.339875  -0.0000   0.02855000
  0.340211  -0.0000   0.02896000
  0.340706  -0.0000   0.02957000
  0.341433  -0.0000   0.03048000
  0.342497  -0.0000   0.03185000
  0.343696  -0.0000   0.03344000
  0.344868  -0.0000   0.03502000
  0.346016  -0.0000   0.03660000
  0.347687  -0.0000   0.03897000
  0.349314  -0.0000   0.04134000
  0.351304  -0.0000   0.04433000
  0.353236  -0.0000   0.04732000
  0.355115  -0.0000   0.05031000
  0.355491  -0.0000   0.05091000
  0.355864  -0.0000   0.05151000
  0.356231  -0.0000   0.05211000
  0.356258  -0.0000   0.05217000
  0.356298  -0.0000   0.05225000
  0.356359  -0.0000   0.05238000
  0.356451  -0.0000   0.05257000
  0.356587  -0.0000   0.05286000
  0.356790  -0.0000   0.05328000
  0.357091  -0.0000   0.05393000
  0.357536  -0.0000   0.05489000
  0.358191  -0.0000   0.05633000
  0.359150  -0.0000   0.05850000
  0.360379  -0.0000   0.06135000
  0.361580  -0.0000   0.06419000
  0.362756  -0.0000   0.06703000
  0.363909  -0.0000   0.06988000
  0.365592  -0.0000   0.07415000
  0.367708  -0.0000   0.07969000
  0.369759  -0.0000   0.08524000
  0.371754  -0.0000   0.09078000
  0.372328  -0.0000   0.09240000
  0.372899  -0.0000   0.09401000
  0.373261  -0.0000   0.09509000
  0.373280  -0.0000   0.09515000
  0.373299  -0.0000   0.09522000
  0.373327  -0.0000   0.09532000
  0.373369  -0.0000   0.09547000
  0.373433  -0.0000   0.09570000
  0.373528  -0.0000   0.09604000
  0.373670  -0.0000   0.09656000
  0.373881  -0.0000   0.09732000
  0.374193  -0.0000   0.09848000
  0.374656  -0.0000   0.10000000
  0.375337  -0.0000   0.10300000
  0.376335  -0.0000   0.10700000
  0.377629  -0.0000   0.11200000
  0.378893  -0.0000   0.11700000
  0.380130  -0.0000   0.12200000
  0.381342  -0.0000   0.12700000
  0.383110  -0.0000   0.13500000
  0.385275  -0.0000   0.14500000
  0.387376  -0.0000   0.15500000
  0.389421  -0.0000   0.16500000
  0.389707  -0.0000   0.16600000
  0.389993  -0.0000   0.16700000
  0.390259  -0.0000   0.16900000
  0.390280  -0.0000   0.16900000
  0.390312  -0.0000   0.16900000
  0.390360  -0.0000   0.16900000
  0.390433  -0.0000   0.17000000
  0.390541  -0.0000   0.17000000
  0.390703  -0.0000   0.17100000
  0.390943  -0.0000   0.17300000
  0.391298  -0.0000   0.17500000
  0.391824  -0.0000   0.17800000
  0.392598  -0.0000   0.18300000
  0.393730  -0.0000   0.19100000
  0.395025  -0.0000   0.20000000
  0.396291  -0.0000   0.20800000
  0.397530  -0.0000   0.21700000
  0.399293  -0.0000   0.23000000
  0.401010  -0.0000   0.24300000
  0.403064  -0.0000   0.25800000
  0.405063  -0.0000   0.27400000
  0.407014  -0.0000   0.29000000
  0.407220  -0.0000   0.29200000
  0.407264  -0.0000   0.29200000
  0.407308  -0.0000   0.29200000
  0.407374  -0.0000   0.29300000
  0.407473  -0.0000   0.29400000
  0.407621  -0.0000   0.29600000
  0.407841  -0.0000   0.29800000
  0.408166  -0.0000   0.30100000
  0.408648  -0.0000   0.30600000
  0.409358  -0.0000   0.31400000
  0.410400  -0.0000   0.32500000
  0.411739  -0.0000   0.34000000
  0.413047  -0.0000   0.35400000
  0.414328  -0.0000   0.36900000
  0.415583  -0.0000   0.38400000
  0.417413  -0.0000   0.40600000
  0.419602  -0.0000   0.43300000
  0.421731  -0.0000   0.46100000
  0.423807  -0.0000   0.48800000
  0.424047  -0.0000   0.49100000
  0.424262  -0.0000   0.49400000
  0.424311  -0.0000   0.49500000
  0.424385  -0.0000   0.49600000
  0.424496  -0.0000   0.49800000
  0.424662  -0.0000   0.50100000
  0.424908  -0.0000   0.50500000
  0.425273  -0.0000   0.51100000
  0.425812  -0.0000   0.52000000
  0.426606  -0.0000   0.53300000
  0.427768  -0.0000   0.55300000
  0.429127  -0.0000   0.57800000
  0.430454  -0.0000   0.60200000
  0.431754  -0.0000   0.62600000
  0.433568  -0.0000   0.66100000
  0.435336  -0.0000   0.69600000
  0.437408  -0.0000   0.73800000
  0.439430  -0.0000   0.78000000
  0.440489  -0.0000   0.80200000
  0.440990  -0.0000   0.81300000
  0.441255  -0.0000   0.81900000
  0.441316  -0.0000   0.82000000
  0.441377  -0.0000   0.82200000
  0.441469  -0.0000   0.82400000
  0.441605  -0.0000   0.82800000
  0.441808  -0.0000   0.83300000
  0.442110  -0.0000   0.84100000
  0.442558  -0.0000   0.85300000
  0.443218  -0.0000   0.87000000
  0.444188  -0.0000   0.89700000
  0.445605  -0.0000   0.93600000
  0.446988  -0.0000   0.97600000
  0.447812  -0.0000   1.00000000
  0.447598  -0.0000   1.00000000
  0.447598  -0.0000   1.00000000
  0.447597  -0.0000   1.00000000
  0.447597  -0.0000   1.00000000
  0.447597  -0.0000   1.00000000
  0.447597  -0.0000   1.00000000
  0.447597  -0.0000   1.00000000
  0.447596  -0.0000   1.00000000
  0.447596  -0.0000   1.00000000
  0.447595  -0.0000   1.00000000
  0.447593  -0.0000   1.00000000
  0.447590  -0.0000   1.00000000
  0.447586  -0.0000   1.00000000
  0.447580  -0.0000   1.00000000
  0.447576  -0.0000   1.00000000
