  0.000004  -0.0000   0.00000010
  0.000038  -0.0000   0.00000020
  0.000076  -0.0000   0.00000024
  0.000173  -0.0000   0.00000029
  0.000605  -0.0000   0.00000033
  0.004368  -0.0000   0.00000038
  0.006461  -0.0000   0.00000039
  0.006560  -0.0000   0.00000041
  0.006733  -0.0000   0.00000044
  0.007049  -0.0000   0.00000049
  0.007430  -0.0000   0.00000053
  0.007881  -0.0000   0.00000058
  0.008314  -0.0000   0.00000062
  0.008800  -0.0000   0.00000066
  0.009336  -0.0000   0.00000070
  0.009995  -0.0000   0.00000074
  0.010716  -0.0000   0.00000078
  0.011499  -0.0000   0.00000083
  0.012343  -0.0000   0.00000087
  0.013250  -0.0000   0.00000092
  0.014218  -0.0000   0.00000096
  0.015244  -0.0000   0.00000100
  0.016326  -0.0000   0.00000105
  0.017460  -0.0000   0.00000109
  0.018642  -0.0000   0.00000113
  0.019866  -0.0000   0.00000118
  0.021124  -0.0000   0.00000122
  0.021194  -0.0000   0.00000122
  0.021232  -0.0000   0.00000123
  0.021236  -0.0000   0.00000123
  0.021240  -0.0000   0.00000123
  0.021246  -0.0000   0.00000123
  0.021255  -0.0000   0.00000123
  0.021268  -0.0000   0.00000124
  0.021288  -0.0000   0.00000125
  0.021318  -0.0000   0.00000126
  0.021360  -0.0000   0.00000128
  0.021421  -0.0000   0.00000130
  0.021510  -0.0000   0.00000134
  0.021642  -0.0000   0.00000140
  0.021848  -0.0000   0.00000148
  0.022191  -0.0000   0.00000161
  0.022585  -0.0000   0.00000174
  0.023038  -0.0000   0.00000188
  0.023560  -0.0000   0.00000201
  0.024158  -0.0000   0.00000214
  0.024840  -0.0000   0.00000227
  0.025611  -0.0000   0.00000240
  0.026475  -0.0000   0.00000253
  0.027261  -0.0000   0.00000264
  0.028116  -0.0000   0.00000275
  0.029040  -0.0000   0.00000286
  0.030148  -0.0000   0.00000298
  0.031342  -0.0000   0.00000310
  0.032621  -0.0000   0.00000322
  0.033982  -0.0000   0.00000334
  0.035425  -0.0000   0.00000346
  0.036944  -0.0000   0.00000358
  0.038442  -0.0000   0.00000370
  0.038448  -0.0000   0.00000370
  0.038456  -0.0000   0.00000371
  0.038467  -0.0000   0.00000371
  0.038483  -0.0000   0.00000372
  0.038507  -0.0000   0.00000373
  0.038543  -0.0000   0.00000374
  0.038594  -0.0000   0.00000376
  0.038670  -0.0000   0.00000379
  0.038782  -0.0000   0.00000384
  0.038949  -0.0000   0.00000391
  0.039207  -0.0000   0.00000402
  0.039617  -0.0000   0.00000419
  0.040292  -0.0000   0.00000443
  0.040835  -0.0000   0.00000461
  0.041424  -0.0000   0.00000479
  0.042065  -0.0000   0.00000497
  0.042858  -0.0000   0.00000518
  0.043726  -0.0000   0.00000539
  0.044676  -0.0000   0.00000559
  0.045635  -0.0000   0.00000578
  0.046672  -0.0000   0.00000597
  0.047787  -0.0000   0.00000616
  0.049161  -0.0000   0.00000638
  0.050642  -0.0000   0.00000660
  0.052228  -0.0000   0.00000681
  0.053919  -0.0000   0.00000703
  0.055712  -0.0000   0.00000725
  0.055843  -0.0000   0.00000726
  0.055944  -0.0000   0.00000728
  0.055954  -0.0000   0.00000728
  0.055965  -0.0000   0.00000729
  0.055976  -0.0000   0.00000729
  0.055992  -0.0000   0.00000730
  0.056016  -0.0000   0.00000731
  0.056052  -0.0000   0.00000732
  0.056105  -0.0000   0.00000734
  0.056184  -0.0000   0.00000737
  0.056300  -0.0000   0.00000742
  0.056472  -0.0000   0.00000748
  0.056728  -0.0000   0.00000758
  0.057116  -0.0000   0.00000774
  0.057714  -0.0000   0.00000796
  0.058673  -0.0000   0.00000831
  0.059428  -0.0000   0.00000856
  0.060230  -0.0000   0.00000882
  0.061083  -0.0000   0.00000907
  0.062110  -0.0000   0.00000936
  0.063212  -0.0000   0.00000964
  0.064392  -0.0000   0.00000993
  0.065655  -0.0000   0.00001022
  0.067004  -0.0000   0.00001050
  0.068439  -0.0000   0.00001079
  0.070193  -0.0000   0.00001112
  0.072061  -0.0000   0.00001144
  0.072384  -0.0000   0.00001150
  0.072710  -0.0000   0.00001156
  0.073040  -0.0000   0.00001161
  0.073283  -0.0000   0.00001165
  0.073290  -0.0000   0.00001166
  0.073297  -0.0000   0.00001166
  0.073307  -0.0000   0.00001166
  0.073322  -0.0000   0.00001167
  0.073345  -0.0000   0.00001168
  0.073379  -0.0000   0.00001169
  0.073429  -0.0000   0.00001171
  0.073504  -0.0000   0.00001174
  0.073615  -0.0000   0.00001178
  0.073780  -0.0000   0.00001185
  0.074024  -0.0000   0.00001195
  0.074388  -0.0000   0.00001210
  0.074939  -0.0000   0.00001232
  0.075790  -0.0000   0.00001266
  0.077149  -0.0000   0.00001316
  0.078611  -0.0000   0.00001366
  0.079867  -0.0000   0.00001407
  0.081206  -0.0000   0.00001447
  0.082634  -0.0000   0.00001488
  0.084365  -0.0000   0.00001534
  0.086220  -0.0000   0.00001580
  0.087857  -0.0000   0.00001618
  0.089584  -0.0000   0.00001656
  0.089877  -0.0000   0.00001663
  0.090173  -0.0000   0.00001669
  0.090472  -0.0000   0.00001676
  0.090608  -0.0000   0.00001680
  0.090621  -0.0000   0.00001680
  0.090634  -0.0000   0.00001681
  0.090653  -0.0000   0.00001682
  0.090682  -0.0000   0.00001683
  0.090725  -0.0000   0.00001685
  0.090790  -0.0000   0.00001688
  0.090885  -0.0000   0.00001692
  0.091028  -0.0000   0.00001698
  0.091239  -0.0000   0.00001707
  0.091555  -0.0000   0.00001720
  0.092027  -0.0000   0.00001741
  0.092743  -0.0000   0.00001772
  0.093851  -0.0000   0.00001818
  0.095074  -0.0000   0.00001866
  0.096360  -0.0000   0.00001915
  0.097715  -0.0000   0.00001964
  0.099139  -0.0000   0.00002012
  0.100642  -0.0000   0.00002061
  0.102229  -0.0000   0.00002109
  0.103880  -0.0000   0.00002157
  0.105618  -0.0000   0.00002205
  0.107446  -0.0000   0.00002253
  0.107654  -0.0000   0.00002258
  0.107811  -0.0000   0.00002264
  0.107818  -0.0000   0.00002264
  0.107830  -0.0000   0.00002265
  0.107847  -0.0000   0.00002266
  0.107873  -0.0000   0.00002267
  0.107911  -0.0000   0.00002268
  0.107969  -0.0000   0.00002271
  0.108055  -0.0000   0.00002275
  0.108183  -0.0000   0.00002281
  0.108374  -0.0000   0.00002289
  0.108657  -0.0000   0.00002302
  0.109081  -0.0000   0.00002322
  0.109718  -0.0000   0.00002351
  0.110689  -0.0000   0.00002396
  0.112205  -0.0000   0.00002462
  0.113796  -0.0000   0.00002528
  0.115473  -0.0000   0.00002594
  0.117245  -0.0000   0.00002660
  0.119119  -0.0000   0.00002726
  0.121101  -0.0000   0.00002793
  0.123197  -0.0000   0.00002859
  0.123875  -0.0000   0.00002880
  0.124566  -0.0000   0.00002901
  0.124889  -0.0000   0.00002911
  0.124925  -0.0000   0.00002912
  0.124958  -0.0000   0.00002914
  0.124991  -0.0000   0.00002915
  0.125041  -0.0000   0.00002918
  0.125116  -0.0000   0.00002921
  0.125227  -0.0000   0.00002927
  0.125392  -0.0000   0.00002935
  0.125638  -0.0000   0.00002947
  0.126005  -0.0000   0.00002965
  0.126555  -0.0000   0.00002992
  0.127384  -0.0000   0.00003033
  0.128656  -0.0000   0.00003094
  0.130070  -0.0000   0.00003160
  0.131539  -0.0000   0.00003225
  0.133069  -0.0000   0.00003291
  0.134694  -0.0000   0.00003358
  0.136394  -0.0000   0.00003425
  0.138173  -0.0000   0.00003491
  0.140381  -0.0000   0.00003570
  0.140913  -0.0000   0.00003589
  0.141452  -0.0000   0.00003607
  0.141997  -0.0000   0.00003626
  0.142005  -0.0000   0.00003627
  0.142018  -0.0000   0.00003627
  0.142037  -0.0000   0.00003628
  0.142067  -0.0000   0.00003630
  0.142110  -0.0000   0.00003632
  0.142175  -0.0000   0.00003635
  0.142273  -0.0000   0.00003640
  0.142418  -0.0000   0.00003648
  0.142633  -0.0000   0.00003659
  0.142955  -0.0000   0.00003676
  0.143436  -0.0000   0.00003701
  0.144158  -0.0000   0.00003739
  0.145254  -0.0000   0.00003796
  0.146951  -0.0000   0.00003881
  0.148714  -0.0000   0.00003967
  0.150555  -0.0000   0.00004052
  0.152481  -0.0000   0.00004137
  0.154500  -0.0000   0.00004223
  0.156620  -0.0000   0.00004308
  0.158845  -0.0000   0.00004393
  0.159087  -0.0000   0.00004403
  0.159260  -0.0000   0.00004412
  0.159303  -0.0000   0.00004414
  0.159345  -0.0000   0.00004416
  0.159409  -0.0000   0.00004420
  0.159504  -0.0000   0.00004425
  0.159646  -0.0000   0.00004433
  0.159858  -0.0000   0.00004445
  0.160175  -0.0000   0.00004462
  0.160648  -0.0000   0.00004488
  0.161358  -0.0000   0.00004528
  0.162435  -0.0000   0.00004587
  0.164092  -0.0000   0.00004676
  0.165696  -0.0000   0.00004760
  0.167356  -0.0000   0.00004843
  0.169076  -0.0000   0.00004927
  0.170945  -0.0000   0.00005014
  0.172892  -0.0000   0.00005101
  0.174922  -0.0000   0.00005188
  0.175311  -0.0000   0.00005205
  0.175702  -0.0000   0.00005221
  0.176097  -0.0000   0.00005238
  0.176213  -0.0000   0.00005244
  0.176254  -0.0000   0.00005246
  0.176315  -0.0000   0.00005250
  0.176406  -0.0000   0.00005255
  0.176542  -0.0000   0.00005263
  0.176745  -0.0000   0.00005275
  0.177048  -0.0000   0.00005292
  0.177500  -0.0000   0.00005319
  0.178178  -0.0000   0.00005359
  0.179201  -0.0000   0.00005418
  0.180764  -0.0000   0.00005508
  0.182440  -0.0000   0.00005601
  0.184169  -0.0000   0.00005695
  0.185958  -0.0000   0.00005788
  0.188172  -0.0000   0.00005899
  0.190488  -0.0000   0.00006010
  0.192913  -0.0000   0.00006121
  0.193170  -0.0000   0.00006132
  0.193366  -0.0000   0.00006144
  0.193415  -0.0000   0.00006147
  0.193463  -0.0000   0.00006150
  0.193535  -0.0000   0.00006154
  0.193643  -0.0000   0.00006161
  0.193805  -0.0000   0.00006171
  0.194046  -0.0000   0.00006186
  0.194407  -0.0000   0.00006208
  0.194946  -0.0000   0.00006241
  0.195757  -0.0000   0.00006291
  0.196984  -0.0000   0.00006366
  0.198870  -0.0000   0.00006479
  0.200813  -0.0000   0.00006591
  0.202825  -0.0000   0.00006704
  0.204913  -0.0000   0.00006816
  0.207085  -0.0000   0.00006929
  0.209345  -0.0000   0.00007041
  0.209723  -0.0000   0.00007060
  0.210104  -0.0000   0.00007079
  0.210420  -0.0000   0.00007097
  0.210494  -0.0000   0.00007102
  0.210567  -0.0000   0.00007107
  0.210641  -0.0000   0.00007111
  0.210751  -0.0000   0.00007118
  0.210914  -0.0000   0.00007129
  0.211159  -0.0000   0.00007145
  0.211525  -0.0000   0.00007168
  0.212073  -0.0000   0.00007204
  0.212897  -0.0000   0.00007257
  0.214143  -0.0000   0.00007337
  0.216053  -0.0000   0.00007457
  0.218017  -0.0000   0.00007577
  0.220046  -0.0000   0.00007697
  0.222146  -0.0000   0.00007817
  0.224325  -0.0000   0.00007936
  0.226587  -0.0000   0.00008056
  0.226927  -0.0000   0.00008074
  0.227269  -0.0000   0.00008092
  0.227470  -0.0000   0.00008105
  0.227519  -0.0000   0.00008109
  0.227569  -0.0000   0.00008112
  0.227643  -0.0000   0.00008117
  0.227754  -0.0000   0.00008124
  0.227920  -0.0000   0.00008135
  0.228167  -0.0000   0.00008152
  0.228537  -0.0000   0.00008177
  0.229091  -0.0000   0.00008215
  0.229922  -0.0000   0.00008271
  0.231178  -0.0000   0.00008355
  0.233100  -0.0000   0.00008482
  0.235072  -0.0000   0.00008608
  0.237103  -0.0000   0.00008735
  0.239201  -0.0000   0.00008862
  0.241372  -0.0000   0.00008988
  0.243620  -0.0000   0.00009115
  0.243949  -0.0000   0.00009133
  0.244279  -0.0000   0.00009152
  0.244509  -0.0000   0.00009167
  0.244565  -0.0000   0.00009171
  0.244621  -0.0000   0.00009175
  0.244704  -0.0000   0.00009181
  0.244830  -0.0000   0.00009189
  0.245017  -0.0000   0.00009202
  0.245296  -0.0000   0.00009222
  0.245714  -0.0000   0.00009252
  0.246339  -0.0000   0.00009296
  0.247279  -0.0000   0.00009362
  0.248702  -0.0000   0.00009461
  0.250512  -0.0000   0.00009586
  0.252364  -0.0000   0.00009710
  0.254265  -0.0000   0.00009834
  0.256551  -0.0000   0.00009979
  0.258770  -0.0000   0.00010120
  0.260908  -0.0000   0.00010270
  0.261224  -0.0000   0.00010290
  0.261512  -0.0000   0.00010310
  0.261528  -0.0000   0.00010310
  0.261552  -0.0000   0.00010310
  0.261588  -0.0000   0.00010320
  0.261642  -0.0000   0.00010320
  0.261723  -0.0000   0.00010330
  0.261842  -0.0000   0.00010340
  0.262020  -0.0000   0.00010350
  0.262284  -0.0000   0.00010380
  0.262672  -0.0000   0.00010410
  0.263239  -0.0000   0.00010460
  0.264065  -0.0000   0.00010540
  0.265256  -0.0000   0.00010660
  0.266740  -0.0000   0.00010810
  0.268169  -0.0000   0.00010960
  0.269553  -0.0000   0.00011110
  0.270896  -0.0000   0.00011260
  0.272205  -0.0000   0.00011410
  0.274086  -0.0000   0.00011640
  0.275908  -0.0000   0.00011860
  0.277678  -0.0000   0.00012090
  0.278282  -0.0000   0.00012160
  0.278868  -0.0000   0.00012240
  0.278899  -0.0000   0.00012250
  0.278930  -0.0000   0.00012250
  0.278962  -0.0000   0.00012260
  0.279008  -0.0000   0.00012260
  0.279078  -0.0000   0.00012270
  0.279183  -0.0000   0.00012290
  0.279338  -0.0000   0.00012310
  0.279568  -0.0000   0.00012350
  0.279907  -0.0000   0.00012410
  0.280405  -0.0000   0.00012490
  0.281132  -0.0000   0.00012610
  0.282184  -0.0000   0.00012800
  0.283694  -0.0000   0.00013080
  0.285148  -0.0000   0.00013360
  0.286556  -0.0000   0.00013640
  0.287924  -0.0000   0.00013920
  0.289256  -0.0000   0.00014190
  0.291134  -0.0000   0.00014600
  0.292956  -0.0000   0.00015010
  0.294727  -0.0000   0.00015420
  0.296113  -0.0000   0.00015740
  0.296389  -0.0000   0.00015810
  0.296405  -0.0000   0.00015810
  0.296420  -0.0000   0.00015820
  0.296444  -0.0000   0.00015830
  0.296479  -0.0000   0.00015830
  0.296532  -0.0000   0.00015850
  0.296611  -0.0000   0.00015870
  0.296729  -0.0000   0.00015900
  0.296904  -0.0000   0.00015950
  0.297162  -0.0000   0.00016030
  0.297544  -0.0000   0.00016140
  0.298104  -0.0000   0.00016310
  0.298920  -0.0000   0.00016560
  0.300100  -0.0000   0.00016930
  0.301421  -0.0000   0.00017370
  0.302702  -0.0000   0.00017800
  0.303948  -0.0000   0.00018240
  0.305568  -0.0000   0.00018830
  0.307142  -0.0000   0.00019410
  0.308982  -0.0000   0.00020120
  0.310770  -0.0000   0.00020820
  0.312736  -0.0000   0.00021620
  0.313317  -0.0000   0.00021860
  0.313878  -0.0000   0.00022100
  0.313910  -0.0000   0.00022120
  0.313933  -0.0000   0.00022130
  0.313956  -0.0000   0.00022140
  0.313991  -0.0000   0.00022150
  0.314044  -0.0000   0.00022180
  0.314122  -0.0000   0.00022220
  0.314239  -0.0000   0.00022270
  0.314412  -0.0000   0.00022360
  0.314669  -0.0000   0.00022490
  0.315049  -0.0000   0.00022680
  0.315606  -0.0000   0.00022960
  0.316418  -0.0000   0.00023390
  0.317594  -0.0000   0.00024040
  0.318916  -0.0000   0.00024790
  0.320199  -0.0000   0.00025540
  0.321448  -0.0000   0.00026290
  0.323107  -0.0000   0.00027310
  0.324719  -0.0000   0.00028340
  0.326592  -0.0000   0.00029570
  0.328414  -0.0000   0.00030800
  0.330423  -0.0000   0.00032190
  0.330975  -0.0000   0.00032580
  0.331498  -0.0000   0.00032960
  0.331528  -0.0000   0.00032990
  0.331558  -0.0000   0.00033010
  0.331588  -0.0000   0.00033040
  0.331633  -0.0000   0.00033070
  0.331700  -0.0000   0.00033130
  0.331800  -0.0000   0.00033210
  0.331949  -0.0000   0.00033330
  0.332171  -0.0000   0.00033510
  0.332498  -0.0000   0.00033790
  0.332980  -0.0000   0.00034200
  0.333685  -0.0000   0.00034820
  0.334710  -0.0000   0.00035750
  0.336190  -0.0000   0.00037140
  0.337622  -0.0000   0.00038530
  0.339015  -0.0000   0.00039920
  0.340373  -0.0000   0.00041310
  0.342138  -0.0000   0.00043180
  0.343856  -0.0000   0.00045040
  0.345862  -0.0000   0.00047280
  0.347815  -0.0000   0.00049520
  0.348415  -0.0000   0.00050210
  0.349000  -0.0000   0.00050910
  0.349008  -0.0000   0.00050920
  0.349020  -0.0000   0.00050930
  0.349039  -0.0000   0.00050960
  0.349067  -0.0000   0.00050990
  0.349109  -0.0000   0.00051050
  0.349171  -0.0000   0.00051130
  0.349264  -0.0000   0.00051260
  0.349403  -0.0000   0.00051440
  0.349610  -0.0000   0.00051720
  0.349915  -0.0000   0.00052140
  0.350366  -0.0000   0.00052760
  0.351026  -0.0000   0.00053700
  0.351988  -0.0000   0.00055110
  0.353379  -0.0000   0.00057220
  0.354729  -0.0000   0.00059330
  0.356044  -0.0000   0.00061440
  0.357329  -0.0000   0.00063560
  0.359164  -0.0000   0.00066670
  0.360950  -0.0000   0.00069780
  0.362691  -0.0000   0.00072890
  0.364392  -0.0000   0.00076000
  0.365808  -0.0000   0.00078640
  0.366375  -0.0000   0.00079700
  0.366666  -0.0000   0.00080290
  0.366683  -0.0000   0.00080330
  0.366701  -0.0000   0.00080370
  0.366727  -0.0000   0.00080420
  0.366767  -0.0000   0.00080510
  0.366826  -0.0000   0.00080630
  0.366914  -0.0000   0.00080820
  0.367045  -0.0000   0.00081100
  0.367240  -0.0000   0.00081520
  0.367530  -0.0000   0.00082150
  0.367957  -0.0000   0.00083100
  0.368584  -0.0000   0.00084520
  0.369499  -0.0000   0.00086650
  0.370827  -0.0000   0.00089840
  0.372507  -0.0000   0.00094030
  0.374136  -0.0000   0.00098210
  0.375721  -0.0000   0.00102400
  0.377269  -0.0000   0.00106600
  0.378783  -0.0000   0.00110800
  0.380970  -0.0000   0.00117000
  0.383098  -0.0000   0.00123200
  0.383662  -0.0000   0.00124900
  0.384202  -0.0000   0.00126600
  0.384210  -0.0000   0.00126600
  0.384222  -0.0000   0.00126600
  0.384240  -0.0000   0.00126700
  0.384266  -0.0000   0.00126800
  0.384306  -0.0000   0.00126900
  0.384366  -0.0000   0.00127100
  0.384456  -0.0000   0.00127400
  0.384589  -0.0000   0.00127800
  0.384787  -0.0000   0.00128500
  0.385080  -0.0000   0.00129500
  0.385513  -0.0000   0.00131000
  0.386149  -0.0000   0.00133300
  0.387079  -0.0000   0.00136600
  0.388429  -0.0000   0.00141700
  0.390087  -0.0000   0.00148100
  0.391697  -0.0000   0.00154500
  0.393267  -0.0000   0.00161000
  0.394801  -0.0000   0.00167400
  0.396761  -0.0000   0.00175800
  0.398674  -0.0000   0.00184300
  0.400943  -0.0000   0.00194600
  0.401370  -0.0000   0.00196500
  0.401779  -0.0000   0.00198500
  0.401803  -0.0000   0.00198600
  0.401827  -0.0000   0.00198700
  0.401851  -0.0000   0.00198800
  0.401888  -0.0000   0.00199000
  0.401942  -0.0000   0.00199300
  0.402023  -0.0000   0.00199700
  0.402144  -0.0000   0.00200300
  0.402324  -0.0000   0.00201300
  0.402591  -0.0000   0.00202700
  0.402985  -0.0000   0.00204700
  0.403566  -0.0000   0.00207900
  0.404417  -0.0000   0.00212600
  0.405656  -0.0000   0.00219600
  0.407129  -0.0000   0.00228200
  0.408564  -0.0000   0.00236800
  0.409967  -0.0000   0.00245500
  0.411748  -0.0000   0.00256700
  0.413487  -0.0000   0.00267900
  0.415610  -0.0000   0.00282100
  0.417681  -0.0000   0.00296200
  0.418461  -0.0000   0.00301500
  0.419231  -0.0000   0.00306900
  0.419242  -0.0000   0.00307000
  0.419258  -0.0000   0.00307100
  0.419283  -0.0000   0.00307300
  0.419321  -0.0000   0.00307600
  0.419377  -0.0000   0.00308000
  0.419460  -0.0000   0.00308600
  0.419585  -0.0000   0.00309600
  0.419770  -0.0000   0.00311000
  0.420045  -0.0000   0.00313200
  0.420452  -0.0000   0.00316400
  0.421050  -0.0000   0.00321200
  0.421926  -0.0000   0.00328500
  0.423203  -0.0000   0.00339400
  0.424919  -0.0000   0.00354500
  0.426588  -0.0000   0.00369600
  0.428215  -0.0000   0.00384700
  0.429806  -0.0000   0.00399800
  0.431364  -0.0000   0.00414900
  0.433637  -0.0000   0.00437600
  0.435852  -0.0000   0.00460300
  0.436415  -0.0000   0.00466100
  0.436955  -0.0000   0.00471900
  0.436963  -0.0000   0.00472000
  0.436975  -0.0000   0.00472100
  0.436993  -0.0000   0.00472300
  0.437020  -0.0000   0.00472600
  0.437061  -0.0000   0.00473100
  0.437121  -0.0000   0.00473800
  0.437212  -0.0000   0.00474800
  0.437348  -0.0000   0.00476300
  0.437549  -0.0000   0.00478700
  0.437848  -0.0000   0.00482200
  0.438290  -0.0000   0.00487400
  0.438941  -0.0000   0.00495200
  0.439894  -0.0000   0.00507000
  0.441283  -0.0000   0.00524600
  0.442985  -0.0000   0.00546900
  0.444643  -0.0000   0.00569100
  0.446262  -0.0000   0.00591400
  0.447846  -0.0000   0.00613700
  0.449958  -0.0000   0.00644100
  0.452019  -0.0000   0.00674600
  0.454436  -0.0000   0.00711400
  0.454444  -0.0000   0.00711600
  0.454458  -0.0000   0.00711800
  0.454477  -0.0000   0.00712100
  0.454507  -0.0000   0.00712600
  0.454551  -0.0000   0.00713300
  0.454618  -0.0000   0.00714400
  0.454717  -0.0000   0.00716100
  0.454864  -0.0000   0.00718500
  0.455083  -0.0000   0.00722200
  0.455408  -0.0000   0.00727800
  0.455889  -0.0000   0.00736100
  0.456595  -0.0000   0.00748500
  0.457630  -0.0000   0.00767200
  0.459138  -0.0000   0.00795200
  0.460609  -0.0000   0.00823200
  0.462048  -0.0000   0.00851200
  0.463458  -0.0000   0.00879300
  0.465517  -0.0000   0.00921300
  0.467527  -0.0000   0.00963300
  0.469874  -0.0000   0.01014000
  0.471754  -0.0000   0.01055000
  0.472076  -0.0000   0.01062000
  0.472095  -0.0000   0.01063000
  0.472115  -0.0000   0.01063000
  0.472134  -0.0000   0.01064000
  0.472163  -0.0000   0.01064000
  0.472206  -0.0000   0.01065000
  0.472270  -0.0000   0.01067000
  0.472367  -0.0000   0.01069000
  0.472510  -0.0000   0.01073000
  0.472724  -0.0000   0.01078000
  0.473041  -0.0000   0.01085000
  0.473510  -0.0000   0.01097000
  0.474202  -0.0000   0.01115000
  0.475215  -0.0000   0.01141000
  0.476694  -0.0000   0.01180000
  0.478137  -0.0000   0.01219000
  0.479551  -0.0000   0.01258000
  0.480937  -0.0000   0.01298000
  0.482962  -0.0000   0.01357000
  0.485213  -0.0000   0.01424000
  0.487409  -0.0000   0.01491000
  0.489550  -0.0000   0.01558000
  0.489557  -0.0000   0.01558000
  0.489569  -0.0000   0.01559000
  0.489587  -0.0000   0.01559000
  0.489613  -0.0000   0.01560000
  0.489653  -0.0000   0.01562000
  0.489712  -0.0000   0.01564000
  0.489801  -0.0000   0.01567000
  0.489933  -0.0000   0.01571000
  0.490129  -0.0000   0.01578000
  0.490421  -0.0000   0.01588000
  0.490853  -0.0000   0.01603000
  0.491490  -0.0000   0.01626000
  0.492425  -0.0000   0.01660000
  0.493793  -0.0000   0.01711000
  0.495597  -0.0000   0.01780000
  0.497356  -0.0000   0.01849000
  0.499075  -0.0000   0.01919000
  0.500759  -0.0000   0.01988000
  0.502973  -0.0000   0.02082000
  0.505136  -0.0000   0.02175000
  0.506153  -0.0000   0.02220000
  0.507157  -0.0000   0.02264000
  0.507171  -0.0000   0.02265000
  0.507182  -0.0000   0.02265000
  0.507193  -0.0000   0.02266000
  0.507210  -0.0000   0.02266000
  0.507235  -0.0000   0.02268000
  0.507272  -0.0000   0.02269000
  0.507328  -0.0000   0.02272000
  0.507412  -0.0000   0.02276000
  0.507536  -0.0000   0.02282000
  0.507722  -0.0000   0.02291000
  0.507998  -0.0000   0.02304000
  0.508406  -0.0000   0.02324000
  0.509010  -0.0000   0.02354000
  0.509898  -0.0000   0.02399000
  0.511198  -0.0000   0.02467000
  0.513052  -0.0000   0.02566000
  0.514859  -0.0000   0.02665000
  0.516626  -0.0000   0.02765000
  0.518356  -0.0000   0.02864000
  0.520053  -0.0000   0.02963000
  0.522533  -0.0000   0.03112000
  0.524092  -0.0000   0.03207000
  0.524594  -0.0000   0.03238000
  0.524868  -0.0000   0.03256000
  0.524936  -0.0000   0.03260000
  0.525003  -0.0000   0.03265000
  0.525071  -0.0000   0.03269000
  0.525172  -0.0000   0.03276000
  0.525322  -0.0000   0.03286000
  0.525546  -0.0000   0.03301000
  0.525878  -0.0000   0.03323000
  0.526371  -0.0000   0.03357000
  0.527098  -0.0000   0.03408000
  0.528167  -0.0000   0.03483000
  0.529728  -0.0000   0.03597000
  0.531256  -0.0000   0.03711000
  0.532752  -0.0000   0.03825000
  0.534222  -0.0000   0.03939000
  0.536372  -0.0000   0.04110000
  0.538812  -0.0000   0.04309000
  0.541194  -0.0000   0.04508000
  0.541829  -0.0000   0.04561000
  0.542437  -0.0000   0.04615000
  0.542447  -0.0000   0.04616000
  0.542461  -0.0000   0.04617000
  0.542481  -0.0000   0.04619000
  0.542513  -0.0000   0.04621000
  0.542560  -0.0000   0.04626000
  0.542630  -0.0000   0.04632000
  0.542734  -0.0000   0.04642000
  0.542891  -0.0000   0.04656000
  0.543123  -0.0000   0.04677000
  0.543469  -0.0000   0.04709000
  0.543981  -0.0000   0.04757000
  0.544736  -0.0000   0.04830000
  0.545847  -0.0000   0.04938000
  0.547471  -0.0000   0.05100000
  0.549058  -0.0000   0.05263000
  0.550615  -0.0000   0.05425000
  0.552142  -0.0000   0.05587000
  0.554378  -0.0000   0.05831000
  0.556564  -0.0000   0.06075000
  0.559261  -0.0000   0.06383000
  0.559695  -0.0000   0.06433000
  0.559955  -0.0000   0.06465000
  0.560020  -0.0000   0.06473000
  0.560085  -0.0000   0.06481000
  0.560181  -0.0000   0.06492000
  0.560326  -0.0000   0.06510000
  0.560540  -0.0000   0.06537000
  0.560860  -0.0000   0.06577000
  0.561333  -0.0000   0.06637000
  0.562033  -0.0000   0.06727000
  0.563063  -0.0000   0.06863000
  0.564572  -0.0000   0.07066000
  0.566376  -0.0000   0.07314000
  0.568140  -0.0000   0.07563000
  0.569869  -0.0000   0.07812000
  0.571566  -0.0000   0.08061000
  0.574048  -0.0000   0.08434000
  0.576473  -0.0000   0.08808000
  0.577009  -0.0000   0.08891000
  0.577522  -0.0000   0.08974000
  0.577530  -0.0000   0.08975000
  0.577541  -0.0000   0.08977000
  0.577559  -0.0000   0.08980000
  0.577586  -0.0000   0.08984000
  0.577626  -0.0000   0.08991000
  0.577685  -0.0000   0.09001000
  0.577774  -0.0000   0.09015000
  0.577907  -0.0000   0.09038000
  0.578106  -0.0000   0.09071000
  0.578401  -0.0000   0.09121000
  0.578839  -0.0000   0.09195000
  0.579488  -0.0000   0.09308000
  0.580444  -0.0000   0.09476000
  0.581846  -0.0000   0.09728000
  0.583748  -0.0000   0.10100000
  0.585607  -0.0000   0.10400000
  0.587427  -0.0000   0.10800000
  0.589212  -0.0000   0.11100000
  0.591720  -0.0000   0.11600000
  0.594171  -0.0000   0.12100000
  0.594678  -0.0000   0.12200000
  0.595032  -0.0000   0.12300000
  0.595054  -0.0000   0.12300000
  0.595076  -0.0000   0.12300000
  0.595109  -0.0000   0.12300000
  0.595158  -0.0000   0.12400000
  0.595232  -0.0000   0.12400000
  0.595342  -0.0000   0.12400000
  0.595506  -0.0000   0.12400000
  0.595750  -0.0000   0.12500000
  0.596114  -0.0000   0.12600000
  0.596652  -0.0000   0.12700000
  0.597448  -0.0000   0.12900000
  0.598619  -0.0000   0.13200000
  0.600333  -0.0000   0.13600000
  0.602010  -0.0000   0.14000000
  0.603655  -0.0000   0.14400000
  0.605271  -0.0000   0.14800000
  0.607637  -0.0000   0.15400000
  0.610409  -0.0000   0.16200000
  0.611496  -0.0000   0.16500000
  0.612553  -0.0000   0.16800000
  0.612569  -0.0000   0.16800000
  0.612581  -0.0000   0.16800000
  0.612593  -0.0000   0.16800000
  0.612611  -0.0000   0.16800000
  0.612638  -0.0000   0.16800000
  0.612679  -0.0000   0.16800000
  0.612739  -0.0000   0.16800000
  0.612830  -0.0000   0.16900000
  0.612965  -0.0000   0.16900000
  0.613167  -0.0000   0.17000000
  0.613466  -0.0000   0.17100000
  0.613912  -0.0000   0.17200000
  0.614571  -0.0000   0.17400000
  0.615543  -0.0000   0.17700000
  0.616971  -0.0000   0.18100000
  0.618903  -0.0000   0.18800000
  0.620792  -0.0000   0.19400000
  0.622644  -0.0000   0.20000000
  0.624461  -0.0000   0.20700000
  0.627119  -0.0000   0.21600000
  0.629717  -0.0000   0.22500000
  0.630141  -0.0000   0.22700000
  0.630148  -0.0000   0.22700000
  0.630155  -0.0000   0.22700000
  0.630164  -0.0000   0.22700000
  0.630179  -0.0000   0.22700000
  0.630201  -0.0000   0.22700000
  0.630234  -0.0000   0.22700000
  0.630284  -0.0000   0.22700000
  0.630358  -0.0000   0.22800000
  0.630469  -0.0000   0.22800000
  0.630635  -0.0000   0.22900000
  0.630881  -0.0000   0.23000000
  0.631248  -0.0000   0.23100000
  0.631792  -0.0000   0.23300000
  0.632597  -0.0000   0.23700000
  0.633782  -0.0000   0.24100000
  0.635518  -0.0000   0.24900000
  0.637219  -0.0000   0.25600000
  0.638887  -0.0000   0.26300000
  0.640527  -0.0000   0.27100000
  0.642930  -0.0000   0.28200000
  0.645887  -0.0000   0.29500000
  0.646804  -0.0000   0.30000000
  0.647694  -0.0000   0.30400000
  0.647708  -0.0000   0.30400000
  0.647721  -0.0000   0.30400000
  0.647735  -0.0000   0.30400000
  0.647755  -0.0000   0.30400000
  0.647786  -0.0000   0.30500000
  0.647832  -0.0000   0.30500000
  0.647900  -0.0000   0.30500000
  0.648002  -0.0000   0.30600000
  0.648155  -0.0000   0.30600000
  0.648383  -0.0000   0.30800000
  0.648722  -0.0000   0.30900000
  0.649225  -0.0000   0.31200000
  0.649970  -0.0000   0.31600000
  0.651068  -0.0000   0.32200000
  0.652679  -0.0000   0.33000000
  0.654617  -0.0000   0.34100000
  0.656516  -0.0000   0.35200000
  0.658379  -0.0000   0.36300000
  0.660209  -0.0000   0.37400000
  0.662888  -0.0000   0.39000000
  0.663883  -0.0000   0.39600000
  0.664870  -0.0000   0.40200000
  0.665216  -0.0000   0.40400000
  0.665238  -0.0000   0.40400000
  0.665259  -0.0000   0.40400000
  0.665291  -0.0000   0.40500000
  0.665340  -0.0000   0.40500000
  0.665412  -0.0000   0.40500000
  0.665520  -0.0000   0.40600000
  0.665681  -0.0000   0.40700000
  0.665922  -0.0000   0.40900000
  0.666280  -0.0000   0.41100000
  0.666811  -0.0000   0.41500000
  0.667598  -0.0000   0.42000000
  0.668757  -0.0000   0.42800000
  0.670458  -0.0000   0.44000000
  0.672412  -0.0000   0.45400000
  0.674327  -0.0000   0.46800000
  0.676205  -0.0000   0.48200000
  0.678766  -0.0000   0.50200000
  0.681271  -0.0000   0.52200000
  0.682100  -0.0000   0.52800000
  0.682761  -0.0000   0.53400000
  0.682771  -0.0000   0.53400000
  0.682781  -0.0000   0.53400000
  0.682796  -0.0000   0.53400000
  0.682819  -0.0000   0.53400000
  0.682854  -0.0000   0.53400000
  0.682905  -0.0000   0.53500000
  0.682981  -0.0000   0.53500000
  0.683096  -0.0000   0.53600000
  0.683267  -0.0000   0.53800000
  0.683522  -0.0000   0.54000000
  0.683902  -0.0000   0.54300000
  0.684465  -0.0000   0.54800000
  0.685299  -0.0000   0.55500000
  0.686528  -0.0000   0.56600000
  0.688330  -0.0000   0.58300000
  0.690096  -0.0000   0.59900000
  0.691830  -0.0000   0.61500000
  0.693535  -0.0000   0.63200000
  0.696036  -0.0000   0.65600000
  0.699243  -0.0000   0.68900000
  0.699905  -0.0000   0.69500000
  0.700302  -0.0000   0.70000000
  0.700308  -0.0000   0.70000000
  0.700315  -0.0000   0.70000000
  0.700324  -0.0000   0.70000000
  0.700338  -0.0000   0.70000000
  0.700358  -0.0000   0.70000000
  0.700389  -0.0000   0.70100000
  0.700436  -0.0000   0.70100000
  0.700506  -0.0000   0.70200000
  0.700610  -0.0000   0.70300000
  0.700766  -0.0000   0.70500000
  0.700998  -0.0000   0.70700000
  0.701344  -0.0000   0.71100000
  0.701858  -0.0000   0.71700000
  0.702620  -0.0000   0.72500000
  0.703744  -0.0000   0.73800000
  0.705395  -0.0000   0.75700000
  0.707475  -0.0000   0.78100000
  0.709512  -0.0000   0.80600000
  0.711510  -0.0000   0.83000000
  0.713474  -0.0000   0.85500000
  0.716349  -0.0000   0.89200000
  0.717207  -0.0000   0.90300000
  0.717832  -0.0000   0.91100000
  0.717842  -0.0000   0.91100000
  0.717851  -0.0000   0.91100000
  0.717866  -0.0000   0.91200000
  0.717888  -0.0000   0.91200000
  0.717920  -0.0000   0.91200000
  0.717969  -0.0000   0.91300000
  0.718041  -0.0000   0.91400000
  0.718150  -0.0000   0.91600000
  0.718313  -0.0000   0.91800000
  0.718555  -0.0000   0.92100000
  0.718916  -0.0000   0.92600000
  0.719452  -0.0000   0.93400000
  0.720246  -0.0000   0.94500000
  0.721418  -0.0000   0.96200000
  0.723138  -0.0000   0.98700000
  0.724021  -0.0000   1.00000000
  0.723999  -0.0000   1.00000000
  0.723999  -0.0000   1.00000000
  0.723999  -0.0000   1.00000000
  0.723999  -0.0000   1.00000000
  0.723999  -0.0000   1.00000000
  0.723999  -0.0000   1.00000000
  0.723999  -0.0000   1.00000000
  0.723999  -0.0000   1.00000000
  0.723999  -0.0000   1.00000000
  0.723999  -0.0000   1.00000000
  0.723999  -0.0000   1.00000000
  0.723998  -0.0000   1.00000000
  0.723998  -0.0000   1.00000000
  0.723998  -0.0000   1.00000000
  0.723997  -0.0000   1.00000000
  0.723996  -0.0000   1.00000000
  0.723995  -0.0000   1.00000000
