  0.000000  -0.0000   0.00000010
  0.000001  -0.0000   0.00000020
  0.000003  -0.0000   0.00000030
  0.000032  -0.0000   0.00000045
  0.000669  -0.0000   0.00000067
  0.005973  -0.0000   0.00000101
  0.005976  -0.0000   0.00000152
  0.005980  -0.0000   0.00000228
  0.005987  -0.0000   0.00000342
  0.005998  -0.0000   0.00000513
  0.006016  -0.0000   0.00000769
  0.006047  -0.0000   0.00001153
  0.006101  -0.0000   0.00001730
  0.006201  -0.0000   0.00002595
  0.006396  -0.0000   0.00003892
  0.006790  -0.0000   0.00005839
  0.007287  -0.0000   0.00007785
  0.007891  -0.0000   0.00009731
  0.008412  -0.0000   0.00011680
  0.008914  -0.0000   0.00013620
  0.009411  -0.0000   0.00015570
  0.010148  -0.0000   0.00018490
  0.011238  -0.0000   0.00022870
  0.012844  -0.0000   0.00029440
  0.015203  -0.0000   0.00039290
  0.018655  -0.0000   0.00054070
  0.019500  -0.0000   0.00057700
  0.020340  -0.0000   0.00061340
  0.021176  -0.0000   0.00064980
  0.022420  -0.0000   0.00070440
  0.022649  -0.0000   0.00071440
  0.022878  -0.0000   0.00072450
  0.023034  -0.0000   0.00073450
  0.023149  -0.0000   0.00074960
  0.023261  -0.0000   0.00076470
  0.023371  -0.0000   0.00077980
  0.023481  -0.0000   0.00079490
  0.023643  -0.0000   0.00081760
  0.023884  -0.0000   0.00085150
  0.024241  -0.0000   0.00090250
  0.024769  -0.0000   0.00097890
  0.025548  -0.0000   0.00109300
  0.026696  -0.0000   0.00126500
  0.028384  -0.0000   0.00152300
  0.030046  -0.0000   0.00178100
  0.031968  -0.0000   0.00208400
  0.033867  -0.0000   0.00238600
  0.036369  -0.0000   0.00279100
  0.038839  -0.0000   0.00319500
  0.041805  -0.0000   0.00368800
  0.044735  -0.0000   0.00418000
  0.048162  -0.0000   0.00476400
  0.048406  -0.0000   0.00480500
  0.048649  -0.0000   0.00484700
  0.048892  -0.0000   0.00488900
  0.049249  -0.0000   0.00495100
  0.049389  -0.0000   0.00499000
  0.049526  -0.0000   0.00502800
  0.049663  -0.0000   0.00506700
  0.049866  -0.0000   0.00512500
  0.050169  -0.0000   0.00521200
  0.050619  -0.0000   0.00534300
  0.051288  -0.0000   0.00553900
  0.052281  -0.0000   0.00583300
  0.053752  -0.0000   0.00627400
  0.055929  -0.0000   0.00693500
  0.058714  -0.0000   0.00779400
  0.061466  -0.0000   0.00865300
  0.064190  -0.0000   0.00951100
  0.068224  -0.0000   0.01080000
  0.072212  -0.0000   0.01209000
  0.073266  -0.0000   0.01243000
  0.074316  -0.0000   0.01277000
  0.075363  -0.0000   0.01311000
  0.075793  -0.0000   0.01326000
  0.076138  -0.0000   0.01342000
  0.076482  -0.0000   0.01357000
  0.076993  -0.0000   0.01380000
  0.077501  -0.0000   0.01403000
  0.078258  -0.0000   0.01438000
  0.079384  -0.0000   0.01489000
  0.081057  -0.0000   0.01567000
  0.083539  -0.0000   0.01684000
  0.087212  -0.0000   0.01858000
  0.091529  -0.0000   0.02067000
  0.095799  -0.0000   0.02275000
  0.100028  -0.0000   0.02483000
  0.100890  -0.0000   0.02525000
  0.101750  -0.0000   0.02568000
  0.102505  -0.0000   0.02610000
  0.103191  -0.0000   0.02653000
  0.103872  -0.0000   0.02695000
  0.104549  -0.0000   0.02737000
  0.105558  -0.0000   0.02801000
  0.107061  -0.0000   0.02897000
  0.109294  -0.0000   0.03040000
  0.112607  -0.0000   0.03255000
  0.117512  -0.0000   0.03578000
  0.122365  -0.0000   0.03900000
  0.127172  -0.0000   0.04223000
  0.127944  -0.0000   0.04275000
  0.128689  -0.0000   0.04327000
  0.129340  -0.0000   0.04378000
  0.129987  -0.0000   0.04430000
  0.130630  -0.0000   0.04482000
  0.131271  -0.0000   0.04534000
  0.132228  -0.0000   0.04612000
  0.133654  -0.0000   0.04729000
  0.135777  -0.0000   0.04904000
  0.138931  -0.0000   0.05166000
  0.143611  -0.0000   0.05560000
  0.149175  -0.0000   0.06034000
  0.154686  -0.0000   0.06507000
  0.155312  -0.0000   0.06565000
  0.155893  -0.0000   0.06622000
  0.156471  -0.0000   0.06679000
  0.157334  -0.0000   0.06765000
  0.158620  -0.0000   0.06894000
  0.160534  -0.0000   0.07087000
  0.163381  -0.0000   0.07376000
  0.167608  -0.0000   0.07811000
  0.173378  -0.0000   0.08411000
  0.179094  -0.0000   0.09011000
  0.180247  -0.0000   0.09132000
  0.181397  -0.0000   0.09254000
  0.182088  -0.0000   0.09334000
  0.182767  -0.0000   0.09414000
  0.183443  -0.0000   0.09494000
  0.184116  -0.0000   0.09575000
  0.185122  -0.0000   0.09695000
  0.186622  -0.0000   0.09876000
  0.188858  -0.0000   0.10100000
  0.192184  -0.0000   0.10600000
  0.197126  -0.0000   0.11200000
  0.203880  -0.0000   0.12000000
  0.205456  -0.0000   0.12200000
  0.207028  -0.0000   0.12400000
  0.208534  -0.0000   0.12600000
  0.209658  -0.0000   0.12800000
  0.210776  -0.0000   0.12900000
  0.211889  -0.0000   0.13100000
  0.212997  -0.0000   0.13200000
  0.214652  -0.0000   0.13500000
  0.217120  -0.0000   0.13800000
  0.220793  -0.0000   0.14300000
  0.226255  -0.0000   0.15100000
  0.234279  -0.0000   0.16300000
  0.235040  -0.0000   0.16400000
  0.235789  -0.0000   0.16500000
  0.236536  -0.0000   0.16600000
  0.237651  -0.0000   0.16800000
  0.239314  -0.0000   0.17100000
  0.241793  -0.0000   0.17500000
  0.245483  -0.0000   0.18100000
  0.250968  -0.0000   0.19000000
  0.258520  -0.0000   0.20300000
  0.259735  -0.0000   0.20500000
  0.260937  -0.0000   0.20700000
  0.261828  -0.0000   0.20800000
  0.262715  -0.0000   0.21000000
  0.263599  -0.0000   0.21100000
  0.264480  -0.0000   0.21300000
  0.265797  -0.0000   0.21500000
  0.267763  -0.0000   0.21900000
  0.270694  -0.0000   0.22500000
  0.275058  -0.0000   0.23300000
  0.281547  -0.0000   0.24500000
  0.283455  -0.0000   0.24800000
  0.285359  -0.0000   0.25200000
  0.287249  -0.0000   0.25600000
  0.288143  -0.0000   0.25700000
  0.289034  -0.0000   0.25900000
  0.289922  -0.0000   0.26100000
  0.290807  -0.0000   0.26300000
  0.292130  -0.0000   0.26500000
  0.294105  -0.0000   0.27000000
  0.297051  -0.0000   0.27600000
  0.301439  -0.0000   0.28500000
  0.307967  -0.0000   0.29800000
  0.309875  -0.0000   0.30200000
  0.311779  -0.0000   0.30600000
  0.313666  -0.0000   0.31000000
  0.314665  -0.0000   0.31300000
  0.315659  -0.0000   0.31500000
  0.316649  -0.0000   0.31700000
  0.317638  -0.0000   0.31900000
  0.319114  -0.0000   0.32300000
  0.321319  -0.0000   0.32800000
  0.324608  -0.0000   0.33500000
  0.329506  -0.0000   0.34700000
  0.336792  -0.0000   0.36400000
  0.338554  -0.0000   0.36800000
  0.340285  -0.0000   0.37200000
  0.341591  -0.0000   0.37500000
  0.342890  -0.0000   0.37800000
  0.344185  -0.0000   0.38100000
  0.345476  -0.0000   0.38500000
  0.347405  -0.0000   0.39000000
  0.350285  -0.0000   0.39700000
  0.354577  -0.0000   0.40800000
  0.360967  -0.0000   0.42400000
  0.362810  -0.0000   0.42900000
  0.364649  -0.0000   0.43300000
  0.366463  -0.0000   0.43800000
  0.367783  -0.0000   0.44200000
  0.369098  -0.0000   0.44500000
  0.370408  -0.0000   0.44900000
  0.371714  -0.0000   0.45200000
  0.373665  -0.0000   0.45800000
  0.376579  -0.0000   0.46600000
  0.380923  -0.0000   0.47800000
  0.387391  -0.0000   0.49600000
  0.389266  -0.0000   0.50100000
  0.391137  -0.0000   0.50600000
  0.392971  -0.0000   0.51200000
  0.394754  -0.0000   0.51700000
  0.396527  -0.0000   0.52200000
  0.398295  -0.0000   0.52700000
  0.400056  -0.0000   0.53300000
  0.403559  -0.0000   0.54300000
  0.408780  -0.0000   0.55900000
  0.416548  -0.0000   0.58200000
  0.418228  -0.0000   0.58800000
  0.419495  -0.0000   0.59200000
  0.420749  -0.0000   0.59500000
  0.421999  -0.0000   0.59900000
  0.423245  -0.0000   0.60300000
  0.425107  -0.0000   0.60900000
  0.427887  -0.0000   0.61800000
  0.432034  -0.0000   0.63200000
  0.438212  -0.0000   0.65200000
  0.440735  -0.0000   0.66000000
  0.443251  -0.0000   0.66900000
  0.445714  -0.0000   0.67700000
  0.448119  -0.0000   0.68500000
  0.450511  -0.0000   0.69400000
  0.452893  -0.0000   0.70200000
  0.455267  -0.0000   0.71000000
  0.458811  -0.0000   0.72200000
  0.464097  -0.0000   0.74100000
  0.467919  -0.0000   0.75500000
  0.471683  -0.0000   0.76800000
  0.473554  -0.0000   0.77500000
  0.475417  -0.0000   0.78200000
  0.477274  -0.0000   0.78900000
  0.479125  -0.0000   0.79600000
  0.481890  -0.0000   0.80600000
  0.486018  -0.0000   0.82200000
  0.492170  -0.0000   0.84500000
  0.494362  -0.0000   0.85300000
  0.496548  -0.0000   0.86200000
  0.497795  -0.0000   0.86600000
  0.499037  -0.0000   0.87100000
  0.500275  -0.0000   0.87600000
  0.501510  -0.0000   0.88100000
  0.503356  -0.0000   0.88900000
  0.506114  -0.0000   0.90000000
  0.510230  -0.0000   0.91600000
  0.516364  -0.0000   0.94100000
  0.519051  -0.0000   0.95200000
  0.521731  -0.0000   0.96300000
  0.523517  -0.0000   0.97000000
  0.525276  -0.0000   0.97700000
  0.527028  -0.0000   0.98500000
  0.529644  -0.0000   0.99600000
  0.530578  -0.0000   1.00000000
  0.530570  -0.0000   1.00000000
  0.530570  -0.0000   1.00000000
  0.530570  -0.0000   1.00000000
  0.530570  -0.0000   1.00000000
  0.530570  -0.0000   1.00000000
  0.530570  -0.0000   1.00000000
  0.530570  -0.0000   1.00000000
  0.530570  -0.0000   1.00000000
  0.530569  -0.0000   1.00000000
  0.530569  -0.0000   1.00000000
  0.530569  -0.0000   1.00000000
  0.530568  -0.0000   1.00000000
  0.530568  -0.0000   1.00000000
  0.530567  -0.0000   1.00000000
  0.530566  -0.0000   1.00000000
