  0.000013  -0.0000   0.00000010
  0.000042  -0.0000   0.00000017
  0.000078  -0.0000   0.00000020
  0.000212  -0.0000   0.00000023
  0.000890  -0.0000   0.00000026
  0.006382  -0.0000   0.00000028
  0.006560  -0.0000   0.00000030
  0.006782  -0.0000   0.00000032
  0.007052  -0.0000   0.00000034
  0.007416  -0.0000   0.00000036
  0.007831  -0.0000   0.00000039
  0.008293  -0.0000   0.00000041
  0.008800  -0.0000   0.00000043
  0.009353  -0.0000   0.00000045
  0.009948  -0.0000   0.00000048
  0.010598  -0.0000   0.00000050
  0.011310  -0.0000   0.00000052
  0.012089  -0.0000   0.00000054
  0.012938  -0.0000   0.00000057
  0.013856  -0.0000   0.00000059
  0.014841  -0.0000   0.00000061
  0.015888  -0.0000   0.00000063
  0.016992  -0.0000   0.00000066
  0.018145  -0.0000   0.00000068
  0.019342  -0.0000   0.00000070
  0.019474  -0.0000   0.00000070
  0.019606  -0.0000   0.00000070
  0.019738  -0.0000   0.00000071
  0.019938  -0.0000   0.00000071
  0.020145  -0.0000   0.00000071
  0.020152  -0.0000   0.00000072
  0.020156  -0.0000   0.00000072
  0.020158  -0.0000   0.00000072
  0.020160  -0.0000   0.00000072
  0.020162  -0.0000   0.00000072
  0.020165  -0.0000   0.00000072
  0.020168  -0.0000   0.00000073
  0.020173  -0.0000   0.00000073
  0.020180  -0.0000   0.00000074
  0.020189  -0.0000   0.00000076
  0.020205  -0.0000   0.00000078
  0.020231  -0.0000   0.00000081
  0.020276  -0.0000   0.00000085
  0.020361  -0.0000   0.00000092
  0.020531  -0.0000   0.00000103
  0.020695  -0.0000   0.00000111
  0.020899  -0.0000   0.00000119
  0.021148  -0.0000   0.00000127
  0.021385  -0.0000   0.00000133
  0.021661  -0.0000   0.00000140
  0.021979  -0.0000   0.00000146
  0.022355  -0.0000   0.00000153
  0.022782  -0.0000   0.00000159
  0.023261  -0.0000   0.00000166
  0.023832  -0.0000   0.00000173
  0.024468  -0.0000   0.00000180
  0.025170  -0.0000   0.00000187
  0.026085  -0.0000   0.00000196
  0.026885  -0.0000   0.00000202
  0.027751  -0.0000   0.00000209
  0.028684  -0.0000   0.00000216
  0.029818  -0.0000   0.00000223
  0.031038  -0.0000   0.00000230
  0.032345  -0.0000   0.00000238
  0.033736  -0.0000   0.00000245
  0.035209  -0.0000   0.00000253
  0.035938  -0.0000   0.00000257
  0.036355  -0.0000   0.00000258
  0.036494  -0.0000   0.00000259
  0.036536  -0.0000   0.00000260
  0.036548  -0.0000   0.00000260
  0.036557  -0.0000   0.00000261
  0.036565  -0.0000   0.00000261
  0.036577  -0.0000   0.00000262
  0.036595  -0.0000   0.00000263
  0.036622  -0.0000   0.00000265
  0.036663  -0.0000   0.00000268
  0.036724  -0.0000   0.00000272
  0.036819  -0.0000   0.00000278
  0.036970  -0.0000   0.00000288
  0.037228  -0.0000   0.00000301
  0.037602  -0.0000   0.00000319
  0.038047  -0.0000   0.00000336
  0.038573  -0.0000   0.00000353
  0.039193  -0.0000   0.00000370
  0.039741  -0.0000   0.00000383
  0.040359  -0.0000   0.00000397
  0.041052  -0.0000   0.00000410
  0.041797  -0.0000   0.00000423
  0.042623  -0.0000   0.00000436
  0.043532  -0.0000   0.00000449
  0.044528  -0.0000   0.00000462
  0.045615  -0.0000   0.00000475
  0.046794  -0.0000   0.00000488
  0.048066  -0.0000   0.00000501
  0.049430  -0.0000   0.00000514
  0.050887  -0.0000   0.00000527
  0.052432  -0.0000   0.00000540
  0.052652  -0.0000   0.00000542
  0.052873  -0.0000   0.00000544
  0.053096  -0.0000   0.00000546
  0.053282  -0.0000   0.00000548
  0.053294  -0.0000   0.00000548
  0.053304  -0.0000   0.00000548
  0.053313  -0.0000   0.00000549
  0.053325  -0.0000   0.00000550
  0.053345  -0.0000   0.00000551
  0.053374  -0.0000   0.00000552
  0.053417  -0.0000   0.00000555
  0.053481  -0.0000   0.00000558
  0.053578  -0.0000   0.00000564
  0.053726  -0.0000   0.00000571
  0.053955  -0.0000   0.00000583
  0.054327  -0.0000   0.00000601
  0.054963  -0.0000   0.00000628
  0.055696  -0.0000   0.00000655
  0.056339  -0.0000   0.00000676
  0.057057  -0.0000   0.00000697
  0.057858  -0.0000   0.00000718
  0.058886  -0.0000   0.00000743
  0.059789  -0.0000   0.00000762
  0.060776  -0.0000   0.00000781
  0.061849  -0.0000   0.00000800
  0.063165  -0.0000   0.00000822
  0.064596  -0.0000   0.00000843
  0.066141  -0.0000   0.00000865
  0.067800  -0.0000   0.00000887
  0.069567  -0.0000   0.00000908
  0.069988  -0.0000   0.00000914
  0.070000  -0.0000   0.00000914
  0.070016  -0.0000   0.00000915
  0.070038  -0.0000   0.00000916
  0.070071  -0.0000   0.00000918
  0.070121  -0.0000   0.00000921
  0.070195  -0.0000   0.00000924
  0.070307  -0.0000   0.00000930
  0.070474  -0.0000   0.00000939
  0.070729  -0.0000   0.00000952
  0.071128  -0.0000   0.00000971
  0.071779  -0.0000   0.00001001
  0.072386  -0.0000   0.00001026
  0.073046  -0.0000   0.00001051
  0.073764  -0.0000   0.00001076
  0.074584  -0.0000   0.00001102
  0.075478  -0.0000   0.00001129
  0.076451  -0.0000   0.00001155
  0.077449  -0.0000   0.00001180
  0.078526  -0.0000   0.00001205
  0.079682  -0.0000   0.00001230
  0.080971  -0.0000   0.00001256
  0.082348  -0.0000   0.00001282
  0.083814  -0.0000   0.00001308
  0.085662  -0.0000   0.00001338
  0.085911  -0.0000   0.00001342
  0.086162  -0.0000   0.00001347
  0.086415  -0.0000   0.00001351
  0.086630  -0.0000   0.00001355
  0.086652  -0.0000   0.00001356
  0.086672  -0.0000   0.00001357
  0.086692  -0.0000   0.00001358
  0.086722  -0.0000   0.00001359
  0.086767  -0.0000   0.00001362
  0.086834  -0.0000   0.00001365
  0.086935  -0.0000   0.00001370
  0.087086  -0.0000   0.00001378
  0.087312  -0.0000   0.00001390
  0.087658  -0.0000   0.00001407
  0.088198  -0.0000   0.00001433
  0.089074  -0.0000   0.00001473
  0.089781  -0.0000   0.00001503
  0.090539  -0.0000   0.00001532
  0.091350  -0.0000   0.00001562
  0.092345  -0.0000   0.00001596
  0.093420  -0.0000   0.00001630
  0.094579  -0.0000   0.00001663
  0.095833  -0.0000   0.00001697
  0.097178  -0.0000   0.00001731
  0.098614  -0.0000   0.00001765
  0.100397  -0.0000   0.00001805
  0.102299  -0.0000   0.00001844
  0.102544  -0.0000   0.00001849
  0.102791  -0.0000   0.00001854
  0.103041  -0.0000   0.00001859
  0.103255  -0.0000   0.00001864
  0.103280  -0.0000   0.00001866
  0.103305  -0.0000   0.00001867
  0.103341  -0.0000   0.00001869
  0.103397  -0.0000   0.00001872
  0.103480  -0.0000   0.00001876
  0.103604  -0.0000   0.00001883
  0.103789  -0.0000   0.00001893
  0.104067  -0.0000   0.00001907
  0.104491  -0.0000   0.00001929
  0.105153  -0.0000   0.00001963
  0.106222  -0.0000   0.00002013
  0.107385  -0.0000   0.00002063
  0.108651  -0.0000   0.00002112
  0.110030  -0.0000   0.00002162
  0.111527  -0.0000   0.00002212
  0.113149  -0.0000   0.00002262
  0.114897  -0.0000   0.00002312
  0.116773  -0.0000   0.00002362
  0.118774  -0.0000   0.00002412
  0.119061  -0.0000   0.00002419
  0.119351  -0.0000   0.00002426
  0.119644  -0.0000   0.00002433
  0.119896  -0.0000   0.00002440
  0.119927  -0.0000   0.00002441
  0.119957  -0.0000   0.00002443
  0.119987  -0.0000   0.00002445
  0.120033  -0.0000   0.00002447
  0.120102  -0.0000   0.00002451
  0.120204  -0.0000   0.00002457
  0.120357  -0.0000   0.00002465
  0.120586  -0.0000   0.00002478
  0.120932  -0.0000   0.00002497
  0.121459  -0.0000   0.00002526
  0.122286  -0.0000   0.00002569
  0.123628  -0.0000   0.00002633
  0.124792  -0.0000   0.00002686
  0.126040  -0.0000   0.00002738
  0.127377  -0.0000   0.00002790
  0.129009  -0.0000   0.00002850
  0.130765  -0.0000   0.00002909
  0.132644  -0.0000   0.00002968
  0.134646  -0.0000   0.00003027
  0.136628  -0.0000   0.00003086
  0.136645  -0.0000   0.00003087
  0.136669  -0.0000   0.00003089
  0.136704  -0.0000   0.00003091
  0.136758  -0.0000   0.00003094
  0.136839  -0.0000   0.00003099
  0.136960  -0.0000   0.00003106
  0.137141  -0.0000   0.00003116
  0.137411  -0.0000   0.00003132
  0.137820  -0.0000   0.00003156
  0.138446  -0.0000   0.00003191
  0.139431  -0.0000   0.00003245
  0.140573  -0.0000   0.00003303
  0.141789  -0.0000   0.00003362
  0.143082  -0.0000   0.00003420
  0.144484  -0.0000   0.00003479
  0.145974  -0.0000   0.00003539
  0.147554  -0.0000   0.00003598
  0.149616  -0.0000   0.00003671
  0.151812  -0.0000   0.00003743
  0.152221  -0.0000   0.00003757
  0.152635  -0.0000   0.00003770
  0.153054  -0.0000   0.00003784
  0.153268  -0.0000   0.00003790
  0.153358  -0.0000   0.00003795
  0.153444  -0.0000   0.00003801
  0.153529  -0.0000   0.00003806
  0.153615  -0.0000   0.00003811
  0.153743  -0.0000   0.00003819
  0.153934  -0.0000   0.00003830
  0.154221  -0.0000   0.00003847
  0.154653  -0.0000   0.00003873
  0.155315  -0.0000   0.00003912
  0.156349  -0.0000   0.00003970
  0.157589  -0.0000   0.00004037
  0.158900  -0.0000   0.00004103
  0.160287  -0.0000   0.00004169
  0.162147  -0.0000   0.00004252
  0.164136  -0.0000   0.00004335
  0.166257  -0.0000   0.00004418
  0.168508  -0.0000   0.00004501
  0.168859  -0.0000   0.00004514
  0.169214  -0.0000   0.00004526
  0.169571  -0.0000   0.00004539
  0.169899  -0.0000   0.00004551
  0.169946  -0.0000   0.00004554
  0.169992  -0.0000   0.00004557
  0.170040  -0.0000   0.00004560
  0.170110  -0.0000   0.00004565
  0.170217  -0.0000   0.00004571
  0.170375  -0.0000   0.00004581
  0.170612  -0.0000   0.00004596
  0.170967  -0.0000   0.00004619
  0.171505  -0.0000   0.00004653
  0.172332  -0.0000   0.00004704
  0.173633  -0.0000   0.00004780
  0.174800  -0.0000   0.00004845
  0.176022  -0.0000   0.00004911
  0.177303  -0.0000   0.00004976
  0.178899  -0.0000   0.00005053
  0.180582  -0.0000   0.00005130
  0.182353  -0.0000   0.00005207
  0.184386  -0.0000   0.00005291
  0.186523  -0.0000   0.00005375
  0.186653  -0.0000   0.00005382
  0.186677  -0.0000   0.00005383
  0.186700  -0.0000   0.00005385
  0.186735  -0.0000   0.00005387
  0.186788  -0.0000   0.00005390
  0.186868  -0.0000   0.00005396
  0.186986  -0.0000   0.00005403
  0.187164  -0.0000   0.00005415
  0.187430  -0.0000   0.00005433
  0.187829  -0.0000   0.00005459
  0.188434  -0.0000   0.00005499
  0.189365  -0.0000   0.00005558
  0.190832  -0.0000   0.00005647
  0.192378  -0.0000   0.00005736
  0.194009  -0.0000   0.00005826
  0.195729  -0.0000   0.00005915
  0.197763  -0.0000   0.00006014
  0.199911  -0.0000   0.00006113
  0.202173  -0.0000   0.00006213
  0.202464  -0.0000   0.00006226
  0.202757  -0.0000   0.00006238
  0.203052  -0.0000   0.00006251
  0.203427  -0.0000   0.00006270
  0.203496  -0.0000   0.00006275
  0.203599  -0.0000   0.00006282
  0.203755  -0.0000   0.00006293
  0.203911  -0.0000   0.00006303
  0.204143  -0.0000   0.00006319
  0.204492  -0.0000   0.00006344
  0.205020  -0.0000   0.00006380
  0.205825  -0.0000   0.00006434
  0.207078  -0.0000   0.00006515
  0.208483  -0.0000   0.00006603
  0.209953  -0.0000   0.00006690
  0.211491  -0.0000   0.00006778
  0.213363  -0.0000   0.00006879
  0.215330  -0.0000   0.00006980
  0.217393  -0.0000   0.00007081
  0.219495  -0.0000   0.00007180
  0.219701  -0.0000   0.00007189
  0.219909  -0.0000   0.00007199
  0.220116  -0.0000   0.00007208
  0.220166  -0.0000   0.00007212
  0.220241  -0.0000   0.00007218
  0.220355  -0.0000   0.00007226
  0.220469  -0.0000   0.00007234
  0.220639  -0.0000   0.00007246
  0.220894  -0.0000   0.00007264
  0.221276  -0.0000   0.00007292
  0.221854  -0.0000   0.00007333
  0.222736  -0.0000   0.00007395
  0.224109  -0.0000   0.00007488
  0.225636  -0.0000   0.00007587
  0.227233  -0.0000   0.00007685
  0.228901  -0.0000   0.00007784
  0.231235  -0.0000   0.00007915
  0.233700  -0.0000   0.00008046
  0.235757  -0.0000   0.00008150
  0.236066  -0.0000   0.00008166
  0.236376  -0.0000   0.00008181
  0.236689  -0.0000   0.00008197
  0.236899  -0.0000   0.00008209
  0.236938  -0.0000   0.00008212
  0.236977  -0.0000   0.00008215
  0.237036  -0.0000   0.00008219
  0.237124  -0.0000   0.00008226
  0.237257  -0.0000   0.00008235
  0.237456  -0.0000   0.00008250
  0.237753  -0.0000   0.00008273
  0.238200  -0.0000   0.00008306
  0.238877  -0.0000   0.00008356
  0.239914  -0.0000   0.00008431
  0.241535  -0.0000   0.00008544
  0.243555  -0.0000   0.00008677
  0.245683  -0.0000   0.00008810
  0.247923  -0.0000   0.00008944
  0.250276  -0.0000   0.00009077
  0.252743  -0.0000   0.00009210
  0.252977  -0.0000   0.00009223
  0.253212  -0.0000   0.00009235
  0.253447  -0.0000   0.00009248
  0.253738  -0.0000   0.00009267
  0.253799  -0.0000   0.00009271
  0.253890  -0.0000   0.00009279
  0.254027  -0.0000   0.00009289
  0.254233  -0.0000   0.00009305
  0.254541  -0.0000   0.00009329
  0.255003  -0.0000   0.00009365
  0.255703  -0.0000   0.00009419
  0.256775  -0.0000   0.00009499
  0.258447  -0.0000   0.00009620
  0.260467  -0.0000   0.00009760
  0.262587  -0.0000   0.00009899
  0.264752  -0.0000   0.00010040
  0.266383  -0.0000   0.00010150
  0.267959  -0.0000   0.00010260
  0.269486  -0.0000   0.00010370
  0.269763  -0.0000   0.00010380
  0.270038  -0.0000   0.00010400
  0.270311  -0.0000   0.00010420
  0.270502  -0.0000   0.00010440
  0.270541  -0.0000   0.00010450
  0.270581  -0.0000   0.00010450
  0.270640  -0.0000   0.00010460
  0.270729  -0.0000   0.00010460
  0.270862  -0.0000   0.00010480
  0.271058  -0.0000   0.00010500
  0.271347  -0.0000   0.00010530
  0.271771  -0.0000   0.00010580
  0.272392  -0.0000   0.00010650
  0.273295  -0.0000   0.00010750
  0.274377  -0.0000   0.00010880
  0.275428  -0.0000   0.00011010
  0.276453  -0.0000   0.00011140
  0.277859  -0.0000   0.00011330
  0.279223  -0.0000   0.00011510
  0.280959  -0.0000   0.00011760
  0.282634  -0.0000   0.00012000
  0.284255  -0.0000   0.00012250
  0.285825  -0.0000   0.00012490
  0.286487  -0.0000   0.00012600
  0.287141  -0.0000   0.00012700
  0.287389  -0.0000   0.00012740
  0.287434  -0.0000   0.00012750
  0.287479  -0.0000   0.00012760
  0.287547  -0.0000   0.00012780
  0.287649  -0.0000   0.00012800
  0.287801  -0.0000   0.00012830
  0.288025  -0.0000   0.00012880
  0.288356  -0.0000   0.00012960
  0.288841  -0.0000   0.00013070
  0.289549  -0.0000   0.00013240
  0.290578  -0.0000   0.00013500
  0.291578  -0.0000   0.00013760
  0.292553  -0.0000   0.00014020
  0.293506  -0.0000   0.00014270
  0.294891  -0.0000   0.00014660
  0.296650  -0.0000   0.00015170
  0.298348  -0.0000   0.00015680
  0.299989  -0.0000   0.00016190
  0.301580  -0.0000   0.00016700
  0.303125  -0.0000   0.00017200
  0.303511  -0.0000   0.00017330
  0.303894  -0.0000   0.00017460
  0.304274  -0.0000   0.00017590
  0.304448  -0.0000   0.00017660
  0.304487  -0.0000   0.00017680
  0.304527  -0.0000   0.00017690
  0.304585  -0.0000   0.00017720
  0.304673  -0.0000   0.00017760
  0.304804  -0.0000   0.00017820
  0.304998  -0.0000   0.00017910
  0.305284  -0.0000   0.00018040
  0.305706  -0.0000   0.00018250
  0.306324  -0.0000   0.00018550
  0.307225  -0.0000   0.00019000
  0.308377  -0.0000   0.00019600
  0.309496  -0.0000   0.00020200
  0.310587  -0.0000   0.00020790
  0.311651  -0.0000   0.00021390
  0.313194  -0.0000   0.00022290
  0.315092  -0.0000   0.00023440
  0.316922  -0.0000   0.00024580
  0.318693  -0.0000   0.00025730
  0.320411  -0.0000   0.00026880
  0.320777  -0.0000   0.00027120
  0.321140  -0.0000   0.00027370
  0.321458  -0.0000   0.00027610
  0.321484  -0.0000   0.00027640
  0.321523  -0.0000   0.00027670
  0.321581  -0.0000   0.00027720
  0.321669  -0.0000   0.00027800
  0.321799  -0.0000   0.00027920
  0.321991  -0.0000   0.00028090
  0.322276  -0.0000   0.00028360
  0.322697  -0.0000   0.00028750
  0.323313  -0.0000   0.00029340
  0.324211  -0.0000   0.00030220
  0.325404  -0.0000   0.00031440
  0.326562  -0.0000   0.00032650
  0.327690  -0.0000   0.00033860
  0.328791  -0.0000   0.00035080
  0.330386  -0.0000   0.00036890
  0.332283  -0.0000   0.00039140
  0.334115  -0.0000   0.00041390
  0.335890  -0.0000   0.00043630
  0.337615  -0.0000   0.00045880
  0.337925  -0.0000   0.00046280
  0.338234  -0.0000   0.00046690
  0.338495  -0.0000   0.00047100
  0.338555  -0.0000   0.00047200
  0.338645  -0.0000   0.00047350
  0.338779  -0.0000   0.00047580
  0.338978  -0.0000   0.00047920
  0.339272  -0.0000   0.00048430
  0.339706  -0.0000   0.00049200
  0.340343  -0.0000   0.00050360
  0.341271  -0.0000   0.00052090
  0.342484  -0.0000   0.00054430
  0.343663  -0.0000   0.00056770
  0.344811  -0.0000   0.00059110
  0.345931  -0.0000   0.00061450
  0.347556  -0.0000   0.00064960
  0.349474  -0.0000   0.00069250
  0.351329  -0.0000   0.00073550
  0.353129  -0.0000   0.00077850
  0.354879  -0.0000   0.00082150
  0.355136  -0.0000   0.00082780
  0.355382  -0.0000   0.00083410
  0.355433  -0.0000   0.00083570
  0.355509  -0.0000   0.00083810
  0.355624  -0.0000   0.00084160
  0.355794  -0.0000   0.00084700
  0.356046  -0.0000   0.00085500
  0.356417  -0.0000   0.00086700
  0.356964  -0.0000   0.00088500
  0.357763  -0.0000   0.00091200
  0.358924  -0.0000   0.00095250
  0.360053  -0.0000   0.00099300
  0.361153  -0.0000   0.00103400
  0.362228  -0.0000   0.00107400
  0.363788  -0.0000   0.00113500
  0.365691  -0.0000   0.00121200
  0.367533  -0.0000   0.00128900
  0.369322  -0.0000   0.00136600
  0.371063  -0.0000   0.00144200
  0.371732  -0.0000   0.00147200
  0.372381  -0.0000   0.00150200
  0.372414  -0.0000   0.00150400
  0.372465  -0.0000   0.00150700
  0.372540  -0.0000   0.00151100
  0.372653  -0.0000   0.00151700
  0.372821  -0.0000   0.00152700
  0.373070  -0.0000   0.00154100
  0.373437  -0.0000   0.00156200
  0.373978  -0.0000   0.00159400
  0.374770  -0.0000   0.00164200
  0.375921  -0.0000   0.00171400
  0.377042  -0.0000   0.00178600
  0.378134  -0.0000   0.00185800
  0.379201  -0.0000   0.00192900
  0.380753  -0.0000   0.00203700
  0.382714  -0.0000   0.00217800
  0.384614  -0.0000   0.00232000
  0.386459  -0.0000   0.00246100
  0.388256  -0.0000   0.00260200
  0.388737  -0.0000   0.00264000
  0.389216  -0.0000   0.00267800
  0.389453  -0.0000   0.00270000
  0.389509  -0.0000   0.00270500
  0.389564  -0.0000   0.00271000
  0.389647  -0.0000   0.00271900
  0.389770  -0.0000   0.00273100
  0.389953  -0.0000   0.00274900
  0.390225  -0.0000   0.00277600
  0.390627  -0.0000   0.00281700
  0.391218  -0.0000   0.00287800
  0.392082  -0.0000   0.00297000
  0.393338  -0.0000   0.00310700
  0.394558  -0.0000   0.00324500
  0.395747  -0.0000   0.00338200
  0.396908  -0.0000   0.00352000
  0.398595  -0.0000   0.00372600
  0.400551  -0.0000   0.00397400
  0.402450  -0.0000   0.00422100
  0.404297  -0.0000   0.00446800
  0.406098  -0.0000   0.00471600
  0.406325  -0.0000   0.00474800
  0.406338  -0.0000   0.00475000
  0.406350  -0.0000   0.00475200
  0.406368  -0.0000   0.00475500
  0.406396  -0.0000   0.00476000
  0.406438  -0.0000   0.00476700
  0.406500  -0.0000   0.00477700
  0.406593  -0.0000   0.00479200
  0.406731  -0.0000   0.00481600
  0.406937  -0.0000   0.00485000
  0.407241  -0.0000   0.00490200
  0.407691  -0.0000   0.00498000
  0.408352  -0.0000   0.00509700
  0.409317  -0.0000   0.00527200
  0.410716  -0.0000   0.00553500
  0.412073  -0.0000   0.00579800
  0.413393  -0.0000   0.00606100
  0.414682  -0.0000   0.00632400
  0.416542  -0.0000   0.00671600
  0.418350  -0.0000   0.00710900
  0.420111  -0.0000   0.00750100
  0.421830  -0.0000   0.00789300
  0.422404  -0.0000   0.00802500
  0.422973  -0.0000   0.00815700
  0.423357  -0.0000   0.00825200
  0.423378  -0.0000   0.00825800
  0.423400  -0.0000   0.00826400
  0.423433  -0.0000   0.00827300
  0.423481  -0.0000   0.00828600
  0.423554  -0.0000   0.00830600
  0.423662  -0.0000   0.00833600
  0.423823  -0.0000   0.00838200
  0.424063  -0.0000   0.00844900
  0.424418  -0.0000   0.00855100
  0.424941  -0.0000   0.00870300
  0.425708  -0.0000   0.00893200
  0.426826  -0.0000   0.00927500
  0.428272  -0.0000   0.00973300
  0.429675  -0.0000   0.01019000
  0.431043  -0.0000   0.01065000
  0.432379  -0.0000   0.01111000
  0.434321  -0.0000   0.01180000
  0.436209  -0.0000   0.01248000
  0.438048  -0.0000   0.01317000
  0.439844  -0.0000   0.01386000
  0.440117  -0.0000   0.01396000
  0.440364  -0.0000   0.01407000
  0.440422  -0.0000   0.01409000
  0.440538  -0.0000   0.01415000
  0.440768  -0.0000   0.01425000
  0.441108  -0.0000   0.01441000
  0.441610  -0.0000   0.01464000
  0.442345  -0.0000   0.01500000
  0.443507  -0.0000   0.01558000
  0.444638  -0.0000   0.01615000
  0.445742  -0.0000   0.01673000
  0.447295  -0.0000   0.01756000
  0.448807  -0.0000   0.01840000
  0.450691  -0.0000   0.01947000
  0.452525  -0.0000   0.02055000
  0.454314  -0.0000   0.02162000
  0.456061  -0.0000   0.02270000
  0.456526  -0.0000   0.02298000
  0.456988  -0.0000   0.02327000
  0.457406  -0.0000   0.02356000
  0.457431  -0.0000   0.02358000
  0.457468  -0.0000   0.02360000
  0.457524  -0.0000   0.02364000
  0.457607  -0.0000   0.02371000
  0.457732  -0.0000   0.02380000
  0.457917  -0.0000   0.02393000
  0.458191  -0.0000   0.02414000
  0.458598  -0.0000   0.02444000
  0.459196  -0.0000   0.02491000
  0.460074  -0.0000   0.02560000
  0.461350  -0.0000   0.02663000
  0.462891  -0.0000   0.02793000
  0.464390  -0.0000   0.02922000
  0.465852  -0.0000   0.03051000
  0.467280  -0.0000   0.03181000
  0.469266  -0.0000   0.03366000
  0.471200  -0.0000   0.03551000
  0.473088  -0.0000   0.03736000
  0.473617  -0.0000   0.03788000
  0.474142  -0.0000   0.03840000
  0.474369  -0.0000   0.03866000
  0.474425  -0.0000   0.03872000
  0.474481  -0.0000   0.03878000
  0.474565  -0.0000   0.03888000
  0.474689  -0.0000   0.03902000
  0.474875  -0.0000   0.03924000
  0.475150  -0.0000   0.03956000
  0.475558  -0.0000   0.04005000
  0.476159  -0.0000   0.04078000
  0.477039  -0.0000   0.04187000
  0.478321  -0.0000   0.04351000
  0.479905  -0.0000   0.04560000
  0.481446  -0.0000   0.04769000
  0.482948  -0.0000   0.04978000
  0.484417  -0.0000   0.05188000
  0.486357  -0.0000   0.05472000
  0.488249  -0.0000   0.05756000
  0.490097  -0.0000   0.06040000
  0.490625  -0.0000   0.06121000
  0.491150  -0.0000   0.06203000
  0.491365  -0.0000   0.06241000
  0.491579  -0.0000   0.06280000
  0.491791  -0.0000   0.06318000
  0.492001  -0.0000   0.06356000
  0.492313  -0.0000   0.06413000
  0.492775  -0.0000   0.06499000
  0.493454  -0.0000   0.06628000
  0.494448  -0.0000   0.06821000
  0.495894  -0.0000   0.07111000
  0.497517  -0.0000   0.07447000
  0.499097  -0.0000   0.07783000
  0.500640  -0.0000   0.08119000
  0.502149  -0.0000   0.08455000
  0.504109  -0.0000   0.08903000
  0.506021  -0.0000   0.09351000
  0.507892  -0.0000   0.09799000
  0.508323  -0.0000   0.09910000
  0.508349  -0.0000   0.09917000
  0.508387  -0.0000   0.09928000
  0.508445  -0.0000   0.09944000
  0.508532  -0.0000   0.10000000
  0.508661  -0.0000   0.10000000
  0.508853  -0.0000   0.10100000
  0.509138  -0.0000   0.10100000
  0.509560  -0.0000   0.10300000
  0.510182  -0.0000   0.10400000
  0.511093  -0.0000   0.10700000
  0.512421  -0.0000   0.11100000
  0.514097  -0.0000   0.11600000
  0.515728  -0.0000   0.12200000
  0.517319  -0.0000   0.12700000
  0.518875  -0.0000   0.13200000
  0.520738  -0.0000   0.13900000
  0.522560  -0.0000   0.14500000
  0.524599  -0.0000   0.15200000
  0.524936  -0.0000   0.15400000
  0.525250  -0.0000   0.15500000
  0.525269  -0.0000   0.15500000
  0.525297  -0.0000   0.15500000
  0.525339  -0.0000   0.15500000
  0.525402  -0.0000   0.15500000
  0.525497  -0.0000   0.15600000
  0.525637  -0.0000   0.15600000
  0.525846  -0.0000   0.15700000
  0.526157  -0.0000   0.15900000
  0.526616  -0.0000   0.16100000
  0.527292  -0.0000   0.16400000
  0.528282  -0.0000   0.16800000
  0.529723  -0.0000   0.17500000
  0.531394  -0.0000   0.18300000
  0.533022  -0.0000   0.19100000
  0.534612  -0.0000   0.19800000
  0.536169  -0.0000   0.20600000
  0.538061  -0.0000   0.21600000
  0.539913  -0.0000   0.22600000
  0.541984  -0.0000   0.23800000
  0.542224  -0.0000   0.23900000
  0.542238  -0.0000   0.23900000
  0.542253  -0.0000   0.23900000
  0.542274  -0.0000   0.23900000
  0.542307  -0.0000   0.23900000
  0.542356  -0.0000   0.24000000
  0.542429  -0.0000   0.24000000
  0.542538  -0.0000   0.24100000
  0.542701  -0.0000   0.24200000
  0.542942  -0.0000   0.24300000
  0.543301  -0.0000   0.24600000
  0.543830  -0.0000   0.24900000
  0.544609  -0.0000   0.25400000
  0.545747  -0.0000   0.26200000
  0.547400  -0.0000   0.27300000
  0.549009  -0.0000   0.28500000
  0.550580  -0.0000   0.29600000
  0.552117  -0.0000   0.30800000
  0.553623  -0.0000   0.31900000
  0.555645  -0.0000   0.33500000
  0.557621  -0.0000   0.35100000
  0.558478  -0.0000   0.35800000
  0.559290  -0.0000   0.36500000
  0.559302  -0.0000   0.36500000
  0.559320  -0.0000   0.36500000
  0.559347  -0.0000   0.36500000
  0.559387  -0.0000   0.36500000
  0.559448  -0.0000   0.36600000
  0.559538  -0.0000   0.36700000
  0.559673  -0.0000   0.36800000
  0.559874  -0.0000   0.37000000
  0.560172  -0.0000   0.37300000
  0.560614  -0.0000   0.37700000
  0.561265  -0.0000   0.38300000
  0.562220  -0.0000   0.39200000
  0.563613  -0.0000   0.40600000
  0.565413  -0.0000   0.42500000
  0.567165  -0.0000   0.44400000
  0.568876  -0.0000   0.46200000
  0.570551  -0.0000   0.48100000
  0.572192  -0.0000   0.50000000
  0.574236  -0.0000   0.52400000
  0.575689  -0.0000   0.54100000
  0.576031  -0.0000   0.54500000
  0.576274  -0.0000   0.54800000
  0.576334  -0.0000   0.54900000
  0.576394  -0.0000   0.55000000
  0.576484  -0.0000   0.55100000
  0.576618  -0.0000   0.55300000
  0.576818  -0.0000   0.55500000
  0.577115  -0.0000   0.55900000
  0.577555  -0.0000   0.56500000
  0.578203  -0.0000   0.57400000
  0.579155  -0.0000   0.58800000
  0.580543  -0.0000   0.60800000
  0.582072  -0.0000   0.63100000
  0.583566  -0.0000   0.65400000
  0.585030  -0.0000   0.67700000
  0.586809  -0.0000   0.70500000
  0.588552  -0.0000   0.73400000
  0.590569  -0.0000   0.76800000
  0.592544  -0.0000   0.80100000
  0.592871  -0.0000   0.80700000
  0.593178  -0.0000   0.81300000
  0.593196  -0.0000   0.81300000
  0.593224  -0.0000   0.81300000
  0.593266  -0.0000   0.81400000
  0.593329  -0.0000   0.81500000
  0.593422  -0.0000   0.81700000
  0.593562  -0.0000   0.82000000
  0.593770  -0.0000   0.82400000
  0.594079  -0.0000   0.83000000
  0.594536  -0.0000   0.83900000
  0.595210  -0.0000   0.85200000
  0.596199  -0.0000   0.87300000
  0.597641  -0.0000   0.90300000
  0.599433  -0.0000   0.94200000
  0.601179  -0.0000   0.98100000
  0.602042  -0.0000   1.00000000
  0.601936  -0.0000   1.00000000
  0.601936  -0.0000   1.00000000
  0.601936  -0.0000   1.00000000
  0.601936  -0.0000   1.00000000
  0.601936  -0.0000   1.00000000
  0.601936  -0.0000   1.00000000
  0.601936  -0.0000   1.00000000
  0.601936  -0.0000   1.00000000
  0.601936  -0.0000   1.00000000
  0.601936  -0.0000   1.00000000
  0.601936  -0.0000   1.00000000
  0.601936  -0.0000   1.00000000
  0.601935  -0.0000   1.00000000
  0.601935  -0.0000   1.00000000
  0.601934  -0.0000   1.00000000
  0.601934  -0.0000   1.00000000
