  0.000001  -0.0000   0.00000010
  0.000002  -0.0000   0.00000020
  0.000004  -0.0000   0.00000030
  0.000048  -0.0000   0.00000045
  0.001004  -0.0000   0.00000067
  0.005976  -0.0000   0.00000101
  0.005980  -0.0000   0.00000152
  0.005986  -0.0000   0.00000228
  0.005996  -0.0000   0.00000342
  0.006012  -0.0000   0.00000513
  0.006037  -0.0000   0.00000769
  0.006078  -0.0000   0.00001153
  0.006148  -0.0000   0.00001730
  0.006272  -0.0000   0.00002595
  0.006503  -0.0000   0.00003892
  0.006952  -0.0000   0.00005839
  0.007507  -0.0000   0.00007785
  0.008170  -0.0000   0.00009731
  0.008706  -0.0000   0.00011680
  0.009215  -0.0000   0.00013620
  0.009721  -0.0000   0.00015570
  0.010471  -0.0000   0.00018490
  0.011583  -0.0000   0.00022870
  0.013227  -0.0000   0.00029440
  0.015649  -0.0000   0.00039290
  0.019209  -0.0000   0.00054070
  0.019605  -0.0000   0.00055720
  0.020001  -0.0000   0.00057370
  0.020396  -0.0000   0.00059020
  0.020986  -0.0000   0.00061500
  0.021868  -0.0000   0.00065210
  0.022370  -0.0000   0.00067330
  0.022745  -0.0000   0.00069450
  0.022861  -0.0000   0.00070990
  0.022975  -0.0000   0.00072530
  0.023087  -0.0000   0.00074070
  0.023252  -0.0000   0.00076380
  0.023498  -0.0000   0.00079850
  0.023860  -0.0000   0.00085040
  0.024220  -0.0000   0.00090240
  0.024753  -0.0000   0.00098030
  0.025543  -0.0000   0.00109700
  0.026711  -0.0000   0.00127300
  0.028435  -0.0000   0.00153600
  0.030650  -0.0000   0.00187900
  0.032838  -0.0000   0.00222200
  0.035001  -0.0000   0.00256600
  0.037143  -0.0000   0.00290900
  0.040316  -0.0000   0.00342400
  0.044202  -0.0000   0.00406400
  0.048036  -0.0000   0.00470400
  0.048244  -0.0000   0.00473800
  0.048451  -0.0000   0.00477300
  0.048657  -0.0000   0.00480800
  0.048916  -0.0000   0.00486000
  0.049111  -0.0000   0.00491400
  0.049304  -0.0000   0.00496900
  0.049496  -0.0000   0.00502400
  0.049687  -0.0000   0.00507900
  0.049972  -0.0000   0.00516100
  0.050396  -0.0000   0.00528400
  0.051028  -0.0000   0.00546900
  0.051967  -0.0000   0.00574600
  0.053362  -0.0000   0.00616200
  0.055431  -0.0000   0.00678700
  0.058496  -0.0000   0.00772300
  0.061526  -0.0000   0.00865900
  0.064529  -0.0000   0.00959500
  0.067506  -0.0000   0.01053000
  0.071925  -0.0000   0.01194000
  0.072553  -0.0000   0.01214000
  0.073181  -0.0000   0.01234000
  0.073807  -0.0000   0.01254000
  0.074745  -0.0000   0.01284000
  0.075140  -0.0000   0.01298000
  0.075467  -0.0000   0.01313000
  0.075791  -0.0000   0.01327000
  0.076274  -0.0000   0.01349000
  0.076994  -0.0000   0.01381000
  0.078066  -0.0000   0.01430000
  0.079659  -0.0000   0.01503000
  0.082025  -0.0000   0.01613000
  0.085532  -0.0000   0.01778000
  0.089924  -0.0000   0.01986000
  0.094273  -0.0000   0.02195000
  0.098585  -0.0000   0.02403000
  0.099350  -0.0000   0.02441000
  0.100113  -0.0000   0.02478000
  0.100875  -0.0000   0.02515000
  0.101461  -0.0000   0.02547000
  0.101982  -0.0000   0.02579000
  0.102501  -0.0000   0.02611000
  0.103274  -0.0000   0.02659000
  0.104043  -0.0000   0.02707000
  0.105190  -0.0000   0.02779000
  0.106899  -0.0000   0.02888000
  0.109440  -0.0000   0.03050000
  0.113216  -0.0000   0.03294000
  0.118815  -0.0000   0.03659000
  0.124360  -0.0000   0.04025000
  0.125506  -0.0000   0.04100000
  0.126650  -0.0000   0.04176000
  0.127732  -0.0000   0.04252000
  0.128402  -0.0000   0.04305000
  0.129068  -0.0000   0.04358000
  0.129731  -0.0000   0.04412000
  0.130392  -0.0000   0.04465000
  0.131379  -0.0000   0.04545000
  0.132852  -0.0000   0.04665000
  0.135046  -0.0000   0.04844000
  0.138312  -0.0000   0.05114000
  0.143163  -0.0000   0.05518000
  0.149656  -0.0000   0.06065000
  0.151096  -0.0000   0.06187000
  0.152531  -0.0000   0.06308000
  0.153928  -0.0000   0.06430000
  0.154562  -0.0000   0.06492000
  0.155193  -0.0000   0.06554000
  0.155822  -0.0000   0.06616000
  0.156449  -0.0000   0.06678000
  0.157386  -0.0000   0.06772000
  0.158784  -0.0000   0.06912000
  0.160870  -0.0000   0.07121000
  0.163975  -0.0000   0.07436000
  0.168594  -0.0000   0.07908000
  0.175452  -0.0000   0.08617000
  0.177104  -0.0000   0.08788000
  0.178753  -0.0000   0.08959000
  0.180346  -0.0000   0.09130000
  0.181101  -0.0000   0.09219000
  0.181853  -0.0000   0.09307000
  0.182603  -0.0000   0.09396000
  0.183350  -0.0000   0.09485000
  0.184466  -0.0000   0.09618000
  0.186133  -0.0000   0.09818000
  0.188618  -0.0000   0.10100000
  0.192320  -0.0000   0.10600000
  0.197826  -0.0000   0.11200000
  0.205280  -0.0000   0.12200000
  0.206052  -0.0000   0.12300000
  0.206766  -0.0000   0.12400000
  0.207461  -0.0000   0.12400000
  0.208499  -0.0000   0.12600000
  0.209532  -0.0000   0.12700000
  0.211076  -0.0000   0.12900000
  0.213377  -0.0000   0.13300000
  0.216806  -0.0000   0.13800000
  0.221908  -0.0000   0.14500000
  0.229488  -0.0000   0.15600000
  0.230653  -0.0000   0.15700000
  0.231815  -0.0000   0.15900000
  0.232930  -0.0000   0.16100000
  0.234094  -0.0000   0.16300000
  0.235252  -0.0000   0.16400000
  0.236406  -0.0000   0.16600000
  0.237556  -0.0000   0.16800000
  0.239275  -0.0000   0.17100000
  0.241840  -0.0000   0.17500000
  0.245663  -0.0000   0.18100000
  0.251355  -0.0000   0.19000000
  0.254575  -0.0000   0.19600000
  0.257784  -0.0000   0.20100000
  0.258793  -0.0000   0.20300000
  0.259739  -0.0000   0.20400000
  0.260681  -0.0000   0.20600000
  0.261620  -0.0000   0.20800000
  0.262556  -0.0000   0.21000000
  0.263956  -0.0000   0.21200000
  0.266046  -0.0000   0.21600000
  0.269165  -0.0000   0.22200000
  0.273812  -0.0000   0.23000000
  0.280728  -0.0000   0.24300000
  0.282169  -0.0000   0.24600000
  0.283608  -0.0000   0.24800000
  0.285029  -0.0000   0.25100000
  0.285923  -0.0000   0.25300000
  0.286814  -0.0000   0.25500000
  0.287702  -0.0000   0.25600000
  0.288588  -0.0000   0.25800000
  0.289912  -0.0000   0.26100000
  0.291891  -0.0000   0.26500000
  0.294844  -0.0000   0.27100000
  0.299247  -0.0000   0.28000000
  0.305804  -0.0000   0.29300000
  0.307469  -0.0000   0.29700000
  0.309130  -0.0000   0.30000000
  0.310789  -0.0000   0.30400000
  0.311659  -0.0000   0.30600000
  0.312515  -0.0000   0.30800000
  0.313368  -0.0000   0.31000000
  0.314644  -0.0000   0.31200000
  0.316550  -0.0000   0.31700000
  0.319394  -0.0000   0.32300000
  0.323633  -0.0000   0.33300000
  0.329947  -0.0000   0.34700000
  0.332492  -0.0000   0.35300000
  0.335032  -0.0000   0.35900000
  0.337538  -0.0000   0.36500000
  0.338575  -0.0000   0.36700000
  0.339608  -0.0000   0.37000000
  0.340639  -0.0000   0.37200000
  0.341667  -0.0000   0.37500000
  0.343204  -0.0000   0.37900000
  0.345501  -0.0000   0.38400000
  0.348929  -0.0000   0.39300000
  0.354042  -0.0000   0.40600000
  0.361656  -0.0000   0.42500000
  0.362831  -0.0000   0.42800000
  0.363967  -0.0000   0.43100000
  0.365079  -0.0000   0.43400000
  0.366739  -0.0000   0.43800000
  0.368393  -0.0000   0.44300000
  0.370863  -0.0000   0.44900000
  0.374548  -0.0000   0.45900000
  0.380043  -0.0000   0.47500000
  0.388223  -0.0000   0.49700000
  0.389407  -0.0000   0.50000000
  0.390537  -0.0000   0.50400000
  0.391663  -0.0000   0.50700000
  0.392786  -0.0000   0.51000000
  0.393906  -0.0000   0.51300000
  0.395580  -0.0000   0.51800000
  0.398082  -0.0000   0.52600000
  0.401817  -0.0000   0.53700000
  0.407388  -0.0000   0.55300000
  0.414246  -0.0000   0.57400000
  0.415508  -0.0000   0.57800000
  0.416718  -0.0000   0.58200000
  0.417924  -0.0000   0.58500000
  0.419127  -0.0000   0.58900000
  0.420327  -0.0000   0.59300000
  0.422121  -0.0000   0.59900000
  0.424803  -0.0000   0.60700000
  0.428805  -0.0000   0.62000000
  0.434774  -0.0000   0.63900000
  0.437575  -0.0000   0.64800000
  0.440369  -0.0000   0.65700000
  0.441965  -0.0000   0.66300000
  0.443517  -0.0000   0.66800000
  0.445064  -0.0000   0.67300000
  0.446606  -0.0000   0.67800000
  0.448144  -0.0000   0.68400000
  0.450444  -0.0000   0.69100000
  0.453879  -0.0000   0.70300000
  0.459006  -0.0000   0.72100000
  0.466648  -0.0000   0.74800000
  0.467948  -0.0000   0.75200000
  0.469220  -0.0000   0.75700000
  0.470487  -0.0000   0.76200000
  0.472382  -0.0000   0.76800000
  0.474270  -0.0000   0.77500000
  0.477092  -0.0000   0.78600000
  0.481306  -0.0000   0.80100000
  0.487589  -0.0000   0.82500000
  0.489904  -0.0000   0.83300000
  0.492214  -0.0000   0.84200000
  0.494472  -0.0000   0.85100000
  0.496686  -0.0000   0.85900000
  0.498892  -0.0000   0.86800000
  0.501090  -0.0000   0.87600000
  0.504374  -0.0000   0.88900000
  0.509276  -0.0000   0.90900000
  0.516584  -0.0000   0.93800000
  0.518339  -0.0000   0.94500000
  0.520059  -0.0000   0.95200000
  0.521749  -0.0000   0.95900000
  0.524272  -0.0000   0.96900000
  0.526785  -0.0000   0.98000000
  0.529290  -0.0000   0.99000000
  0.531599  -0.0000   1.00000000
  0.531587  -0.0000   1.00000000
  0.531587  -0.0000   1.00000000
  0.531587  -0.0000   1.00000000
  0.531587  -0.0000   1.00000000
  0.531587  -0.0000   1.00000000
  0.531587  -0.0000   1.00000000
  0.531587  -0.0000   1.00000000
  0.531587  -0.0000   1.00000000
  0.531586  -0.0000   1.00000000
  0.531586  -0.0000   1.00000000
  0.531586  -0.0000   1.00000000
  0.531586  -0.0000   1.00000000
  0.531585  -0.0000   1.00000000
  0.531584  -0.0000   1.00000000
  0.531584  -0.0000   1.00000000
