  0.000020  -0.0000   0.00000010
  0.000044  -0.0000   0.00000020
  0.000122  -0.0000   0.00000030
  0.001387  -0.0000   0.00000045
  0.006096  -0.0000   0.00000051
  0.006151  -0.0000   0.00000059
  0.006224  -0.0000   0.00000072
  0.006387  -0.0000   0.00000091
  0.006484  -0.0000   0.00000100
  0.006602  -0.0000   0.00000110
  0.006744  -0.0000   0.00000119
  0.007022  -0.0000   0.00000133
  0.007284  -0.0000   0.00000144
  0.007598  -0.0000   0.00000155
  0.007970  -0.0000   0.00000166
  0.008405  -0.0000   0.00000177
  0.008907  -0.0000   0.00000188
  0.009370  -0.0000   0.00000197
  0.009882  -0.0000   0.00000206
  0.010446  -0.0000   0.00000216
  0.011132  -0.0000   0.00000226
  0.011881  -0.0000   0.00000235
  0.012694  -0.0000   0.00000245
  0.013569  -0.0000   0.00000256
  0.014507  -0.0000   0.00000266
  0.015506  -0.0000   0.00000276
  0.016565  -0.0000   0.00000286
  0.017684  -0.0000   0.00000296
  0.018860  -0.0000   0.00000306
  0.019968  -0.0000   0.00000316
  0.019984  -0.0000   0.00000317
  0.019996  -0.0000   0.00000318
  0.020007  -0.0000   0.00000318
  0.020021  -0.0000   0.00000320
  0.020037  -0.0000   0.00000322
  0.020059  -0.0000   0.00000325
  0.020086  -0.0000   0.00000330
  0.020121  -0.0000   0.00000337
  0.020168  -0.0000   0.00000348
  0.020236  -0.0000   0.00000364
  0.020346  -0.0000   0.00000389
  0.020545  -0.0000   0.00000425
  0.020789  -0.0000   0.00000462
  0.021085  -0.0000   0.00000498
  0.021438  -0.0000   0.00000535
  0.021796  -0.0000   0.00000567
  0.022207  -0.0000   0.00000599
  0.022677  -0.0000   0.00000631
  0.023165  -0.0000   0.00000661
  0.023709  -0.0000   0.00000690
  0.024313  -0.0000   0.00000720
  0.024931  -0.0000   0.00000747
  0.025605  -0.0000   0.00000775
  0.026337  -0.0000   0.00000803
  0.027095  -0.0000   0.00000829
  0.027910  -0.0000   0.00000856
  0.028782  -0.0000   0.00000882
  0.029860  -0.0000   0.00000913
  0.030820  -0.0000   0.00000938
  0.031836  -0.0000   0.00000964
  0.032908  -0.0000   0.00000989
  0.034154  -0.0000   0.00001017
  0.035468  -0.0000   0.00001045
  0.036851  -0.0000   0.00001073
  0.036932  -0.0000   0.00001075
  0.036985  -0.0000   0.00001077
  0.037007  -0.0000   0.00001078
  0.037035  -0.0000   0.00001081
  0.037070  -0.0000   0.00001085
  0.037115  -0.0000   0.00001090
  0.037176  -0.0000   0.00001098
  0.037261  -0.0000   0.00001111
  0.037389  -0.0000   0.00001130
  0.037590  -0.0000   0.00001158
  0.037922  -0.0000   0.00001200
  0.038490  -0.0000   0.00001263
  0.039284  -0.0000   0.00001340
  0.040194  -0.0000   0.00001416
  0.041020  -0.0000   0.00001479
  0.041932  -0.0000   0.00001541
  0.042937  -0.0000   0.00001604
  0.044038  -0.0000   0.00001666
  0.045241  -0.0000   0.00001728
  0.046548  -0.0000   0.00001791
  0.047966  -0.0000   0.00001853
  0.049496  -0.0000   0.00001916
  0.051141  -0.0000   0.00001978
  0.052603  -0.0000   0.00002031
  0.054147  -0.0000   0.00002083
  0.054445  -0.0000   0.00002093
  0.054746  -0.0000   0.00002103
  0.055050  -0.0000   0.00002113
  0.055138  -0.0000   0.00002118
  0.055190  -0.0000   0.00002123
  0.055237  -0.0000   0.00002128
  0.055299  -0.0000   0.00002136
  0.055388  -0.0000   0.00002147
  0.055518  -0.0000   0.00002164
  0.055719  -0.0000   0.00002190
  0.056037  -0.0000   0.00002229
  0.056549  -0.0000   0.00002286
  0.057395  -0.0000   0.00002373
  0.058515  -0.0000   0.00002476
  0.059756  -0.0000   0.00002579
  0.061123  -0.0000   0.00002683
  0.062367  -0.0000   0.00002769
  0.063709  -0.0000   0.00002856
  0.065153  -0.0000   0.00002943
  0.066702  -0.0000   0.00003030
  0.068359  -0.0000   0.00003117
  0.070127  -0.0000   0.00003204
  0.072006  -0.0000   0.00003291
  0.072345  -0.0000   0.00003306
  0.072688  -0.0000   0.00003322
  0.073034  -0.0000   0.00003337
  0.073201  -0.0000   0.00003346
  0.073289  -0.0000   0.00003356
  0.073367  -0.0000   0.00003365
  0.073477  -0.0000   0.00003379
  0.073586  -0.0000   0.00003393
  0.073749  -0.0000   0.00003414
  0.074003  -0.0000   0.00003445
  0.074400  -0.0000   0.00003492
  0.075029  -0.0000   0.00003563
  0.076048  -0.0000   0.00003669
  0.077252  -0.0000   0.00003784
  0.078549  -0.0000   0.00003900
  0.079945  -0.0000   0.00004015
  0.081438  -0.0000   0.00004131
  0.083036  -0.0000   0.00004246
  0.084743  -0.0000   0.00004361
  0.086562  -0.0000   0.00004476
  0.088496  -0.0000   0.00004591
  0.090544  -0.0000   0.00004706
  0.090766  -0.0000   0.00004719
  0.090989  -0.0000   0.00004731
  0.091213  -0.0000   0.00004744
  0.091350  -0.0000   0.00004756
  0.091453  -0.0000   0.00004768
  0.091549  -0.0000   0.00004781
  0.091691  -0.0000   0.00004799
  0.091905  -0.0000   0.00004827
  0.092238  -0.0000   0.00004868
  0.092757  -0.0000   0.00004931
  0.093577  -0.0000   0.00005024
  0.094898  -0.0000   0.00005165
  0.096410  -0.0000   0.00005314
  0.098030  -0.0000   0.00005463
  0.099765  -0.0000   0.00005613
  0.101617  -0.0000   0.00005762
  0.103590  -0.0000   0.00005911
  0.105687  -0.0000   0.00006060
  0.107910  -0.0000   0.00006210
  0.108418  -0.0000   0.00006243
  0.108932  -0.0000   0.00006277
  0.109453  -0.0000   0.00006311
  0.109565  -0.0000   0.00006323
  0.109659  -0.0000   0.00006335
  0.109750  -0.0000   0.00006347
  0.109884  -0.0000   0.00006364
  0.110086  -0.0000   0.00006391
  0.110396  -0.0000   0.00006431
  0.110876  -0.0000   0.00006492
  0.111627  -0.0000   0.00006582
  0.112815  -0.0000   0.00006717
  0.114737  -0.0000   0.00006921
  0.116806  -0.0000   0.00007124
  0.119026  -0.0000   0.00007327
  0.120952  -0.0000   0.00007494
  0.122984  -0.0000   0.00007661
  0.125127  -0.0000   0.00007827
  0.127624  -0.0000   0.00008011
  0.127761  -0.0000   0.00008024
  0.127864  -0.0000   0.00008037
  0.127962  -0.0000   0.00008051
  0.128106  -0.0000   0.00008070
  0.128324  -0.0000   0.00008100
  0.128657  -0.0000   0.00008145
  0.129172  -0.0000   0.00008212
  0.129973  -0.0000   0.00008312
  0.131232  -0.0000   0.00008462
  0.133253  -0.0000   0.00008688
  0.135409  -0.0000   0.00008913
  0.137707  -0.0000   0.00009139
  0.140148  -0.0000   0.00009365
  0.142738  -0.0000   0.00009590
  0.145011  -0.0000   0.00009779
  0.145300  -0.0000   0.00009803
  0.145590  -0.0000   0.00009827
  0.145882  -0.0000   0.00009851
  0.146057  -0.0000   0.00009871
  0.146203  -0.0000   0.00009891
  0.146346  -0.0000   0.00009911
  0.146561  -0.0000   0.00009942
  0.146889  -0.0000   0.00009987
  0.147381  -0.0000   0.00010060
  0.148115  -0.0000   0.00010160
  0.149208  -0.0000   0.00010310
  0.150832  -0.0000   0.00010540
  0.153231  -0.0000   0.00010890
  0.156762  -0.0000   0.00011400
  0.160228  -0.0000   0.00011920
  0.163630  -0.0000   0.00012440
  0.163839  -0.0000   0.00012470
  0.164048  -0.0000   0.00012500
  0.164216  -0.0000   0.00012530
  0.164408  -0.0000   0.00012580
  0.164691  -0.0000   0.00012650
  0.164975  -0.0000   0.00012720
  0.165260  -0.0000   0.00012800
  0.165689  -0.0000   0.00012900
  0.166330  -0.0000   0.00013060
  0.167288  -0.0000   0.00013310
  0.168711  -0.0000   0.00013670
  0.170821  -0.0000   0.00014210
  0.173936  -0.0000   0.00015030
  0.176910  -0.0000   0.00015820
  0.179840  -0.0000   0.00016610
  0.180961  -0.0000   0.00016920
  0.182075  -0.0000   0.00017220
  0.182323  -0.0000   0.00017290
  0.182488  -0.0000   0.00017360
  0.182646  -0.0000   0.00017420
  0.182804  -0.0000   0.00017490
  0.182962  -0.0000   0.00017560
  0.183201  -0.0000   0.00017660
  0.183560  -0.0000   0.00017810
  0.184098  -0.0000   0.00018040
  0.184902  -0.0000   0.00018390
  0.186099  -0.0000   0.00018900
  0.187876  -0.0000   0.00019670
  0.190504  -0.0000   0.00020830
  0.193457  -0.0000   0.00022150
  0.196369  -0.0000   0.00023470
  0.199241  -0.0000   0.00024790
  0.199525  -0.0000   0.00024920
  0.199809  -0.0000   0.00025050
  0.200093  -0.0000   0.00025180
  0.200515  -0.0000   0.00025370
  0.200663  -0.0000   0.00025470
  0.200808  -0.0000   0.00025570
  0.200953  -0.0000   0.00025670
  0.201171  -0.0000   0.00025820
  0.201499  -0.0000   0.00026050
  0.201992  -0.0000   0.00026390
  0.202728  -0.0000   0.00026890
  0.203826  -0.0000   0.00027660
  0.205458  -0.0000   0.00028800
  0.207876  -0.0000   0.00030510
  0.210892  -0.0000   0.00032670
  0.213868  -0.0000   0.00034840
  0.216805  -0.0000   0.00037000
  0.217230  -0.0000   0.00037310
  0.217655  -0.0000   0.00037630
  0.218078  -0.0000   0.00037940
  0.218709  -0.0000   0.00038410
  0.218860  -0.0000   0.00038570
  0.219009  -0.0000   0.00038730
  0.219158  -0.0000   0.00038890
  0.219383  -0.0000   0.00039130
  0.219722  -0.0000   0.00039490
  0.220230  -0.0000   0.00040030
  0.220988  -0.0000   0.00040840
  0.222118  -0.0000   0.00042060
  0.223797  -0.0000   0.00043880
  0.226286  -0.0000   0.00046610
  0.229157  -0.0000   0.00049800
  0.231993  -0.0000   0.00052990
  0.234794  -0.0000   0.00056180
  0.235276  -0.0000   0.00056730
  0.235756  -0.0000   0.00057280
  0.236235  -0.0000   0.00057830
  0.236930  -0.0000   0.00058660
  0.237104  -0.0000   0.00058940
  0.237278  -0.0000   0.00059220
  0.237453  -0.0000   0.00059490
  0.237716  -0.0000   0.00059910
  0.238111  -0.0000   0.00060540
  0.238702  -0.0000   0.00061480
  0.239583  -0.0000   0.00062890
  0.240895  -0.0000   0.00065010
  0.242844  -0.0000   0.00068190
  0.245729  -0.0000   0.00072960
  0.248580  -0.0000   0.00077730
  0.251396  -0.0000   0.00082490
  0.254179  -0.0000   0.00087260
  0.254451  -0.0000   0.00087730
  0.254723  -0.0000   0.00088190
  0.254994  -0.0000   0.00088660
  0.255231  -0.0000   0.00089160
  0.255448  -0.0000   0.00089670
  0.255666  -0.0000   0.00090180
  0.255995  -0.0000   0.00090930
  0.256487  -0.0000   0.00092070
  0.257223  -0.0000   0.00093780
  0.258318  -0.0000   0.00096340
  0.259947  -0.0000   0.00100200
  0.262361  -0.0000   0.00105900
  0.265107  -0.0000   0.00112600
  0.267822  -0.0000   0.00119200
  0.270506  -0.0000   0.00125800
  0.271363  -0.0000   0.00127900
  0.272217  -0.0000   0.00130100
  0.273067  -0.0000   0.00132200
  0.273307  -0.0000   0.00132800
  0.273501  -0.0000   0.00133500
  0.273697  -0.0000   0.00134100
  0.273991  -0.0000   0.00135100
  0.274286  -0.0000   0.00136100
  0.274727  -0.0000   0.00137500
  0.275387  -0.0000   0.00139700
  0.276370  -0.0000   0.00142900
  0.277832  -0.0000   0.00147800
  0.280003  -0.0000   0.00155100
  0.283215  -0.0000   0.00166100
  0.286387  -0.0000   0.00177100
  0.289519  -0.0000   0.00188100
  0.290068  -0.0000   0.00190100
  0.290616  -0.0000   0.00192000
  0.291162  -0.0000   0.00193900
  0.291503  -0.0000   0.00195200
  0.291725  -0.0000   0.00196200
  0.291948  -0.0000   0.00197200
  0.292171  -0.0000   0.00198200
  0.292395  -0.0000   0.00199200
  0.292730  -0.0000   0.00200800
  0.293231  -0.0000   0.00203000
  0.293979  -0.0000   0.00206500
  0.295093  -0.0000   0.00211600
  0.296751  -0.0000   0.00219300
  0.299211  -0.0000   0.00230900
  0.301902  -0.0000   0.00243700
  0.304565  -0.0000   0.00256500
  0.307200  -0.0000   0.00269300
  0.307846  -0.0000   0.00272500
  0.308489  -0.0000   0.00275600
  0.309131  -0.0000   0.00278700
  0.309628  -0.0000   0.00281200
  0.309849  -0.0000   0.00282500
  0.310063  -0.0000   0.00283800
  0.310278  -0.0000   0.00285200
  0.310601  -0.0000   0.00287200
  0.311083  -0.0000   0.00290200
  0.311804  -0.0000   0.00294600
  0.312879  -0.0000   0.00301400
  0.314477  -0.0000   0.00311500
  0.316848  -0.0000   0.00326600
  0.319496  -0.0000   0.00343700
  0.322118  -0.0000   0.00360800
  0.324713  -0.0000   0.00377900
  0.326426  -0.0000   0.00389300
  0.327696  -0.0000   0.00397700
  0.327947  -0.0000   0.00399500
  0.328165  -0.0000   0.00401400
  0.328384  -0.0000   0.00403200
  0.328604  -0.0000   0.00405000
  0.328933  -0.0000   0.00407700
  0.329426  -0.0000   0.00411800
  0.330162  -0.0000   0.00417900
  0.331259  -0.0000   0.00427100
  0.332890  -0.0000   0.00440900
  0.335311  -0.0000   0.00461600
  0.338004  -0.0000   0.00484900
  0.340670  -0.0000   0.00508200
  0.343309  -0.0000   0.00531500
  0.344203  -0.0000   0.00539400
  0.345093  -0.0000   0.00547300
  0.345980  -0.0000   0.00555200
  0.346214  -0.0000   0.00557600
  0.346429  -0.0000   0.00559900
  0.346646  -0.0000   0.00562300
  0.346971  -0.0000   0.00565800
  0.347458  -0.0000   0.00571100
  0.348185  -0.0000   0.00579100
  0.349268  -0.0000   0.00591100
  0.350879  -0.0000   0.00609000
  0.353270  -0.0000   0.00635900
  0.355979  -0.0000   0.00666700
  0.358662  -0.0000   0.00697500
  0.361317  -0.0000   0.00728300
  0.362597  -0.0000   0.00743200
  0.363871  -0.0000   0.00758100
  0.364224  -0.0000   0.00762300
  0.364526  -0.0000   0.00766400
  0.364819  -0.0000   0.00770600
  0.365112  -0.0000   0.00774700
  0.365405  -0.0000   0.00778900
  0.365843  -0.0000   0.00785100
  0.366497  -0.0000   0.00794400
  0.367473  -0.0000   0.00808400
  0.368926  -0.0000   0.00829400
  0.371084  -0.0000   0.00860900
  0.374283  -0.0000   0.00908100
  0.377444  -0.0000   0.00955300
  0.380569  -0.0000   0.01003000
  0.381174  -0.0000   0.01012000
  0.381778  -0.0000   0.01021000
  0.382381  -0.0000   0.01030000
  0.382653  -0.0000   0.01035000
  0.382903  -0.0000   0.01039000
  0.383155  -0.0000   0.01044000
  0.383406  -0.0000   0.01048000
  0.383783  -0.0000   0.01055000
  0.384346  -0.0000   0.01065000
  0.385185  -0.0000   0.01081000
  0.386436  -0.0000   0.01104000
  0.388297  -0.0000   0.01139000
  0.391058  -0.0000   0.01191000
  0.393790  -0.0000   0.01243000
  0.396496  -0.0000   0.01295000
  0.399175  -0.0000   0.01347000
  0.399574  -0.0000   0.01354000
  0.399972  -0.0000   0.01362000
  0.400369  -0.0000   0.01370000
  0.400925  -0.0000   0.01382000
  0.401212  -0.0000   0.01388000
  0.401499  -0.0000   0.01395000
  0.401786  -0.0000   0.01401000
  0.402073  -0.0000   0.01408000
  0.402502  -0.0000   0.01418000
  0.403143  -0.0000   0.01433000
  0.404099  -0.0000   0.01455000
  0.405523  -0.0000   0.01489000
  0.407641  -0.0000   0.01539000
  0.410781  -0.0000   0.01614000
  0.413885  -0.0000   0.01690000
  0.416956  -0.0000   0.01765000
  0.417648  -0.0000   0.01782000
  0.418338  -0.0000   0.01799000
  0.419022  -0.0000   0.01816000
  0.419258  -0.0000   0.01823000
  0.419495  -0.0000   0.01830000
  0.419732  -0.0000   0.01837000
  0.419969  -0.0000   0.01844000
  0.420324  -0.0000   0.01854000
  0.420854  -0.0000   0.01870000
  0.421646  -0.0000   0.01893000
  0.422827  -0.0000   0.01927000
  0.424584  -0.0000   0.01980000
  0.427194  -0.0000   0.02058000
  0.430454  -0.0000   0.02156000
  0.433678  -0.0000   0.02255000
  0.436867  -0.0000   0.02354000
  0.437162  -0.0000   0.02363000
  0.437426  -0.0000   0.02372000
  0.437681  -0.0000   0.02382000
  0.437936  -0.0000   0.02391000
  0.438191  -0.0000   0.02400000
  0.438573  -0.0000   0.02414000
  0.439144  -0.0000   0.02434000
  0.439995  -0.0000   0.02465000
  0.441265  -0.0000   0.02512000
  0.443153  -0.0000   0.02581000
  0.445955  -0.0000   0.02686000
  0.448729  -0.0000   0.02790000
  0.451477  -0.0000   0.02895000
  0.454198  -0.0000   0.02999000
  0.454565  -0.0000   0.03013000
  0.454931  -0.0000   0.03027000
  0.455297  -0.0000   0.03042000
  0.455633  -0.0000   0.03056000
  0.455953  -0.0000   0.03070000
  0.456274  -0.0000   0.03084000
  0.456595  -0.0000   0.03098000
  0.457074  -0.0000   0.03120000
  0.457789  -0.0000   0.03152000
  0.458857  -0.0000   0.03200000
  0.460446  -0.0000   0.03272000
  0.462808  -0.0000   0.03380000
  0.466080  -0.0000   0.03531000
  0.469315  -0.0000   0.03682000
  0.472515  -0.0000   0.03834000
  0.472921  -0.0000   0.03853000
  0.473327  -0.0000   0.03872000
  0.473728  -0.0000   0.03891000
  0.473987  -0.0000   0.03905000
  0.474247  -0.0000   0.03920000
  0.474506  -0.0000   0.03934000
  0.474766  -0.0000   0.03948000
  0.475154  -0.0000   0.03969000
  0.475734  -0.0000   0.04000000
  0.476601  -0.0000   0.04048000
  0.477892  -0.0000   0.04119000
  0.479814  -0.0000   0.04226000
  0.482666  -0.0000   0.04386000
  0.485489  -0.0000   0.04547000
  0.488286  -0.0000   0.04707000
  0.491057  -0.0000   0.04867000
  0.491400  -0.0000   0.04887000
  0.491742  -0.0000   0.04907000
  0.492065  -0.0000   0.04927000
  0.492409  -0.0000   0.04950000
  0.492753  -0.0000   0.04972000
  0.493097  -0.0000   0.04995000
  0.493440  -0.0000   0.05017000
  0.493952  -0.0000   0.05051000
  0.494718  -0.0000   0.05102000
  0.495861  -0.0000   0.05179000
  0.497562  -0.0000   0.05293000
  0.500089  -0.0000   0.05465000
  0.503421  -0.0000   0.05694000
  0.506716  -0.0000   0.05923000
  0.509976  -0.0000   0.06153000
  0.510253  -0.0000   0.06173000
  0.510504  -0.0000   0.06193000
  0.510756  -0.0000   0.06213000
  0.511009  -0.0000   0.06233000
  0.511386  -0.0000   0.06263000
  0.511950  -0.0000   0.06307000
  0.512793  -0.0000   0.06375000
  0.514049  -0.0000   0.06476000
  0.515918  -0.0000   0.06628000
  0.518692  -0.0000   0.06855000
  0.521440  -0.0000   0.07083000
  0.524164  -0.0000   0.07311000
  0.526863  -0.0000   0.07538000
  0.527308  -0.0000   0.07576000
  0.527753  -0.0000   0.07613000
  0.528197  -0.0000   0.07651000
  0.528619  -0.0000   0.07689000
  0.529019  -0.0000   0.07727000
  0.529419  -0.0000   0.07765000
  0.529818  -0.0000   0.07803000
  0.530217  -0.0000   0.07841000
  0.530812  -0.0000   0.07898000
  0.531701  -0.0000   0.07983000
  0.533027  -0.0000   0.08112000
  0.535000  -0.0000   0.08304000
  0.537928  -0.0000   0.08592000
  0.540828  -0.0000   0.08881000
  0.543701  -0.0000   0.09170000
  0.546548  -0.0000   0.09458000
  0.546829  -0.0000   0.09488000
  0.547096  -0.0000   0.09518000
  0.547363  -0.0000   0.09549000
  0.547630  -0.0000   0.09579000
  0.548030  -0.0000   0.09624000
  0.548627  -0.0000   0.09692000
  0.549518  -0.0000   0.09793000
  0.550846  -0.0000   0.09946000
  0.552823  -0.0000   0.10200000
  0.555756  -0.0000   0.10500000
  0.558661  -0.0000   0.10900000
  0.561539  -0.0000   0.11200000
  0.564393  -0.0000   0.11500000
  0.564728  -0.0000   0.11600000
  0.565052  -0.0000   0.11600000
  0.565354  -0.0000   0.11700000
  0.565656  -0.0000   0.11700000
  0.565958  -0.0000   0.11800000
  0.566259  -0.0000   0.11800000
  0.566710  -0.0000   0.11900000
  0.567384  -0.0000   0.11900000
  0.568390  -0.0000   0.12100000
  0.569889  -0.0000   0.12300000
  0.572119  -0.0000   0.12600000
  0.575426  -0.0000   0.13100000
  0.578697  -0.0000   0.13500000
  0.581938  -0.0000   0.14000000
  0.582409  -0.0000   0.14000000
  0.582880  -0.0000   0.14100000
  0.583337  -0.0000   0.14200000
  0.583648  -0.0000   0.14200000
  0.583959  -0.0000   0.14300000
  0.584270  -0.0000   0.14300000
  0.584580  -0.0000   0.14400000
  0.585044  -0.0000   0.14400000
  0.585737  -0.0000   0.14600000
  0.586772  -0.0000   0.14700000
  0.588314  -0.0000   0.15000000
  0.590608  -0.0000   0.15300000
  0.594009  -0.0000   0.15900000
  0.597375  -0.0000   0.16500000
  0.600707  -0.0000   0.17000000
  0.601094  -0.0000   0.17100000
  0.601480  -0.0000   0.17100000
  0.601833  -0.0000   0.17200000
  0.602185  -0.0000   0.17300000
  0.602536  -0.0000   0.17300000
  0.602886  -0.0000   0.17400000
  0.603409  -0.0000   0.17500000
  0.604191  -0.0000   0.17600000
  0.605358  -0.0000   0.17900000
  0.607096  -0.0000   0.18200000
  0.609679  -0.0000   0.18700000
  0.613110  -0.0000   0.19300000
  0.616506  -0.0000   0.20000000
  0.619862  -0.0000   0.20700000
  0.620053  -0.0000   0.20700000
  0.620244  -0.0000   0.20700000
  0.620436  -0.0000   0.20800000
  0.620723  -0.0000   0.20800000
  0.621153  -0.0000   0.20900000
  0.621795  -0.0000   0.21100000
  0.622754  -0.0000   0.21300000
  0.624184  -0.0000   0.21600000
  0.626312  -0.0000   0.22100000
  0.629470  -0.0000   0.22800000
  0.632598  -0.0000   0.23500000
  0.635698  -0.0000   0.24200000
  0.637000  -0.0000   0.24500000
  0.638290  -0.0000   0.24800000
  0.638587  -0.0000   0.24900000
  0.638885  -0.0000   0.24900000
  0.639182  -0.0000   0.25000000
  0.639479  -0.0000   0.25100000
  0.639923  -0.0000   0.25200000
  0.640587  -0.0000   0.25400000
  0.641579  -0.0000   0.25600000
  0.643057  -0.0000   0.26000000
  0.645257  -0.0000   0.26500000
  0.648521  -0.0000   0.27400000
  0.651753  -0.0000   0.28200000
  0.654956  -0.0000   0.29100000
  0.655505  -0.0000   0.29200000
  0.656053  -0.0000   0.29400000
  0.656580  -0.0000   0.29500000
  0.656973  -0.0000   0.29600000
  0.657365  -0.0000   0.29700000
  0.657757  -0.0000   0.29900000
  0.658148  -0.0000   0.30000000
  0.658732  -0.0000   0.30100000
  0.659604  -0.0000   0.30400000
  0.660906  -0.0000   0.30800000
  0.662844  -0.0000   0.31400000
  0.665723  -0.0000   0.32200000
  0.669251  -0.0000   0.33300000
  0.672744  -0.0000   0.34300000
  0.673405  -0.0000   0.34500000
  0.674064  -0.0000   0.34700000
  0.674714  -0.0000   0.34900000
  0.674942  -0.0000   0.35000000
  0.675170  -0.0000   0.35100000
  0.675398  -0.0000   0.35200000
  0.675739  -0.0000   0.35300000
  0.676249  -0.0000   0.35500000
  0.677011  -0.0000   0.35700000
  0.678148  -0.0000   0.36100000
  0.679843  -0.0000   0.36700000
  0.682361  -0.0000   0.37500000
  0.685754  -0.0000   0.38700000
  0.689114  -0.0000   0.39900000
  0.692445  -0.0000   0.41000000
  0.692793  -0.0000   0.41200000
  0.693125  -0.0000   0.41300000
  0.693447  -0.0000   0.41400000
  0.693769  -0.0000   0.41500000
  0.694090  -0.0000   0.41700000
  0.694570  -0.0000   0.41800000
  0.695289  -0.0000   0.42100000
  0.696361  -0.0000   0.42500000
  0.697958  -0.0000   0.43200000
  0.700335  -0.0000   0.44100000
  0.703859  -0.0000   0.45500000
  0.707349  -0.0000   0.46900000
  0.710808  -0.0000   0.48300000
  0.711144  -0.0000   0.48400000
  0.711461  -0.0000   0.48500000
  0.711773  -0.0000   0.48700000
  0.712085  -0.0000   0.48800000
  0.712396  -0.0000   0.48900000
  0.712862  -0.0000   0.49100000
  0.713557  -0.0000   0.49500000
  0.714596  -0.0000   0.49900000
  0.716144  -0.0000   0.50600000
  0.718447  -0.0000   0.51600000
  0.721864  -0.0000   0.53200000
  0.725248  -0.0000   0.54700000
  0.728604  -0.0000   0.56300000
  0.729020  -0.0000   0.56500000
  0.729434  -0.0000   0.56600000
  0.729826  -0.0000   0.56800000
  0.730212  -0.0000   0.57000000
  0.730598  -0.0000   0.57200000
  0.730983  -0.0000   0.57400000
  0.731558  -0.0000   0.57700000
  0.732417  -0.0000   0.58100000
  0.733699  -0.0000   0.58800000
  0.735609  -0.0000   0.59700000
  0.738446  -0.0000   0.61200000
  0.741959  -0.0000   0.63000000
  0.745442  -0.0000   0.64800000
  0.746396  -0.0000   0.65300000
  0.747348  -0.0000   0.65800000
  0.748019  -0.0000   0.66200000
  0.748379  -0.0000   0.66400000
  0.748739  -0.0000   0.66600000
  0.749098  -0.0000   0.66800000
  0.749457  -0.0000   0.67000000
  0.749993  -0.0000   0.67300000
  0.750794  -0.0000   0.67800000
  0.751990  -0.0000   0.68400000
  0.753772  -0.0000   0.69500000
  0.756421  -0.0000   0.71000000
  0.760135  -0.0000   0.73200000
  0.763815  -0.0000   0.75400000
  0.764686  -0.0000   0.75900000
  0.765555  -0.0000   0.76400000
  0.766404  -0.0000   0.76900000
  0.766708  -0.0000   0.77100000
  0.767013  -0.0000   0.77300000
  0.767317  -0.0000   0.77500000
  0.767771  -0.0000   0.77800000
  0.768451  -0.0000   0.78200000
  0.769466  -0.0000   0.78900000
  0.770979  -0.0000   0.79900000
  0.773230  -0.0000   0.81300000
  0.776572  -0.0000   0.83600000
  0.779886  -0.0000   0.85800000
  0.783173  -0.0000   0.88000000
  0.783704  -0.0000   0.88300000
  0.784235  -0.0000   0.88700000
  0.784749  -0.0000   0.89000000
  0.785186  -0.0000   0.89400000
  0.785622  -0.0000   0.89700000
  0.786057  -0.0000   0.90000000
  0.786492  -0.0000   0.90300000
  0.787141  -0.0000   0.90800000
  0.788111  -0.0000   0.91500000
  0.789558  -0.0000   0.92500000
  0.791712  -0.0000   0.94100000
  0.794912  -0.0000   0.96500000
  0.798086  -0.0000   0.98900000
  0.799538  -0.0000   1.00000000
  0.799371  -0.0000   1.00000000
  0.799371  -0.0000   1.00000000
  0.799371  -0.0000   1.00000000
  0.799371  -0.0000   1.00000000
  0.799371  -0.0000   1.00000000
  0.799371  -0.0000   1.00000000
  0.799370  -0.0000   1.00000000
  0.799370  -0.0000   1.00000000
  0.799370  -0.0000   1.00000000
  0.799368  -0.0000   1.00000000
  0.799367  -0.0000   1.00000000
  0.799364  -0.0000   1.00000000
  0.799362  -0.0000   1.00000000
