  0.000022  -0.0000   0.00000010
  0.000048  -0.0000   0.00000020
  0.000133  -0.0000   0.00000030
  0.001533  -0.0000   0.00000045
  0.006130  -0.0000   0.00000051
  0.006207  -0.0000   0.00000059
  0.006344  -0.0000   0.00000072
  0.006411  -0.0000   0.00000077
  0.006493  -0.0000   0.00000082
  0.006593  -0.0000   0.00000087
  0.006795  -0.0000   0.00000095
  0.007066  -0.0000   0.00000102
  0.007295  -0.0000   0.00000108
  0.007569  -0.0000   0.00000113
  0.007892  -0.0000   0.00000119
  0.008214  -0.0000   0.00000123
  0.008580  -0.0000   0.00000128
  0.008989  -0.0000   0.00000133
  0.009438  -0.0000   0.00000137
  0.009931  -0.0000   0.00000142
  0.010468  -0.0000   0.00000147
  0.011152  -0.0000   0.00000152
  0.011891  -0.0000   0.00000158
  0.012680  -0.0000   0.00000163
  0.013516  -0.0000   0.00000168
  0.014395  -0.0000   0.00000174
  0.015313  -0.0000   0.00000179
  0.016267  -0.0000   0.00000185
  0.017517  -0.0000   0.00000192
  0.018814  -0.0000   0.00000199
  0.018964  -0.0000   0.00000199
  0.019114  -0.0000   0.00000200
  0.019265  -0.0000   0.00000201
  0.019493  -0.0000   0.00000202
  0.019595  -0.0000   0.00000203
  0.019608  -0.0000   0.00000203
  0.019615  -0.0000   0.00000204
  0.019621  -0.0000   0.00000204
  0.019626  -0.0000   0.00000205
  0.019632  -0.0000   0.00000206
  0.019639  -0.0000   0.00000207
  0.019648  -0.0000   0.00000209
  0.019660  -0.0000   0.00000211
  0.019675  -0.0000   0.00000215
  0.019694  -0.0000   0.00000221
  0.019719  -0.0000   0.00000231
  0.019756  -0.0000   0.00000244
  0.019814  -0.0000   0.00000265
  0.019927  -0.0000   0.00000296
  0.020049  -0.0000   0.00000321
  0.020206  -0.0000   0.00000346
  0.020409  -0.0000   0.00000372
  0.020586  -0.0000   0.00000390
  0.020796  -0.0000   0.00000409
  0.021042  -0.0000   0.00000428
  0.021346  -0.0000   0.00000448
  0.021700  -0.0000   0.00000467
  0.022106  -0.0000   0.00000487
  0.022523  -0.0000   0.00000505
  0.022990  -0.0000   0.00000523
  0.023509  -0.0000   0.00000541
  0.024057  -0.0000   0.00000558
  0.024655  -0.0000   0.00000575
  0.025306  -0.0000   0.00000593
  0.026128  -0.0000   0.00000613
  0.027021  -0.0000   0.00000632
  0.027824  -0.0000   0.00000649
  0.028678  -0.0000   0.00000666
  0.029586  -0.0000   0.00000683
  0.030653  -0.0000   0.00000701
  0.031787  -0.0000   0.00000720
  0.032987  -0.0000   0.00000738
  0.034253  -0.0000   0.00000757
  0.035586  -0.0000   0.00000775
  0.035656  -0.0000   0.00000776
  0.035707  -0.0000   0.00000777
  0.035721  -0.0000   0.00000778
  0.035738  -0.0000   0.00000780
  0.035757  -0.0000   0.00000782
  0.035774  -0.0000   0.00000784
  0.035795  -0.0000   0.00000787
  0.035824  -0.0000   0.00000792
  0.035862  -0.0000   0.00000800
  0.035915  -0.0000   0.00000811
  0.035996  -0.0000   0.00000827
  0.036127  -0.0000   0.00000852
  0.036356  -0.0000   0.00000890
  0.036781  -0.0000   0.00000946
  0.037299  -0.0000   0.00001002
  0.037790  -0.0000   0.00001048
  0.038356  -0.0000   0.00001094
  0.039004  -0.0000   0.00001140
  0.039741  -0.0000   0.00001185
  0.040574  -0.0000   0.00001231
  0.041349  -0.0000   0.00001270
  0.042200  -0.0000   0.00001308
  0.043133  -0.0000   0.00001347
  0.044151  -0.0000   0.00001385
  0.045257  -0.0000   0.00001424
  0.046455  -0.0000   0.00001463
  0.047747  -0.0000   0.00001501
  0.049136  -0.0000   0.00001540
  0.050622  -0.0000   0.00001578
  0.052207  -0.0000   0.00001617
  0.052391  -0.0000   0.00001621
  0.052575  -0.0000   0.00001626
  0.052761  -0.0000   0.00001630
  0.052995  -0.0000   0.00001637
  0.053032  -0.0000   0.00001640
  0.053061  -0.0000   0.00001643
  0.053086  -0.0000   0.00001647
  0.053120  -0.0000   0.00001652
  0.053166  -0.0000   0.00001659
  0.053231  -0.0000   0.00001670
  0.053329  -0.0000   0.00001686
  0.053483  -0.0000   0.00001711
  0.053734  -0.0000   0.00001748
  0.054158  -0.0000   0.00001803
  0.054759  -0.0000   0.00001872
  0.055441  -0.0000   0.00001940
  0.056210  -0.0000   0.00002009
  0.057073  -0.0000   0.00002078
  0.058037  -0.0000   0.00002147
  0.059109  -0.0000   0.00002215
  0.060087  -0.0000   0.00002273
  0.061149  -0.0000   0.00002330
  0.062300  -0.0000   0.00002388
  0.063542  -0.0000   0.00002445
  0.064879  -0.0000   0.00002503
  0.066313  -0.0000   0.00002560
  0.067847  -0.0000   0.00002618
  0.069480  -0.0000   0.00002675
  0.069665  -0.0000   0.00002682
  0.069851  -0.0000   0.00002688
  0.070038  -0.0000   0.00002694
  0.070236  -0.0000   0.00002704
  0.070301  -0.0000   0.00002712
  0.070355  -0.0000   0.00002719
  0.070404  -0.0000   0.00002727
  0.070452  -0.0000   0.00002734
  0.070523  -0.0000   0.00002745
  0.070630  -0.0000   0.00002762
  0.070798  -0.0000   0.00002788
  0.071065  -0.0000   0.00002826
  0.071498  -0.0000   0.00002882
  0.072221  -0.0000   0.00002968
  0.072964  -0.0000   0.00003048
  0.073778  -0.0000   0.00003128
  0.074666  -0.0000   0.00003208
  0.075606  -0.0000   0.00003286
  0.076626  -0.0000   0.00003364
  0.077729  -0.0000   0.00003441
  0.078896  -0.0000   0.00003518
  0.080150  -0.0000   0.00003594
  0.081495  -0.0000   0.00003671
  0.082934  -0.0000   0.00003747
  0.084468  -0.0000   0.00003823
  0.086098  -0.0000   0.00003900
  0.086606  -0.0000   0.00003923
  0.087123  -0.0000   0.00003946
  0.087356  -0.0000   0.00003957
  0.087429  -0.0000   0.00003964
  0.087482  -0.0000   0.00003971
  0.087530  -0.0000   0.00003978
  0.087598  -0.0000   0.00003988
  0.087696  -0.0000   0.00004004
  0.087847  -0.0000   0.00004027
  0.088083  -0.0000   0.00004063
  0.088458  -0.0000   0.00004115
  0.089065  -0.0000   0.00004195
  0.090070  -0.0000   0.00004314
  0.091177  -0.0000   0.00004432
  0.092391  -0.0000   0.00004551
  0.093721  -0.0000   0.00004670
  0.095172  -0.0000   0.00004789
  0.096474  -0.0000   0.00004889
  0.097869  -0.0000   0.00004988
  0.099360  -0.0000   0.00005087
  0.100950  -0.0000   0.00005187
  0.102639  -0.0000   0.00005286
  0.104430  -0.0000   0.00005386
  0.104571  -0.0000   0.00005393
  0.104692  -0.0000   0.00005401
  0.104756  -0.0000   0.00005409
  0.104835  -0.0000   0.00005421
  0.104910  -0.0000   0.00005433
  0.104982  -0.0000   0.00005444
  0.105092  -0.0000   0.00005462
  0.105262  -0.0000   0.00005488
  0.105526  -0.0000   0.00005528
  0.105942  -0.0000   0.00005587
  0.106604  -0.0000   0.00005677
  0.107684  -0.0000   0.00005810
  0.108785  -0.0000   0.00005937
  0.109971  -0.0000   0.00006063
  0.111246  -0.0000   0.00006189
  0.112579  -0.0000   0.00006312
  0.114004  -0.0000   0.00006435
  0.115527  -0.0000   0.00006558
  0.117347  -0.0000   0.00006696
  0.118978  -0.0000   0.00006812
  0.120700  -0.0000   0.00006928
  0.121245  -0.0000   0.00006964
  0.121799  -0.0000   0.00007000
  0.122032  -0.0000   0.00007015
  0.122114  -0.0000   0.00007026
  0.122185  -0.0000   0.00007037
  0.122251  -0.0000   0.00007047
  0.122316  -0.0000   0.00007058
  0.122414  -0.0000   0.00007074
  0.122564  -0.0000   0.00007098
  0.122795  -0.0000   0.00007134
  0.123155  -0.0000   0.00007189
  0.123721  -0.0000   0.00007270
  0.124622  -0.0000   0.00007392
  0.126098  -0.0000   0.00007575
  0.127704  -0.0000   0.00007758
  0.129128  -0.0000   0.00007909
  0.130650  -0.0000   0.00008060
  0.132274  -0.0000   0.00008212
  0.134004  -0.0000   0.00008363
  0.135843  -0.0000   0.00008514
  0.137791  -0.0000   0.00008666
  0.138569  -0.0000   0.00008725
  0.139364  -0.0000   0.00008784
  0.139469  -0.0000   0.00008795
  0.139544  -0.0000   0.00008807
  0.139613  -0.0000   0.00008818
  0.139714  -0.0000   0.00008835
  0.139866  -0.0000   0.00008861
  0.140101  -0.0000   0.00008899
  0.140466  -0.0000   0.00008957
  0.141037  -0.0000   0.00009043
  0.141941  -0.0000   0.00009173
  0.143402  -0.0000   0.00009367
  0.144975  -0.0000   0.00009561
  0.146665  -0.0000   0.00009755
  0.148478  -0.0000   0.00009950
  0.150274  -0.0000   0.00010140
  0.152023  -0.0000   0.00010340
  0.153735  -0.0000   0.00010530
  0.156228  -0.0000   0.00010820
  0.156398  -0.0000   0.00010840
  0.156568  -0.0000   0.00010860
  0.156737  -0.0000   0.00010880
  0.156875  -0.0000   0.00010910
  0.156979  -0.0000   0.00010930
  0.157078  -0.0000   0.00010960
  0.157176  -0.0000   0.00010980
  0.157324  -0.0000   0.00011020
  0.157547  -0.0000   0.00011080
  0.157884  -0.0000   0.00011160
  0.158387  -0.0000   0.00011290
  0.159134  -0.0000   0.00011470
  0.160236  -0.0000   0.00011760
  0.161852  -0.0000   0.00012180
  0.164207  -0.0000   0.00012820
  0.166502  -0.0000   0.00013460
  0.168740  -0.0000   0.00014090
  0.170925  -0.0000   0.00014730
  0.173059  -0.0000   0.00015370
  0.173280  -0.0000   0.00015430
  0.173500  -0.0000   0.00015500
  0.173719  -0.0000   0.00015570
  0.174047  -0.0000   0.00015670
  0.174195  -0.0000   0.00015720
  0.174296  -0.0000   0.00015780
  0.174392  -0.0000   0.00015840
  0.174536  -0.0000   0.00015920
  0.174754  -0.0000   0.00016050
  0.175083  -0.0000   0.00016240
  0.175575  -0.0000   0.00016530
  0.176305  -0.0000   0.00016970
  0.177383  -0.0000   0.00017620
  0.178966  -0.0000   0.00018590
  0.181278  -0.0000   0.00020050
  0.183533  -0.0000   0.00021510
  0.185737  -0.0000   0.00022980
  0.187892  -0.0000   0.00024440
  0.190000  -0.0000   0.00025900
  0.190295  -0.0000   0.00026110
  0.190589  -0.0000   0.00026310
  0.190883  -0.0000   0.00026520
  0.191321  -0.0000   0.00026830
  0.191496  -0.0000   0.00026960
  0.191606  -0.0000   0.00027100
  0.191712  -0.0000   0.00027240
  0.191872  -0.0000   0.00027440
  0.192033  -0.0000   0.00027650
  0.192276  -0.0000   0.00027950
  0.192639  -0.0000   0.00028420
  0.193180  -0.0000   0.00029110
  0.193982  -0.0000   0.00030150
  0.195166  -0.0000   0.00031710
  0.196903  -0.0000   0.00034040
  0.198998  -0.0000   0.00036930
  0.201049  -0.0000   0.00039810
  0.203059  -0.0000   0.00042700
  0.205474  -0.0000   0.00046240
  0.207831  -0.0000   0.00049790
  0.208069  -0.0000   0.00050150
  0.208307  -0.0000   0.00050510
  0.208544  -0.0000   0.00050870
  0.208850  -0.0000   0.00051410
  0.208930  -0.0000   0.00051610
  0.209046  -0.0000   0.00051920
  0.209221  -0.0000   0.00052370
  0.209397  -0.0000   0.00052830
  0.209662  -0.0000   0.00053510
  0.210059  -0.0000   0.00054530
  0.210648  -0.0000   0.00056070
  0.211520  -0.0000   0.00058370
  0.212806  -0.0000   0.00061830
  0.214694  -0.0000   0.00067020
  0.216696  -0.0000   0.00072630
  0.218660  -0.0000   0.00078250
  0.220588  -0.0000   0.00083860
  0.223066  -0.0000   0.00091250
  0.225485  -0.0000   0.00098650
  0.225685  -0.0000   0.00099260
  0.225884  -0.0000   0.00099870
  0.226083  -0.0000   0.00100500
  0.226212  -0.0000   0.00101100
  0.226329  -0.0000   0.00101700
  0.226447  -0.0000   0.00102200
  0.226566  -0.0000   0.00102800
  0.226744  -0.0000   0.00103700
  0.227012  -0.0000   0.00105000
  0.227412  -0.0000   0.00107000
  0.228006  -0.0000   0.00110000
  0.228885  -0.0000   0.00114500
  0.230182  -0.0000   0.00121200
  0.232086  -0.0000   0.00131200
  0.234129  -0.0000   0.00142200
  0.236134  -0.0000   0.00153300
  0.238102  -0.0000   0.00164300
  0.240499  -0.0000   0.00178000
  0.242842  -0.0000   0.00191700
  0.243035  -0.0000   0.00192800
  0.243229  -0.0000   0.00194000
  0.243421  -0.0000   0.00195100
  0.243485  -0.0000   0.00195700
  0.243578  -0.0000   0.00196500
  0.243717  -0.0000   0.00197800
  0.243858  -0.0000   0.00199100
  0.244069  -0.0000   0.00201000
  0.244386  -0.0000   0.00203900
  0.244858  -0.0000   0.00208200
  0.245559  -0.0000   0.00214700
  0.246594  -0.0000   0.00224400
  0.248120  -0.0000   0.00238900
  0.250355  -0.0000   0.00260800
  0.252545  -0.0000   0.00282600
  0.254692  -0.0000   0.00304500
  0.256799  -0.0000   0.00326300
  0.258865  -0.0000   0.00348200
  0.259334  -0.0000   0.00353200
  0.259802  -0.0000   0.00358200
  0.260267  -0.0000   0.00363100
  0.260742  -0.0000   0.00368300
  0.260822  -0.0000   0.00369500
  0.260901  -0.0000   0.00370800
  0.261020  -0.0000   0.00372700
  0.261140  -0.0000   0.00374700
  0.261320  -0.0000   0.00377500
  0.261591  -0.0000   0.00381900
  0.261994  -0.0000   0.00388300
  0.262593  -0.0000   0.00398100
  0.263481  -0.0000   0.00412600
  0.264791  -0.0000   0.00434500
  0.266717  -0.0000   0.00467300
  0.268609  -0.0000   0.00500100
  0.270469  -0.0000   0.00532900
  0.272298  -0.0000   0.00565800
  0.274787  -0.0000   0.00611400
  0.277221  -0.0000   0.00657000
  0.277459  -0.0000   0.00661500
  0.277697  -0.0000   0.00666000
  0.277934  -0.0000   0.00670400
  0.278153  -0.0000   0.00675500
  0.278337  -0.0000   0.00680500
  0.278523  -0.0000   0.00685600
  0.278803  -0.0000   0.00693200
  0.279082  -0.0000   0.00700700
  0.279497  -0.0000   0.00712100
  0.280114  -0.0000   0.00729100
  0.281029  -0.0000   0.00754700
  0.282379  -0.0000   0.00793000
  0.284363  -0.0000   0.00850600
  0.286311  -0.0000   0.00908100
  0.288227  -0.0000   0.00965600
  0.290111  -0.0000   0.01023000
  0.292601  -0.0000   0.01101000
  0.295038  -0.0000   0.01178000
  0.295227  -0.0000   0.01185000
  0.295402  -0.0000   0.01191000
  0.295536  -0.0000   0.01197000
  0.295739  -0.0000   0.01206000
  0.295943  -0.0000   0.01215000
  0.296146  -0.0000   0.01224000
  0.296450  -0.0000   0.01237000
  0.296903  -0.0000   0.01258000
  0.297575  -0.0000   0.01289000
  0.298570  -0.0000   0.01334000
  0.300038  -0.0000   0.01403000
  0.302194  -0.0000   0.01507000
  0.304310  -0.0000   0.01610000
  0.306389  -0.0000   0.01713000
  0.308431  -0.0000   0.01817000
  0.310438  -0.0000   0.01920000
  0.311052  -0.0000   0.01952000
  0.311663  -0.0000   0.01984000
  0.312270  -0.0000   0.02016000
  0.312574  -0.0000   0.02031000
  0.312820  -0.0000   0.02047000
  0.313042  -0.0000   0.02063000
  0.313265  -0.0000   0.02079000
  0.313488  -0.0000   0.02095000
  0.313821  -0.0000   0.02119000
  0.314317  -0.0000   0.02155000
  0.315052  -0.0000   0.02209000
  0.316141  -0.0000   0.02289000
  0.317745  -0.0000   0.02410000
  0.319955  -0.0000   0.02580000
  0.322122  -0.0000   0.02750000
  0.324251  -0.0000   0.02920000
  0.326343  -0.0000   0.03090000
  0.328398  -0.0000   0.03260000
  0.328734  -0.0000   0.03288000
  0.329069  -0.0000   0.03316000
  0.329403  -0.0000   0.03344000
  0.329902  -0.0000   0.03386000
  0.330087  -0.0000   0.03404000
  0.330244  -0.0000   0.03421000
  0.330403  -0.0000   0.03439000
  0.330642  -0.0000   0.03466000
  0.330880  -0.0000   0.03492000
  0.331234  -0.0000   0.03532000
  0.331762  -0.0000   0.03592000
  0.332546  -0.0000   0.03681000
  0.333704  -0.0000   0.03816000
  0.335412  -0.0000   0.04018000
  0.337507  -0.0000   0.04270000
  0.339565  -0.0000   0.04522000
  0.341589  -0.0000   0.04774000
  0.343579  -0.0000   0.05026000
  0.346337  -0.0000   0.05383000
  0.346601  -0.0000   0.05418000
  0.346864  -0.0000   0.05452000
  0.347127  -0.0000   0.05486000
  0.347474  -0.0000   0.05538000
  0.347549  -0.0000   0.05551000
  0.347662  -0.0000   0.05570000
  0.347832  -0.0000   0.05599000
  0.348087  -0.0000   0.05642000
  0.348468  -0.0000   0.05708000
  0.349034  -0.0000   0.05805000
  0.349873  -0.0000   0.05952000
  0.351114  -0.0000   0.06172000
  0.352942  -0.0000   0.06502000
  0.354741  -0.0000   0.06832000
  0.356512  -0.0000   0.07162000
  0.358258  -0.0000   0.07492000
  0.360823  -0.0000   0.07987000
  0.363335  -0.0000   0.08482000
  0.363636  -0.0000   0.08541000
  0.363936  -0.0000   0.08601000
  0.364235  -0.0000   0.08660000
  0.364682  -0.0000   0.08749000
  0.364840  -0.0000   0.08789000
  0.364996  -0.0000   0.08829000
  0.365152  -0.0000   0.08868000
  0.365308  -0.0000   0.08908000
  0.365542  -0.0000   0.08968000
  0.365890  -0.0000   0.09057000
  0.366409  -0.0000   0.09191000
  0.367179  -0.0000   0.09392000
  0.368318  -0.0000   0.09694000
  0.369999  -0.0000   0.10100000
  0.372031  -0.0000   0.10700000
  0.374030  -0.0000   0.11300000
  0.375997  -0.0000   0.11800000
  0.377933  -0.0000   0.12400000
  0.380772  -0.0000   0.13200000
  0.381077  -0.0000   0.13300000
  0.381381  -0.0000   0.13400000
  0.381685  -0.0000   0.13500000
  0.382108  -0.0000   0.13600000
  0.382243  -0.0000   0.13700000
  0.382378  -0.0000   0.13700000
  0.382514  -0.0000   0.13800000
  0.382717  -0.0000   0.13800000
  0.383020  -0.0000   0.14000000
  0.383472  -0.0000   0.14100000
  0.384143  -0.0000   0.14400000
  0.385138  -0.0000   0.14800000
  0.386608  -0.0000   0.15300000
  0.388622  -0.0000   0.16200000
  0.390604  -0.0000   0.17000000
  0.392553  -0.0000   0.17800000
  0.394473  -0.0000   0.18600000
  0.397244  -0.0000   0.19800000
  0.397947  -0.0000   0.20100000
  0.398646  -0.0000   0.20400000
  0.399341  -0.0000   0.20700000
  0.399516  -0.0000   0.20800000
  0.399685  -0.0000   0.20900000
  0.399855  -0.0000   0.20900000
  0.400109  -0.0000   0.21100000
  0.400488  -0.0000   0.21300000
  0.401051  -0.0000   0.21600000
  0.401887  -0.0000   0.22100000
  0.403123  -0.0000   0.22800000
  0.404946  -0.0000   0.23800000
  0.406741  -0.0000   0.24800000
  0.408509  -0.0000   0.25900000
  0.410253  -0.0000   0.26900000
  0.412816  -0.0000   0.28500000
  0.415739  -0.0000   0.30300000
  0.416014  -0.0000   0.30500000
  0.416289  -0.0000   0.30700000
  0.416564  -0.0000   0.30800000
  0.416845  -0.0000   0.31000000
  0.416909  -0.0000   0.31100000
  0.416973  -0.0000   0.31100000
  0.417070  -0.0000   0.31200000
  0.417215  -0.0000   0.31300000
  0.417433  -0.0000   0.31500000
  0.417757  -0.0000   0.31700000
  0.418240  -0.0000   0.32100000
  0.418958  -0.0000   0.32700000
  0.420021  -0.0000   0.33500000
  0.421592  -0.0000   0.34800000
  0.423540  -0.0000   0.36400000
  0.425458  -0.0000   0.38000000
  0.427347  -0.0000   0.39600000
  0.429209  -0.0000   0.41200000
  0.431943  -0.0000   0.43600000
  0.432694  -0.0000   0.44300000
  0.433441  -0.0000   0.44900000
  0.434161  -0.0000   0.45600000
  0.434218  -0.0000   0.45700000
  0.434304  -0.0000   0.45800000
  0.434434  -0.0000   0.45900000
  0.434629  -0.0000   0.46100000
  0.434920  -0.0000   0.46400000
  0.435354  -0.0000   0.46900000
  0.435999  -0.0000   0.47600000
  0.436956  -0.0000   0.48700000
  0.438371  -0.0000   0.50300000
  0.440250  -0.0000   0.52400000
  0.442099  -0.0000   0.54600000
  0.443922  -0.0000   0.56700000
  0.445719  -0.0000   0.58900000
  0.448361  -0.0000   0.62100000
  0.450646  -0.0000   0.65000000
  0.450949  -0.0000   0.65300000
  0.451252  -0.0000   0.65700000
  0.451538  -0.0000   0.66100000
  0.451632  -0.0000   0.66200000
  0.451774  -0.0000   0.66400000
  0.451988  -0.0000   0.66800000
  0.452308  -0.0000   0.67200000
  0.452783  -0.0000   0.68000000
  0.453490  -0.0000   0.69000000
  0.454538  -0.0000   0.70700000
  0.456085  -0.0000   0.73100000
  0.457917  -0.0000   0.76000000
  0.459722  -0.0000   0.78900000
  0.461502  -0.0000   0.81800000
  0.463907  -0.0000   0.85800000
  0.466270  -0.0000   0.89800000
  0.467302  -0.0000   0.91600000
  0.468326  -0.0000   0.93400000
  0.468693  -0.0000   0.94000000
  0.468960  -0.0000   0.94500000
  0.469024  -0.0000   0.94700000
  0.469088  -0.0000   0.94800000
  0.469184  -0.0000   0.95000000
  0.469328  -0.0000   0.95300000
  0.469543  -0.0000   0.95700000
  0.469865  -0.0000   0.96400000
  0.470343  -0.0000   0.97400000
  0.471055  -0.0000   0.98900000
  0.471597  -0.0000   1.00000000
  0.471291  -0.0000   1.00000000
  0.471291  -0.0000   1.00000000
  0.471291  -0.0000   1.00000000
  0.471291  -0.0000   1.00000000
  0.471291  -0.0000   1.00000000
  0.471291  -0.0000   1.00000000
  0.471291  -0.0000   1.00000000
  0.471291  -0.0000   1.00000000
  0.471291  -0.0000   1.00000000
  0.471290  -0.0000   1.00000000
  0.471290  -0.0000   1.00000000
  0.471289  -0.0000   1.00000000
  0.471289  -0.0000   1.00000000
  0.471288  -0.0000   1.00000000
