  0.000003  -0.0000   0.00000010
  0.000006  -0.0000   0.00000020
  0.000015  -0.0000   0.00000030
  0.000175  -0.0000   0.00000045
  0.003698  -0.0000   0.00000067
  0.005990  -0.0000   0.00000076
  0.005995  -0.0000   0.00000089
  0.006001  -0.0000   0.00000108
  0.006012  -0.0000   0.00000136
  0.006029  -0.0000   0.00000179
  0.006061  -0.0000   0.00000243
  0.006124  -0.0000   0.00000339
  0.006266  -0.0000   0.00000483
  0.006397  -0.0000   0.00000585
  0.006562  -0.0000   0.00000687
  0.006767  -0.0000   0.00000789
  0.007017  -0.0000   0.00000891
  0.007316  -0.0000   0.00000992
  0.007669  -0.0000   0.00001094
  0.008033  -0.0000   0.00001186
  0.008445  -0.0000   0.00001278
  0.008909  -0.0000   0.00001369
  0.009407  -0.0000   0.00001458
  0.009957  -0.0000   0.00001547
  0.010560  -0.0000   0.00001636
  0.011222  -0.0000   0.00001725
  0.011940  -0.0000   0.00001814
  0.012716  -0.0000   0.00001904
  0.013680  -0.0000   0.00002006
  0.014721  -0.0000   0.00002109
  0.015841  -0.0000   0.00002211
  0.017039  -0.0000   0.00002313
  0.018318  -0.0000   0.00002416
  0.019678  -0.0000   0.00002518
  0.019994  -0.0000   0.00002541
  0.020313  -0.0000   0.00002565
  0.020637  -0.0000   0.00002588
  0.020664  -0.0000   0.00002598
  0.020686  -0.0000   0.00002607
  0.020706  -0.0000   0.00002617
  0.020733  -0.0000   0.00002631
  0.020768  -0.0000   0.00002652
  0.020815  -0.0000   0.00002684
  0.020879  -0.0000   0.00002731
  0.020941  -0.0000   0.00002779
  0.021033  -0.0000   0.00002850
  0.021177  -0.0000   0.00002957
  0.021411  -0.0000   0.00003118
  0.021809  -0.0000   0.00003359
  0.022379  -0.0000   0.00003657
  0.023032  -0.0000   0.00003955
  0.023773  -0.0000   0.00004254
  0.024605  -0.0000   0.00004552
  0.025533  -0.0000   0.00004850
  0.026561  -0.0000   0.00005148
  0.027492  -0.0000   0.00005397
  0.028496  -0.0000   0.00005647
  0.029576  -0.0000   0.00005896
  0.030733  -0.0000   0.00006145
  0.031968  -0.0000   0.00006394
  0.033282  -0.0000   0.00006643
  0.034677  -0.0000   0.00006892
  0.036151  -0.0000   0.00007142
  0.037707  -0.0000   0.00007391
  0.039326  -0.0000   0.00007640
  0.039364  -0.0000   0.00007655
  0.039399  -0.0000   0.00007669
  0.039431  -0.0000   0.00007684
  0.039477  -0.0000   0.00007707
  0.039541  -0.0000   0.00007740
  0.039633  -0.0000   0.00007790
  0.039771  -0.0000   0.00007865
  0.039979  -0.0000   0.00007978
  0.040303  -0.0000   0.00008147
  0.040814  -0.0000   0.00008400
  0.041641  -0.0000   0.00008780
  0.043017  -0.0000   0.00009350
  0.044537  -0.0000   0.00009921
  0.046034  -0.0000   0.00010490
  0.047506  -0.0000   0.00011060
  0.048959  -0.0000   0.00011630
  0.051102  -0.0000   0.00012490
  0.054243  -0.0000   0.00013770
  0.057316  -0.0000   0.00015050
  0.057634  -0.0000   0.00015190
  0.057952  -0.0000   0.00015320
  0.058269  -0.0000   0.00015450
  0.058743  -0.0000   0.00015650
  0.059024  -0.0000   0.00015770
  0.059135  -0.0000   0.00015870
  0.059233  -0.0000   0.00015960
  0.059328  -0.0000   0.00016060
  0.059422  -0.0000   0.00016150
  0.059563  -0.0000   0.00016290
  0.059773  -0.0000   0.00016510
  0.060087  -0.0000   0.00016830
  0.060555  -0.0000   0.00017310
  0.061250  -0.0000   0.00018030
  0.062279  -0.0000   0.00019100
  0.063796  -0.0000   0.00020720
  0.066027  -0.0000   0.00023150
  0.068722  -0.0000   0.00026150
  0.071371  -0.0000   0.00029140
  0.073976  -0.0000   0.00032140
  0.076542  -0.0000   0.00035130
  0.076965  -0.0000   0.00035620
  0.077386  -0.0000   0.00036120
  0.077806  -0.0000   0.00036610
  0.078435  -0.0000   0.00037360
  0.078747  -0.0000   0.00037730
  0.078935  -0.0000   0.00038100
  0.079103  -0.0000   0.00038470
  0.079271  -0.0000   0.00038840
  0.079438  -0.0000   0.00039210
  0.079688  -0.0000   0.00039760
  0.080061  -0.0000   0.00040590
  0.080615  -0.0000   0.00041840
  0.081439  -0.0000   0.00043720
  0.082657  -0.0000   0.00046530
  0.084456  -0.0000   0.00050740
  0.087104  -0.0000   0.00057070
  0.090587  -0.0000   0.00065550
  0.094005  -0.0000   0.00074040
  0.097366  -0.0000   0.00082530
  0.097715  -0.0000   0.00083420
  0.098063  -0.0000   0.00084300
  0.098411  -0.0000   0.00085190
  0.098838  -0.0000   0.00086510
  0.099160  -0.0000   0.00087840
  0.099481  -0.0000   0.00089160
  0.099801  -0.0000   0.00090490
  0.100119  -0.0000   0.00091820
  0.100594  -0.0000   0.00093810
  0.101299  -0.0000   0.00096790
  0.102346  -0.0000   0.00101300
  0.103897  -0.0000   0.00108000
  0.106186  -0.0000   0.00118100
  0.109555  -0.0000   0.00133200
  0.112869  -0.0000   0.00148300
  0.116132  -0.0000   0.00163400
  0.117070  -0.0000   0.00167700
  0.118003  -0.0000   0.00172100
  0.118845  -0.0000   0.00176500
  0.119101  -0.0000   0.00178200
  0.119356  -0.0000   0.00180000
  0.119611  -0.0000   0.00181800
  0.119864  -0.0000   0.00183500
  0.120243  -0.0000   0.00186200
  0.120807  -0.0000   0.00190100
  0.121646  -0.0000   0.00196100
  0.122891  -0.0000   0.00205000
  0.124734  -0.0000   0.00218400
  0.127454  -0.0000   0.00238500
  0.130502  -0.0000   0.00261400
  0.133508  -0.0000   0.00284300
  0.136476  -0.0000   0.00307100
  0.137066  -0.0000   0.00311700
  0.137655  -0.0000   0.00316300
  0.138243  -0.0000   0.00320800
  0.138772  -0.0000   0.00325200
  0.139045  -0.0000   0.00328100
  0.139318  -0.0000   0.00331000
  0.139590  -0.0000   0.00334000
  0.139861  -0.0000   0.00336900
  0.140265  -0.0000   0.00341300
  0.140868  -0.0000   0.00347800
  0.141764  -0.0000   0.00357700
  0.143093  -0.0000   0.00372500
  0.145062  -0.0000   0.00394700
  0.147969  -0.0000   0.00428000
  0.150838  -0.0000   0.00461400
  0.153671  -0.0000   0.00494700
  0.156472  -0.0000   0.00528000
  0.157046  -0.0000   0.00534800
  0.157618  -0.0000   0.00541700
  0.158188  -0.0000   0.00548500
  0.158954  -0.0000   0.00558800
  0.159318  -0.0000   0.00564500
  0.159680  -0.0000   0.00570200
  0.160041  -0.0000   0.00575900
  0.160400  -0.0000   0.00581700
  0.160936  -0.0000   0.00590300
  0.161734  -0.0000   0.00603200
  0.162920  -0.0000   0.00622500
  0.164680  -0.0000   0.00651500
  0.167282  -0.0000   0.00695000
  0.170996  -0.0000   0.00758100
  0.174655  -0.0000   0.00821200
  0.178264  -0.0000   0.00884300
  0.178629  -0.0000   0.00890700
  0.178946  -0.0000   0.00897100
  0.179235  -0.0000   0.00903500
  0.179667  -0.0000   0.00913100
  0.180097  -0.0000   0.00922600
  0.180737  -0.0000   0.00937000
  0.181689  -0.0000   0.00958600
  0.183103  -0.0000   0.00990900
  0.185196  -0.0000   0.01039000
  0.188290  -0.0000   0.01112000
  0.191344  -0.0000   0.01185000
  0.194362  -0.0000   0.01258000
  0.197347  -0.0000   0.01331000
  0.197822  -0.0000   0.01342000
  0.198296  -0.0000   0.01354000
  0.198770  -0.0000   0.01366000
  0.199095  -0.0000   0.01375000
  0.199413  -0.0000   0.01385000
  0.199729  -0.0000   0.01394000
  0.200044  -0.0000   0.01404000
  0.200514  -0.0000   0.01418000
  0.201215  -0.0000   0.01439000
  0.202258  -0.0000   0.01472000
  0.203807  -0.0000   0.01520000
  0.206102  -0.0000   0.01592000
  0.209493  -0.0000   0.01701000
  0.212841  -0.0000   0.01810000
  0.216149  -0.0000   0.01918000
  0.217564  -0.0000   0.01965000
  0.218955  -0.0000   0.02012000
  0.219261  -0.0000   0.02024000
  0.219566  -0.0000   0.02036000
  0.219870  -0.0000   0.02048000
  0.220174  -0.0000   0.02060000
  0.220626  -0.0000   0.02079000
  0.221302  -0.0000   0.02106000
  0.222308  -0.0000   0.02147000
  0.223803  -0.0000   0.02209000
  0.226020  -0.0000   0.02301000
  0.229301  -0.0000   0.02439000
  0.232542  -0.0000   0.02578000
  0.235747  -0.0000   0.02716000
  0.238918  -0.0000   0.02854000
  0.239241  -0.0000   0.02870000
  0.239552  -0.0000   0.02886000
  0.239861  -0.0000   0.02902000
  0.240324  -0.0000   0.02926000
  0.241013  -0.0000   0.02962000
  0.242039  -0.0000   0.03015000
  0.243563  -0.0000   0.03096000
  0.245824  -0.0000   0.03217000
  0.249167  -0.0000   0.03398000
  0.252469  -0.0000   0.03579000
  0.255735  -0.0000   0.03760000
  0.258967  -0.0000   0.03942000
  0.259321  -0.0000   0.03964000
  0.259663  -0.0000   0.03986000
  0.260004  -0.0000   0.04008000
  0.260512  -0.0000   0.04041000
  0.261271  -0.0000   0.04091000
  0.262399  -0.0000   0.04166000
  0.264076  -0.0000   0.04278000
  0.266561  -0.0000   0.04446000
  0.270236  -0.0000   0.04699000
  0.273865  -0.0000   0.04951000
  0.277453  -0.0000   0.05203000
  0.278180  -0.0000   0.05254000
  0.278904  -0.0000   0.05306000
  0.279567  -0.0000   0.05357000
  0.280199  -0.0000   0.05408000
  0.280829  -0.0000   0.05459000
  0.281455  -0.0000   0.05510000
  0.282079  -0.0000   0.05562000
  0.283009  -0.0000   0.05638000
  0.284393  -0.0000   0.05754000
  0.286451  -0.0000   0.05926000
  0.289500  -0.0000   0.06186000
  0.293940  -0.0000   0.06568000
  0.298322  -0.0000   0.06951000
  0.298803  -0.0000   0.06993000
  0.299284  -0.0000   0.07036000
  0.299643  -0.0000   0.07071000
  0.300000  -0.0000   0.07106000
  0.300355  -0.0000   0.07141000
  0.300709  -0.0000   0.07177000
  0.301239  -0.0000   0.07229000
  0.302028  -0.0000   0.07309000
  0.303204  -0.0000   0.07428000
  0.304953  -0.0000   0.07606000
  0.307547  -0.0000   0.07874000
  0.311386  -0.0000   0.08275000
  0.315180  -0.0000   0.08677000
  0.318934  -0.0000   0.09078000
  0.319364  -0.0000   0.09124000
  0.319753  -0.0000   0.09170000
  0.320138  -0.0000   0.09216000
  0.320522  -0.0000   0.09262000
  0.320904  -0.0000   0.09308000
  0.321476  -0.0000   0.09377000
  0.322328  -0.0000   0.09481000
  0.323598  -0.0000   0.09636000
  0.325485  -0.0000   0.09869000
  0.328285  -0.0000   0.10200000
  0.332427  -0.0000   0.10700000
  0.336521  -0.0000   0.11300000
  0.337713  -0.0000   0.11400000
  0.338902  -0.0000   0.11600000
  0.339702  -0.0000   0.11700000
  0.340160  -0.0000   0.11700000
  0.340616  -0.0000   0.11800000
  0.341071  -0.0000   0.11900000
  0.341523  -0.0000   0.11900000
  0.342200  -0.0000   0.12000000
  0.343209  -0.0000   0.12200000
  0.344711  -0.0000   0.12400000
  0.346943  -0.0000   0.12700000
  0.350253  -0.0000   0.13200000
  0.354717  -0.0000   0.13900000
  0.359130  -0.0000   0.14600000
  0.359579  -0.0000   0.14700000
  0.359995  -0.0000   0.14700000
  0.360403  -0.0000   0.14800000
  0.361013  -0.0000   0.14900000
  0.361620  -0.0000   0.15000000
  0.362526  -0.0000   0.15200000
  0.363874  -0.0000   0.15400000
  0.365879  -0.0000   0.15800000
  0.368853  -0.0000   0.16300000
  0.373255  -0.0000   0.17100000
  0.377607  -0.0000   0.17900000
  0.378416  -0.0000   0.18000000
  0.379224  -0.0000   0.18100000
  0.380006  -0.0000   0.18300000
  0.380509  -0.0000   0.18400000
  0.381009  -0.0000   0.18500000
  0.381509  -0.0000   0.18600000
  0.382006  -0.0000   0.18700000
  0.382749  -0.0000   0.18800000
  0.383857  -0.0000   0.19100000
  0.385506  -0.0000   0.19400000
  0.387958  -0.0000   0.19900000
  0.391594  -0.0000   0.20700000
  0.396221  -0.0000   0.21600000
  0.397735  -0.0000   0.22000000
  0.399243  -0.0000   0.22300000
  0.399989  -0.0000   0.22500000
  0.400413  -0.0000   0.22500000
  0.400836  -0.0000   0.22600000
  0.401257  -0.0000   0.22700000
  0.401677  -0.0000   0.22800000
  0.402305  -0.0000   0.23000000
  0.403242  -0.0000   0.23200000
  0.404638  -0.0000   0.23500000
  0.406715  -0.0000   0.24000000
  0.409799  -0.0000   0.24800000
  0.414366  -0.0000   0.25900000
  0.418885  -0.0000   0.27000000
  0.419462  -0.0000   0.27200000
  0.420038  -0.0000   0.27300000
  0.420452  -0.0000   0.27400000
  0.420864  -0.0000   0.27500000
  0.421274  -0.0000   0.27600000
  0.421683  -0.0000   0.27700000
  0.422294  -0.0000   0.27900000
  0.423206  -0.0000   0.28100000
  0.424565  -0.0000   0.28500000
  0.426587  -0.0000   0.29100000
  0.430580  -0.0000   0.30200000
  0.434531  -0.0000   0.31300000
  0.438446  -0.0000   0.32400000
  0.439231  -0.0000   0.32600000
  0.440015  -0.0000   0.32900000
  0.440542  -0.0000   0.33000000
  0.441057  -0.0000   0.33200000
  0.441571  -0.0000   0.33300000
  0.442338  -0.0000   0.33600000
  0.443482  -0.0000   0.33900000
  0.445184  -0.0000   0.34500000
  0.447714  -0.0000   0.35300000
  0.451466  -0.0000   0.36500000
  0.455183  -0.0000   0.37700000
  0.458869  -0.0000   0.38900000
  0.459610  -0.0000   0.39100000
  0.460347  -0.0000   0.39400000
  0.460762  -0.0000   0.39500000
  0.461175  -0.0000   0.39700000
  0.461587  -0.0000   0.39800000
  0.461998  -0.0000   0.39900000
  0.462612  -0.0000   0.40200000
  0.463529  -0.0000   0.40500000
  0.464896  -0.0000   0.41000000
  0.466931  -0.0000   0.41700000
  0.469955  -0.0000   0.42800000
  0.474439  -0.0000   0.44500000
  0.478879  -0.0000   0.46100000
  0.479608  -0.0000   0.46400000
  0.480336  -0.0000   0.46600000
  0.480906  -0.0000   0.46900000
  0.481465  -0.0000   0.47100000
  0.482022  -0.0000   0.47300000
  0.482578  -0.0000   0.47500000
  0.483407  -0.0000   0.47900000
  0.484644  -0.0000   0.48400000
  0.486487  -0.0000   0.49100000
  0.489227  -0.0000   0.50300000
  0.493292  -0.0000   0.51900000
  0.497321  -0.0000   0.53600000
  0.499266  -0.0000   0.54400000
  0.500837  -0.0000   0.55100000
  0.501312  -0.0000   0.55300000
  0.501786  -0.0000   0.55500000
  0.502259  -0.0000   0.55800000
  0.502730  -0.0000   0.56000000
  0.503435  -0.0000   0.56300000
  0.504487  -0.0000   0.56800000
  0.506055  -0.0000   0.57500000
  0.508388  -0.0000   0.58600000
  0.511856  -0.0000   0.60200000
  0.515825  -0.0000   0.62100000
  0.519762  -0.0000   0.63900000
  0.520424  -0.0000   0.64200000
  0.521070  -0.0000   0.64600000
  0.521693  -0.0000   0.64900000
  0.522315  -0.0000   0.65200000
  0.522934  -0.0000   0.65500000
  0.523551  -0.0000   0.65800000
  0.524473  -0.0000   0.66300000
  0.525848  -0.0000   0.67000000
  0.527896  -0.0000   0.68100000
  0.530942  -0.0000   0.69700000
  0.535464  -0.0000   0.72000000
  0.539946  -0.0000   0.74400000
  0.540593  -0.0000   0.74800000
  0.541226  -0.0000   0.75100000
  0.541838  -0.0000   0.75500000
  0.542447  -0.0000   0.75800000
  0.543055  -0.0000   0.76200000
  0.543660  -0.0000   0.76500000
  0.544565  -0.0000   0.77000000
  0.545915  -0.0000   0.77800000
  0.547926  -0.0000   0.79000000
  0.550917  -0.0000   0.80700000
  0.555360  -0.0000   0.83300000
  0.559764  -0.0000   0.85900000
  0.560513  -0.0000   0.86400000
  0.561256  -0.0000   0.86800000
  0.561750  -0.0000   0.87100000
  0.562242  -0.0000   0.87500000
  0.562732  -0.0000   0.87800000
  0.563222  -0.0000   0.88100000
  0.563953  -0.0000   0.88500000
  0.565045  -0.0000   0.89200000
  0.566673  -0.0000   0.90300000
  0.569097  -0.0000   0.91900000
  0.572701  -0.0000   0.94200000
  0.577491  -0.0000   0.97400000
  0.581455  -0.0000   1.00000000
  0.581422  -0.0000   1.00000000
  0.581422  -0.0000   1.00000000
  0.581422  -0.0000   1.00000000
  0.581422  -0.0000   1.00000000
  0.581422  -0.0000   1.00000000
  0.581422  -0.0000   1.00000000
  0.581422  -0.0000   1.00000000
  0.581422  -0.0000   1.00000000
  0.581422  -0.0000   1.00000000
  0.581422  -0.0000   1.00000000
  0.581422  -0.0000   1.00000000
  0.581421  -0.0000   1.00000000
  0.581421  -0.0000   1.00000000
  0.581420  -0.0000   1.00000000
  0.581419  -0.0000   1.00000000
