  0.000000  -0.0000   0.00000010
  0.000000  -0.0000   0.00000020
  0.000000  -0.0000   0.00000030
  0.000003  -0.0000   0.00000045
  0.000061  -0.0000   0.00000067
  0.001361  -0.0000   0.00000101
  0.005969  -0.0000   0.00000152
  0.005970  -0.0000   0.00000203
  0.005971  -0.0000   0.00000253
  0.005972  -0.0000   0.00000329
  0.005975  -0.0000   0.00000443
  0.005981  -0.0000   0.00000614
  0.005994  -0.0000   0.00000870
  0.006022  -0.0000   0.00001255
  0.006082  -0.0000   0.00001831
  0.006214  -0.0000   0.00002696
  0.006507  -0.0000   0.00003994
  0.006893  -0.0000   0.00005291
  0.007372  -0.0000   0.00006589
  0.007943  -0.0000   0.00007886
  0.008606  -0.0000   0.00009183
  0.009314  -0.0000   0.00010480
  0.009995  -0.0000   0.00011780
  0.010657  -0.0000   0.00013080
  0.011618  -0.0000   0.00015020
  0.013000  -0.0000   0.00017940
  0.014973  -0.0000   0.00022320
  0.016867  -0.0000   0.00026700
  0.018695  -0.0000   0.00031080
  0.020465  -0.0000   0.00035460
  0.022186  -0.0000   0.00039840
  0.024390  -0.0000   0.00045640
  0.026525  -0.0000   0.00051440
  0.026763  -0.0000   0.00052090
  0.027000  -0.0000   0.00052740
  0.027237  -0.0000   0.00053390
  0.027495  -0.0000   0.00054360
  0.027671  -0.0000   0.00055340
  0.027843  -0.0000   0.00056310
  0.028013  -0.0000   0.00057290
  0.028181  -0.0000   0.00058260
  0.028428  -0.0000   0.00059720
  0.028791  -0.0000   0.00061920
  0.029322  -0.0000   0.00065210
  0.030096  -0.0000   0.00070140
  0.031132  -0.0000   0.00076960
  0.032140  -0.0000   0.00083780
  0.033126  -0.0000   0.00090600
  0.034092  -0.0000   0.00097420
  0.035367  -0.0000   0.00106600
  0.036615  -0.0000   0.00115800
  0.038211  -0.0000   0.00127900
  0.039775  -0.0000   0.00139900
  0.041615  -0.0000   0.00154400
  0.043418  -0.0000   0.00168900
  0.045514  -0.0000   0.00186100
  0.047568  -0.0000   0.00203300
  0.049977  -0.0000   0.00223900
  0.052338  -0.0000   0.00244500
  0.055136  -0.0000   0.00269500
  0.055777  -0.0000   0.00275200
  0.056415  -0.0000   0.00281000
  0.056961  -0.0000   0.00286700
  0.057421  -0.0000   0.00292500
  0.057873  -0.0000   0.00298200
  0.058319  -0.0000   0.00304000
  0.058978  -0.0000   0.00312600
  0.059948  -0.0000   0.00325600
  0.061371  -0.0000   0.00345000
  0.063449  -0.0000   0.00374100
  0.065787  -0.0000   0.00407700
  0.068074  -0.0000   0.00441300
  0.070317  -0.0000   0.00474900
  0.073313  -0.0000   0.00520800
  0.076248  -0.0000   0.00566700
  0.079934  -0.0000   0.00625700
  0.083545  -0.0000   0.00684700
  0.087087  -0.0000   0.00743700
  0.087635  -0.0000   0.00752900
  0.088109  -0.0000   0.00762000
  0.088561  -0.0000   0.00771200
  0.089230  -0.0000   0.00784900
  0.089891  -0.0000   0.00798600
  0.090870  -0.0000   0.00819200
  0.092313  -0.0000   0.00850100
  0.094434  -0.0000   0.00896500
  0.097537  -0.0000   0.00966000
  0.100575  -0.0000   0.01036000
  0.103558  -0.0000   0.01105000
  0.106491  -0.0000   0.01175000
  0.110798  -0.0000   0.01279000
  0.115022  -0.0000   0.01383000
  0.117693  -0.0000   0.01450000
  0.118601  -0.0000   0.01473000
  0.119407  -0.0000   0.01496000
  0.120197  -0.0000   0.01518000
  0.120979  -0.0000   0.01541000
  0.121754  -0.0000   0.01564000
  0.122903  -0.0000   0.01598000
  0.124604  -0.0000   0.01649000
  0.127112  -0.0000   0.01726000
  0.130793  -0.0000   0.01842000
  0.134406  -0.0000   0.01957000
  0.137960  -0.0000   0.02072000
  0.141461  -0.0000   0.02188000
  0.146610  -0.0000   0.02361000
  0.147711  -0.0000   0.02398000
  0.148809  -0.0000   0.02435000
  0.149868  -0.0000   0.02472000
  0.151065  -0.0000   0.02517000
  0.152248  -0.0000   0.02563000
  0.153418  -0.0000   0.02608000
  0.154578  -0.0000   0.02653000
  0.156299  -0.0000   0.02720000
  0.158845  -0.0000   0.02822000
  0.162594  -0.0000   0.02974000
  0.167344  -0.0000   0.03171000
  0.172010  -0.0000   0.03367000
  0.176602  -0.0000   0.03564000
  0.179650  -0.0000   0.03696000
  0.180736  -0.0000   0.03744000
  0.181768  -0.0000   0.03793000
  0.182790  -0.0000   0.03841000
  0.184806  -0.0000   0.03938000
  0.186799  -0.0000   0.04035000
  0.189745  -0.0000   0.04180000
  0.194084  -0.0000   0.04398000
  0.199697  -0.0000   0.04686000
  0.205208  -0.0000   0.04974000
  0.210630  -0.0000   0.05262000
  0.211659  -0.0000   0.05319000
  0.212658  -0.0000   0.05376000
  0.213649  -0.0000   0.05432000
  0.215122  -0.0000   0.05518000
  0.217306  -0.0000   0.05645000
  0.220536  -0.0000   0.05837000
  0.225385  -0.0000   0.06130000
  0.230155  -0.0000   0.06423000
  0.234857  -0.0000   0.06716000
  0.241540  -0.0000   0.07140000
  0.242642  -0.0000   0.07214000
  0.243733  -0.0000   0.07287000
  0.244817  -0.0000   0.07361000
  0.246429  -0.0000   0.07471000
  0.248821  -0.0000   0.07637000
  0.252361  -0.0000   0.07885000
  0.257580  -0.0000   0.08258000
  0.264269  -0.0000   0.08745000
  0.270840  -0.0000   0.09232000
  0.272182  -0.0000   0.09333000
  0.273475  -0.0000   0.09434000
  0.274757  -0.0000   0.09535000
  0.276662  -0.0000   0.09686000
  0.278552  -0.0000   0.09837000
  0.281356  -0.0000   0.10100000
  0.285506  -0.0000   0.10400000
  0.287567  -0.0000   0.10600000
  0.290631  -0.0000   0.10800000
  0.295169  -0.0000   0.11200000
  0.298206  -0.0000   0.11500000
  0.301220  -0.0000   0.11700000
  0.302938  -0.0000   0.11900000
  0.304618  -0.0000   0.12000000
  0.306285  -0.0000   0.12200000
  0.308760  -0.0000   0.12400000
  0.312428  -0.0000   0.12800000
  0.319610  -0.0000   0.13400000
  0.326657  -0.0000   0.14100000
  0.329940  -0.0000   0.14400000
  0.332630  -0.0000   0.14700000
  0.335237  -0.0000   0.15000000
  0.337815  -0.0000   0.15200000
  0.340369  -0.0000   0.15500000
  0.342903  -0.0000   0.15800000
  0.346661  -0.0000   0.16200000
  0.354032  -0.0000   0.17000000
  0.356573  -0.0000   0.17300000
  0.360350  -0.0000   0.17700000
  0.362041  -0.0000   0.17900000
  0.363696  -0.0000   0.18100000
  0.365340  -0.0000   0.18200000
  0.367784  -0.0000   0.18500000
  0.371408  -0.0000   0.19000000
  0.378512  -0.0000   0.19800000
  0.385487  -0.0000   0.20700000
  0.389040  -0.0000   0.21100000
  0.391422  -0.0000   0.21400000
  0.392009  -0.0000   0.21500000
  0.392593  -0.0000   0.21600000
  0.393467  -0.0000   0.21700000
  0.394770  -0.0000   0.21900000
  0.396712  -0.0000   0.22100000
  0.399599  -0.0000   0.22500000
  0.403874  -0.0000   0.23100000
  0.410178  -0.0000   0.23900000
  0.412527  -0.0000   0.24200000
  0.416019  -0.0000   0.24700000
  0.418523  -0.0000   0.25100000
  0.420963  -0.0000   0.25400000
  0.423370  -0.0000   0.25800000
  0.425757  -0.0000   0.26100000
  0.428127  -0.0000   0.26500000
  0.431643  -0.0000   0.27000000
  0.438543  -0.0000   0.28000000
  0.441112  -0.0000   0.28400000
  0.444928  -0.0000   0.29000000
  0.447279  -0.0000   0.29400000
  0.449566  -0.0000   0.29800000
  0.451833  -0.0000   0.30100000
  0.454083  -0.0000   0.30500000
  0.456317  -0.0000   0.30800000
  0.459633  -0.0000   0.31400000
  0.466146  -0.0000   0.32500000
  0.468571  -0.0000   0.32900000
  0.472174  -0.0000   0.33500000
  0.475003  -0.0000   0.34000000
  0.477761  -0.0000   0.34500000
  0.480488  -0.0000   0.35000000
  0.483190  -0.0000   0.35500000
  0.485869  -0.0000   0.35900000
  0.489840  -0.0000   0.36700000
  0.491813  -0.0000   0.37000000
  0.494748  -0.0000   0.37600000
  0.499098  -0.0000   0.38400000
  0.501260  -0.0000   0.38800000
  0.504447  -0.0000   0.39400000
  0.508869  -0.0000   0.40300000
  0.513228  -0.0000   0.41200000
  0.517528  -0.0000   0.42100000
  0.521774  -0.0000   0.42900000
  0.523883  -0.0000   0.43400000
  0.527020  -0.0000   0.44000000
  0.530522  -0.0000   0.44800000
  0.533361  -0.0000   0.45400000
  0.536171  -0.0000   0.46000000
  0.538954  -0.0000   0.46600000
  0.541711  -0.0000   0.47200000
  0.545794  -0.0000   0.48200000
  0.547823  -0.0000   0.48600000
  0.550840  -0.0000   0.49300000
  0.556793  -0.0000   0.50700000
  0.559154  -0.0000   0.51300000
  0.561493  -0.0000   0.51800000
  0.563812  -0.0000   0.52400000
  0.566112  -0.0000   0.52900000
  0.569524  -0.0000   0.53800000
  0.571219  -0.0000   0.54200000
  0.573746  -0.0000   0.54800000
  0.577501  -0.0000   0.55800000
  0.583689  -0.0000   0.57400000
  0.586238  -0.0000   0.58000000
  0.588762  -0.0000   0.58700000
  0.591262  -0.0000   0.59400000
  0.593739  -0.0000   0.60100000
  0.597413  -0.0000   0.61100000
  0.604628  -0.0000   0.63100000
  0.607315  -0.0000   0.63800000
  0.611271  -0.0000   0.65000000
  0.615144  -0.0000   0.66100000
  0.618959  -0.0000   0.67200000
  0.622722  -0.0000   0.68300000
  0.624593  -0.0000   0.68900000
  0.627378  -0.0000   0.69800000
  0.631513  -0.0000   0.71000000
  0.633057  -0.0000   0.71500000
  0.635350  -0.0000   0.72200000
  0.638716  -0.0000   0.73300000
  0.642036  -0.0000   0.74400000
  0.645313  -0.0000   0.75400000
  0.648554  -0.0000   0.76500000
  0.649765  -0.0000   0.76900000
  0.651573  -0.0000   0.77500000
  0.654264  -0.0000   0.78400000
  0.658260  -0.0000   0.79800000
  0.659753  -0.0000   0.80300000
  0.661951  -0.0000   0.81100000
  0.665202  -0.0000   0.82200000
  0.668409  -0.0000   0.83400000
  0.671574  -0.0000   0.84500000
  0.673149  -0.0000   0.85100000
  0.675495  -0.0000   0.85900000
  0.678980  -0.0000   0.87200000
  0.680282  -0.0000   0.87700000
  0.682225  -0.0000   0.88400000
  0.685112  -0.0000   0.89500000
  0.686179  -0.0000   0.89900000
  0.687768  -0.0000   0.90500000
  0.690126  -0.0000   0.91500000
  0.693610  -0.0000   0.92800000
  0.694911  -0.0000   0.93300000
  0.696850  -0.0000   0.94100000
  0.699735  -0.0000   0.95300000
  0.700813  -0.0000   0.95700000
  0.702423  -0.0000   0.96400000
  0.704821  -0.0000   0.97400000
  0.708384  -0.0000   0.98800000
  0.711191  -0.0000   1.00000000
  0.711190  -0.0000   1.00000000
  0.711190  -0.0000   1.00000000
  0.711190  -0.0000   1.00000000
  0.711190  -0.0000   1.00000000
  0.711189  -0.0000   1.00000000
  0.711189  -0.0000   1.00000000
  0.711189  -0.0000   1.00000000
  0.711188  -0.0000   1.00000000
  0.711187  -0.0000   1.00000000
  0.711185  -0.0000   1.00000000
  0.711182  -0.0000   1.00000000
  0.711178  -0.0000   1.00000000
  0.711170  -0.0000   1.00000000
  0.711158  -0.0000   1.00000000
  0.711140  -0.0000   1.00000000
  0.711131  -0.0000   1.00000000
