  0.000055  -0.0000   0.00000010
  0.000119  -0.0000   0.00000020
  0.000323  -0.0000   0.00000030
  0.003765  -0.0000   0.00000045
  0.006284  -0.0000   0.00000051
  0.006348  -0.0000   0.00000059
  0.006432  -0.0000   0.00000072
  0.006563  -0.0000   0.00000091
  0.006775  -0.0000   0.00000119
  0.007143  -0.0000   0.00000162
  0.007486  -0.0000   0.00000196
  0.007885  -0.0000   0.00000231
  0.008350  -0.0000   0.00000265
  0.008772  -0.0000   0.00000293
  0.009246  -0.0000   0.00000320
  0.009778  -0.0000   0.00000348
  0.010372  -0.0000   0.00000376
  0.011034  -0.0000   0.00000404
  0.011768  -0.0000   0.00000431
  0.012408  -0.0000   0.00000453
  0.013099  -0.0000   0.00000476
  0.013844  -0.0000   0.00000498
  0.014751  -0.0000   0.00000523
  0.015567  -0.0000   0.00000544
  0.016437  -0.0000   0.00000565
  0.017359  -0.0000   0.00000586
  0.018433  -0.0000   0.00000609
  0.019574  -0.0000   0.00000632
  0.020625  -0.0000   0.00000656
  0.020659  -0.0000   0.00000659
  0.020690  -0.0000   0.00000662
  0.020720  -0.0000   0.00000666
  0.020763  -0.0000   0.00000671
  0.020821  -0.0000   0.00000679
  0.020902  -0.0000   0.00000690
  0.020988  -0.0000   0.00000703
  0.021070  -0.0000   0.00000717
  0.021148  -0.0000   0.00000730
  0.021258  -0.0000   0.00000750
  0.021403  -0.0000   0.00000778
  0.021565  -0.0000   0.00000810
  0.021724  -0.0000   0.00000841
  0.021957  -0.0000   0.00000888
  0.022193  -0.0000   0.00000935
  0.022564  -0.0000   0.00001005
  0.023187  -0.0000   0.00001110
  0.023535  -0.0000   0.00001165
  0.023909  -0.0000   0.00001219
  0.024313  -0.0000   0.00001274
  0.024993  -0.0000   0.00001356
  0.025755  -0.0000   0.00001438
  0.026606  -0.0000   0.00001521
  0.027353  -0.0000   0.00001587
  0.028164  -0.0000   0.00001653
  0.029042  -0.0000   0.00001719
  0.029991  -0.0000   0.00001785
  0.031011  -0.0000   0.00001852
  0.032106  -0.0000   0.00001918
  0.033073  -0.0000   0.00001973
  0.034093  -0.0000   0.00002028
  0.035168  -0.0000   0.00002084
  0.036299  -0.0000   0.00002139
  0.037485  -0.0000   0.00002194
  0.038726  -0.0000   0.00002249
  0.038775  -0.0000   0.00002255
  0.038818  -0.0000   0.00002260
  0.038859  -0.0000   0.00002266
  0.038917  -0.0000   0.00002274
  0.038999  -0.0000   0.00002286
  0.039114  -0.0000   0.00002304
  0.039272  -0.0000   0.00002332
  0.039423  -0.0000   0.00002359
  0.039617  -0.0000   0.00002397
  0.039805  -0.0000   0.00002434
  0.040081  -0.0000   0.00002490
  0.040498  -0.0000   0.00002574
  0.041156  -0.0000   0.00002700
  0.041778  -0.0000   0.00002811
  0.042449  -0.0000   0.00002922
  0.043175  -0.0000   0.00003033
  0.044012  -0.0000   0.00003152
  0.044919  -0.0000   0.00003270
  0.045898  -0.0000   0.00003388
  0.047051  -0.0000   0.00003517
  0.048297  -0.0000   0.00003645
  0.049638  -0.0000   0.00003773
  0.051076  -0.0000   0.00003902
  0.052615  -0.0000   0.00004030
  0.054256  -0.0000   0.00004159
  0.056000  -0.0000   0.00004287
  0.057781  -0.0000   0.00004416
  0.057871  -0.0000   0.00004429
  0.057956  -0.0000   0.00004442
  0.058037  -0.0000   0.00004455
  0.058153  -0.0000   0.00004475
  0.058318  -0.0000   0.00004504
  0.058550  -0.0000   0.00004548
  0.058883  -0.0000   0.00004614
  0.059327  -0.0000   0.00004704
  0.059774  -0.0000   0.00004795
  0.060469  -0.0000   0.00004930
  0.061222  -0.0000   0.00005070
  0.062021  -0.0000   0.00005209
  0.062871  -0.0000   0.00005348
  0.064134  -0.0000   0.00005539
  0.065501  -0.0000   0.00005730
  0.066973  -0.0000   0.00005921
  0.068554  -0.0000   0.00006112
  0.070245  -0.0000   0.00006302
  0.072049  -0.0000   0.00006493
  0.073968  -0.0000   0.00006684
  0.076002  -0.0000   0.00006875
  0.076290  -0.0000   0.00006901
  0.076580  -0.0000   0.00006928
  0.076772  -0.0000   0.00006955
  0.076998  -0.0000   0.00006995
  0.077311  -0.0000   0.00007056
  0.077608  -0.0000   0.00007116
  0.077897  -0.0000   0.00007176
  0.078324  -0.0000   0.00007267
  0.078971  -0.0000   0.00007402
  0.079989  -0.0000   0.00007606
  0.081071  -0.0000   0.00007809
  0.082221  -0.0000   0.00008013
  0.083444  -0.0000   0.00008216
  0.084740  -0.0000   0.00008420
  0.086110  -0.0000   0.00008623
  0.087752  -0.0000   0.00008853
  0.089491  -0.0000   0.00009082
  0.091328  -0.0000   0.00009312
  0.093577  -0.0000   0.00009577
  0.095759  -0.0000   0.00009841
  0.095911  -0.0000   0.00009869
  0.096057  -0.0000   0.00009898
  0.096198  -0.0000   0.00009926
  0.096402  -0.0000   0.00009968
  0.096684  -0.0000   0.00010030
  0.097069  -0.0000   0.00010130
  0.097622  -0.0000   0.00010270
  0.098430  -0.0000   0.00010480
  0.099488  -0.0000   0.00010770
  0.100542  -0.0000   0.00011050
  0.101593  -0.0000   0.00011340
  0.102641  -0.0000   0.00011620
  0.104206  -0.0000   0.00012050
  0.106533  -0.0000   0.00012690
  0.109973  -0.0000   0.00013650
  0.110716  -0.0000   0.00013850
  0.111456  -0.0000   0.00014060
  0.112194  -0.0000   0.00014270
  0.113294  -0.0000   0.00014580
  0.113652  -0.0000   0.00014680
  0.113999  -0.0000   0.00014790
  0.114220  -0.0000   0.00014890
  0.114522  -0.0000   0.00015040
  0.114808  -0.0000   0.00015190
  0.115083  -0.0000   0.00015340
  0.115485  -0.0000   0.00015570
  0.116076  -0.0000   0.00015910
  0.116959  -0.0000   0.00016430
  0.118180  -0.0000   0.00017140
  0.119401  -0.0000   0.00017850
  0.120620  -0.0000   0.00018560
  0.122443  -0.0000   0.00019620
  0.125154  -0.0000   0.00021220
  0.129165  -0.0000   0.00023620
  0.129924  -0.0000   0.00024070
  0.130681  -0.0000   0.00024530
  0.131435  -0.0000   0.00024980
  0.132230  -0.0000   0.00025470
  0.132424  -0.0000   0.00025640
  0.132600  -0.0000   0.00025810
  0.132769  -0.0000   0.00025980
  0.133012  -0.0000   0.00026240
  0.133364  -0.0000   0.00026620
  0.133884  -0.0000   0.00027200
  0.134661  -0.0000   0.00028070
  0.135776  -0.0000   0.00029310
  0.136893  -0.0000   0.00030550
  0.138010  -0.0000   0.00031790
  0.139680  -0.0000   0.00033660
  0.142171  -0.0000   0.00036450
  0.145865  -0.0000   0.00040650
  0.147121  -0.0000   0.00042080
  0.148372  -0.0000   0.00043510
  0.149617  -0.0000   0.00044940
  0.150061  -0.0000   0.00045460
  0.150505  -0.0000   0.00045970
  0.150840  -0.0000   0.00046480
  0.151120  -0.0000   0.00046990
  0.151390  -0.0000   0.00047500
  0.151654  -0.0000   0.00048020
  0.152045  -0.0000   0.00048780
  0.152632  -0.0000   0.00049930
  0.153514  -0.0000   0.00051660
  0.154766  -0.0000   0.00054110
  0.156018  -0.0000   0.00056560
  0.157889  -0.0000   0.00060230
  0.160679  -0.0000   0.00065730
  0.164815  -0.0000   0.00073990
  0.168898  -0.0000   0.00082250
  0.169085  -0.0000   0.00082690
  0.169237  -0.0000   0.00083140
  0.169382  -0.0000   0.00083580
  0.169594  -0.0000   0.00084240
  0.169903  -0.0000   0.00085240
  0.170365  -0.0000   0.00086730
  0.171058  -0.0000   0.00088970
  0.172100  -0.0000   0.00092330
  0.173144  -0.0000   0.00095690
  0.174708  -0.0000   0.00100700
  0.177043  -0.0000   0.00108300
  0.180516  -0.0000   0.00119600
  0.184518  -0.0000   0.00132800
  0.185225  -0.0000   0.00135200
  0.185932  -0.0000   0.00137500
  0.186636  -0.0000   0.00139800
  0.187495  -0.0000   0.00142800
  0.187707  -0.0000   0.00143800
  0.187910  -0.0000   0.00144800
  0.188109  -0.0000   0.00145800
  0.188405  -0.0000   0.00147300
  0.188847  -0.0000   0.00149600
  0.189513  -0.0000   0.00152900
  0.190515  -0.0000   0.00158000
  0.192004  -0.0000   0.00165500
  0.193491  -0.0000   0.00173000
  0.195712  -0.0000   0.00184300
  0.199017  -0.0000   0.00201200
  0.203916  -0.0000   0.00226500
  0.204259  -0.0000   0.00228300
  0.204602  -0.0000   0.00230000
  0.204945  -0.0000   0.00231800
  0.205457  -0.0000   0.00234500
  0.205987  -0.0000   0.00237500
  0.206259  -0.0000   0.00239500
  0.206523  -0.0000   0.00241400
  0.206784  -0.0000   0.00243400
  0.207176  -0.0000   0.00246400
  0.207764  -0.0000   0.00250900
  0.208650  -0.0000   0.00257600
  0.209979  -0.0000   0.00267600
  0.211967  -0.0000   0.00282700
  0.214931  -0.0000   0.00305300
  0.219333  -0.0000   0.00339200
  0.223688  -0.0000   0.00373100
  0.223950  -0.0000   0.00375100
  0.224212  -0.0000   0.00377200
  0.224441  -0.0000   0.00379200
  0.224726  -0.0000   0.00382300
  0.225143  -0.0000   0.00386900
  0.225560  -0.0000   0.00391500
  0.225979  -0.0000   0.00396100
  0.226608  -0.0000   0.00403000
  0.227552  -0.0000   0.00413300
  0.228966  -0.0000   0.00428800
  0.231080  -0.0000   0.00452100
  0.234229  -0.0000   0.00487000
  0.238904  -0.0000   0.00539400
  0.240189  -0.0000   0.00553800
  0.241470  -0.0000   0.00568300
  0.242747  -0.0000   0.00582700
  0.242970  -0.0000   0.00585700
  0.243164  -0.0000   0.00588600
  0.243355  -0.0000   0.00591600
  0.243640  -0.0000   0.00596000
  0.244068  -0.0000   0.00602600
  0.244713  -0.0000   0.00612600
  0.245681  -0.0000   0.00627500
  0.247131  -0.0000   0.00649900
  0.249299  -0.0000   0.00683500
  0.252528  -0.0000   0.00733900
  0.257323  -0.0000   0.00809600
  0.258604  -0.0000   0.00829800
  0.259882  -0.0000   0.00850100
  0.261155  -0.0000   0.00870400
  0.261417  -0.0000   0.00874800
  0.261630  -0.0000   0.00879300
  0.261838  -0.0000   0.00883700
  0.262149  -0.0000   0.00890300
  0.262461  -0.0000   0.00897000
  0.262930  -0.0000   0.00906900
  0.263634  -0.0000   0.00921900
  0.264691  -0.0000   0.00944300
  0.266273  -0.0000   0.00977900
  0.268634  -0.0000   0.01028000
  0.272151  -0.0000   0.01104000
  0.276296  -0.0000   0.01194000
  0.277869  -0.0000   0.01228000
  0.279435  -0.0000   0.01262000
  0.279784  -0.0000   0.01270000
  0.280078  -0.0000   0.01278000
  0.280344  -0.0000   0.01285000
  0.280743  -0.0000   0.01297000
  0.281143  -0.0000   0.01308000
  0.281744  -0.0000   0.01325000
  0.282646  -0.0000   0.01351000
  0.283997  -0.0000   0.01390000
  0.286016  -0.0000   0.01447000
  0.289027  -0.0000   0.01534000
  0.293502  -0.0000   0.01664000
  0.297936  -0.0000   0.01795000
  0.298213  -0.0000   0.01803000
  0.298478  -0.0000   0.01811000
  0.298696  -0.0000   0.01819000
  0.299018  -0.0000   0.01831000
  0.299341  -0.0000   0.01843000
  0.299665  -0.0000   0.01856000
  0.300151  -0.0000   0.01874000
  0.300881  -0.0000   0.01901000
  0.301975  -0.0000   0.01943000
  0.303611  -0.0000   0.02004000
  0.306053  -0.0000   0.02097000
  0.309690  -0.0000   0.02236000
  0.313672  -0.0000   0.02389000
  0.314959  -0.0000   0.02439000
  0.316243  -0.0000   0.02489000
  0.316837  -0.0000   0.02512000
  0.317173  -0.0000   0.02527000
  0.317478  -0.0000   0.02542000
  0.317783  -0.0000   0.02557000
  0.318243  -0.0000   0.02579000
  0.318933  -0.0000   0.02613000
  0.319968  -0.0000   0.02664000
  0.321516  -0.0000   0.02739000
  0.323829  -0.0000   0.02853000
  0.327275  -0.0000   0.03024000
  0.331423  -0.0000   0.03231000
  0.335537  -0.0000   0.03438000
  0.335755  -0.0000   0.03451000
  0.335967  -0.0000   0.03465000
  0.336180  -0.0000   0.03478000
  0.336501  -0.0000   0.03498000
  0.336982  -0.0000   0.03528000
  0.337705  -0.0000   0.03573000
  0.338788  -0.0000   0.03641000
  0.340408  -0.0000   0.03743000
  0.342826  -0.0000   0.03895000
  0.346427  -0.0000   0.04123000
  0.350383  -0.0000   0.04376000
  0.354258  -0.0000   0.04629000
  0.354486  -0.0000   0.04647000
  0.354712  -0.0000   0.04665000
  0.354939  -0.0000   0.04683000
  0.355280  -0.0000   0.04710000
  0.355792  -0.0000   0.04751000
  0.356562  -0.0000   0.04812000
  0.357714  -0.0000   0.04903000
  0.359439  -0.0000   0.05040000
  0.362016  -0.0000   0.05245000
  0.365857  -0.0000   0.05554000
  0.369696  -0.0000   0.05864000
  0.370887  -0.0000   0.05960000
  0.372076  -0.0000   0.06057000
  0.372698  -0.0000   0.06107000
  0.372988  -0.0000   0.06135000
  0.373267  -0.0000   0.06163000
  0.373547  -0.0000   0.06190000
  0.373967  -0.0000   0.06231000
  0.374599  -0.0000   0.06294000
  0.375545  -0.0000   0.06387000
  0.376962  -0.0000   0.06526000
  0.379077  -0.0000   0.06736000
  0.382232  -0.0000   0.07050000
  0.386926  -0.0000   0.07521000
  0.389295  -0.0000   0.07760000
  0.390606  -0.0000   0.07893000
  0.391092  -0.0000   0.07942000
  0.391441  -0.0000   0.07983000
  0.391772  -0.0000   0.08023000
  0.392104  -0.0000   0.08064000
  0.392437  -0.0000   0.08104000
  0.392937  -0.0000   0.08165000
  0.393686  -0.0000   0.08256000
  0.394807  -0.0000   0.08392000
  0.396483  -0.0000   0.08597000
  0.398985  -0.0000   0.08903000
  0.402714  -0.0000   0.09364000
  0.406520  -0.0000   0.09837000
  0.408288  -0.0000   0.10100000
  0.410009  -0.0000   0.10300000
  0.410282  -0.0000   0.10300000
  0.410555  -0.0000   0.10400000
  0.410829  -0.0000   0.10400000
  0.411240  -0.0000   0.10500000
  0.411858  -0.0000   0.10600000
  0.412783  -0.0000   0.10700000
  0.414168  -0.0000   0.10900000
  0.416238  -0.0000   0.11200000
  0.419327  -0.0000   0.11700000
  0.423924  -0.0000   0.12400000
  0.428485  -0.0000   0.13100000
  0.428728  -0.0000   0.13100000
  0.428970  -0.0000   0.13200000
  0.429213  -0.0000   0.13200000
  0.429579  -0.0000   0.13300000
  0.430128  -0.0000   0.13400000
  0.430951  -0.0000   0.13500000
  0.432182  -0.0000   0.13700000
  0.434021  -0.0000   0.14100000
  0.436767  -0.0000   0.14600000
  0.440857  -0.0000   0.15300000
  0.444533  -0.0000   0.16000000
  0.445338  -0.0000   0.16100000
  0.446142  -0.0000   0.16300000
  0.446945  -0.0000   0.16400000
  0.447219  -0.0000   0.16500000
  0.447485  -0.0000   0.16600000
  0.447752  -0.0000   0.16600000
  0.448154  -0.0000   0.16700000
  0.448756  -0.0000   0.16800000
  0.449658  -0.0000   0.17000000
  0.451008  -0.0000   0.17300000
  0.453025  -0.0000   0.17800000
  0.456034  -0.0000   0.18400000
  0.460514  -0.0000   0.19400000
  0.464960  -0.0000   0.20400000
  0.465290  -0.0000   0.20500000
  0.465620  -0.0000   0.20500000
  0.465905  -0.0000   0.20600000
  0.466188  -0.0000   0.20700000
  0.466472  -0.0000   0.20800000
  0.466757  -0.0000   0.20800000
  0.467184  -0.0000   0.20900000
  0.467823  -0.0000   0.21100000
  0.468781  -0.0000   0.21400000
  0.470214  -0.0000   0.21700000
  0.472354  -0.0000   0.22300000
  0.475547  -0.0000   0.23100000
  0.480300  -0.0000   0.24400000
  0.481607  -0.0000   0.24700000
  0.482910  -0.0000   0.25100000
  0.484211  -0.0000   0.25400000
  0.484476  -0.0000   0.25500000
  0.484739  -0.0000   0.25600000
  0.485003  -0.0000   0.25700000
  0.485399  -0.0000   0.25800000
  0.485993  -0.0000   0.26000000
  0.486882  -0.0000   0.26200000
  0.488213  -0.0000   0.26600000
  0.490202  -0.0000   0.27300000
  0.493170  -0.0000   0.28200000
  0.497589  -0.0000   0.29600000
  0.501977  -0.0000   0.30900000
  0.502330  -0.0000   0.31000000
  0.502684  -0.0000   0.31200000
  0.503010  -0.0000   0.31300000
  0.503471  -0.0000   0.31400000
  0.503934  -0.0000   0.31600000
  0.504397  -0.0000   0.31800000
  0.504860  -0.0000   0.31900000
  0.505554  -0.0000   0.32200000
  0.506592  -0.0000   0.32600000
  0.508144  -0.0000   0.33100000
  0.510463  -0.0000   0.34000000
  0.513921  -0.0000   0.35200000
  0.517780  -0.0000   0.36700000
  0.521589  -0.0000   0.38100000
  0.521875  -0.0000   0.38200000
  0.522161  -0.0000   0.38300000
  0.522447  -0.0000   0.38400000
  0.522734  -0.0000   0.38600000
  0.523165  -0.0000   0.38700000
  0.523811  -0.0000   0.39000000
  0.524778  -0.0000   0.39400000
  0.526225  -0.0000   0.40000000
  0.528388  -0.0000   0.41000000
  0.531617  -0.0000   0.42300000
  0.536426  -0.0000   0.44400000
  0.537604  -0.0000   0.44900000
  0.538779  -0.0000   0.45400000
  0.539952  -0.0000   0.45900000
  0.540285  -0.0000   0.46100000
  0.540593  -0.0000   0.46300000
  0.540902  -0.0000   0.46400000
  0.541366  -0.0000   0.46600000
  0.541830  -0.0000   0.46900000
  0.542525  -0.0000   0.47200000
  0.543566  -0.0000   0.47700000
  0.545122  -0.0000   0.48500000
  0.547448  -0.0000   0.49600000
  0.550916  -0.0000   0.51400000
  0.554699  -0.0000   0.53300000
  0.558459  -0.0000   0.55200000
  0.558761  -0.0000   0.55300000
  0.559039  -0.0000   0.55500000
  0.559319  -0.0000   0.55600000
  0.559738  -0.0000   0.55900000
  0.560158  -0.0000   0.56100000
  0.560787  -0.0000   0.56500000
  0.561729  -0.0000   0.57000000
  0.563137  -0.0000   0.57800000
  0.565242  -0.0000   0.59000000
  0.568382  -0.0000   0.60800000
  0.573059  -0.0000   0.63500000
  0.575637  -0.0000   0.65000000
  0.576479  -0.0000   0.65500000
  0.577321  -0.0000   0.66000000
  0.577626  -0.0000   0.66200000
  0.577929  -0.0000   0.66400000
  0.578234  -0.0000   0.66600000
  0.578690  -0.0000   0.66900000
  0.579375  -0.0000   0.67400000
  0.580399  -0.0000   0.68000000
  0.581930  -0.0000   0.69100000
  0.584218  -0.0000   0.70600000
  0.587632  -0.0000   0.72800000
  0.591358  -0.0000   0.75300000
  0.595063  -0.0000   0.77800000
  0.595458  -0.0000   0.78100000
  0.595853  -0.0000   0.78400000
  0.596217  -0.0000   0.78600000
  0.596747  -0.0000   0.79000000
  0.597278  -0.0000   0.79400000
  0.597809  -0.0000   0.79800000
  0.598339  -0.0000   0.80200000
  0.599133  -0.0000   0.80800000
  0.600321  -0.0000   0.81700000
  0.602098  -0.0000   0.83100000
  0.604752  -0.0000   0.85100000
  0.608708  -0.0000   0.88100000
  0.612641  -0.0000   0.91200000
  0.613227  -0.0000   0.91600000
  0.613813  -0.0000   0.92100000
  0.614399  -0.0000   0.92500000
  0.614807  -0.0000   0.92800000
  0.615194  -0.0000   0.93200000
  0.615582  -0.0000   0.93500000
  0.615971  -0.0000   0.93800000
  0.616359  -0.0000   0.94200000
  0.616940  -0.0000   0.94700000
  0.617811  -0.0000   0.95400000
  0.619114  -0.0000   0.96600000
  0.621061  -0.0000   0.98200000
  0.623079  -0.0000   1.00000000
  0.622478  -0.0000   1.00000000
  0.622478  -0.0000   1.00000000
  0.622478  -0.0000   1.00000000
  0.622478  -0.0000   1.00000000
  0.622478  -0.0000   1.00000000
  0.622478  -0.0000   1.00000000
  0.622478  -0.0000   1.00000000
  0.622478  -0.0000   1.00000000
  0.622478  -0.0000   1.00000000
  0.622477  -0.0000   1.00000000
  0.622475  -0.0000   1.00000000
  0.622472  -0.0000   1.00000000
