  0.000029  -0.0000   0.00000010
  0.000065  -0.0000   0.00000020
  0.000179  -0.0000   0.00000030
  0.002045  -0.0000   0.00000045
  0.006191  -0.0000   0.00000051
  0.006284  -0.0000   0.00000059
  0.006455  -0.0000   0.00000072
  0.006605  -0.0000   0.00000080
  0.006805  -0.0000   0.00000088
  0.007071  -0.0000   0.00000097
  0.007301  -0.0000   0.00000103
  0.007578  -0.0000   0.00000109
  0.007908  -0.0000   0.00000115
  0.008295  -0.0000   0.00000121
  0.008743  -0.0000   0.00000127
  0.009257  -0.0000   0.00000133
  0.009726  -0.0000   0.00000138
  0.010242  -0.0000   0.00000143
  0.010804  -0.0000   0.00000148
  0.011491  -0.0000   0.00000153
  0.012234  -0.0000   0.00000159
  0.013030  -0.0000   0.00000164
  0.013876  -0.0000   0.00000170
  0.014770  -0.0000   0.00000175
  0.015709  -0.0000   0.00000181
  0.016689  -0.0000   0.00000186
  0.017708  -0.0000   0.00000192
  0.019007  -0.0000   0.00000199
  0.019139  -0.0000   0.00000199
  0.019272  -0.0000   0.00000200
  0.019405  -0.0000   0.00000201
  0.019606  -0.0000   0.00000202
  0.019695  -0.0000   0.00000203
  0.019707  -0.0000   0.00000203
  0.019716  -0.0000   0.00000204
  0.019726  -0.0000   0.00000205
  0.019735  -0.0000   0.00000205
  0.019746  -0.0000   0.00000207
  0.019759  -0.0000   0.00000209
  0.019775  -0.0000   0.00000212
  0.019796  -0.0000   0.00000216
  0.019824  -0.0000   0.00000223
  0.019861  -0.0000   0.00000233
  0.019915  -0.0000   0.00000248
  0.020003  -0.0000   0.00000271
  0.020182  -0.0000   0.00000306
  0.020303  -0.0000   0.00000325
  0.020450  -0.0000   0.00000344
  0.020625  -0.0000   0.00000364
  0.020897  -0.0000   0.00000388
  0.021228  -0.0000   0.00000413
  0.021626  -0.0000   0.00000437
  0.022101  -0.0000   0.00000461
  0.022524  -0.0000   0.00000480
  0.023000  -0.0000   0.00000499
  0.023534  -0.0000   0.00000518
  0.024129  -0.0000   0.00000537
  0.024786  -0.0000   0.00000556
  0.025508  -0.0000   0.00000575
  0.026297  -0.0000   0.00000594
  0.027154  -0.0000   0.00000613
  0.028080  -0.0000   0.00000632
  0.029077  -0.0000   0.00000651
  0.029963  -0.0000   0.00000667
  0.030898  -0.0000   0.00000683
  0.031885  -0.0000   0.00000699
  0.033043  -0.0000   0.00000717
  0.034265  -0.0000   0.00000735
  0.035550  -0.0000   0.00000752
  0.035648  -0.0000   0.00000754
  0.035748  -0.0000   0.00000755
  0.035847  -0.0000   0.00000756
  0.035996  -0.0000   0.00000759
  0.036016  -0.0000   0.00000760
  0.036031  -0.0000   0.00000761
  0.036045  -0.0000   0.00000762
  0.036062  -0.0000   0.00000763
  0.036084  -0.0000   0.00000766
  0.036112  -0.0000   0.00000769
  0.036150  -0.0000   0.00000775
  0.036201  -0.0000   0.00000783
  0.036273  -0.0000   0.00000795
  0.036382  -0.0000   0.00000814
  0.036561  -0.0000   0.00000841
  0.036876  -0.0000   0.00000882
  0.037233  -0.0000   0.00000923
  0.037644  -0.0000   0.00000963
  0.038112  -0.0000   0.00001003
  0.038633  -0.0000   0.00001043
  0.039219  -0.0000   0.00001082
  0.039874  -0.0000   0.00001122
  0.040548  -0.0000   0.00001159
  0.041290  -0.0000   0.00001196
  0.042103  -0.0000   0.00001233
  0.042971  -0.0000   0.00001269
  0.043913  -0.0000   0.00001305
  0.044934  -0.0000   0.00001341
  0.046186  -0.0000   0.00001382
  0.047312  -0.0000   0.00001416
  0.048516  -0.0000   0.00001451
  0.049797  -0.0000   0.00001485
  0.051158  -0.0000   0.00001519
  0.052598  -0.0000   0.00001553
  0.052867  -0.0000   0.00001560
  0.053139  -0.0000   0.00001566
  0.053414  -0.0000   0.00001572
  0.053527  -0.0000   0.00001576
  0.053571  -0.0000   0.00001579
  0.053607  -0.0000   0.00001583
  0.053652  -0.0000   0.00001588
  0.053694  -0.0000   0.00001593
  0.053751  -0.0000   0.00001601
  0.053834  -0.0000   0.00001612
  0.053958  -0.0000   0.00001630
  0.054154  -0.0000   0.00001656
  0.054475  -0.0000   0.00001695
  0.055019  -0.0000   0.00001754
  0.055832  -0.0000   0.00001830
  0.056587  -0.0000   0.00001894
  0.057427  -0.0000   0.00001957
  0.058357  -0.0000   0.00002020
  0.059382  -0.0000   0.00002084
  0.060509  -0.0000   0.00002147
  0.061741  -0.0000   0.00002210
  0.063086  -0.0000   0.00002274
  0.064309  -0.0000   0.00002327
  0.065618  -0.0000   0.00002381
  0.067014  -0.0000   0.00002435
  0.068500  -0.0000   0.00002488
  0.070076  -0.0000   0.00002542
  0.070320  -0.0000   0.00002550
  0.070566  -0.0000   0.00002559
  0.070815  -0.0000   0.00002567
  0.070976  -0.0000   0.00002574
  0.071046  -0.0000   0.00002580
  0.071106  -0.0000   0.00002587
  0.071160  -0.0000   0.00002594
  0.071212  -0.0000   0.00002601
  0.071287  -0.0000   0.00002611
  0.071398  -0.0000   0.00002626
  0.071571  -0.0000   0.00002649
  0.071844  -0.0000   0.00002683
  0.072286  -0.0000   0.00002734
  0.073017  -0.0000   0.00002811
  0.074073  -0.0000   0.00002910
  0.075036  -0.0000   0.00002993
  0.076089  -0.0000   0.00003075
  0.077236  -0.0000   0.00003157
  0.078481  -0.0000   0.00003240
  0.079830  -0.0000   0.00003322
  0.081287  -0.0000   0.00003404
  0.082855  -0.0000   0.00003487
  0.084539  -0.0000   0.00003569
  0.086339  -0.0000   0.00003651
  0.088258  -0.0000   0.00003734
  0.088377  -0.0000   0.00003739
  0.088436  -0.0000   0.00003745
  0.088486  -0.0000   0.00003750
  0.088554  -0.0000   0.00003759
  0.088648  -0.0000   0.00003771
  0.088786  -0.0000   0.00003790
  0.088998  -0.0000   0.00003819
  0.089332  -0.0000   0.00003861
  0.089868  -0.0000   0.00003925
  0.090745  -0.0000   0.00004021
  0.091695  -0.0000   0.00004116
  0.092999  -0.0000   0.00004236
  0.094426  -0.0000   0.00004355
  0.095709  -0.0000   0.00004454
  0.097086  -0.0000   0.00004554
  0.098562  -0.0000   0.00004654
  0.100140  -0.0000   0.00004753
  0.101822  -0.0000   0.00004853
  0.103611  -0.0000   0.00004952
  0.105507  -0.0000   0.00005052
  0.105671  -0.0000   0.00005060
  0.105835  -0.0000   0.00005069
  0.105956  -0.0000   0.00005077
  0.106064  -0.0000   0.00005090
  0.106206  -0.0000   0.00005109
  0.106345  -0.0000   0.00005129
  0.106484  -0.0000   0.00005148
  0.106700  -0.0000   0.00005177
  0.107036  -0.0000   0.00005220
  0.107567  -0.0000   0.00005285
  0.108418  -0.0000   0.00005382
  0.109816  -0.0000   0.00005528
  0.111340  -0.0000   0.00005674
  0.112997  -0.0000   0.00005819
  0.114441  -0.0000   0.00005938
  0.115980  -0.0000   0.00006057
  0.117618  -0.0000   0.00006176
  0.119356  -0.0000   0.00006295
  0.121198  -0.0000   0.00006414
  0.123143  -0.0000   0.00006533
  0.123310  -0.0000   0.00006543
  0.123477  -0.0000   0.00006553
  0.123577  -0.0000   0.00006563
  0.123693  -0.0000   0.00006579
  0.123801  -0.0000   0.00006594
  0.123908  -0.0000   0.00006609
  0.124070  -0.0000   0.00006632
  0.124319  -0.0000   0.00006666
  0.124708  -0.0000   0.00006718
  0.125319  -0.0000   0.00006795
  0.126294  -0.0000   0.00006910
  0.127851  -0.0000   0.00007080
  0.129537  -0.0000   0.00007250
  0.131356  -0.0000   0.00007420
  0.132960  -0.0000   0.00007561
  0.134663  -0.0000   0.00007702
  0.136467  -0.0000   0.00007843
  0.138374  -0.0000   0.00007984
  0.140385  -0.0000   0.00008125
  0.140600  -0.0000   0.00008140
  0.140816  -0.0000   0.00008155
  0.141034  -0.0000   0.00008170
  0.141187  -0.0000   0.00008186
  0.141300  -0.0000   0.00008201
  0.141406  -0.0000   0.00008216
  0.141563  -0.0000   0.00008239
  0.141803  -0.0000   0.00008274
  0.142174  -0.0000   0.00008326
  0.142756  -0.0000   0.00008403
  0.143676  -0.0000   0.00008519
  0.144640  -0.0000   0.00008636
  0.146187  -0.0000   0.00008810
  0.147648  -0.0000   0.00008966
  0.149194  -0.0000   0.00009121
  0.150828  -0.0000   0.00009276
  0.152551  -0.0000   0.00009431
  0.154367  -0.0000   0.00009587
  0.156277  -0.0000   0.00009742
  0.158623  -0.0000   0.00009922
  0.158760  -0.0000   0.00009934
  0.158851  -0.0000   0.00009946
  0.158936  -0.0000   0.00009959
  0.159057  -0.0000   0.00009977
  0.159236  -0.0000   0.00010000
  0.159503  -0.0000   0.00010040
  0.159906  -0.0000   0.00010110
  0.160511  -0.0000   0.00010200
  0.161412  -0.0000   0.00010340
  0.162748  -0.0000   0.00010540
  0.164715  -0.0000   0.00010850
  0.167166  -0.0000   0.00011250
  0.169569  -0.0000   0.00011640
  0.171924  -0.0000   0.00012040
  0.174233  -0.0000   0.00012440
  0.174617  -0.0000   0.00012500
  0.174999  -0.0000   0.00012570
  0.175379  -0.0000   0.00012630
  0.175947  -0.0000   0.00012730
  0.176184  -0.0000   0.00012770
  0.176352  -0.0000   0.00012810
  0.176483  -0.0000   0.00012860
  0.176609  -0.0000   0.00012900
  0.176735  -0.0000   0.00012940
  0.176925  -0.0000   0.00013000
  0.177212  -0.0000   0.00013090
  0.177643  -0.0000   0.00013230
  0.178289  -0.0000   0.00013440
  0.179251  -0.0000   0.00013760
  0.180676  -0.0000   0.00014230
  0.182775  -0.0000   0.00014940
  0.185241  -0.0000   0.00015790
  0.187660  -0.0000   0.00016630
  0.190035  -0.0000   0.00017480
  0.192923  -0.0000   0.00018540
  0.193129  -0.0000   0.00018610
  0.193336  -0.0000   0.00018690
  0.193542  -0.0000   0.00018760
  0.193811  -0.0000   0.00018880
  0.193957  -0.0000   0.00018970
  0.194098  -0.0000   0.00019060
  0.194239  -0.0000   0.00019150
  0.194380  -0.0000   0.00019240
  0.194594  -0.0000   0.00019380
  0.194915  -0.0000   0.00019580
  0.195397  -0.0000   0.00019890
  0.196116  -0.0000   0.00020360
  0.197185  -0.0000   0.00021050
  0.198766  -0.0000   0.00022090
  0.201094  -0.0000   0.00023660
  0.203604  -0.0000   0.00025370
  0.206069  -0.0000   0.00027090
  0.208489  -0.0000   0.00028810
  0.210503  -0.0000   0.00030260
  0.210744  -0.0000   0.00030430
  0.210985  -0.0000   0.00030610
  0.211225  -0.0000   0.00030780
  0.211362  -0.0000   0.00030930
  0.211483  -0.0000   0.00031070
  0.211602  -0.0000   0.00031220
  0.211782  -0.0000   0.00031430
  0.212055  -0.0000   0.00031760
  0.212465  -0.0000   0.00032250
  0.213078  -0.0000   0.00032980
  0.213991  -0.0000   0.00034090
  0.215345  -0.0000   0.00035740
  0.217342  -0.0000   0.00038220
  0.220274  -0.0000   0.00041930
  0.223146  -0.0000   0.00045650
  0.225962  -0.0000   0.00049370
  0.228720  -0.0000   0.00053090
  0.228838  -0.0000   0.00053320
  0.228944  -0.0000   0.00053550
  0.229050  -0.0000   0.00053770
  0.229210  -0.0000   0.00054120
  0.229451  -0.0000   0.00054630
  0.229815  -0.0000   0.00055400
  0.230359  -0.0000   0.00056560
  0.231168  -0.0000   0.00058290
  0.232371  -0.0000   0.00060890
  0.234148  -0.0000   0.00064800
  0.236763  -0.0000   0.00070650
  0.239332  -0.0000   0.00076500
  0.241857  -0.0000   0.00082360
  0.244337  -0.0000   0.00088210
  0.244982  -0.0000   0.00089740
  0.245623  -0.0000   0.00091270
  0.246247  -0.0000   0.00092790
  0.246404  -0.0000   0.00093370
  0.246559  -0.0000   0.00093940
  0.246716  -0.0000   0.00094510
  0.246874  -0.0000   0.00095080
  0.247111  -0.0000   0.00095940
  0.247466  -0.0000   0.00097230
  0.247998  -0.0000   0.00099170
  0.248789  -0.0000   0.00102100
  0.249965  -0.0000   0.00106400
  0.251705  -0.0000   0.00112900
  0.254269  -0.0000   0.00122700
  0.256789  -0.0000   0.00132500
  0.259269  -0.0000   0.00142300
  0.261707  -0.0000   0.00152100
  0.262603  -0.0000   0.00155700
  0.263493  -0.0000   0.00159300
  0.263725  -0.0000   0.00160300
  0.263885  -0.0000   0.00161200
  0.264041  -0.0000   0.00162200
  0.264199  -0.0000   0.00163100
  0.264358  -0.0000   0.00164100
  0.264596  -0.0000   0.00165500
  0.264953  -0.0000   0.00167600
  0.265487  -0.0000   0.00170800
  0.266281  -0.0000   0.00175600
  0.267461  -0.0000   0.00182700
  0.269206  -0.0000   0.00193500
  0.271778  -0.0000   0.00209700
  0.274308  -0.0000   0.00225800
  0.276796  -0.0000   0.00241900
  0.279245  -0.0000   0.00258100
  0.279991  -0.0000   0.00263000
  0.280734  -0.0000   0.00268000
  0.281168  -0.0000   0.00270900
  0.281314  -0.0000   0.00272200
  0.281452  -0.0000   0.00273600
  0.281592  -0.0000   0.00274900
  0.281803  -0.0000   0.00276900
  0.282120  -0.0000   0.00279900
  0.282594  -0.0000   0.00284400
  0.283301  -0.0000   0.00291200
  0.284351  -0.0000   0.00301300
  0.285907  -0.0000   0.00316500
  0.288203  -0.0000   0.00339300
  0.290464  -0.0000   0.00362100
  0.292694  -0.0000   0.00384900
  0.294892  -0.0000   0.00407800
  0.297784  -0.0000   0.00438300
  0.298028  -0.0000   0.00440900
  0.298272  -0.0000   0.00443500
  0.298516  -0.0000   0.00446100
  0.298819  -0.0000   0.00450000
  0.299080  -0.0000   0.00453900
  0.299343  -0.0000   0.00457700
  0.299607  -0.0000   0.00461600
  0.299871  -0.0000   0.00465500
  0.300265  -0.0000   0.00471300
  0.300854  -0.0000   0.00480100
  0.301729  -0.0000   0.00493200
  0.303028  -0.0000   0.00512800
  0.304951  -0.0000   0.00542300
  0.307230  -0.0000   0.00577800
  0.309478  -0.0000   0.00613300
  0.311694  -0.0000   0.00648800
  0.314466  -0.0000   0.00693900
  0.314910  -0.0000   0.00701200
  0.315353  -0.0000   0.00708500
  0.315795  -0.0000   0.00715700
  0.316230  -0.0000   0.00723100
  0.316312  -0.0000   0.00725000
  0.316394  -0.0000   0.00726800
  0.316517  -0.0000   0.00729600
  0.316704  -0.0000   0.00733700
  0.316984  -0.0000   0.00740000
  0.317403  -0.0000   0.00749300
  0.318029  -0.0000   0.00763400
  0.318959  -0.0000   0.00784400
  0.320340  -0.0000   0.00816000
  0.322382  -0.0000   0.00863300
  0.324570  -0.0000   0.00914800
  0.326729  -0.0000   0.00966300
  0.328859  -0.0000   0.01018000
  0.331676  -0.0000   0.01087000
  0.332253  -0.0000   0.01101000
  0.332828  -0.0000   0.01115000
  0.333401  -0.0000   0.01130000
  0.333674  -0.0000   0.01137000
  0.333848  -0.0000   0.01142000
  0.334018  -0.0000   0.01148000
  0.334189  -0.0000   0.01153000
  0.334360  -0.0000   0.01159000
  0.334617  -0.0000   0.01168000
  0.335000  -0.0000   0.01180000
  0.335573  -0.0000   0.01199000
  0.336426  -0.0000   0.01228000
  0.337691  -0.0000   0.01270000
  0.339565  -0.0000   0.01335000
  0.341753  -0.0000   0.01411000
  0.343913  -0.0000   0.01487000
  0.346044  -0.0000   0.01563000
  0.348803  -0.0000   0.01663000
  0.349850  -0.0000   0.01701000
  0.350891  -0.0000   0.01739000
  0.351142  -0.0000   0.01748000
  0.351340  -0.0000   0.01758000
  0.351532  -0.0000   0.01767000
  0.351725  -0.0000   0.01776000
  0.351919  -0.0000   0.01785000
  0.352209  -0.0000   0.01799000
  0.352643  -0.0000   0.01820000
  0.353289  -0.0000   0.01851000
  0.354250  -0.0000   0.01898000
  0.355676  -0.0000   0.01968000
  0.357785  -0.0000   0.02074000
  0.360470  -0.0000   0.02210000
  0.363112  -0.0000   0.02346000
  0.365714  -0.0000   0.02483000
  0.368275  -0.0000   0.02619000
  0.368497  -0.0000   0.02631000
  0.368716  -0.0000   0.02643000
  0.368887  -0.0000   0.02654000
  0.369060  -0.0000   0.02666000
  0.369235  -0.0000   0.02678000
  0.369409  -0.0000   0.02690000
  0.369670  -0.0000   0.02708000
  0.370060  -0.0000   0.02734000
  0.370642  -0.0000   0.02775000
  0.371508  -0.0000   0.02835000
  0.372794  -0.0000   0.02925000
  0.374699  -0.0000   0.03060000
  0.376866  -0.0000   0.03216000
  0.379005  -0.0000   0.03371000
  0.381118  -0.0000   0.03527000
  0.383936  -0.0000   0.03738000
  0.384738  -0.0000   0.03799000
  0.385535  -0.0000   0.03859000
  0.386295  -0.0000   0.03920000
  0.386354  -0.0000   0.03925000
  0.386442  -0.0000   0.03934000
  0.386575  -0.0000   0.03947000
  0.386774  -0.0000   0.03966000
  0.387074  -0.0000   0.03994000
  0.387522  -0.0000   0.04037000
  0.388190  -0.0000   0.04102000
  0.389183  -0.0000   0.04199000
  0.390657  -0.0000   0.04344000
  0.392836  -0.0000   0.04562000
  0.394988  -0.0000   0.04780000
  0.397113  -0.0000   0.04997000
  0.399212  -0.0000   0.05215000
  0.402188  -0.0000   0.05529000
  0.402561  -0.0000   0.05569000
  0.402933  -0.0000   0.05608000
  0.403304  -0.0000   0.05648000
  0.403830  -0.0000   0.05707000
  0.403996  -0.0000   0.05729000
  0.404164  -0.0000   0.05751000
  0.404332  -0.0000   0.05774000
  0.404584  -0.0000   0.05807000
  0.404961  -0.0000   0.05857000
  0.405524  -0.0000   0.05932000
  0.406361  -0.0000   0.06044000
  0.407606  -0.0000   0.06213000
  0.409449  -0.0000   0.06466000
  0.411664  -0.0000   0.06774000
  0.413850  -0.0000   0.07082000
  0.416009  -0.0000   0.07390000
  0.418761  -0.0000   0.07789000
  0.420195  -0.0000   0.07999000
  0.420854  -0.0000   0.08095000
  0.421291  -0.0000   0.08162000
  0.421382  -0.0000   0.08179000
  0.421474  -0.0000   0.08195000
  0.421613  -0.0000   0.08220000
  0.421821  -0.0000   0.08258000
  0.422133  -0.0000   0.08314000
  0.422600  -0.0000   0.08398000
  0.423294  -0.0000   0.08525000
  0.424328  -0.0000   0.08715000
  0.425861  -0.0000   0.09000000
  0.428127  -0.0000   0.09427000
  0.430364  -0.0000   0.09854000
  0.432573  -0.0000   0.10300000
  0.434755  -0.0000   0.10700000
  0.437785  -0.0000   0.11300000
  0.438065  -0.0000   0.11400000
  0.438343  -0.0000   0.11400000
  0.438622  -0.0000   0.11500000
  0.438889  -0.0000   0.11500000
  0.438951  -0.0000   0.11600000
  0.439013  -0.0000   0.11600000
  0.439106  -0.0000   0.11600000
  0.439247  -0.0000   0.11600000
  0.439457  -0.0000   0.11700000
  0.439772  -0.0000   0.11800000
  0.440243  -0.0000   0.11900000
  0.440944  -0.0000   0.12000000
  0.441986  -0.0000   0.12300000
  0.443533  -0.0000   0.12700000
  0.445821  -0.0000   0.13300000
  0.448079  -0.0000   0.13800000
  0.450308  -0.0000   0.14400000
  0.452509  -0.0000   0.15000000
  0.455623  -0.0000   0.15800000
  0.455875  -0.0000   0.15900000
  0.456127  -0.0000   0.16000000
  0.456357  -0.0000   0.16000000
  0.456435  -0.0000   0.16100000
  0.456553  -0.0000   0.16100000
  0.456730  -0.0000   0.16200000
  0.456996  -0.0000   0.16300000
  0.457394  -0.0000   0.16400000
  0.457986  -0.0000   0.16600000
  0.458869  -0.0000   0.16900000
  0.460179  -0.0000   0.17300000
  0.462120  -0.0000   0.18000000
  0.464518  -0.0000   0.18800000
  0.466883  -0.0000   0.19600000
  0.469218  -0.0000   0.20400000
  0.471522  -0.0000   0.21200000
  0.472057  -0.0000   0.21400000
  0.472590  -0.0000   0.21600000
  0.473121  -0.0000   0.21800000
  0.473889  -0.0000   0.22100000
  0.473951  -0.0000   0.22100000
  0.474044  -0.0000   0.22100000
  0.474185  -0.0000   0.22200000
  0.474397  -0.0000   0.22300000
  0.474714  -0.0000   0.22400000
  0.475188  -0.0000   0.22600000
  0.475894  -0.0000   0.22900000
  0.476945  -0.0000   0.23400000
  0.478504  -0.0000   0.24100000
  0.480810  -0.0000   0.25100000
  0.483086  -0.0000   0.26100000
  0.485334  -0.0000   0.27100000
  0.487554  -0.0000   0.28200000
  0.490757  -0.0000   0.29700000
  0.491015  -0.0000   0.29800000
  0.491272  -0.0000   0.29900000
  0.491501  -0.0000   0.30000000
  0.491583  -0.0000   0.30100000
  0.491706  -0.0000   0.30200000
  0.491891  -0.0000   0.30300000
  0.492168  -0.0000   0.30400000
  0.492581  -0.0000   0.30600000
  0.493198  -0.0000   0.31000000
  0.494117  -0.0000   0.31500000
  0.495481  -0.0000   0.32300000
  0.497501  -0.0000   0.33500000
  0.499850  -0.0000   0.34800000
  0.502169  -0.0000   0.36200000
  0.504458  -0.0000   0.37600000
  0.506720  -0.0000   0.39000000
  0.507225  -0.0000   0.39300000
  0.507730  -0.0000   0.39600000
  0.508233  -0.0000   0.39900000
  0.508959  -0.0000   0.40300000
  0.509019  -0.0000   0.40400000
  0.509109  -0.0000   0.40500000
  0.509245  -0.0000   0.40500000
  0.509449  -0.0000   0.40700000
  0.509755  -0.0000   0.40900000
  0.510211  -0.0000   0.41200000
  0.510892  -0.0000   0.41700000
  0.511905  -0.0000   0.42500000
  0.513409  -0.0000   0.43600000
  0.515634  -0.0000   0.45300000
  0.517832  -0.0000   0.46900000
  0.520004  -0.0000   0.48600000
  0.522150  -0.0000   0.50300000
  0.525317  -0.0000   0.52800000
  0.525639  -0.0000   0.53000000
  0.525961  -0.0000   0.53300000
  0.526282  -0.0000   0.53500000
  0.526579  -0.0000   0.53800000
  0.526648  -0.0000   0.53800000
  0.526718  -0.0000   0.53900000
  0.526824  -0.0000   0.54000000
  0.526982  -0.0000   0.54200000
  0.527218  -0.0000   0.54400000
  0.527572  -0.0000   0.54700000
  0.528099  -0.0000   0.55200000
  0.528886  -0.0000   0.55900000
  0.530055  -0.0000   0.57000000
  0.531790  -0.0000   0.58700000
  0.534271  -0.0000   0.61100000
  0.536719  -0.0000   0.63500000
  0.539135  -0.0000   0.65900000
  0.541520  -0.0000   0.68300000
  0.542208  -0.0000   0.68900000
  0.542893  -0.0000   0.69600000
  0.543576  -0.0000   0.70300000
  0.543910  -0.0000   0.70700000
  0.544141  -0.0000   0.70900000
  0.544372  -0.0000   0.71200000
  0.544602  -0.0000   0.71500000
  0.544832  -0.0000   0.71700000
  0.545175  -0.0000   0.72100000
  0.545688  -0.0000   0.72800000
  0.546453  -0.0000   0.73700000
  0.547590  -0.0000   0.75000000
  0.549278  -0.0000   0.77100000
  0.551774  -0.0000   0.80100000
  0.554236  -0.0000   0.83200000
  0.556666  -0.0000   0.86200000
  0.559066  -0.0000   0.89300000
  0.559830  -0.0000   0.90300000
  0.560591  -0.0000   0.91300000
  0.561349  -0.0000   0.92200000
  0.561592  -0.0000   0.92600000
  0.561650  -0.0000   0.92700000
  0.561708  -0.0000   0.92800000
  0.561795  -0.0000   0.92900000
  0.561926  -0.0000   0.93100000
  0.562122  -0.0000   0.93400000
  0.562416  -0.0000   0.93800000
  0.562854  -0.0000   0.94400000
  0.563508  -0.0000   0.95400000
  0.564481  -0.0000   0.96900000
  0.565927  -0.0000   0.99100000
  0.566533  -0.0000   1.00000000
  0.566193  -0.0000   1.00000000
  0.566193  -0.0000   1.00000000
  0.566193  -0.0000   1.00000000
  0.566193  -0.0000   1.00000000
  0.566193  -0.0000   1.00000000
  0.566193  -0.0000   1.00000000
  0.566193  -0.0000   1.00000000
  0.566192  -0.0000   1.00000000
  0.566191  -0.0000   1.00000000
  0.566189  -0.0000   1.00000000
  0.566186  -0.0000   1.00000000
  0.566180  -0.0000   1.00000000
  0.566179  -0.0000   1.00000000
