  0.000010  -0.0000   0.00000010
  0.000023  -0.0000   0.00000020
  0.000065  -0.0000   0.00000030
  0.000722  -0.0000   0.00000045
  0.006136  -0.0000   0.00000067
  0.006193  -0.0000   0.00000077
  0.006261  -0.0000   0.00000086
  0.006348  -0.0000   0.00000095
  0.006534  -0.0000   0.00000109
  0.006790  -0.0000   0.00000123
  0.007014  -0.0000   0.00000133
  0.007284  -0.0000   0.00000143
  0.007606  -0.0000   0.00000153
  0.007934  -0.0000   0.00000161
  0.008307  -0.0000   0.00000170
  0.008727  -0.0000   0.00000179
  0.009187  -0.0000   0.00000188
  0.009694  -0.0000   0.00000196
  0.010250  -0.0000   0.00000205
  0.010952  -0.0000   0.00000215
  0.011718  -0.0000   0.00000224
  0.012547  -0.0000   0.00000234
  0.013437  -0.0000   0.00000244
  0.014387  -0.0000   0.00000254
  0.015397  -0.0000   0.00000264
  0.016466  -0.0000   0.00000274
  0.017593  -0.0000   0.00000283
  0.018777  -0.0000   0.00000293
  0.019934  -0.0000   0.00000303
  0.019945  -0.0000   0.00000304
  0.019954  -0.0000   0.00000305
  0.019961  -0.0000   0.00000305
  0.019970  -0.0000   0.00000306
  0.019981  -0.0000   0.00000308
  0.019995  -0.0000   0.00000310
  0.020013  -0.0000   0.00000314
  0.020037  -0.0000   0.00000319
  0.020070  -0.0000   0.00000327
  0.020120  -0.0000   0.00000340
  0.020205  -0.0000   0.00000358
  0.020356  -0.0000   0.00000385
  0.020644  -0.0000   0.00000427
  0.021001  -0.0000   0.00000468
  0.021440  -0.0000   0.00000509
  0.021968  -0.0000   0.00000550
  0.022452  -0.0000   0.00000583
  0.023003  -0.0000   0.00000615
  0.023626  -0.0000   0.00000648
  0.024423  -0.0000   0.00000685
  0.025125  -0.0000   0.00000714
  0.025895  -0.0000   0.00000743
  0.026735  -0.0000   0.00000773
  0.027646  -0.0000   0.00000802
  0.028630  -0.0000   0.00000832
  0.029690  -0.0000   0.00000861
  0.030827  -0.0000   0.00000891
  0.032041  -0.0000   0.00000920
  0.033335  -0.0000   0.00000949
  0.034708  -0.0000   0.00000979
  0.036162  -0.0000   0.00001008
  0.036325  -0.0000   0.00001011
  0.036489  -0.0000   0.00001015
  0.036653  -0.0000   0.00001018
  0.036903  -0.0000   0.00001023
  0.036976  -0.0000   0.00001025
  0.037000  -0.0000   0.00001027
  0.037020  -0.0000   0.00001029
  0.037046  -0.0000   0.00001032
  0.037069  -0.0000   0.00001034
  0.037101  -0.0000   0.00001039
  0.037149  -0.0000   0.00001045
  0.037221  -0.0000   0.00001055
  0.037332  -0.0000   0.00001070
  0.037507  -0.0000   0.00001092
  0.037787  -0.0000   0.00001125
  0.038250  -0.0000   0.00001175
  0.039043  -0.0000   0.00001249
  0.039946  -0.0000   0.00001324
  0.040786  -0.0000   0.00001386
  0.041715  -0.0000   0.00001448
  0.042741  -0.0000   0.00001510
  0.043868  -0.0000   0.00001573
  0.045102  -0.0000   0.00001635
  0.046449  -0.0000   0.00001697
  0.047913  -0.0000   0.00001759
  0.049497  -0.0000   0.00001822
  0.051205  -0.0000   0.00001884
  0.053038  -0.0000   0.00001946
  0.054958  -0.0000   0.00002008
  0.055001  -0.0000   0.00002012
  0.055054  -0.0000   0.00002018
  0.055103  -0.0000   0.00002024
  0.055150  -0.0000   0.00002030
  0.055221  -0.0000   0.00002039
  0.055330  -0.0000   0.00002052
  0.055498  -0.0000   0.00002071
  0.055758  -0.0000   0.00002101
  0.056168  -0.0000   0.00002145
  0.056826  -0.0000   0.00002212
  0.057919  -0.0000   0.00002311
  0.059127  -0.0000   0.00002411
  0.060459  -0.0000   0.00002511
  0.061923  -0.0000   0.00002611
  0.063526  -0.0000   0.00002710
  0.064947  -0.0000   0.00002793
  0.066470  -0.0000   0.00002875
  0.068097  -0.0000   0.00002957
  0.070012  -0.0000   0.00003047
  0.072058  -0.0000   0.00003137
  0.072282  -0.0000   0.00003147
  0.072508  -0.0000   0.00003157
  0.072735  -0.0000   0.00003167
  0.072969  -0.0000   0.00003182
  0.073096  -0.0000   0.00003196
  0.073219  -0.0000   0.00003211
  0.073344  -0.0000   0.00003226
  0.073471  -0.0000   0.00003241
  0.073666  -0.0000   0.00003263
  0.073965  -0.0000   0.00003296
  0.074428  -0.0000   0.00003346
  0.075158  -0.0000   0.00003420
  0.076335  -0.0000   0.00003532
  0.077392  -0.0000   0.00003627
  0.078516  -0.0000   0.00003721
  0.079709  -0.0000   0.00003816
  0.081196  -0.0000   0.00003926
  0.082785  -0.0000   0.00004036
  0.084480  -0.0000   0.00004145
  0.086273  -0.0000   0.00004254
  0.088176  -0.0000   0.00004364
  0.090190  -0.0000   0.00004473
  0.090398  -0.0000   0.00004484
  0.090607  -0.0000   0.00004495
  0.090813  -0.0000   0.00004506
  0.090896  -0.0000   0.00004515
  0.090972  -0.0000   0.00004525
  0.091047  -0.0000   0.00004534
  0.091160  -0.0000   0.00004548
  0.091333  -0.0000   0.00004568
  0.091599  -0.0000   0.00004600
  0.092007  -0.0000   0.00004646
  0.092640  -0.0000   0.00004716
  0.093638  -0.0000   0.00004822
  0.095251  -0.0000   0.00004979
  0.096988  -0.0000   0.00005137
  0.098858  -0.0000   0.00005295
  0.100867  -0.0000   0.00005452
  0.103020  -0.0000   0.00005610
  0.105321  -0.0000   0.00005768
  0.107772  -0.0000   0.00005925
  0.108394  -0.0000   0.00005965
  0.108713  -0.0000   0.00005985
  0.108950  -0.0000   0.00006005
  0.109110  -0.0000   0.00006025
  0.109271  -0.0000   0.00006045
  0.109434  -0.0000   0.00006065
  0.109682  -0.0000   0.00006095
  0.110062  -0.0000   0.00006140
  0.110646  -0.0000   0.00006208
  0.111555  -0.0000   0.00006310
  0.112996  -0.0000   0.00006463
  0.114444  -0.0000   0.00006608
  0.115969  -0.0000   0.00006754
  0.117577  -0.0000   0.00006899
  0.119460  -0.0000   0.00007060
  0.121450  -0.0000   0.00007221
  0.123549  -0.0000   0.00007382
  0.125785  -0.0000   0.00007545
  0.126121  -0.0000   0.00007570
  0.126460  -0.0000   0.00007594
  0.126801  -0.0000   0.00007618
  0.127009  -0.0000   0.00007636
  0.127149  -0.0000   0.00007654
  0.127288  -0.0000   0.00007672
  0.127500  -0.0000   0.00007699
  0.127715  -0.0000   0.00007727
  0.128043  -0.0000   0.00007767
  0.128543  -0.0000   0.00007828
  0.129314  -0.0000   0.00007919
  0.130515  -0.0000   0.00008057
  0.132428  -0.0000   0.00008262
  0.134457  -0.0000   0.00008468
  0.136610  -0.0000   0.00008673
  0.138889  -0.0000   0.00008879
  0.141298  -0.0000   0.00009085
  0.143840  -0.0000   0.00009290
  0.144163  -0.0000   0.00009316
  0.144489  -0.0000   0.00009342
  0.144816  -0.0000   0.00009368
  0.145128  -0.0000   0.00009397
  0.145308  -0.0000   0.00009421
  0.145488  -0.0000   0.00009445
  0.145671  -0.0000   0.00009469
  0.145856  -0.0000   0.00009493
  0.146136  -0.0000   0.00009529
  0.146563  -0.0000   0.00009584
  0.147215  -0.0000   0.00009665
  0.148221  -0.0000   0.00009787
  0.149797  -0.0000   0.00009970
  0.152121  -0.0000   0.00010240
  0.154401  -0.0000   0.00010520
  0.156644  -0.0000   0.00010790
  0.159607  -0.0000   0.00011160
  0.162511  -0.0000   0.00011530
  0.162741  -0.0000   0.00011560
  0.162970  -0.0000   0.00011590
  0.163200  -0.0000   0.00011620
  0.163338  -0.0000   0.00011650
  0.163472  -0.0000   0.00011680
  0.163606  -0.0000   0.00011700
  0.163741  -0.0000   0.00011730
  0.163944  -0.0000   0.00011770
  0.164247  -0.0000   0.00011840
  0.164700  -0.0000   0.00011930
  0.165375  -0.0000   0.00012070
  0.166374  -0.0000   0.00012280
  0.167853  -0.0000   0.00012600
  0.170030  -0.0000   0.00013070
  0.172375  -0.0000   0.00013590
  0.174684  -0.0000   0.00014100
  0.176957  -0.0000   0.00014620
  0.179967  -0.0000   0.00015320
  0.180297  -0.0000   0.00015400
  0.180626  -0.0000   0.00015480
  0.180954  -0.0000   0.00015550
  0.181412  -0.0000   0.00015670
  0.181574  -0.0000   0.00015730
  0.181736  -0.0000   0.00015780
  0.181899  -0.0000   0.00015840
  0.182062  -0.0000   0.00015900
  0.182306  -0.0000   0.00015990
  0.182671  -0.0000   0.00016120
  0.183214  -0.0000   0.00016310
  0.184023  -0.0000   0.00016600
  0.185221  -0.0000   0.00017040
  0.186990  -0.0000   0.00017700
  0.189595  -0.0000   0.00018690
  0.192156  -0.0000   0.00019670
  0.194677  -0.0000   0.00020660
  0.197158  -0.0000   0.00021650
  0.199580  -0.0000   0.00022640
  0.199727  -0.0000   0.00022720
  0.199874  -0.0000   0.00022810
  0.200021  -0.0000   0.00022900
  0.200168  -0.0000   0.00022980
  0.200390  -0.0000   0.00023110
  0.200720  -0.0000   0.00023310
  0.201214  -0.0000   0.00023600
  0.201949  -0.0000   0.00024040
  0.203041  -0.0000   0.00024690
  0.204656  -0.0000   0.00025680
  0.207040  -0.0000   0.00027160
  0.209388  -0.0000   0.00028630
  0.211702  -0.0000   0.00030110
  0.213985  -0.0000   0.00031590
  0.217034  -0.0000   0.00033600
  0.217293  -0.0000   0.00033770
  0.217551  -0.0000   0.00033940
  0.217793  -0.0000   0.00034110
  0.217994  -0.0000   0.00034300
  0.218197  -0.0000   0.00034480
  0.218400  -0.0000   0.00034670
  0.218602  -0.0000   0.00034860
  0.218905  -0.0000   0.00035130
  0.219357  -0.0000   0.00035550
  0.220030  -0.0000   0.00036180
  0.221029  -0.0000   0.00037120
  0.222509  -0.0000   0.00038540
  0.224693  -0.0000   0.00040660
  0.227499  -0.0000   0.00043430
  0.230259  -0.0000   0.00046200
  0.232975  -0.0000   0.00048980
  0.235648  -0.0000   0.00051750
  0.235864  -0.0000   0.00051990
  0.236033  -0.0000   0.00052220
  0.236202  -0.0000   0.00052460
  0.236373  -0.0000   0.00052700
  0.236627  -0.0000   0.00053050
  0.237008  -0.0000   0.00053590
  0.237575  -0.0000   0.00054390
  0.238418  -0.0000   0.00055590
  0.239667  -0.0000   0.00057390
  0.241514  -0.0000   0.00060090
  0.243785  -0.0000   0.00063460
  0.246025  -0.0000   0.00066840
  0.248236  -0.0000   0.00070210
  0.251057  -0.0000   0.00074590
  0.253834  -0.0000   0.00078960
  0.254053  -0.0000   0.00079330
  0.254230  -0.0000   0.00079700
  0.254408  -0.0000   0.00080060
  0.254586  -0.0000   0.00080430
  0.254852  -0.0000   0.00080980
  0.255251  -0.0000   0.00081810
  0.255844  -0.0000   0.00083050
  0.256725  -0.0000   0.00084900
  0.258033  -0.0000   0.00087690
  0.259965  -0.0000   0.00091870
  0.262266  -0.0000   0.00096920
  0.264536  -0.0000   0.00102000
  0.266776  -0.0000   0.00107000
  0.269669  -0.0000   0.00113700
  0.270904  -0.0000   0.00116500
  0.272130  -0.0000   0.00119400
  0.272331  -0.0000   0.00119900
  0.272522  -0.0000   0.00120500
  0.272714  -0.0000   0.00121100
  0.273001  -0.0000   0.00121900
  0.273429  -0.0000   0.00123200
  0.274066  -0.0000   0.00125100
  0.275013  -0.0000   0.00128000
  0.276417  -0.0000   0.00132300
  0.278491  -0.0000   0.00138800
  0.281076  -0.0000   0.00146900
  0.283624  -0.0000   0.00155100
  0.286135  -0.0000   0.00163300
  0.288613  -0.0000   0.00171500
  0.289037  -0.0000   0.00172900
  0.289460  -0.0000   0.00174300
  0.289882  -0.0000   0.00175700
  0.290475  -0.0000   0.00177800
  0.290663  -0.0000   0.00178600
  0.290852  -0.0000   0.00179400
  0.291042  -0.0000   0.00180200
  0.291324  -0.0000   0.00181400
  0.291747  -0.0000   0.00183100
  0.292376  -0.0000   0.00185800
  0.293312  -0.0000   0.00189800
  0.294699  -0.0000   0.00195800
  0.296752  -0.0000   0.00204800
  0.299436  -0.0000   0.00216800
  0.302080  -0.0000   0.00228700
  0.304688  -0.0000   0.00240700
  0.307259  -0.0000   0.00252600
  0.307611  -0.0000   0.00254300
  0.307963  -0.0000   0.00255900
  0.308313  -0.0000   0.00257600
  0.308781  -0.0000   0.00260000
  0.309123  -0.0000   0.00262000
  0.309466  -0.0000   0.00264000
  0.309807  -0.0000   0.00265900
  0.310147  -0.0000   0.00267900
  0.310654  -0.0000   0.00270900
  0.311409  -0.0000   0.00275300
  0.312532  -0.0000   0.00282000
  0.314196  -0.0000   0.00292000
  0.316655  -0.0000   0.00307000
  0.319081  -0.0000   0.00321900
  0.321475  -0.0000   0.00336900
  0.323839  -0.0000   0.00351900
  0.324798  -0.0000   0.00358000
  0.325752  -0.0000   0.00364200
  0.326701  -0.0000   0.00370300
  0.326925  -0.0000   0.00372000
  0.327143  -0.0000   0.00373700
  0.327362  -0.0000   0.00375400
  0.327689  -0.0000   0.00377900
  0.328176  -0.0000   0.00381700
  0.328902  -0.0000   0.00387500
  0.329980  -0.0000   0.00396100
  0.331578  -0.0000   0.00409000
  0.333940  -0.0000   0.00428400
  0.336270  -0.0000   0.00447700
  0.338571  -0.0000   0.00467100
  0.340845  -0.0000   0.00486400
  0.344198  -0.0000   0.00515500
  0.344502  -0.0000   0.00518100
  0.344805  -0.0000   0.00520800
  0.345076  -0.0000   0.00523400
  0.345458  -0.0000   0.00527300
  0.345838  -0.0000   0.00531300
  0.346217  -0.0000   0.00535300
  0.346594  -0.0000   0.00539200
  0.347157  -0.0000   0.00545100
  0.347996  -0.0000   0.00554000
  0.349241  -0.0000   0.00567400
  0.351087  -0.0000   0.00587400
  0.353813  -0.0000   0.00617400
  0.356499  -0.0000   0.00647500
  0.359149  -0.0000   0.00677500
  0.361764  -0.0000   0.00707600
  0.362153  -0.0000   0.00712000
  0.362540  -0.0000   0.00716500
  0.362927  -0.0000   0.00721000
  0.363294  -0.0000   0.00725600
  0.363635  -0.0000   0.00730200
  0.363975  -0.0000   0.00734900
  0.364313  -0.0000   0.00739500
  0.364651  -0.0000   0.00744200
  0.365155  -0.0000   0.00751100
  0.365905  -0.0000   0.00761600
  0.367022  -0.0000   0.00777200
  0.368678  -0.0000   0.00800700
  0.371127  -0.0000   0.00835900
  0.373544  -0.0000   0.00871200
  0.375930  -0.0000   0.00906400
  0.378289  -0.0000   0.00941600
  0.379515  -0.0000   0.00960000
  0.380733  -0.0000   0.00978500
  0.381230  -0.0000   0.00986000
  0.381541  -0.0000   0.00991300
  0.381841  -0.0000   0.00996600
  0.382140  -0.0000   0.01002000
  0.382438  -0.0000   0.01007000
  0.382883  -0.0000   0.01015000
  0.383546  -0.0000   0.01027000
  0.384533  -0.0000   0.01045000
  0.385999  -0.0000   0.01072000
  0.388168  -0.0000   0.01112000
  0.390944  -0.0000   0.01164000
  0.393680  -0.0000   0.01216000
  0.396380  -0.0000   0.01268000
  0.399047  -0.0000   0.01320000
  0.399366  -0.0000   0.01327000
  0.399665  -0.0000   0.01333000
  0.399942  -0.0000   0.01339000
  0.400218  -0.0000   0.01345000
  0.400494  -0.0000   0.01352000
  0.400907  -0.0000   0.01361000
  0.401521  -0.0000   0.01375000
  0.402436  -0.0000   0.01396000
  0.403796  -0.0000   0.01428000
  0.405809  -0.0000   0.01476000
  0.408622  -0.0000   0.01543000
  0.411395  -0.0000   0.01610000
  0.414132  -0.0000   0.01678000
  0.416835  -0.0000   0.01745000
  0.417212  -0.0000   0.01755000
  0.417588  -0.0000   0.01764000
  0.417935  -0.0000   0.01774000
  0.418340  -0.0000   0.01785000
  0.418744  -0.0000   0.01797000
  0.419146  -0.0000   0.01809000
  0.419547  -0.0000   0.01820000
  0.420145  -0.0000   0.01838000
  0.421036  -0.0000   0.01864000
  0.422359  -0.0000   0.01903000
  0.424322  -0.0000   0.01962000
  0.427220  -0.0000   0.02050000
  0.430077  -0.0000   0.02138000
  0.432896  -0.0000   0.02226000
  0.435681  -0.0000   0.02314000
  0.435985  -0.0000   0.02324000
  0.436253  -0.0000   0.02334000
  0.436521  -0.0000   0.02343000
  0.436789  -0.0000   0.02353000
  0.437055  -0.0000   0.02363000
  0.437454  -0.0000   0.02377000
  0.438048  -0.0000   0.02399000
  0.438933  -0.0000   0.02431000
  0.440248  -0.0000   0.02480000
  0.442198  -0.0000   0.02553000
  0.445078  -0.0000   0.02663000
  0.447917  -0.0000   0.02772000
  0.450719  -0.0000   0.02882000
  0.453489  -0.0000   0.02991000
  0.453842  -0.0000   0.03005000
  0.454195  -0.0000   0.03019000
  0.454459  -0.0000   0.03031000
  0.454723  -0.0000   0.03043000
  0.454986  -0.0000   0.03055000
  0.455248  -0.0000   0.03067000
  0.455640  -0.0000   0.03084000
  0.456225  -0.0000   0.03111000
  0.457097  -0.0000   0.03150000
  0.458392  -0.0000   0.03210000
  0.460313  -0.0000   0.03300000
  0.463151  -0.0000   0.03434000
  0.465949  -0.0000   0.03568000
  0.468713  -0.0000   0.03702000
  0.471446  -0.0000   0.03836000
  0.471840  -0.0000   0.03855000
  0.472233  -0.0000   0.03875000
  0.472601  -0.0000   0.03894000
  0.473127  -0.0000   0.03923000
  0.473651  -0.0000   0.03952000
  0.474173  -0.0000   0.03981000
  0.474692  -0.0000   0.04010000
  0.475466  -0.0000   0.04054000
  0.476619  -0.0000   0.04119000
  0.478330  -0.0000   0.04217000
  0.480862  -0.0000   0.04365000
  0.483892  -0.0000   0.04543000
  0.486882  -0.0000   0.04722000
  0.489836  -0.0000   0.04900000
  0.490231  -0.0000   0.04924000
  0.490625  -0.0000   0.04948000
  0.490916  -0.0000   0.04968000
  0.491206  -0.0000   0.04987000
  0.491494  -0.0000   0.05007000
  0.491781  -0.0000   0.05026000
  0.492211  -0.0000   0.05055000
  0.492852  -0.0000   0.05099000
  0.493806  -0.0000   0.05165000
  0.495225  -0.0000   0.05264000
  0.497327  -0.0000   0.05411000
  0.500354  -0.0000   0.05628000
  0.503340  -0.0000   0.05844000
  0.506290  -0.0000   0.06060000
  0.507781  -0.0000   0.06170000
  0.508861  -0.0000   0.06250000
  0.509111  -0.0000   0.06271000
  0.509361  -0.0000   0.06291000
  0.509610  -0.0000   0.06312000
  0.509859  -0.0000   0.06332000
  0.510231  -0.0000   0.06363000
  0.510786  -0.0000   0.06409000
  0.511613  -0.0000   0.06478000
  0.512844  -0.0000   0.06581000
  0.514671  -0.0000   0.06737000
  0.517372  -0.0000   0.06969000
  0.520038  -0.0000   0.07202000
  0.522675  -0.0000   0.07435000
  0.525285  -0.0000   0.07668000
  0.525881  -0.0000   0.07721000
  0.526476  -0.0000   0.07775000
  0.527069  -0.0000   0.07828000
  0.527329  -0.0000   0.07853000
  0.527589  -0.0000   0.07879000
  0.527847  -0.0000   0.07905000
  0.528106  -0.0000   0.07930000
  0.528492  -0.0000   0.07969000
  0.529068  -0.0000   0.08026000
  0.529927  -0.0000   0.08113000
  0.531204  -0.0000   0.08242000
  0.533099  -0.0000   0.08437000
  0.535901  -0.0000   0.08728000
  0.538667  -0.0000   0.09020000
  0.541403  -0.0000   0.09312000
  0.544111  -0.0000   0.09603000
  0.544561  -0.0000   0.09652000
  0.545010  -0.0000   0.09701000
  0.545444  -0.0000   0.09749000
  0.545598  -0.0000   0.09767000
  0.545752  -0.0000   0.09785000
  0.545906  -0.0000   0.09804000
  0.546136  -0.0000   0.09831000
  0.546480  -0.0000   0.09872000
  0.546994  -0.0000   0.09933000
  0.547760  -0.0000   0.10000000
  0.548901  -0.0000   0.10200000
  0.550594  -0.0000   0.10400000
  0.553101  -0.0000   0.10700000
  0.556023  -0.0000   0.11100000
  0.558911  -0.0000   0.11400000
  0.561768  -0.0000   0.11800000
  0.562591  -0.0000   0.11900000
  0.563412  -0.0000   0.12000000
  0.563763  -0.0000   0.12000000
  0.564102  -0.0000   0.12100000
  0.564441  -0.0000   0.12100000
  0.564779  -0.0000   0.12200000
  0.565283  -0.0000   0.12300000
  0.566036  -0.0000   0.12400000
  0.567156  -0.0000   0.12500000
  0.568819  -0.0000   0.12800000
  0.571282  -0.0000   0.13100000
  0.574295  -0.0000   0.13600000
  0.577273  -0.0000   0.14000000
  0.580219  -0.0000   0.14500000
  0.580879  -0.0000   0.14600000
  0.581537  -0.0000   0.14700000
  0.582035  -0.0000   0.14800000
  0.582515  -0.0000   0.14900000
  0.582994  -0.0000   0.14900000
  0.583470  -0.0000   0.15000000
  0.583944  -0.0000   0.15100000
  0.584887  -0.0000   0.15300000
  0.586752  -0.0000   0.15600000
  0.588929  -0.0000   0.16000000
  0.591084  -0.0000   0.16300000
  0.593219  -0.0000   0.16700000
  0.596385  -0.0000   0.17300000
  0.599517  -0.0000   0.17900000
  0.599869  -0.0000   0.17900000
  0.600207  -0.0000   0.18000000
  0.600533  -0.0000   0.18100000
  0.600858  -0.0000   0.18100000
  0.601182  -0.0000   0.18200000
  0.601667  -0.0000   0.18300000
  0.602389  -0.0000   0.18400000
  0.603465  -0.0000   0.18600000
  0.605063  -0.0000   0.19000000
  0.607430  -0.0000   0.19500000
  0.610534  -0.0000   0.20100000
  0.613602  -0.0000   0.20700000
  0.616638  -0.0000   0.21400000
  0.617323  -0.0000   0.21500000
  0.618006  -0.0000   0.21700000
  0.618529  -0.0000   0.21800000
  0.618655  -0.0000   0.21800000
  0.618782  -0.0000   0.21900000
  0.618908  -0.0000   0.21900000
  0.619097  -0.0000   0.21900000
  0.619380  -0.0000   0.22000000
  0.619803  -0.0000   0.22100000
  0.620435  -0.0000   0.22200000
  0.621376  -0.0000   0.22500000
  0.622775  -0.0000   0.22800000
  0.624851  -0.0000   0.23300000
  0.627922  -0.0000   0.24100000
  0.630957  -0.0000   0.24800000
  0.633960  -0.0000   0.25600000
  0.635519  -0.0000   0.25900000
  0.636465  -0.0000   0.26200000
  0.636774  -0.0000   0.26300000
  0.637078  -0.0000   0.26300000
  0.637381  -0.0000   0.26400000
  0.637683  -0.0000   0.26500000
  0.638135  -0.0000   0.26600000
  0.638809  -0.0000   0.26800000
  0.639814  -0.0000   0.27100000
  0.641307  -0.0000   0.27500000
  0.643521  -0.0000   0.28100000
  0.646168  -0.0000   0.28900000
  0.648788  -0.0000   0.29600000
  0.651385  -0.0000   0.30400000
  0.654621  -0.0000   0.31300000
  0.654922  -0.0000   0.31400000
  0.655212  -0.0000   0.31500000
  0.655502  -0.0000   0.31600000
  0.655791  -0.0000   0.31700000
  0.656223  -0.0000   0.31800000
  0.656868  -0.0000   0.32000000
  0.657829  -0.0000   0.32400000
  0.659257  -0.0000   0.32800000
  0.661377  -0.0000   0.33500000
  0.664513  -0.0000   0.34500000
  0.667613  -0.0000   0.35600000
  0.670682  -0.0000   0.36600000
  0.671865  -0.0000   0.37000000
  0.673043  -0.0000   0.37400000
  0.673323  -0.0000   0.37500000
  0.673602  -0.0000   0.37600000
  0.673880  -0.0000   0.37700000
  0.674158  -0.0000   0.37800000
  0.674572  -0.0000   0.38000000
  0.675192  -0.0000   0.38200000
  0.676114  -0.0000   0.38600000
  0.677488  -0.0000   0.39100000
  0.679525  -0.0000   0.39800000
  0.682543  -0.0000   0.41000000
  0.685527  -0.0000   0.42100000
  0.688483  -0.0000   0.43300000
  0.691405  -0.0000   0.44500000
  0.691448  -0.0000   0.44500000
  0.691513  -0.0000   0.44500000
  0.691610  -0.0000   0.44500000
  0.691755  -0.0000   0.44600000
  0.691972  -0.0000   0.44700000
  0.692296  -0.0000   0.44800000
  0.692782  -0.0000   0.45000000
  0.693505  -0.0000   0.45300000
  0.694583  -0.0000   0.45800000
  0.696186  -0.0000   0.46500000
  0.698562  -0.0000   0.47500000
  0.701637  -0.0000   0.48900000
  0.704680  -0.0000   0.50300000
  0.707695  -0.0000   0.51600000
  0.708711  -0.0000   0.52100000
  0.709723  -0.0000   0.52600000
  0.709783  -0.0000   0.52600000
  0.709842  -0.0000   0.52600000
  0.709902  -0.0000   0.52600000
  0.709992  -0.0000   0.52700000
  0.710126  -0.0000   0.52700000
  0.710327  -0.0000   0.52800000
  0.710628  -0.0000   0.53000000
  0.711077  -0.0000   0.53200000
  0.711748  -0.0000   0.53500000
  0.712748  -0.0000   0.54000000
  0.714235  -0.0000   0.54800000
  0.716441  -0.0000   0.55900000
  0.719090  -0.0000   0.57200000
  0.721715  -0.0000   0.58600000
  0.724318  -0.0000   0.59900000
  0.727591  -0.0000   0.61600000
  0.727930  -0.0000   0.61800000
  0.728010  -0.0000   0.61800000
  0.728091  -0.0000   0.61900000
  0.728171  -0.0000   0.61900000
  0.728292  -0.0000   0.62000000
  0.728472  -0.0000   0.62100000
  0.728743  -0.0000   0.62200000
  0.729147  -0.0000   0.62500000
  0.729750  -0.0000   0.62800000
  0.730649  -0.0000   0.63300000
  0.731986  -0.0000   0.64100000
  0.733972  -0.0000   0.65200000
  0.736915  -0.0000   0.66900000
  0.739828  -0.0000   0.68600000
  0.742714  -0.0000   0.70300000
  0.745577  -0.0000   0.72000000
  0.745969  -0.0000   0.72200000
  0.746350  -0.0000   0.72500000
  0.746720  -0.0000   0.72700000
  0.747089  -0.0000   0.72900000
  0.747458  -0.0000   0.73200000
  0.748008  -0.0000   0.73500000
  0.748828  -0.0000   0.74100000
  0.750050  -0.0000   0.74800000
  0.751866  -0.0000   0.76000000
  0.754558  -0.0000   0.77800000
  0.757224  -0.0000   0.79600000
  0.759868  -0.0000   0.81400000
  0.762492  -0.0000   0.83100000
  0.763262  -0.0000   0.83700000
  0.764030  -0.0000   0.84200000
  0.764774  -0.0000   0.84700000
  0.764956  -0.0000   0.84800000
  0.765138  -0.0000   0.85000000
  0.765319  -0.0000   0.85100000
  0.765590  -0.0000   0.85300000
  0.765996  -0.0000   0.85600000
  0.766602  -0.0000   0.86000000
  0.767506  -0.0000   0.86700000
  0.768851  -0.0000   0.87700000
  0.770849  -0.0000   0.89200000
  0.773812  -0.0000   0.91400000
  0.776746  -0.0000   0.93600000
  0.779655  -0.0000   0.95800000
  0.782541  -0.0000   0.98100000
  0.782868  -0.0000   0.98300000
  0.782947  -0.0000   0.98400000
  0.783027  -0.0000   0.98500000
  0.783107  -0.0000   0.98500000
  0.783226  -0.0000   0.98600000
  0.783404  -0.0000   0.98800000
  0.783672  -0.0000   0.99000000
  0.784071  -0.0000   0.99300000
  0.784668  -0.0000   0.99800000
  0.784897  -0.0000   1.00000000
  0.784810  -0.0000   1.00000000
  0.784810  -0.0000   1.00000000
  0.784810  -0.0000   1.00000000
  0.784810  -0.0000   1.00000000
  0.784810  -0.0000   1.00000000
  0.784810  -0.0000   1.00000000
  0.784810  -0.0000   1.00000000
  0.784810  -0.0000   1.00000000
  0.784810  -0.0000   1.00000000
  0.784810  -0.0000   1.00000000
  0.784809  -0.0000   1.00000000
  0.784809  -0.0000   1.00000000
  0.784808  -0.0000   1.00000000
  0.784807  -0.0000   1.00000000
