  0.000001  -0.0000   0.00000010
  0.000001  -0.0000   0.00000020
  0.000003  -0.0000   0.00000030
  0.000041  -0.0000   0.00000045
  0.000854  -0.0000   0.00000067
  0.005975  -0.0000   0.00000101
  0.005979  -0.0000   0.00000152
  0.005986  -0.0000   0.00000228
  0.005997  -0.0000   0.00000342
  0.006018  -0.0000   0.00000513
  0.006058  -0.0000   0.00000769
  0.006142  -0.0000   0.00001153
  0.006324  -0.0000   0.00001730
  0.006553  -0.0000   0.00002277
  0.006842  -0.0000   0.00002824
  0.007193  -0.0000   0.00003370
  0.007590  -0.0000   0.00003896
  0.008048  -0.0000   0.00004421
  0.008569  -0.0000   0.00004946
  0.009159  -0.0000   0.00005476
  0.009815  -0.0000   0.00006005
  0.010539  -0.0000   0.00006534
  0.011355  -0.0000   0.00007079
  0.012244  -0.0000   0.00007623
  0.013206  -0.0000   0.00008167
  0.014393  -0.0000   0.00008784
  0.015676  -0.0000   0.00009401
  0.017053  -0.0000   0.00010020
  0.018373  -0.0000   0.00010640
  0.019680  -0.0000   0.00011250
  0.020974  -0.0000   0.00011870
  0.021213  -0.0000   0.00011980
  0.021451  -0.0000   0.00012100
  0.021688  -0.0000   0.00012210
  0.021946  -0.0000   0.00012380
  0.022008  -0.0000   0.00012500
  0.022067  -0.0000   0.00012610
  0.022123  -0.0000   0.00012730
  0.022205  -0.0000   0.00012900
  0.022324  -0.0000   0.00013150
  0.022500  -0.0000   0.00013540
  0.022759  -0.0000   0.00014120
  0.023016  -0.0000   0.00014700
  0.023397  -0.0000   0.00015560
  0.023961  -0.0000   0.00016860
  0.024794  -0.0000   0.00018810
  0.026020  -0.0000   0.00021740
  0.027819  -0.0000   0.00026130
  0.029587  -0.0000   0.00030520
  0.031328  -0.0000   0.00034910
  0.033045  -0.0000   0.00039300
  0.035346  -0.0000   0.00045280
  0.037612  -0.0000   0.00051260
  0.040426  -0.0000   0.00058800
  0.043194  -0.0000   0.00066350
  0.043554  -0.0000   0.00067340
  0.043913  -0.0000   0.00068320
  0.044271  -0.0000   0.00069300
  0.044806  -0.0000   0.00070780
  0.045001  -0.0000   0.00071320
  0.045106  -0.0000   0.00071850
  0.045206  -0.0000   0.00072390
  0.045305  -0.0000   0.00072920
  0.045404  -0.0000   0.00073460
  0.045552  -0.0000   0.00074260
  0.045771  -0.0000   0.00075470
  0.046097  -0.0000   0.00077270
  0.046581  -0.0000   0.00079990
  0.047298  -0.0000   0.00084050
  0.048359  -0.0000   0.00090150
  0.049924  -0.0000   0.00099310
  0.052229  -0.0000   0.00113000
  0.054497  -0.0000   0.00126800
  0.056735  -0.0000   0.00140500
  0.058948  -0.0000   0.00154200
  0.062218  -0.0000   0.00174800
  0.066130  -0.0000   0.00199800
  0.066829  -0.0000   0.00204300
  0.067525  -0.0000   0.00208800
  0.068220  -0.0000   0.00213300
  0.068728  -0.0000   0.00216700
  0.068966  -0.0000   0.00219000
  0.069201  -0.0000   0.00221300
  0.069434  -0.0000   0.00223600
  0.069666  -0.0000   0.00225900
  0.070013  -0.0000   0.00229300
  0.070528  -0.0000   0.00234500
  0.071295  -0.0000   0.00242300
  0.072431  -0.0000   0.00253900
  0.074114  -0.0000   0.00271400
  0.076600  -0.0000   0.00297700
  0.080164  -0.0000   0.00335900
  0.083677  -0.0000   0.00374200
  0.087146  -0.0000   0.00412500
  0.090575  -0.0000   0.00450800
  0.091139  -0.0000   0.00457100
  0.091703  -0.0000   0.00463400
  0.092266  -0.0000   0.00469700
  0.092694  -0.0000   0.00475400
  0.093069  -0.0000   0.00481000
  0.093441  -0.0000   0.00486700
  0.093995  -0.0000   0.00495200
  0.094819  -0.0000   0.00507900
  0.096042  -0.0000   0.00527000
  0.097855  -0.0000   0.00555600
  0.100534  -0.0000   0.00598600
  0.104488  -0.0000   0.00663000
  0.108387  -0.0000   0.00727400
  0.112239  -0.0000   0.00791800
  0.116049  -0.0000   0.00856300
  0.116466  -0.0000   0.00863900
  0.116829  -0.0000   0.00871600
  0.117189  -0.0000   0.00879300
  0.117726  -0.0000   0.00890800
  0.118260  -0.0000   0.00902300
  0.119056  -0.0000   0.00919500
  0.120240  -0.0000   0.00945400
  0.121998  -0.0000   0.00984200
  0.124602  -0.0000   0.01042000
  0.128453  -0.0000   0.01130000
  0.132258  -0.0000   0.01217000
  0.136022  -0.0000   0.01304000
  0.139750  -0.0000   0.01392000
  0.140270  -0.0000   0.01404000
  0.140715  -0.0000   0.01417000
  0.141158  -0.0000   0.01429000
  0.141598  -0.0000   0.01441000
  0.142037  -0.0000   0.01454000
  0.142691  -0.0000   0.01473000
  0.143666  -0.0000   0.01501000
  0.145116  -0.0000   0.01543000
  0.147270  -0.0000   0.01606000
  0.150463  -0.0000   0.01700000
  0.155185  -0.0000   0.01842000
  0.159849  -0.0000   0.01984000
  0.163381  -0.0000   0.02092000
  0.164039  -0.0000   0.02113000
  0.164619  -0.0000   0.02133000
  0.165184  -0.0000   0.02153000
  0.165746  -0.0000   0.02173000
  0.166306  -0.0000   0.02193000
  0.167141  -0.0000   0.02224000
  0.168385  -0.0000   0.02269000
  0.170235  -0.0000   0.02337000
  0.172981  -0.0000   0.02440000
  0.177049  -0.0000   0.02593000
  0.182044  -0.0000   0.02784000
  0.186985  -0.0000   0.02975000
  0.187687  -0.0000   0.03002000
  0.188348  -0.0000   0.03029000
  0.188967  -0.0000   0.03056000
  0.189887  -0.0000   0.03097000
  0.190802  -0.0000   0.03138000
  0.191712  -0.0000   0.03178000
  0.193069  -0.0000   0.03240000
  0.195088  -0.0000   0.03331000
  0.198086  -0.0000   0.03469000
  0.202531  -0.0000   0.03675000
  0.208065  -0.0000   0.03935000
  0.209611  -0.0000   0.04008000
  0.211152  -0.0000   0.04081000
  0.212362  -0.0000   0.04140000
  0.213142  -0.0000   0.04182000
  0.213918  -0.0000   0.04223000
  0.214690  -0.0000   0.04264000
  0.215459  -0.0000   0.04306000
  0.216607  -0.0000   0.04368000
  0.218317  -0.0000   0.04460000
  0.220860  -0.0000   0.04600000
  0.224638  -0.0000   0.04809000
  0.230235  -0.0000   0.05122000
  0.235774  -0.0000   0.05436000
  0.236375  -0.0000   0.05473000
  0.236961  -0.0000   0.05509000
  0.237544  -0.0000   0.05546000
  0.238415  -0.0000   0.05600000
  0.239713  -0.0000   0.05683000
  0.241646  -0.0000   0.05806000
  0.244518  -0.0000   0.05991000
  0.248781  -0.0000   0.06268000
  0.254682  -0.0000   0.06657000
  0.257573  -0.0000   0.06849000
  0.260394  -0.0000   0.07040000
  0.261159  -0.0000   0.07096000
  0.261921  -0.0000   0.07151000
  0.262679  -0.0000   0.07207000
  0.263435  -0.0000   0.07262000
  0.264564  -0.0000   0.07346000
  0.266247  -0.0000   0.07471000
  0.268754  -0.0000   0.07658000
  0.272481  -0.0000   0.07939000
  0.278013  -0.0000   0.08361000
  0.283494  -0.0000   0.08783000
  0.284212  -0.0000   0.08841000
  0.284908  -0.0000   0.08898000
  0.285601  -0.0000   0.08956000
  0.286635  -0.0000   0.09043000
  0.288177  -0.0000   0.09173000
  0.290473  -0.0000   0.09368000
  0.293887  -0.0000   0.09661000
  0.298954  -0.0000   0.10100000
  0.305204  -0.0000   0.10600000
  0.306468  -0.0000   0.10800000
  0.307728  -0.0000   0.10900000
  0.308415  -0.0000   0.10900000
  0.309098  -0.0000   0.11000000
  0.309780  -0.0000   0.11100000
  0.310459  -0.0000   0.11100000
  0.311473  -0.0000   0.11200000
  0.312988  -0.0000   0.11400000
  0.315245  -0.0000   0.11600000
  0.318604  -0.0000   0.11900000
  0.323595  -0.0000   0.12400000
  0.329542  -0.0000   0.13000000
  0.330775  -0.0000   0.13100000
  0.331981  -0.0000   0.13200000
  0.333134  -0.0000   0.13400000
  0.334282  -0.0000   0.13500000
  0.335424  -0.0000   0.13600000
  0.336562  -0.0000   0.13700000
  0.338261  -0.0000   0.13900000
  0.340793  -0.0000   0.14200000
  0.344563  -0.0000   0.14600000
  0.350164  -0.0000   0.15200000
  0.352297  -0.0000   0.15500000
  0.354422  -0.0000   0.15700000
  0.355994  -0.0000   0.15900000
  0.357080  -0.0000   0.16000000
  0.358160  -0.0000   0.16100000
  0.359237  -0.0000   0.16300000
  0.360309  -0.0000   0.16400000
  0.361910  -0.0000   0.16600000
  0.364299  -0.0000   0.16900000
  0.367856  -0.0000   0.17300000
  0.373146  -0.0000   0.18000000
  0.376042  -0.0000   0.18300000
  0.378927  -0.0000   0.18700000
  0.379898  -0.0000   0.18800000
  0.380843  -0.0000   0.18900000
  0.381785  -0.0000   0.19100000
  0.383190  -0.0000   0.19200000
  0.384589  -0.0000   0.19400000
  0.386677  -0.0000   0.19700000
  0.389788  -0.0000   0.20100000
  0.394417  -0.0000   0.20800000
  0.401293  -0.0000   0.21700000
  0.402675  -0.0000   0.21900000
  0.404020  -0.0000   0.22100000
  0.405330  -0.0000   0.22300000
  0.407282  -0.0000   0.22500000
  0.409222  -0.0000   0.22800000
  0.411154  -0.0000   0.23100000
  0.414035  -0.0000   0.23500000
  0.418325  -0.0000   0.24200000
  0.424703  -0.0000   0.25100000
  0.426311  -0.0000   0.25400000
  0.427884  -0.0000   0.25600000
  0.429412  -0.0000   0.25900000
  0.430932  -0.0000   0.26100000
  0.432445  -0.0000   0.26400000
  0.433952  -0.0000   0.26600000
  0.436203  -0.0000   0.27000000
  0.439559  -0.0000   0.27500000
  0.444555  -0.0000   0.28300000
  0.448031  -0.0000   0.28900000
  0.451473  -0.0000   0.29500000
  0.452547  -0.0000   0.29700000
  0.453615  -0.0000   0.29900000
  0.454680  -0.0000   0.30000000
  0.455742  -0.0000   0.30200000
  0.457328  -0.0000   0.30500000
  0.459697  -0.0000   0.30900000
  0.463227  -0.0000   0.31500000
  0.468483  -0.0000   0.32500000
  0.471470  -0.0000   0.33000000
  0.474446  -0.0000   0.33600000
  0.475628  -0.0000   0.33800000
  0.476787  -0.0000   0.34000000
  0.477942  -0.0000   0.34200000
  0.479665  -0.0000   0.34500000
  0.482236  -0.0000   0.35000000
  0.486065  -0.0000   0.35800000
  0.491760  -0.0000   0.36900000
  0.497415  -0.0000   0.38000000
  0.498933  -0.0000   0.38300000
  0.499941  -0.0000   0.38500000
  0.500945  -0.0000   0.38700000
  0.501945  -0.0000   0.38900000
  0.502943  -0.0000   0.39100000
  0.504434  -0.0000   0.39400000
  0.506660  -0.0000   0.39800000
  0.509981  -0.0000   0.40500000
  0.514926  -0.0000   0.41600000
  0.522279  -0.0000   0.43100000
  0.523567  -0.0000   0.43400000
  0.524838  -0.0000   0.43700000
  0.526103  -0.0000   0.44000000
  0.527365  -0.0000   0.44200000
  0.529249  -0.0000   0.44700000
  0.532061  -0.0000   0.45300000
  0.536251  -0.0000   0.46200000
  0.542487  -0.0000   0.47600000
  0.544795  -0.0000   0.48200000
  0.547073  -0.0000   0.48700000
  0.548589  -0.0000   0.49000000
  0.550099  -0.0000   0.49400000
  0.551603  -0.0000   0.49800000
  0.553102  -0.0000   0.50100000
  0.555342  -0.0000   0.50700000
  0.558684  -0.0000   0.51500000
  0.563663  -0.0000   0.52700000
  0.567603  -0.0000   0.53600000
  0.570450  -0.0000   0.54300000
  0.571143  -0.0000   0.54500000
  0.571834  -0.0000   0.54700000
  0.572867  -0.0000   0.54900000
  0.573897  -0.0000   0.55200000
  0.575437  -0.0000   0.55600000
  0.577736  -0.0000   0.56200000
  0.581166  -0.0000   0.57100000
  0.586275  -0.0000   0.58400000
  0.593874  -0.0000   0.60400000
  0.595031  -0.0000   0.60700000
  0.596182  -0.0000   0.61000000
  0.597328  -0.0000   0.61300000
  0.598472  -0.0000   0.61600000
  0.600181  -0.0000   0.62100000
  0.602732  -0.0000   0.62800000
  0.606538  -0.0000   0.63900000
  0.612205  -0.0000   0.65400000
  0.614630  -0.0000   0.66100000
  0.617049  -0.0000   0.66800000
  0.618545  -0.0000   0.67200000
  0.620023  -0.0000   0.67600000
  0.621495  -0.0000   0.68100000
  0.623692  -0.0000   0.68700000
  0.626969  -0.0000   0.69700000
  0.631852  -0.0000   0.71100000
  0.639113  -0.0000   0.73300000
  0.641213  -0.0000   0.73900000
  0.642408  -0.0000   0.74300000
  0.643598  -0.0000   0.74600000
  0.644784  -0.0000   0.75000000
  0.645967  -0.0000   0.75400000
  0.647736  -0.0000   0.75900000
  0.650376  -0.0000   0.76800000
  0.654315  -0.0000   0.78000000
  0.660180  -0.0000   0.79900000
  0.662431  -0.0000   0.80600000
  0.664675  -0.0000   0.81300000
  0.665962  -0.0000   0.81700000
  0.667241  -0.0000   0.82100000
  0.668516  -0.0000   0.82500000
  0.669787  -0.0000   0.83000000
  0.671687  -0.0000   0.83600000
  0.674524  -0.0000   0.84500000
  0.678755  -0.0000   0.85900000
  0.685054  -0.0000   0.88100000
  0.687208  -0.0000   0.88800000
  0.689331  -0.0000   0.89500000
  0.691419  -0.0000   0.90300000
  0.694530  -0.0000   0.91300000
  0.697624  -0.0000   0.92400000
  0.700705  -0.0000   0.93500000
  0.705299  -0.0000   0.95200000
  0.712132  -0.0000   0.97600000
  0.713488  -0.0000   0.98100000
  0.714839  -0.0000   0.98600000
  0.716185  -0.0000   0.99100000
  0.717528  -0.0000   0.99600000
  0.718542  -0.0000   1.00000000
  0.718534  -0.0000   1.00000000
  0.718534  -0.0000   1.00000000
  0.718534  -0.0000   1.00000000
  0.718534  -0.0000   1.00000000
  0.718534  -0.0000   1.00000000
  0.718534  -0.0000   1.00000000
  0.718534  -0.0000   1.00000000
  0.718534  -0.0000   1.00000000
  0.718534  -0.0000   1.00000000
  0.718534  -0.0000   1.00000000
  0.718534  -0.0000   1.00000000
  0.718533  -0.0000   1.00000000
  0.718532  -0.0000   1.00000000
  0.718531  -0.0000   1.00000000
  0.718530  -0.0000   1.00000000
  0.718529  -0.0000   1.00000000
