  0.000024  -0.0000   0.00000010
  0.000112  -0.0000   0.00000020
  0.000132  -0.0000   0.00000021
  0.000204  -0.0000   0.00000023
  0.000792  -0.0000   0.00000024
  0.006197  -0.0000   0.00000026
  0.006346  -0.0000   0.00000029
  0.006480  -0.0000   0.00000031
  0.006659  -0.0000   0.00000033
  0.006891  -0.0000   0.00000035
  0.007181  -0.0000   0.00000037
  0.007532  -0.0000   0.00000039
  0.007943  -0.0000   0.00000041
  0.008412  -0.0000   0.00000043
  0.008936  -0.0000   0.00000045
  0.009510  -0.0000   0.00000047
  0.010129  -0.0000   0.00000049
  0.010790  -0.0000   0.00000051
  0.011490  -0.0000   0.00000053
  0.012398  -0.0000   0.00000056
  0.013362  -0.0000   0.00000058
  0.014384  -0.0000   0.00000061
  0.015470  -0.0000   0.00000063
  0.016404  -0.0000   0.00000065
  0.017389  -0.0000   0.00000067
  0.018427  -0.0000   0.00000069
  0.019520  -0.0000   0.00000071
  0.019592  -0.0000   0.00000071
  0.019663  -0.0000   0.00000071
  0.019699  -0.0000   0.00000071
  0.019706  -0.0000   0.00000072
  0.019713  -0.0000   0.00000072
  0.019717  -0.0000   0.00000072
  0.019721  -0.0000   0.00000072
  0.019726  -0.0000   0.00000073
  0.019732  -0.0000   0.00000074
  0.019740  -0.0000   0.00000075
  0.019750  -0.0000   0.00000076
  0.019764  -0.0000   0.00000078
  0.019786  -0.0000   0.00000082
  0.019825  -0.0000   0.00000087
  0.019900  -0.0000   0.00000094
  0.020058  -0.0000   0.00000106
  0.020273  -0.0000   0.00000117
  0.020560  -0.0000   0.00000128
  0.020810  -0.0000   0.00000136
  0.021111  -0.0000   0.00000144
  0.021469  -0.0000   0.00000152
  0.021846  -0.0000   0.00000160
  0.022279  -0.0000   0.00000167
  0.022770  -0.0000   0.00000174
  0.023440  -0.0000   0.00000183
  0.024062  -0.0000   0.00000190
  0.024751  -0.0000   0.00000198
  0.025512  -0.0000   0.00000205
  0.026348  -0.0000   0.00000212
  0.027260  -0.0000   0.00000219
  0.028252  -0.0000   0.00000226
  0.029325  -0.0000   0.00000234
  0.030480  -0.0000   0.00000241
  0.031718  -0.0000   0.00000248
  0.033038  -0.0000   0.00000256
  0.034440  -0.0000   0.00000263
  0.035872  -0.0000   0.00000270
  0.035886  -0.0000   0.00000270
  0.035896  -0.0000   0.00000271
  0.035904  -0.0000   0.00000271
  0.035911  -0.0000   0.00000272
  0.035921  -0.0000   0.00000272
  0.035934  -0.0000   0.00000274
  0.035952  -0.0000   0.00000275
  0.035980  -0.0000   0.00000277
  0.036021  -0.0000   0.00000281
  0.036087  -0.0000   0.00000286
  0.036192  -0.0000   0.00000294
  0.036368  -0.0000   0.00000305
  0.036681  -0.0000   0.00000323
  0.037010  -0.0000   0.00000338
  0.037393  -0.0000   0.00000354
  0.037839  -0.0000   0.00000370
  0.038253  -0.0000   0.00000383
  0.038720  -0.0000   0.00000396
  0.039243  -0.0000   0.00000409
  0.039790  -0.0000   0.00000421
  0.040394  -0.0000   0.00000433
  0.041059  -0.0000   0.00000445
  0.041775  -0.0000   0.00000457
  0.042556  -0.0000   0.00000469
  0.043406  -0.0000   0.00000481
  0.044333  -0.0000   0.00000493
  0.045335  -0.0000   0.00000505
  0.046413  -0.0000   0.00000517
  0.047570  -0.0000   0.00000530
  0.048805  -0.0000   0.00000542
  0.050120  -0.0000   0.00000554
  0.051787  -0.0000   0.00000568
  0.051998  -0.0000   0.00000570
  0.052210  -0.0000   0.00000572
  0.052424  -0.0000   0.00000573
  0.052690  -0.0000   0.00000576
  0.052714  -0.0000   0.00000577
  0.052733  -0.0000   0.00000578
  0.052750  -0.0000   0.00000579
  0.052775  -0.0000   0.00000581
  0.052811  -0.0000   0.00000583
  0.052866  -0.0000   0.00000586
  0.052950  -0.0000   0.00000591
  0.053080  -0.0000   0.00000599
  0.053284  -0.0000   0.00000611
  0.053615  -0.0000   0.00000628
  0.054177  -0.0000   0.00000654
  0.054615  -0.0000   0.00000672
  0.055096  -0.0000   0.00000691
  0.055624  -0.0000   0.00000709
  0.056324  -0.0000   0.00000731
  0.057103  -0.0000   0.00000753
  0.057968  -0.0000   0.00000775
  0.058889  -0.0000   0.00000796
  0.059902  -0.0000   0.00000817
  0.061012  -0.0000   0.00000838
  0.062223  -0.0000   0.00000859
  0.063538  -0.0000   0.00000881
  0.064960  -0.0000   0.00000902
  0.066490  -0.0000   0.00000923
  0.068126  -0.0000   0.00000944
  0.068637  -0.0000   0.00000951
  0.069157  -0.0000   0.00000957
  0.069379  -0.0000   0.00000960
  0.069451  -0.0000   0.00000962
  0.069485  -0.0000   0.00000964
  0.069517  -0.0000   0.00000965
  0.069562  -0.0000   0.00000968
  0.069631  -0.0000   0.00000972
  0.069737  -0.0000   0.00000978
  0.069900  -0.0000   0.00000987
  0.070150  -0.0000   0.00001001
  0.070546  -0.0000   0.00001021
  0.071194  -0.0000   0.00001052
  0.071795  -0.0000   0.00001078
  0.072448  -0.0000   0.00001104
  0.073158  -0.0000   0.00001131
  0.073958  -0.0000   0.00001158
  0.074831  -0.0000   0.00001185
  0.075780  -0.0000   0.00001212
  0.076777  -0.0000   0.00001238
  0.077853  -0.0000   0.00001265
  0.079014  -0.0000   0.00001291
  0.080254  -0.0000   0.00001317
  0.081582  -0.0000   0.00001343
  0.082997  -0.0000   0.00001369
  0.084795  -0.0000   0.00001400
  0.085268  -0.0000   0.00001408
  0.085749  -0.0000   0.00001416
  0.086189  -0.0000   0.00001424
  0.086207  -0.0000   0.00001425
  0.086228  -0.0000   0.00001426
  0.086257  -0.0000   0.00001428
  0.086300  -0.0000   0.00001430
  0.086365  -0.0000   0.00001434
  0.086464  -0.0000   0.00001440
  0.086615  -0.0000   0.00001448
  0.086846  -0.0000   0.00001461
  0.087201  -0.0000   0.00001480
  0.087763  -0.0000   0.00001509
  0.088685  -0.0000   0.00001553
  0.089699  -0.0000   0.00001596
  0.090818  -0.0000   0.00001639
  0.092051  -0.0000   0.00001683
  0.093409  -0.0000   0.00001726
  0.094636  -0.0000   0.00001762
  0.095958  -0.0000   0.00001798
  0.097380  -0.0000   0.00001834
  0.098902  -0.0000   0.00001870
  0.100527  -0.0000   0.00001907
  0.102251  -0.0000   0.00001943
  0.102453  -0.0000   0.00001947
  0.102656  -0.0000   0.00001951
  0.102860  -0.0000   0.00001955
  0.103013  -0.0000   0.00001960
  0.103085  -0.0000   0.00001964
  0.103156  -0.0000   0.00001968
  0.103228  -0.0000   0.00001972
  0.103300  -0.0000   0.00001977
  0.103410  -0.0000   0.00001983
  0.103576  -0.0000   0.00001992
  0.103828  -0.0000   0.00002007
  0.104215  -0.0000   0.00002028
  0.104821  -0.0000   0.00002060
  0.105799  -0.0000   0.00002109
  0.106858  -0.0000   0.00002157
  0.108007  -0.0000   0.00002205
  0.109253  -0.0000   0.00002254
  0.110604  -0.0000   0.00002302
  0.112065  -0.0000   0.00002350
  0.113641  -0.0000   0.00002398
  0.115335  -0.0000   0.00002447
  0.117147  -0.0000   0.00002495
  0.119077  -0.0000   0.00002543
  0.119273  -0.0000   0.00002548
  0.119470  -0.0000   0.00002553
  0.119669  -0.0000   0.00002558
  0.119875  -0.0000   0.00002565
  0.119906  -0.0000   0.00002567
  0.119951  -0.0000   0.00002570
  0.120017  -0.0000   0.00002574
  0.120119  -0.0000   0.00002580
  0.120274  -0.0000   0.00002589
  0.120508  -0.0000   0.00002603
  0.120864  -0.0000   0.00002624
  0.121414  -0.0000   0.00002655
  0.122283  -0.0000   0.00002702
  0.123263  -0.0000   0.00002752
  0.124309  -0.0000   0.00002802
  0.125426  -0.0000   0.00002852
  0.126655  -0.0000   0.00002903
  0.127970  -0.0000   0.00002955
  0.129373  -0.0000   0.00003006
  0.130924  -0.0000   0.00003059
  0.132576  -0.0000   0.00003112
  0.134327  -0.0000   0.00003165
  0.136360  -0.0000   0.00003223
  0.136513  -0.0000   0.00003228
  0.136667  -0.0000   0.00003232
  0.136756  -0.0000   0.00003236
  0.136858  -0.0000   0.00003243
  0.136961  -0.0000   0.00003250
  0.137065  -0.0000   0.00003256
  0.137223  -0.0000   0.00003266
  0.137463  -0.0000   0.00003281
  0.137826  -0.0000   0.00003303
  0.138384  -0.0000   0.00003336
  0.139257  -0.0000   0.00003386
  0.140408  -0.0000   0.00003447
  0.141635  -0.0000   0.00003509
  0.142945  -0.0000   0.00003571
  0.144619  -0.0000   0.00003644
  0.146424  -0.0000   0.00003717
  0.148364  -0.0000   0.00003789
  0.150441  -0.0000   0.00003862
  0.152654  -0.0000   0.00003935
  0.152878  -0.0000   0.00003943
  0.153105  -0.0000   0.00003950
  0.153332  -0.0000   0.00003958
  0.153640  -0.0000   0.00003969
  0.153704  -0.0000   0.00003973
  0.153797  -0.0000   0.00003979
  0.153891  -0.0000   0.00003985
  0.153986  -0.0000   0.00003991
  0.154130  -0.0000   0.00004001
  0.154347  -0.0000   0.00004015
  0.154676  -0.0000   0.00004036
  0.155178  -0.0000   0.00004067
  0.155956  -0.0000   0.00004115
  0.157190  -0.0000   0.00004185
  0.158501  -0.0000   0.00004256
  0.159896  -0.0000   0.00004327
  0.161380  -0.0000   0.00004398
  0.163261  -0.0000   0.00004482
  0.165275  -0.0000   0.00004565
  0.167425  -0.0000   0.00004649
  0.169709  -0.0000   0.00004732
  0.169916  -0.0000   0.00004740
  0.170124  -0.0000   0.00004748
  0.170333  -0.0000   0.00004755
  0.170595  -0.0000   0.00004766
  0.170656  -0.0000   0.00004771
  0.170748  -0.0000   0.00004777
  0.170887  -0.0000   0.00004786
  0.171028  -0.0000   0.00004796
  0.171241  -0.0000   0.00004810
  0.171563  -0.0000   0.00004832
  0.172053  -0.0000   0.00004864
  0.172808  -0.0000   0.00004912
  0.173994  -0.0000   0.00004985
  0.175226  -0.0000   0.00005056
  0.176525  -0.0000   0.00005128
  0.177893  -0.0000   0.00005199
  0.179419  -0.0000   0.00005274
  0.181029  -0.0000   0.00005350
  0.182724  -0.0000   0.00005425
  0.184676  -0.0000   0.00005508
  0.186729  -0.0000   0.00005590
  0.186939  -0.0000   0.00005598
  0.187149  -0.0000   0.00005607
  0.187361  -0.0000   0.00005615
  0.187533  -0.0000   0.00005624
  0.187656  -0.0000   0.00005633
  0.187781  -0.0000   0.00005642
  0.187971  -0.0000   0.00005655
  0.188161  -0.0000   0.00005668
  0.188450  -0.0000   0.00005688
  0.188887  -0.0000   0.00005718
  0.189556  -0.0000   0.00005763
  0.190595  -0.0000   0.00005831
  0.192252  -0.0000   0.00005932
  0.194017  -0.0000   0.00006033
  0.195896  -0.0000   0.00006134
  0.197895  -0.0000   0.00006235
  0.200016  -0.0000   0.00006336
  0.202260  -0.0000   0.00006438
  0.204519  -0.0000   0.00006539
  0.204603  -0.0000   0.00006545
  0.204729  -0.0000   0.00006555
  0.204857  -0.0000   0.00006564
  0.204986  -0.0000   0.00006574
  0.205181  -0.0000   0.00006588
  0.205475  -0.0000   0.00006609
  0.205921  -0.0000   0.00006641
  0.206603  -0.0000   0.00006689
  0.207663  -0.0000   0.00006761
  0.209345  -0.0000   0.00006869
  0.211131  -0.0000   0.00006977
  0.213024  -0.0000   0.00007085
  0.215028  -0.0000   0.00007193
  0.217146  -0.0000   0.00007301
  0.219376  -0.0000   0.00007409
  0.221307  -0.0000   0.00007499
  0.221466  -0.0000   0.00007507
  0.221561  -0.0000   0.00007514
  0.221657  -0.0000   0.00007521
  0.221754  -0.0000   0.00007529
  0.221851  -0.0000   0.00007536
  0.221999  -0.0000   0.00007547
  0.222221  -0.0000   0.00007564
  0.222557  -0.0000   0.00007589
  0.223066  -0.0000   0.00007627
  0.223845  -0.0000   0.00007683
  0.225056  -0.0000   0.00007767
  0.226981  -0.0000   0.00007894
  0.229026  -0.0000   0.00008021
  0.231194  -0.0000   0.00008147
  0.233491  -0.0000   0.00008274
  0.235915  -0.0000   0.00008401
  0.238389  -0.0000   0.00008527
  0.238486  -0.0000   0.00008535
  0.238584  -0.0000   0.00008543
  0.238682  -0.0000   0.00008551
  0.238782  -0.0000   0.00008559
  0.238932  -0.0000   0.00008571
  0.239159  -0.0000   0.00008589
  0.239501  -0.0000   0.00008615
  0.240020  -0.0000   0.00008656
  0.240815  -0.0000   0.00008716
  0.242049  -0.0000   0.00008806
  0.244007  -0.0000   0.00008941
  0.246081  -0.0000   0.00009076
  0.248274  -0.0000   0.00009212
  0.250589  -0.0000   0.00009347
  0.253025  -0.0000   0.00009482
  0.255478  -0.0000   0.00009617
  0.255579  -0.0000   0.00009626
  0.255732  -0.0000   0.00009639
  0.255888  -0.0000   0.00009651
  0.256044  -0.0000   0.00009664
  0.256279  -0.0000   0.00009683
  0.256634  -0.0000   0.00009711
  0.257173  -0.0000   0.00009754
  0.257998  -0.0000   0.00009818
  0.259278  -0.0000   0.00009915
  0.261229  -0.0000   0.00010060
  0.262528  -0.0000   0.00010160
  0.263803  -0.0000   0.00010260
  0.265055  -0.0000   0.00010350
  0.266884  -0.0000   0.00010500
  0.269344  -0.0000   0.00010710
  0.271722  -0.0000   0.00010910
  0.271913  -0.0000   0.00010930
  0.272103  -0.0000   0.00010950
  0.272293  -0.0000   0.00010960
  0.272421  -0.0000   0.00010980
  0.272540  -0.0000   0.00011000
  0.272660  -0.0000   0.00011010
  0.272780  -0.0000   0.00011030
  0.272959  -0.0000   0.00011050
  0.273226  -0.0000   0.00011090
  0.273621  -0.0000   0.00011140
  0.274205  -0.0000   0.00011220
  0.275062  -0.0000   0.00011340
  0.276316  -0.0000   0.00011520
  0.277818  -0.0000   0.00011740
  0.279287  -0.0000   0.00011960
  0.280725  -0.0000   0.00012180
  0.282135  -0.0000   0.00012410
  0.284190  -0.0000   0.00012740
  0.286485  -0.0000   0.00013120
  0.288710  -0.0000   0.00013500
  0.288902  -0.0000   0.00013540
  0.289093  -0.0000   0.00013570
  0.289273  -0.0000   0.00013600
  0.289321  -0.0000   0.00013620
  0.289394  -0.0000   0.00013630
  0.289504  -0.0000   0.00013660
  0.289669  -0.0000   0.00013700
  0.289916  -0.0000   0.00013770
  0.290281  -0.0000   0.00013860
  0.290820  -0.0000   0.00014000
  0.291613  -0.0000   0.00014210
  0.292775  -0.0000   0.00014530
  0.294201  -0.0000   0.00014930
  0.295595  -0.0000   0.00015330
  0.296962  -0.0000   0.00015730
  0.298304  -0.0000   0.00016130
  0.300263  -0.0000   0.00016730
  0.302545  -0.0000   0.00017460
  0.304758  -0.0000   0.00018180
  0.305224  -0.0000   0.00018330
  0.305687  -0.0000   0.00018480
  0.306146  -0.0000   0.00018640
  0.306338  -0.0000   0.00018700
  0.306374  -0.0000   0.00018720
  0.306410  -0.0000   0.00018740
  0.306463  -0.0000   0.00018760
  0.306544  -0.0000   0.00018800
  0.306666  -0.0000   0.00018860
  0.306847  -0.0000   0.00018940
  0.307118  -0.0000   0.00019070
  0.307518  -0.0000   0.00019270
  0.308109  -0.0000   0.00019560
  0.308978  -0.0000   0.00019990
  0.310250  -0.0000   0.00020640
  0.311497  -0.0000   0.00021290
  0.312721  -0.0000   0.00021950
  0.313924  -0.0000   0.00022600
  0.315685  -0.0000   0.00023570
  0.317882  -0.0000   0.00024830
  0.320017  -0.0000   0.00026090
  0.322094  -0.0000   0.00027340
  0.322458  -0.0000   0.00027560
  0.322820  -0.0000   0.00027790
  0.323180  -0.0000   0.00028010
  0.323397  -0.0000   0.00028150
  0.323439  -0.0000   0.00028190
  0.323481  -0.0000   0.00028220
  0.323545  -0.0000   0.00028280
  0.323641  -0.0000   0.00028360
  0.323785  -0.0000   0.00028480
  0.323999  -0.0000   0.00028660
  0.324317  -0.0000   0.00028940
  0.324788  -0.0000   0.00029350
  0.325482  -0.0000   0.00029960
  0.326501  -0.0000   0.00030890
  0.327958  -0.0000   0.00032240
  0.329383  -0.0000   0.00033590
  0.330779  -0.0000   0.00034950
  0.332150  -0.0000   0.00036300
  0.334152  -0.0000   0.00038330
  0.336102  -0.0000   0.00040360
  0.338393  -0.0000   0.00042810
  0.339434  -0.0000   0.00043940
  0.340444  -0.0000   0.00045080
  0.340491  -0.0000   0.00045150
  0.340562  -0.0000   0.00045250
  0.340670  -0.0000   0.00045410
  0.340831  -0.0000   0.00045650
  0.341071  -0.0000   0.00046010
  0.341428  -0.0000   0.00046550
  0.341955  -0.0000   0.00047350
  0.342732  -0.0000   0.00048560
  0.343873  -0.0000   0.00050380
  0.345162  -0.0000   0.00052470
  0.346427  -0.0000   0.00054570
  0.347670  -0.0000   0.00056660
  0.349444  -0.0000   0.00059720
  0.351177  -0.0000   0.00062780
  0.353346  -0.0000   0.00066720
  0.355456  -0.0000   0.00070650
  0.356429  -0.0000   0.00072490
  0.357390  -0.0000   0.00074330
  0.357556  -0.0000   0.00074700
  0.357593  -0.0000   0.00074790
  0.357629  -0.0000   0.00074880
  0.357685  -0.0000   0.00075020
  0.357768  -0.0000   0.00075230
  0.357892  -0.0000   0.00075540
  0.358077  -0.0000   0.00076010
  0.358353  -0.0000   0.00076710
  0.358761  -0.0000   0.00077760
  0.359365  -0.0000   0.00079340
  0.360255  -0.0000   0.00081700
  0.361559  -0.0000   0.00085250
  0.362838  -0.0000   0.00088790
  0.364094  -0.0000   0.00092340
  0.365330  -0.0000   0.00095890
  0.367138  -0.0000   0.00101200
  0.369373  -0.0000   0.00108000
  0.371547  -0.0000   0.00114700
  0.373665  -0.0000   0.00121500
  0.373921  -0.0000   0.00122300
  0.374177  -0.0000   0.00123200
  0.374432  -0.0000   0.00124000
  0.374596  -0.0000   0.00124600
  0.374753  -0.0000   0.00125300
  0.374910  -0.0000   0.00125900
  0.375144  -0.0000   0.00126900
  0.375492  -0.0000   0.00128400
  0.376007  -0.0000   0.00130600
  0.376767  -0.0000   0.00133900
  0.377883  -0.0000   0.00138900
  0.379265  -0.0000   0.00145200
  0.380619  -0.0000   0.00151400
  0.381949  -0.0000   0.00157700
  0.383256  -0.0000   0.00164000
  0.385169  -0.0000   0.00173400
  0.387541  -0.0000   0.00185500
  0.389846  -0.0000   0.00197500
  0.390376  -0.0000   0.00200300
  0.390903  -0.0000   0.00203100
  0.391426  -0.0000   0.00205900
  0.391602  -0.0000   0.00207000
  0.391642  -0.0000   0.00207200
  0.391683  -0.0000   0.00207500
  0.391744  -0.0000   0.00207900
  0.391836  -0.0000   0.00208500
  0.391972  -0.0000   0.00209500
  0.392176  -0.0000   0.00210900
  0.392480  -0.0000   0.00212900
  0.392929  -0.0000   0.00216000
  0.393594  -0.0000   0.00220700
  0.394572  -0.0000   0.00227700
  0.396007  -0.0000   0.00238300
  0.397413  -0.0000   0.00248800
  0.398792  -0.0000   0.00259300
  0.400147  -0.0000   0.00269800
  0.402128  -0.0000   0.00285600
  0.404402  -0.0000   0.00304200
  0.406616  -0.0000   0.00322800
  0.407697  -0.0000   0.00332100
  0.408474  -0.0000   0.00338700
  0.408658  -0.0000   0.00340600
  0.408700  -0.0000   0.00341000
  0.408743  -0.0000   0.00341500
  0.408807  -0.0000   0.00342200
  0.408903  -0.0000   0.00343200
  0.409046  -0.0000   0.00344700
  0.409260  -0.0000   0.00347000
  0.409578  -0.0000   0.00350500
  0.410049  -0.0000   0.00355700
  0.410746  -0.0000   0.00363500
  0.411771  -0.0000   0.00375200
  0.413261  -0.0000   0.00392600
  0.414719  -0.0000   0.00410000
  0.416150  -0.0000   0.00427300
  0.417555  -0.0000   0.00444700
  0.419609  -0.0000   0.00470800
  0.421915  -0.0000   0.00500900
  0.424163  -0.0000   0.00531000
  0.424621  -0.0000   0.00537200
  0.425076  -0.0000   0.00543300
  0.425530  -0.0000   0.00549500
  0.425720  -0.0000   0.00552500
  0.425764  -0.0000   0.00553300
  0.425809  -0.0000   0.00554000
  0.425876  -0.0000   0.00555100
  0.425977  -0.0000   0.00556800
  0.426128  -0.0000   0.00559300
  0.426352  -0.0000   0.00563100
  0.426686  -0.0000   0.00568800
  0.427180  -0.0000   0.00577300
  0.427911  -0.0000   0.00590100
  0.428988  -0.0000   0.00609300
  0.430491  -0.0000   0.00636700
  0.431963  -0.0000   0.00664100
  0.433407  -0.0000   0.00691500
  0.434825  -0.0000   0.00718900
  0.436899  -0.0000   0.00760000
  0.439242  -0.0000   0.00807700
  0.441527  -0.0000   0.00855400
  0.441877  -0.0000   0.00862800
  0.442225  -0.0000   0.00870100
  0.442572  -0.0000   0.00877400
  0.442779  -0.0000   0.00882500
  0.442828  -0.0000   0.00883700
  0.442877  -0.0000   0.00885000
  0.442950  -0.0000   0.00886800
  0.443060  -0.0000   0.00889700
  0.443224  -0.0000   0.00893900
  0.443468  -0.0000   0.00900200
  0.443831  -0.0000   0.00909700
  0.444369  -0.0000   0.00924000
  0.445164  -0.0000   0.00945400
  0.446335  -0.0000   0.00977500
  0.447840  -0.0000   0.01020000
  0.449315  -0.0000   0.01062000
  0.450762  -0.0000   0.01104000
  0.452183  -0.0000   0.01146000
  0.454263  -0.0000   0.01210000
  0.456295  -0.0000   0.01273000
  0.458285  -0.0000   0.01336000
  0.458884  -0.0000   0.01355000
  0.459479  -0.0000   0.01375000
  0.459769  -0.0000   0.01384000
  0.459833  -0.0000   0.01387000
  0.459897  -0.0000   0.01389000
  0.459993  -0.0000   0.01393000
  0.460136  -0.0000   0.01399000
  0.460350  -0.0000   0.01407000
  0.460669  -0.0000   0.01420000
  0.461142  -0.0000   0.01438000
  0.461841  -0.0000   0.01467000
  0.462872  -0.0000   0.01509000
  0.464383  -0.0000   0.01572000
  0.465864  -0.0000   0.01636000
  0.467317  -0.0000   0.01699000
  0.468743  -0.0000   0.01763000
  0.470831  -0.0000   0.01858000
  0.472872  -0.0000   0.01953000
  0.474871  -0.0000   0.02048000
  0.476817  -0.0000   0.02143000
  0.476845  -0.0000   0.02145000
  0.476888  -0.0000   0.02147000
  0.476953  -0.0000   0.02151000
  0.477050  -0.0000   0.02157000
  0.477195  -0.0000   0.02165000
  0.477411  -0.0000   0.02178000
  0.477733  -0.0000   0.02197000
  0.478210  -0.0000   0.02225000
  0.478917  -0.0000   0.02267000
  0.479959  -0.0000   0.02331000
  0.481370  -0.0000   0.02419000
  0.482755  -0.0000   0.02508000
  0.484116  -0.0000   0.02596000
  0.485454  -0.0000   0.02684000
  0.487416  -0.0000   0.02817000
  0.489869  -0.0000   0.02986000
  0.492266  -0.0000   0.03156000
  0.492861  -0.0000   0.03199000
  0.493454  -0.0000   0.03241000
  0.494016  -0.0000   0.03284000
  0.494063  -0.0000   0.03288000
  0.494133  -0.0000   0.03294000
  0.494239  -0.0000   0.03303000
  0.494397  -0.0000   0.03316000
  0.494633  -0.0000   0.03336000
  0.494985  -0.0000   0.03367000
  0.495505  -0.0000   0.03412000
  0.496276  -0.0000   0.03480000
  0.497411  -0.0000   0.03582000
  0.498961  -0.0000   0.03725000
  0.500481  -0.0000   0.03867000
  0.501972  -0.0000   0.04010000
  0.503437  -0.0000   0.04153000
  0.505584  -0.0000   0.04367000
  0.507685  -0.0000   0.04581000
  0.509746  -0.0000   0.04795000
  0.510180  -0.0000   0.04840000
  0.510613  -0.0000   0.04885000
  0.511012  -0.0000   0.04930000
  0.511035  -0.0000   0.04933000
  0.511069  -0.0000   0.04938000
  0.511121  -0.0000   0.04944000
  0.511200  -0.0000   0.04953000
  0.511316  -0.0000   0.04968000
  0.511491  -0.0000   0.04989000
  0.511751  -0.0000   0.05021000
  0.512137  -0.0000   0.05070000
  0.512711  -0.0000   0.05142000
  0.513558  -0.0000   0.05251000
  0.514806  -0.0000   0.05414000
  0.516427  -0.0000   0.05631000
  0.518015  -0.0000   0.05848000
  0.519573  -0.0000   0.06065000
  0.521104  -0.0000   0.06282000
  0.523348  -0.0000   0.06607000
  0.525545  -0.0000   0.06932000
  0.527700  -0.0000   0.07258000
  0.527936  -0.0000   0.07295000
  0.527988  -0.0000   0.07304000
  0.528041  -0.0000   0.07313000
  0.528120  -0.0000   0.07327000
  0.528239  -0.0000   0.07348000
  0.528417  -0.0000   0.07379000
  0.528681  -0.0000   0.07426000
  0.529074  -0.0000   0.07496000
  0.529657  -0.0000   0.07601000
  0.530518  -0.0000   0.07759000
  0.531786  -0.0000   0.07996000
  0.533369  -0.0000   0.08298000
  0.534921  -0.0000   0.08601000
  0.536445  -0.0000   0.08903000
  0.537944  -0.0000   0.09205000
  0.540141  -0.0000   0.09659000
  0.542650  -0.0000   0.10200000
  0.544053  -0.0000   0.10500000
  0.544594  -0.0000   0.10600000
  0.545097  -0.0000   0.10700000
  0.545126  -0.0000   0.10700000
  0.545171  -0.0000   0.10700000
  0.545237  -0.0000   0.10800000
  0.545335  -0.0000   0.10800000
  0.545483  -0.0000   0.10800000
  0.545704  -0.0000   0.10900000
  0.546032  -0.0000   0.11000000
  0.546520  -0.0000   0.11100000
  0.547243  -0.0000   0.11300000
  0.548309  -0.0000   0.11500000
  0.549873  -0.0000   0.12000000
  0.551406  -0.0000   0.12400000
  0.552912  -0.0000   0.12800000
  0.554392  -0.0000   0.13200000
  0.556565  -0.0000   0.13900000
  0.559075  -0.0000   0.14600000
  0.561532  -0.0000   0.15300000
  0.561810  -0.0000   0.15400000
  0.562073  -0.0000   0.15500000
  0.562133  -0.0000   0.15500000
  0.562225  -0.0000   0.15600000
  0.562362  -0.0000   0.15600000
  0.562567  -0.0000   0.15700000
  0.562872  -0.0000   0.15800000
  0.563325  -0.0000   0.15900000
  0.563996  -0.0000   0.16200000
  0.564986  -0.0000   0.16600000
  0.566442  -0.0000   0.17100000
  0.568047  -0.0000   0.17700000
  0.569622  -0.0000   0.18300000
  0.571170  -0.0000   0.18900000
  0.573398  -0.0000   0.19800000
  0.575581  -0.0000   0.20700000
  0.577725  -0.0000   0.21600000
  0.578265  -0.0000   0.21900000
  0.578803  -0.0000   0.22100000
  0.579139  -0.0000   0.22200000
  0.579158  -0.0000   0.22200000
  0.579178  -0.0000   0.22300000
  0.579208  -0.0000   0.22300000
  0.579252  -0.0000   0.22300000
  0.579319  -0.0000   0.22300000
  0.579419  -0.0000   0.22400000
  0.579568  -0.0000   0.22400000
  0.579790  -0.0000   0.22500000
  0.580121  -0.0000   0.22700000
  0.580613  -0.0000   0.23000000
  0.581342  -0.0000   0.23300000
  0.582417  -0.0000   0.23900000
  0.583995  -0.0000   0.24700000
  0.585543  -0.0000   0.25500000
  0.587063  -0.0000   0.26300000
  0.588560  -0.0000   0.27100000
  0.590757  -0.0000   0.28400000
  0.593295  -0.0000   0.29800000
  0.595781  -0.0000   0.31300000
  0.596053  -0.0000   0.31400000
  0.596295  -0.0000   0.31600000
  0.596535  -0.0000   0.31800000
  0.596774  -0.0000   0.31900000
  0.597012  -0.0000   0.32100000
  0.597366  -0.0000   0.32300000
  0.597892  -0.0000   0.32700000
  0.598671  -0.0000   0.33200000
  0.599820  -0.0000   0.34000000
  0.601505  -0.0000   0.35200000
  0.603156  -0.0000   0.36400000
  0.604779  -0.0000   0.37600000
  0.606375  -0.0000   0.38900000
  0.608720  -0.0000   0.40700000
  0.611019  -0.0000   0.42500000
  0.612392  -0.0000   0.43600000
  0.612851  -0.0000   0.43900000
  0.613279  -0.0000   0.44300000
  0.613305  -0.0000   0.44300000
  0.613343  -0.0000   0.44400000
  0.613401  -0.0000   0.44400000
  0.613487  -0.0000   0.44500000
  0.613616  -0.0000   0.44600000
  0.613808  -0.0000   0.44800000
  0.614095  -0.0000   0.45000000
  0.614521  -0.0000   0.45400000
  0.615154  -0.0000   0.46000000
  0.616089  -0.0000   0.46900000
  0.617465  -0.0000   0.48200000
  0.619305  -0.0000   0.50100000
  0.621108  -0.0000   0.51900000
  0.622880  -0.0000   0.53700000
  0.624623  -0.0000   0.55500000
  0.627046  -0.0000   0.58100000
  0.629424  -0.0000   0.60600000
  0.629772  -0.0000   0.61000000
  0.630119  -0.0000   0.61400000
  0.630366  -0.0000   0.61700000
  0.630427  -0.0000   0.61800000
  0.630488  -0.0000   0.61800000
  0.630580  -0.0000   0.62000000
  0.630717  -0.0000   0.62100000
  0.630922  -0.0000   0.62400000
  0.631227  -0.0000   0.62700000
  0.631680  -0.0000   0.63300000
  0.632353  -0.0000   0.64200000
  0.633346  -0.0000   0.65400000
  0.634807  -0.0000   0.67300000
  0.636672  -0.0000   0.69800000
  0.638500  -0.0000   0.72300000
  0.640296  -0.0000   0.74800000
  0.642064  -0.0000   0.77300000
  0.644471  -0.0000   0.80700000
  0.646835  -0.0000   0.84200000
  0.647127  -0.0000   0.84600000
  0.647394  -0.0000   0.85000000
  0.647460  -0.0000   0.85100000
  0.647559  -0.0000   0.85300000
  0.647706  -0.0000   0.85500000
  0.647926  -0.0000   0.85900000
  0.648254  -0.0000   0.86400000
  0.648741  -0.0000   0.87300000
  0.649463  -0.0000   0.88500000
  0.650529  -0.0000   0.90300000
  0.652095  -0.0000   0.93000000
  0.653921  -0.0000   0.96300000
  0.655713  -0.0000   0.99600000
  0.655947  -0.0000   1.00000000
  0.655754  -0.0000   1.00000000
  0.655754  -0.0000   1.00000000
  0.655754  -0.0000   1.00000000
  0.655754  -0.0000   1.00000000
  0.655754  -0.0000   1.00000000
  0.655754  -0.0000   1.00000000
  0.655754  -0.0000   1.00000000
  0.655754  -0.0000   1.00000000
  0.655754  -0.0000   1.00000000
  0.655754  -0.0000   1.00000000
  0.655753  -0.0000   1.00000000
  0.655753  -0.0000   1.00000000
  0.655753  -0.0000   1.00000000
  0.655752  -0.0000   1.00000000
  0.655751  -0.0000   1.00000000
