  0.000006  -0.0000   0.00000010
  0.000018  -0.0000   0.00000020
  0.000060  -0.0000   0.00000030
  0.000360  -0.0000   0.00000040
  0.001190  -0.0000   0.00000043
  0.006221  -0.0000   0.00000047
  0.006319  -0.0000   0.00000050
  0.006476  -0.0000   0.00000054
  0.006683  -0.0000   0.00000058
  0.006945  -0.0000   0.00000062
  0.007260  -0.0000   0.00000066
  0.007626  -0.0000   0.00000070
  0.008040  -0.0000   0.00000074
  0.008499  -0.0000   0.00000078
  0.009002  -0.0000   0.00000082
  0.009651  -0.0000   0.00000087
  0.010362  -0.0000   0.00000092
  0.011142  -0.0000   0.00000097
  0.011808  -0.0000   0.00000100
  0.012524  -0.0000   0.00000104
  0.013293  -0.0000   0.00000108
  0.014232  -0.0000   0.00000112
  0.015239  -0.0000   0.00000116
  0.016312  -0.0000   0.00000121
  0.017447  -0.0000   0.00000125
  0.018639  -0.0000   0.00000129
  0.019880  -0.0000   0.00000133
  0.019955  -0.0000   0.00000134
  0.020030  -0.0000   0.00000134
  0.020106  -0.0000   0.00000134
  0.020116  -0.0000   0.00000134
  0.020120  -0.0000   0.00000135
  0.020123  -0.0000   0.00000135
  0.020126  -0.0000   0.00000135
  0.020129  -0.0000   0.00000135
  0.020132  -0.0000   0.00000136
  0.020137  -0.0000   0.00000137
  0.020143  -0.0000   0.00000138
  0.020153  -0.0000   0.00000140
  0.020167  -0.0000   0.00000143
  0.020189  -0.0000   0.00000147
  0.020226  -0.0000   0.00000153
  0.020290  -0.0000   0.00000163
  0.020406  -0.0000   0.00000177
  0.020638  -0.0000   0.00000198
  0.020945  -0.0000   0.00000219
  0.021211  -0.0000   0.00000235
  0.021531  -0.0000   0.00000250
  0.021912  -0.0000   0.00000265
  0.022361  -0.0000   0.00000280
  0.022882  -0.0000   0.00000295
  0.023481  -0.0000   0.00000311
  0.024161  -0.0000   0.00000326
  0.024927  -0.0000   0.00000341
  0.025783  -0.0000   0.00000356
  0.026731  -0.0000   0.00000371
  0.027587  -0.0000   0.00000384
  0.028512  -0.0000   0.00000397
  0.029507  -0.0000   0.00000409
  0.030573  -0.0000   0.00000422
  0.031711  -0.0000   0.00000435
  0.032919  -0.0000   0.00000447
  0.034198  -0.0000   0.00000460
  0.035545  -0.0000   0.00000473
  0.035890  -0.0000   0.00000476
  0.036240  -0.0000   0.00000479
  0.036585  -0.0000   0.00000482
  0.036592  -0.0000   0.00000483
  0.036598  -0.0000   0.00000483
  0.036606  -0.0000   0.00000484
  0.036617  -0.0000   0.00000485
  0.036632  -0.0000   0.00000486
  0.036653  -0.0000   0.00000488
  0.036686  -0.0000   0.00000492
  0.036735  -0.0000   0.00000497
  0.036809  -0.0000   0.00000505
  0.036923  -0.0000   0.00000516
  0.037103  -0.0000   0.00000534
  0.037406  -0.0000   0.00000560
  0.037826  -0.0000   0.00000591
  0.038315  -0.0000   0.00000622
  0.038882  -0.0000   0.00000654
  0.039540  -0.0000   0.00000685
  0.040162  -0.0000   0.00000711
  0.040862  -0.0000   0.00000737
  0.041644  -0.0000   0.00000764
  0.042516  -0.0000   0.00000790
  0.043481  -0.0000   0.00000816
  0.044545  -0.0000   0.00000843
  0.045713  -0.0000   0.00000869
  0.046986  -0.0000   0.00000895
  0.048367  -0.0000   0.00000922
  0.049856  -0.0000   0.00000948
  0.051453  -0.0000   0.00000974
  0.053154  -0.0000   0.00001000
  0.053288  -0.0000   0.00001002
  0.053421  -0.0000   0.00001004
  0.053503  -0.0000   0.00001007
  0.053514  -0.0000   0.00001007
  0.053529  -0.0000   0.00001008
  0.053548  -0.0000   0.00001010
  0.053578  -0.0000   0.00001013
  0.053622  -0.0000   0.00001017
  0.053689  -0.0000   0.00001022
  0.053789  -0.0000   0.00001031
  0.053940  -0.0000   0.00001044
  0.054173  -0.0000   0.00001064
  0.054541  -0.0000   0.00001094
  0.055154  -0.0000   0.00001138
  0.055646  -0.0000   0.00001171
  0.056183  -0.0000   0.00001204
  0.056767  -0.0000   0.00001236
  0.057525  -0.0000   0.00001275
  0.058361  -0.0000   0.00001313
  0.059281  -0.0000   0.00001352
  0.060246  -0.0000   0.00001389
  0.061298  -0.0000   0.00001426
  0.062440  -0.0000   0.00001463
  0.063675  -0.0000   0.00001500
  0.065004  -0.0000   0.00001537
  0.066430  -0.0000   0.00001573
  0.067951  -0.0000   0.00001610
  0.069565  -0.0000   0.00001647
  0.069787  -0.0000   0.00001652
  0.070010  -0.0000   0.00001657
  0.070234  -0.0000   0.00001662
  0.070352  -0.0000   0.00001666
  0.070366  -0.0000   0.00001667
  0.070377  -0.0000   0.00001668
  0.070395  -0.0000   0.00001670
  0.070420  -0.0000   0.00001672
  0.070458  -0.0000   0.00001675
  0.070516  -0.0000   0.00001680
  0.070603  -0.0000   0.00001687
  0.070733  -0.0000   0.00001698
  0.070928  -0.0000   0.00001715
  0.071227  -0.0000   0.00001739
  0.071694  -0.0000   0.00001776
  0.072451  -0.0000   0.00001832
  0.073118  -0.0000   0.00001877
  0.073835  -0.0000   0.00001922
  0.074609  -0.0000   0.00001968
  0.075533  -0.0000   0.00002018
  0.076536  -0.0000   0.00002067
  0.077622  -0.0000   0.00002117
  0.078748  -0.0000   0.00002165
  0.079957  -0.0000   0.00002213
  0.081253  -0.0000   0.00002261
  0.082927  -0.0000   0.00002319
  0.084726  -0.0000   0.00002376
  0.086647  -0.0000   0.00002434
  0.086815  -0.0000   0.00002439
  0.086983  -0.0000   0.00002443
  0.087144  -0.0000   0.00002448
  0.087168  -0.0000   0.00002450
  0.087200  -0.0000   0.00002453
  0.087249  -0.0000   0.00002457
  0.087322  -0.0000   0.00002464
  0.087433  -0.0000   0.00002473
  0.087598  -0.0000   0.00002487
  0.087847  -0.0000   0.00002509
  0.088227  -0.0000   0.00002541
  0.088817  -0.0000   0.00002589
  0.089767  -0.0000   0.00002660
  0.090562  -0.0000   0.00002717
  0.091410  -0.0000   0.00002773
  0.092316  -0.0000   0.00002830
  0.093369  -0.0000   0.00002891
  0.094498  -0.0000   0.00002952
  0.095708  -0.0000   0.00003013
  0.097026  -0.0000   0.00003076
  0.098431  -0.0000   0.00003138
  0.099926  -0.0000   0.00003200
  0.101885  -0.0000   0.00003276
  0.103959  -0.0000   0.00003352
  0.103974  -0.0000   0.00003353
  0.103994  -0.0000   0.00003355
  0.104024  -0.0000   0.00003358
  0.104068  -0.0000   0.00003362
  0.104135  -0.0000   0.00003368
  0.104235  -0.0000   0.00003377
  0.104386  -0.0000   0.00003390
  0.104612  -0.0000   0.00003411
  0.104953  -0.0000   0.00003441
  0.105475  -0.0000   0.00003487
  0.106298  -0.0000   0.00003555
  0.107364  -0.0000   0.00003639
  0.108510  -0.0000   0.00003722
  0.109744  -0.0000   0.00003805
  0.111039  -0.0000   0.00003886
  0.112427  -0.0000   0.00003967
  0.113912  -0.0000   0.00004049
  0.115687  -0.0000   0.00004139
  0.117584  -0.0000   0.00004229
  0.119604  -0.0000   0.00004320
  0.119944  -0.0000   0.00004335
  0.120287  -0.0000   0.00004350
  0.120633  -0.0000   0.00004365
  0.120836  -0.0000   0.00004374
  0.120862  -0.0000   0.00004377
  0.120886  -0.0000   0.00004379
  0.120924  -0.0000   0.00004382
  0.120980  -0.0000   0.00004388
  0.121065  -0.0000   0.00004395
  0.121192  -0.0000   0.00004407
  0.121383  -0.0000   0.00004425
  0.121669  -0.0000   0.00004451
  0.122101  -0.0000   0.00004491
  0.122766  -0.0000   0.00004550
  0.123814  -0.0000   0.00004639
  0.124912  -0.0000   0.00004727
  0.126076  -0.0000   0.00004816
  0.127311  -0.0000   0.00004904
  0.128611  -0.0000   0.00004991
  0.129988  -0.0000   0.00005079
  0.131445  -0.0000   0.00005167
  0.133160  -0.0000   0.00005264
  0.134973  -0.0000   0.00005361
  0.136885  -0.0000   0.00005458
  0.137080  -0.0000   0.00005468
  0.137276  -0.0000   0.00005478
  0.137473  -0.0000   0.00005488
  0.137643  -0.0000   0.00005499
  0.137673  -0.0000   0.00005502
  0.137703  -0.0000   0.00005505
  0.137748  -0.0000   0.00005509
  0.137815  -0.0000   0.00005516
  0.137917  -0.0000   0.00005526
  0.138069  -0.0000   0.00005541
  0.138297  -0.0000   0.00005563
  0.138639  -0.0000   0.00005596
  0.139159  -0.0000   0.00005646
  0.139960  -0.0000   0.00005720
  0.141227  -0.0000   0.00005832
  0.142281  -0.0000   0.00005921
  0.143387  -0.0000   0.00006010
  0.144547  -0.0000   0.00006099
  0.146067  -0.0000   0.00006209
  0.147677  -0.0000   0.00006319
  0.149378  -0.0000   0.00006429
  0.151567  -0.0000   0.00006562
  0.153889  -0.0000   0.00006694
  0.154078  -0.0000   0.00006705
  0.154267  -0.0000   0.00006716
  0.154458  -0.0000   0.00006727
  0.154546  -0.0000   0.00006736
  0.154633  -0.0000   0.00006744
  0.154720  -0.0000   0.00006753
  0.154808  -0.0000   0.00006762
  0.154939  -0.0000   0.00006776
  0.155136  -0.0000   0.00006796
  0.155431  -0.0000   0.00006826
  0.155876  -0.0000   0.00006871
  0.156556  -0.0000   0.00006938
  0.157614  -0.0000   0.00007039
  0.159008  -0.0000   0.00007166
  0.160482  -0.0000   0.00007293
  0.162040  -0.0000   0.00007420
  0.163935  -0.0000   0.00007564
  0.165948  -0.0000   0.00007709
  0.168082  -0.0000   0.00007853
  0.170336  -0.0000   0.00007998
  0.170595  -0.0000   0.00008014
  0.170856  -0.0000   0.00008031
  0.171118  -0.0000   0.00008047
  0.171435  -0.0000   0.00008072
  0.171492  -0.0000   0.00008078
  0.171579  -0.0000   0.00008088
  0.171710  -0.0000   0.00008102
  0.171907  -0.0000   0.00008123
  0.172202  -0.0000   0.00008154
  0.172645  -0.0000   0.00008201
  0.173320  -0.0000   0.00008272
  0.174363  -0.0000   0.00008378
  0.176015  -0.0000   0.00008537
  0.177766  -0.0000   0.00008695
  0.179622  -0.0000   0.00008854
  0.181589  -0.0000   0.00009013
  0.183668  -0.0000   0.00009172
  0.185859  -0.0000   0.00009331
  0.188163  -0.0000   0.00009490
  0.188312  -0.0000   0.00009501
  0.188337  -0.0000   0.00009504
  0.188362  -0.0000   0.00009507
  0.188400  -0.0000   0.00009511
  0.188458  -0.0000   0.00009518
  0.188545  -0.0000   0.00009527
  0.188674  -0.0000   0.00009542
  0.188869  -0.0000   0.00009563
  0.189160  -0.0000   0.00009596
  0.189599  -0.0000   0.00009644
  0.190264  -0.0000   0.00009717
  0.191289  -0.0000   0.00009827
  0.192901  -0.0000   0.00009991
  0.194449  -0.0000   0.00010160
  0.195939  -0.0000   0.00010320
  0.197379  -0.0000   0.00010480
  0.198773  -0.0000   0.00010650
  0.200125  -0.0000   0.00010810
  0.202069  -0.0000   0.00011060
  0.203936  -0.0000   0.00011300
  0.204438  -0.0000   0.00011370
  0.204935  -0.0000   0.00011440
  0.205366  -0.0000   0.00011510
  0.205386  -0.0000   0.00011510
  0.205416  -0.0000   0.00011520
  0.205461  -0.0000   0.00011530
  0.205528  -0.0000   0.00011540
  0.205629  -0.0000   0.00011560
  0.205778  -0.0000   0.00011590
  0.205998  -0.0000   0.00011640
  0.206322  -0.0000   0.00011710
  0.206796  -0.0000   0.00011820
  0.207486  -0.0000   0.00011980
  0.208485  -0.0000   0.00012220
  0.209455  -0.0000   0.00012460
  0.210398  -0.0000   0.00012710
  0.211319  -0.0000   0.00012950
  0.212656  -0.0000   0.00013310
  0.214356  -0.0000   0.00013790
  0.215995  -0.0000   0.00014270
  0.217578  -0.0000   0.00014750
  0.219110  -0.0000   0.00015230
  0.220999  -0.0000   0.00015840
  0.221607  -0.0000   0.00016040
  0.222207  -0.0000   0.00016240
  0.222465  -0.0000   0.00016330
  0.222510  -0.0000   0.00016350
  0.222555  -0.0000   0.00016380
  0.222623  -0.0000   0.00016410
  0.222725  -0.0000   0.00016460
  0.222875  -0.0000   0.00016530
  0.223098  -0.0000   0.00016650
  0.223426  -0.0000   0.00016810
  0.223905  -0.0000   0.00017070
  0.224605  -0.0000   0.00017450
  0.225618  -0.0000   0.00018010
  0.226602  -0.0000   0.00018580
  0.227560  -0.0000   0.00019150
  0.228495  -0.0000   0.00019720
  0.229853  -0.0000   0.00020570
  0.231582  -0.0000   0.00021700
  0.233249  -0.0000   0.00022830
  0.234861  -0.0000   0.00023960
  0.236422  -0.0000   0.00025090
  0.238283  -0.0000   0.00026490
  0.238821  -0.0000   0.00026900
  0.239353  -0.0000   0.00027300
  0.239664  -0.0000   0.00027560
  0.239679  -0.0000   0.00027580
  0.239694  -0.0000   0.00027590
  0.239716  -0.0000   0.00027620
  0.239750  -0.0000   0.00027650
  0.239800  -0.0000   0.00027710
  0.239876  -0.0000   0.00027790
  0.239988  -0.0000   0.00027910
  0.240154  -0.0000   0.00028090
  0.240400  -0.0000   0.00028370
  0.240761  -0.0000   0.00028780
  0.241291  -0.0000   0.00029400
  0.242063  -0.0000   0.00030320
  0.243182  -0.0000   0.00031710
  0.244268  -0.0000   0.00033100
  0.245324  -0.0000   0.00034490
  0.246354  -0.0000   0.00035870
  0.247848  -0.0000   0.00037960
  0.249635  -0.0000   0.00040550
  0.251359  -0.0000   0.00043140
  0.253026  -0.0000   0.00045730
  0.254643  -0.0000   0.00048320
  0.256214  -0.0000   0.00050910
  0.256460  -0.0000   0.00051320
  0.256705  -0.0000   0.00051720
  0.256912  -0.0000   0.00052130
  0.256979  -0.0000   0.00052280
  0.257081  -0.0000   0.00052510
  0.257232  -0.0000   0.00052860
  0.257455  -0.0000   0.00053370
  0.257785  -0.0000   0.00054150
  0.258269  -0.0000   0.00055310
  0.258976  -0.0000   0.00057050
  0.260002  -0.0000   0.00059660
  0.261132  -0.0000   0.00062630
  0.262230  -0.0000   0.00065590
  0.263300  -0.0000   0.00068560
  0.264850  -0.0000   0.00073010
  0.266351  -0.0000   0.00077470
  0.268154  -0.0000   0.00083010
  0.269896  -0.0000   0.00088560
  0.271586  -0.0000   0.00094100
  0.273229  -0.0000   0.00099650
  0.273522  -0.0000   0.00100600
  0.273814  -0.0000   0.00101600
  0.274082  -0.0000   0.00102600
  0.274103  -0.0000   0.00102700
  0.274134  -0.0000   0.00102900
  0.274181  -0.0000   0.00103100
  0.274251  -0.0000   0.00103400
  0.274356  -0.0000   0.00103900
  0.274511  -0.0000   0.00104600
  0.274742  -0.0000   0.00105600
  0.275081  -0.0000   0.00107200
  0.275581  -0.0000   0.00109600
  0.276312  -0.0000   0.00113200
  0.277373  -0.0000   0.00118600
  0.278580  -0.0000   0.00124900
  0.279753  -0.0000   0.00131200
  0.280894  -0.0000   0.00137600
  0.282493  -0.0000   0.00146700
  0.284041  -0.0000   0.00155900
  0.285874  -0.0000   0.00167100
  0.287649  -0.0000   0.00178400
  0.289373  -0.0000   0.00189600
  0.291052  -0.0000   0.00200800
  0.291266  -0.0000   0.00202300
  0.291310  -0.0000   0.00202700
  0.291353  -0.0000   0.00203100
  0.291419  -0.0000   0.00203600
  0.291516  -0.0000   0.00204500
  0.291661  -0.0000   0.00205700
  0.291876  -0.0000   0.00207600
  0.292194  -0.0000   0.00210500
  0.292662  -0.0000   0.00214700
  0.293347  -0.0000   0.00221100
  0.294345  -0.0000   0.00230700
  0.295610  -0.0000   0.00243200
  0.296839  -0.0000   0.00255800
  0.298034  -0.0000   0.00268300
  0.299199  -0.0000   0.00280900
  0.300888  -0.0000   0.00299700
  0.302526  -0.0000   0.00318500
  0.304118  -0.0000   0.00337400
  0.305671  -0.0000   0.00356200
  0.307784  -0.0000   0.00382700
  0.308078  -0.0000   0.00386400
  0.308370  -0.0000   0.00390100
  0.308613  -0.0000   0.00393800
  0.308672  -0.0000   0.00394700
  0.308759  -0.0000   0.00396100
  0.308889  -0.0000   0.00398200
  0.309082  -0.0000   0.00401300
  0.309368  -0.0000   0.00406000
  0.309790  -0.0000   0.00413000
  0.310410  -0.0000   0.00423600
  0.311314  -0.0000   0.00439400
  0.312624  -0.0000   0.00463100
  0.313894  -0.0000   0.00486900
  0.315129  -0.0000   0.00510600
  0.316333  -0.0000   0.00534300
  0.318078  -0.0000   0.00569900
  0.319771  -0.0000   0.00605500
  0.321418  -0.0000   0.00641100
  0.323024  -0.0000   0.00676700
  0.325149  -0.0000   0.00725300
  0.325426  -0.0000   0.00731600
  0.325689  -0.0000   0.00738000
  0.325703  -0.0000   0.00738400
  0.325724  -0.0000   0.00739000
  0.325756  -0.0000   0.00739900
  0.325804  -0.0000   0.00741200
  0.325875  -0.0000   0.00743200
  0.325982  -0.0000   0.00746300
  0.326140  -0.0000   0.00750800
  0.326375  -0.0000   0.00757600
  0.326722  -0.0000   0.00767800
  0.327233  -0.0000   0.00783100
  0.327983  -0.0000   0.00806100
  0.329073  -0.0000   0.00840500
  0.330463  -0.0000   0.00886000
  0.331811  -0.0000   0.00931500
  0.333123  -0.0000   0.00977000
  0.334401  -0.0000   0.01022000
  0.336258  -0.0000   0.01091000
  0.338060  -0.0000   0.01159000
  0.339814  -0.0000   0.01227000
  0.341525  -0.0000   0.01295000
  0.342039  -0.0000   0.01316000
  0.342550  -0.0000   0.01337000
  0.343012  -0.0000   0.01357000
  0.343038  -0.0000   0.01359000
  0.343078  -0.0000   0.01361000
  0.343137  -0.0000   0.01364000
  0.343225  -0.0000   0.01368000
  0.343357  -0.0000   0.01374000
  0.343553  -0.0000   0.01384000
  0.343843  -0.0000   0.01399000
  0.344272  -0.0000   0.01421000
  0.344902  -0.0000   0.01454000
  0.345822  -0.0000   0.01504000
  0.347157  -0.0000   0.01578000
  0.348453  -0.0000   0.01653000
  0.349715  -0.0000   0.01727000
  0.350946  -0.0000   0.01802000
  0.352736  -0.0000   0.01914000
  0.354475  -0.0000   0.02025000
  0.356171  -0.0000   0.02137000
  0.357826  -0.0000   0.02249000
  0.360015  -0.0000   0.02401000
  0.360227  -0.0000   0.02418000
  0.360279  -0.0000   0.02423000
  0.360330  -0.0000   0.02427000
  0.360408  -0.0000   0.02433000
  0.360523  -0.0000   0.02443000
  0.360694  -0.0000   0.02457000
  0.360949  -0.0000   0.02479000
  0.361326  -0.0000   0.02512000
  0.361881  -0.0000   0.02560000
  0.362694  -0.0000   0.02633000
  0.363876  -0.0000   0.02743000
  0.365421  -0.0000   0.02892000
  0.366919  -0.0000   0.03040000
  0.368377  -0.0000   0.03189000
  0.369799  -0.0000   0.03337000
  0.371682  -0.0000   0.03539000
  0.373515  -0.0000   0.03742000
  0.375303  -0.0000   0.03944000
  0.377050  -0.0000   0.04147000
  0.377307  -0.0000   0.04178000
  0.377321  -0.0000   0.04180000
  0.377335  -0.0000   0.04182000
  0.377357  -0.0000   0.04185000
  0.377389  -0.0000   0.04189000
  0.377438  -0.0000   0.04196000
  0.377510  -0.0000   0.04206000
  0.377618  -0.0000   0.04221000
  0.377779  -0.0000   0.04243000
  0.378018  -0.0000   0.04276000
  0.378372  -0.0000   0.04326000
  0.378893  -0.0000   0.04401000
  0.379658  -0.0000   0.04514000
  0.380773  -0.0000   0.04682000
  0.382366  -0.0000   0.04932000
  0.383910  -0.0000   0.05182000
  0.385412  -0.0000   0.05432000
  0.386878  -0.0000   0.05682000
  0.388709  -0.0000   0.06004000
  0.390495  -0.0000   0.06325000
  0.392527  -0.0000   0.06701000
  0.394501  -0.0000   0.07077000
  0.394528  -0.0000   0.07082000
  0.394568  -0.0000   0.07091000
  0.394628  -0.0000   0.07105000
  0.394718  -0.0000   0.07124000
  0.394852  -0.0000   0.07154000
  0.395052  -0.0000   0.07199000
  0.395347  -0.0000   0.07266000
  0.395784  -0.0000   0.07366000
  0.396426  -0.0000   0.07516000
  0.397364  -0.0000   0.07742000
  0.398727  -0.0000   0.08081000
  0.400212  -0.0000   0.08461000
  0.401658  -0.0000   0.08842000
  0.403069  -0.0000   0.09222000
  0.404946  -0.0000   0.09743000
  0.406775  -0.0000   0.10300000
  0.408560  -0.0000   0.10800000
  0.410307  -0.0000   0.11300000
  0.410956  -0.0000   0.11500000
  0.411600  -0.0000   0.11700000
  0.411898  -0.0000   0.11800000
  0.411916  -0.0000   0.11800000
  0.411934  -0.0000   0.11800000
  0.411960  -0.0000   0.11800000
  0.412000  -0.0000   0.11800000
  0.412060  -0.0000   0.11900000
  0.412150  -0.0000   0.11900000
  0.412283  -0.0000   0.11900000
  0.412481  -0.0000   0.12000000
  0.412775  -0.0000   0.12100000
  0.413210  -0.0000   0.12300000
  0.413851  -0.0000   0.12500000
  0.414788  -0.0000   0.12900000
  0.416151  -0.0000   0.13400000
  0.417849  -0.0000   0.14100000
  0.419499  -0.0000   0.14800000
  0.421108  -0.0000   0.15500000
  0.422680  -0.0000   0.16100000
  0.424575  -0.0000   0.17000000
  0.426426  -0.0000   0.17800000
  0.428537  -0.0000   0.18800000
  0.428850  -0.0000   0.19000000
  0.429128  -0.0000   0.19100000
  0.429197  -0.0000   0.19200000
  0.429300  -0.0000   0.19200000
  0.429453  -0.0000   0.19300000
  0.429681  -0.0000   0.19400000
  0.430019  -0.0000   0.19600000
  0.430517  -0.0000   0.19900000
  0.431250  -0.0000   0.20300000
  0.432321  -0.0000   0.21000000
  0.433874  -0.0000   0.21900000
  0.435384  -0.0000   0.22900000
  0.436858  -0.0000   0.23800000
  0.438299  -0.0000   0.24800000
  0.440174  -0.0000   0.26000000
  0.442006  -0.0000   0.27300000
  0.443797  -0.0000   0.28600000
  0.445552  -0.0000   0.29900000
  0.445901  -0.0000   0.30100000
  0.446227  -0.0000   0.30400000
  0.446246  -0.0000   0.30400000
  0.446275  -0.0000   0.30400000
  0.446319  -0.0000   0.30400000
  0.446384  -0.0000   0.30500000
  0.446481  -0.0000   0.30600000
  0.446626  -0.0000   0.30700000
  0.446842  -0.0000   0.30900000
  0.447162  -0.0000   0.31100000
  0.447635  -0.0000   0.31600000
  0.448331  -0.0000   0.32200000
  0.449349  -0.0000   0.33100000
  0.450828  -0.0000   0.34400000
  0.452269  -0.0000   0.35800000
  0.453677  -0.0000   0.37200000
  0.455055  -0.0000   0.38600000
  0.456976  -0.0000   0.40500000
  0.458852  -0.0000   0.42500000
  0.460686  -0.0000   0.44500000
  0.462484  -0.0000   0.46400000
  0.462913  -0.0000   0.46900000
  0.463335  -0.0000   0.47400000
  0.463358  -0.0000   0.47400000
  0.463394  -0.0000   0.47400000
  0.463448  -0.0000   0.47500000
  0.463529  -0.0000   0.47600000
  0.463649  -0.0000   0.47700000
  0.463829  -0.0000   0.48000000
  0.464095  -0.0000   0.48300000
  0.464489  -0.0000   0.48800000
  0.465071  -0.0000   0.49600000
  0.465923  -0.0000   0.50700000
  0.467167  -0.0000   0.52400000
  0.468647  -0.0000   0.54500000
  0.470091  -0.0000   0.56500000
  0.471504  -0.0000   0.58600000
  0.473277  -0.0000   0.61300000
  0.475011  -0.0000   0.64000000
  0.477014  -0.0000   0.67100000
  0.478974  -0.0000   0.70300000
  0.479780  -0.0000   0.71600000
  0.480571  -0.0000   0.72900000
  0.480582  -0.0000   0.73000000
  0.480599  -0.0000   0.73000000
  0.480624  -0.0000   0.73000000
  0.480662  -0.0000   0.73100000
  0.480719  -0.0000   0.73200000
  0.480805  -0.0000   0.73400000
  0.480932  -0.0000   0.73600000
  0.481122  -0.0000   0.73900000
  0.481403  -0.0000   0.74500000
  0.481820  -0.0000   0.75300000
  0.482434  -0.0000   0.76400000
  0.483335  -0.0000   0.78200000
  0.484650  -0.0000   0.80900000
  0.486146  -0.0000   0.84000000
  0.487608  -0.0000   0.87100000
  0.489039  -0.0000   0.90200000
  0.490853  -0.0000   0.94300000
  0.492626  -0.0000   0.98300000
  0.493355  -0.0000   1.00000000
  0.493276  -0.0000   1.00000000
  0.493276  -0.0000   1.00000000
  0.493276  -0.0000   1.00000000
  0.493276  -0.0000   1.00000000
  0.493276  -0.0000   1.00000000
  0.493276  -0.0000   1.00000000
  0.493276  -0.0000   1.00000000
  0.493275  -0.0000   1.00000000
  0.493275  -0.0000   1.00000000
  0.493275  -0.0000   1.00000000
  0.493275  -0.0000   1.00000000
  0.493275  -0.0000   1.00000000
  0.493275  -0.0000   1.00000000
  0.493274  -0.0000   1.00000000
  0.493274  -0.0000   1.00000000
  0.493274  -0.0000   1.00000000
