  0.000003  -0.0000   0.00000010
  0.000009  -0.0000   0.00000020
  0.000035  -0.0000   0.00000030
  0.000180  -0.0000   0.00000040
  0.001088  -0.0000   0.00000048
  0.006299  -0.0000   0.00000056
  0.006470  -0.0000   0.00000062
  0.006690  -0.0000   0.00000068
  0.006960  -0.0000   0.00000074
  0.007325  -0.0000   0.00000081
  0.007755  -0.0000   0.00000088
  0.008254  -0.0000   0.00000095
  0.008715  -0.0000   0.00000101
  0.009229  -0.0000   0.00000107
  0.009796  -0.0000   0.00000112
  0.010485  -0.0000   0.00000119
  0.011239  -0.0000   0.00000125
  0.012055  -0.0000   0.00000131
  0.012933  -0.0000   0.00000137
  0.013871  -0.0000   0.00000144
  0.014868  -0.0000   0.00000150
  0.015922  -0.0000   0.00000156
  0.017031  -0.0000   0.00000163
  0.018193  -0.0000   0.00000169
  0.019403  -0.0000   0.00000175
  0.020793  -0.0000   0.00000182
  0.020821  -0.0000   0.00000183
  0.020827  -0.0000   0.00000183
  0.020831  -0.0000   0.00000183
  0.020838  -0.0000   0.00000184
  0.020847  -0.0000   0.00000184
  0.020861  -0.0000   0.00000186
  0.020882  -0.0000   0.00000187
  0.020914  -0.0000   0.00000190
  0.020961  -0.0000   0.00000194
  0.021032  -0.0000   0.00000199
  0.021139  -0.0000   0.00000208
  0.021309  -0.0000   0.00000220
  0.021590  -0.0000   0.00000239
  0.021979  -0.0000   0.00000262
  0.022435  -0.0000   0.00000285
  0.022970  -0.0000   0.00000308
  0.023475  -0.0000   0.00000327
  0.024047  -0.0000   0.00000346
  0.024691  -0.0000   0.00000365
  0.025412  -0.0000   0.00000384
  0.026214  -0.0000   0.00000403
  0.027100  -0.0000   0.00000422
  0.028073  -0.0000   0.00000441
  0.029136  -0.0000   0.00000460
  0.030290  -0.0000   0.00000478
  0.031536  -0.0000   0.00000497
  0.032874  -0.0000   0.00000516
  0.034301  -0.0000   0.00000535
  0.035818  -0.0000   0.00000554
  0.037419  -0.0000   0.00000573
  0.037554  -0.0000   0.00000575
  0.037690  -0.0000   0.00000576
  0.037827  -0.0000   0.00000578
  0.037950  -0.0000   0.00000580
  0.037959  -0.0000   0.00000581
  0.037973  -0.0000   0.00000582
  0.037993  -0.0000   0.00000583
  0.038024  -0.0000   0.00000585
  0.038068  -0.0000   0.00000588
  0.038134  -0.0000   0.00000593
  0.038230  -0.0000   0.00000600
  0.038374  -0.0000   0.00000610
  0.038593  -0.0000   0.00000625
  0.038938  -0.0000   0.00000648
  0.039503  -0.0000   0.00000683
  0.040056  -0.0000   0.00000714
  0.040662  -0.0000   0.00000745
  0.041327  -0.0000   0.00000776
  0.042017  -0.0000   0.00000805
  0.042769  -0.0000   0.00000835
  0.043587  -0.0000   0.00000864
  0.044427  -0.0000   0.00000892
  0.045332  -0.0000   0.00000920
  0.046306  -0.0000   0.00000948
  0.047334  -0.0000   0.00000975
  0.048432  -0.0000   0.00001003
  0.049601  -0.0000   0.00001030
  0.050902  -0.0000   0.00001059
  0.052282  -0.0000   0.00001088
  0.053740  -0.0000   0.00001117
  0.055168  -0.0000   0.00001144
  0.055304  -0.0000   0.00001146
  0.055388  -0.0000   0.00001149
  0.055398  -0.0000   0.00001150
  0.055414  -0.0000   0.00001150
  0.055436  -0.0000   0.00001152
  0.055471  -0.0000   0.00001154
  0.055522  -0.0000   0.00001157
  0.055598  -0.0000   0.00001162
  0.055710  -0.0000   0.00001169
  0.055878  -0.0000   0.00001180
  0.056129  -0.0000   0.00001197
  0.056511  -0.0000   0.00001221
  0.057107  -0.0000   0.00001258
  0.058074  -0.0000   0.00001313
  0.058778  -0.0000   0.00001351
  0.059526  -0.0000   0.00001389
  0.060322  -0.0000   0.00001427
  0.061399  -0.0000   0.00001475
  0.062562  -0.0000   0.00001522
  0.063815  -0.0000   0.00001570
  0.065163  -0.0000   0.00001618
  0.066607  -0.0000   0.00001665
  0.068151  -0.0000   0.00001713
  0.069794  -0.0000   0.00001760
  0.071537  -0.0000   0.00001808
  0.071894  -0.0000   0.00001818
  0.072256  -0.0000   0.00001827
  0.072621  -0.0000   0.00001837
  0.072753  -0.0000   0.00001841
  0.072771  -0.0000   0.00001843
  0.072789  -0.0000   0.00001844
  0.072816  -0.0000   0.00001845
  0.072856  -0.0000   0.00001848
  0.072916  -0.0000   0.00001852
  0.073005  -0.0000   0.00001858
  0.073137  -0.0000   0.00001867
  0.073335  -0.0000   0.00001880
  0.073631  -0.0000   0.00001900
  0.074079  -0.0000   0.00001929
  0.074771  -0.0000   0.00001974
  0.075869  -0.0000   0.00002041
  0.076781  -0.0000   0.00002093
  0.077744  -0.0000   0.00002146
  0.078762  -0.0000   0.00002199
  0.079982  -0.0000   0.00002258
  0.081280  -0.0000   0.00002317
  0.082659  -0.0000   0.00002377
  0.084186  -0.0000   0.00002438
  0.085806  -0.0000   0.00002500
  0.087520  -0.0000   0.00002562
  0.089616  -0.0000   0.00002633
  0.089806  -0.0000   0.00002640
  0.089998  -0.0000   0.00002646
  0.090098  -0.0000   0.00002652
  0.090191  -0.0000   0.00002659
  0.090284  -0.0000   0.00002665
  0.090376  -0.0000   0.00002672
  0.090515  -0.0000   0.00002681
  0.090721  -0.0000   0.00002696
  0.091030  -0.0000   0.00002717
  0.091496  -0.0000   0.00002750
  0.092209  -0.0000   0.00002799
  0.093325  -0.0000   0.00002872
  0.094515  -0.0000   0.00002946
  0.095769  -0.0000   0.00003021
  0.097094  -0.0000   0.00003095
  0.098501  -0.0000   0.00003169
  0.099987  -0.0000   0.00003244
  0.101556  -0.0000   0.00003318
  0.103299  -0.0000   0.00003397
  0.105136  -0.0000   0.00003475
  0.107069  -0.0000   0.00003554
  0.107259  -0.0000   0.00003561
  0.107364  -0.0000   0.00003569
  0.107469  -0.0000   0.00003577
  0.107573  -0.0000   0.00003584
  0.107677  -0.0000   0.00003592
  0.107833  -0.0000   0.00003604
  0.108065  -0.0000   0.00003621
  0.108413  -0.0000   0.00003647
  0.108938  -0.0000   0.00003686
  0.109741  -0.0000   0.00003744
  0.110992  -0.0000   0.00003831
  0.112329  -0.0000   0.00003920
  0.113731  -0.0000   0.00004010
  0.115205  -0.0000   0.00004099
  0.116827  -0.0000   0.00004192
  0.118535  -0.0000   0.00004286
  0.120330  -0.0000   0.00004379
  0.122194  -0.0000   0.00004471
  0.124147  -0.0000   0.00004563
  0.124362  -0.0000   0.00004573
  0.124534  -0.0000   0.00004584
  0.124567  -0.0000   0.00004586
  0.124616  -0.0000   0.00004590
  0.124689  -0.0000   0.00004596
  0.124799  -0.0000   0.00004604
  0.124962  -0.0000   0.00004617
  0.125206  -0.0000   0.00004636
  0.125572  -0.0000   0.00004665
  0.126122  -0.0000   0.00004708
  0.126959  -0.0000   0.00004773
  0.128255  -0.0000   0.00004870
  0.129769  -0.0000   0.00004978
  0.131352  -0.0000   0.00005087
  0.133011  -0.0000   0.00005196
  0.134819  -0.0000   0.00005309
  0.136717  -0.0000   0.00005421
  0.138708  -0.0000   0.00005534
  0.141036  -0.0000   0.00005659
  0.141293  -0.0000   0.00005673
  0.141552  -0.0000   0.00005687
  0.141770  -0.0000   0.00005701
  0.141786  -0.0000   0.00005702
  0.141809  -0.0000   0.00005704
  0.141845  -0.0000   0.00005707
  0.141898  -0.0000   0.00005711
  0.141977  -0.0000   0.00005718
  0.142096  -0.0000   0.00005727
  0.142274  -0.0000   0.00005742
  0.142540  -0.0000   0.00005764
  0.142937  -0.0000   0.00005797
  0.143537  -0.0000   0.00005847
  0.144448  -0.0000   0.00005921
  0.145858  -0.0000   0.00006033
  0.147402  -0.0000   0.00006151
  0.149009  -0.0000   0.00006269
  0.150683  -0.0000   0.00006387
  0.152516  -0.0000   0.00006510
  0.154430  -0.0000   0.00006634
  0.156428  -0.0000   0.00006758
  0.158458  -0.0000   0.00006878
  0.158706  -0.0000   0.00006893
  0.158947  -0.0000   0.00006908
  0.158989  -0.0000   0.00006911
  0.159032  -0.0000   0.00006915
  0.159074  -0.0000   0.00006918
  0.159137  -0.0000   0.00006924
  0.159233  -0.0000   0.00006932
  0.159375  -0.0000   0.00006945
  0.159587  -0.0000   0.00006963
  0.159905  -0.0000   0.00006991
  0.160381  -0.0000   0.00007033
  0.161101  -0.0000   0.00007095
  0.162198  -0.0000   0.00007189
  0.163900  -0.0000   0.00007330
  0.165626  -0.0000   0.00007468
  0.167421  -0.0000   0.00007605
  0.169288  -0.0000   0.00007743
  0.171272  -0.0000   0.00007883
  0.173339  -0.0000   0.00008024
  0.175493  -0.0000   0.00008164
  0.175775  -0.0000   0.00008182
  0.176059  -0.0000   0.00008201
  0.176282  -0.0000   0.00008219
  0.176332  -0.0000   0.00008224
  0.176408  -0.0000   0.00008231
  0.176521  -0.0000   0.00008241
  0.176690  -0.0000   0.00008256
  0.176943  -0.0000   0.00008280
  0.177322  -0.0000   0.00008314
  0.177891  -0.0000   0.00008367
  0.178752  -0.0000   0.00008445
  0.180070  -0.0000   0.00008562
  0.182121  -0.0000   0.00008739
  0.184258  -0.0000   0.00008915
  0.186488  -0.0000   0.00009091
  0.188816  -0.0000   0.00009267
  0.191249  -0.0000   0.00009443
  0.192338  -0.0000   0.00009521
  0.193426  -0.0000   0.00009598
  0.193439  -0.0000   0.00009600
  0.193458  -0.0000   0.00009601
  0.193486  -0.0000   0.00009604
  0.193529  -0.0000   0.00009608
  0.193593  -0.0000   0.00009614
  0.193689  -0.0000   0.00009623
  0.193832  -0.0000   0.00009637
  0.194047  -0.0000   0.00009658
  0.194368  -0.0000   0.00009689
  0.194850  -0.0000   0.00009735
  0.195576  -0.0000   0.00009805
  0.196679  -0.0000   0.00009910
  0.198327  -0.0000   0.00010070
  0.199908  -0.0000   0.00010220
  0.201433  -0.0000   0.00010380
  0.202909  -0.0000   0.00010540
  0.204342  -0.0000   0.00010690
  0.206209  -0.0000   0.00010910
  0.208015  -0.0000   0.00011120
  0.209769  -0.0000   0.00011330
  0.210244  -0.0000   0.00011390
  0.210715  -0.0000   0.00011450
  0.210958  -0.0000   0.00011480
  0.211013  -0.0000   0.00011490
  0.211068  -0.0000   0.00011500
  0.211150  -0.0000   0.00011510
  0.211272  -0.0000   0.00011530
  0.211453  -0.0000   0.00011560
  0.211721  -0.0000   0.00011610
  0.212115  -0.0000   0.00011680
  0.212694  -0.0000   0.00011780
  0.213536  -0.0000   0.00011930
  0.214754  -0.0000   0.00012160
  0.216110  -0.0000   0.00012420
  0.217421  -0.0000   0.00012690
  0.218695  -0.0000   0.00012950
  0.220401  -0.0000   0.00013320
  0.222052  -0.0000   0.00013680
  0.223655  -0.0000   0.00014050
  0.225216  -0.0000   0.00014420
  0.227262  -0.0000   0.00014910
  0.227716  -0.0000   0.00015020
  0.228168  -0.0000   0.00015140
  0.228561  -0.0000   0.00015250
  0.228583  -0.0000   0.00015250
  0.228616  -0.0000   0.00015260
  0.228666  -0.0000   0.00015280
  0.228740  -0.0000   0.00015300
  0.228850  -0.0000   0.00015340
  0.229014  -0.0000   0.00015390
  0.229257  -0.0000   0.00015470
  0.229615  -0.0000   0.00015590
  0.230142  -0.0000   0.00015770
  0.230912  -0.0000   0.00016030
  0.232028  -0.0000   0.00016440
  0.233529  -0.0000   0.00017000
  0.234978  -0.0000   0.00017560
  0.236382  -0.0000   0.00018120
  0.237747  -0.0000   0.00018680
  0.239583  -0.0000   0.00019460
  0.241363  -0.0000   0.00020240
  0.243095  -0.0000   0.00021020
  0.244782  -0.0000   0.00021800
  0.245262  -0.0000   0.00022020
  0.245738  -0.0000   0.00022240
  0.246178  -0.0000   0.00022470
  0.246214  -0.0000   0.00022490
  0.246250  -0.0000   0.00022510
  0.246286  -0.0000   0.00022530
  0.246340  -0.0000   0.00022560
  0.246420  -0.0000   0.00022610
  0.246539  -0.0000   0.00022680
  0.246717  -0.0000   0.00022790
  0.246980  -0.0000   0.00022940
  0.247369  -0.0000   0.00023180
  0.247940  -0.0000   0.00023540
  0.248774  -0.0000   0.00024080
  0.249983  -0.0000   0.00024880
  0.251539  -0.0000   0.00025960
  0.253043  -0.0000   0.00027040
  0.254502  -0.0000   0.00028120
  0.255922  -0.0000   0.00029200
  0.257746  -0.0000   0.00030630
  0.259520  -0.0000   0.00032060
  0.261535  -0.0000   0.00033730
  0.263496  -0.0000   0.00035410
  0.263790  -0.0000   0.00035660
  0.263805  -0.0000   0.00035680
  0.263821  -0.0000   0.00035690
  0.263844  -0.0000   0.00035720
  0.263878  -0.0000   0.00035750
  0.263930  -0.0000   0.00035810
  0.264007  -0.0000   0.00035890
  0.264123  -0.0000   0.00036010
  0.264294  -0.0000   0.00036190
  0.264548  -0.0000   0.00036460
  0.264924  -0.0000   0.00036870
  0.265476  -0.0000   0.00037470
  0.266283  -0.0000   0.00038390
  0.267454  -0.0000   0.00039760
  0.269059  -0.0000   0.00041720
  0.270610  -0.0000   0.00043680
  0.272116  -0.0000   0.00045630
  0.273582  -0.0000   0.00047590
  0.275369  -0.0000   0.00050050
  0.277109  -0.0000   0.00052500
  0.279184  -0.0000   0.00055520
  0.281203  -0.0000   0.00058530
  0.281507  -0.0000   0.00058990
  0.281523  -0.0000   0.00059020
  0.281540  -0.0000   0.00059050
  0.281564  -0.0000   0.00059100
  0.281601  -0.0000   0.00059160
  0.281656  -0.0000   0.00059260
  0.281738  -0.0000   0.00059400
  0.281860  -0.0000   0.00059620
  0.282042  -0.0000   0.00059950
  0.282312  -0.0000   0.00060450
  0.282710  -0.0000   0.00061190
  0.283296  -0.0000   0.00062300
  0.284152  -0.0000   0.00063960
  0.285394  -0.0000   0.00066460
  0.287070  -0.0000   0.00069960
  0.288691  -0.0000   0.00073470
  0.290267  -0.0000   0.00076980
  0.291802  -0.0000   0.00080480
  0.293302  -0.0000   0.00083990
  0.295393  -0.0000   0.00089020
  0.297428  -0.0000   0.00094060
  0.298684  -0.0000   0.00097220
  0.299151  -0.0000   0.00098400
  0.299401  -0.0000   0.00099120
  0.299462  -0.0000   0.00099300
  0.299523  -0.0000   0.00099490
  0.299614  -0.0000   0.00099760
  0.299750  -0.0000   0.00100200
  0.299953  -0.0000   0.00100800
  0.300253  -0.0000   0.00101700
  0.300695  -0.0000   0.00103100
  0.301346  -0.0000   0.00105100
  0.302297  -0.0000   0.00108200
  0.303674  -0.0000   0.00112900
  0.305434  -0.0000   0.00119000
  0.307139  -0.0000   0.00125200
  0.308798  -0.0000   0.00131300
  0.310416  -0.0000   0.00137500
  0.311998  -0.0000   0.00143600
  0.314152  -0.0000   0.00152300
  0.316251  -0.0000   0.00160900
  0.316661  -0.0000   0.00162600
  0.317046  -0.0000   0.00164300
  0.317068  -0.0000   0.00164400
  0.317112  -0.0000   0.00164600
  0.317179  -0.0000   0.00164900
  0.317279  -0.0000   0.00165400
  0.317427  -0.0000   0.00166100
  0.317647  -0.0000   0.00167200
  0.317974  -0.0000   0.00168800
  0.318456  -0.0000   0.00171200
  0.319163  -0.0000   0.00174800
  0.320195  -0.0000   0.00180200
  0.321690  -0.0000   0.00188400
  0.323142  -0.0000   0.00196500
  0.324557  -0.0000   0.00204700
  0.325941  -0.0000   0.00212800
  0.327858  -0.0000   0.00224400
  0.329726  -0.0000   0.00236000
  0.331552  -0.0000   0.00247600
  0.333339  -0.0000   0.00259200
  0.333930  -0.0000   0.00263100
  0.334516  -0.0000   0.00267000
  0.334808  -0.0000   0.00269100
  0.334878  -0.0000   0.00269600
  0.334948  -0.0000   0.00270100
  0.335018  -0.0000   0.00270700
  0.335122  -0.0000   0.00271400
  0.335277  -0.0000   0.00272600
  0.335507  -0.0000   0.00274400
  0.335849  -0.0000   0.00277100
  0.336353  -0.0000   0.00281000
  0.337094  -0.0000   0.00287000
  0.338175  -0.0000   0.00296000
  0.339742  -0.0000   0.00309500
  0.341266  -0.0000   0.00322900
  0.342752  -0.0000   0.00336400
  0.344206  -0.0000   0.00349800
  0.346151  -0.0000   0.00368300
  0.348049  -0.0000   0.00386800
  0.350213  -0.0000   0.00408500
  0.352325  -0.0000   0.00430100
  0.352562  -0.0000   0.00432800
  0.352620  -0.0000   0.00433500
  0.352679  -0.0000   0.00434100
  0.352765  -0.0000   0.00435100
  0.352895  -0.0000   0.00436600
  0.353088  -0.0000   0.00438900
  0.353375  -0.0000   0.00442300
  0.353800  -0.0000   0.00447400
  0.354424  -0.0000   0.00455100
  0.355339  -0.0000   0.00466600
  0.356671  -0.0000   0.00483800
  0.358149  -0.0000   0.00503500
  0.359592  -0.0000   0.00523100
  0.361003  -0.0000   0.00542800
  0.362892  -0.0000   0.00569800
  0.364737  -0.0000   0.00596800
  0.366874  -0.0000   0.00629000
  0.368962  -0.0000   0.00661100
  0.369551  -0.0000   0.00670200
  0.370128  -0.0000   0.00679300
  0.370137  -0.0000   0.00679400
  0.370149  -0.0000   0.00679600
  0.370168  -0.0000   0.00680000
  0.370195  -0.0000   0.00680400
  0.370237  -0.0000   0.00681200
  0.370299  -0.0000   0.00682200
  0.370393  -0.0000   0.00683900
  0.370532  -0.0000   0.00686300
  0.370738  -0.0000   0.00689900
  0.371045  -0.0000   0.00695400
  0.371499  -0.0000   0.00703600
  0.372166  -0.0000   0.00715900
  0.373143  -0.0000   0.00734400
  0.374565  -0.0000   0.00762100
  0.376388  -0.0000   0.00798800
  0.378161  -0.0000   0.00835400
  0.379892  -0.0000   0.00872100
  0.381586  -0.0000   0.00908800
  0.383247  -0.0000   0.00945400
  0.385595  -0.0000   0.00998600
  0.387880  -0.0000   0.01052000
  0.387888  -0.0000   0.01052000
  0.387900  -0.0000   0.01052000
  0.387919  -0.0000   0.01053000
  0.387946  -0.0000   0.01054000
  0.387987  -0.0000   0.01055000
  0.388049  -0.0000   0.01056000
  0.388140  -0.0000   0.01059000
  0.388277  -0.0000   0.01062000
  0.388481  -0.0000   0.01067000
  0.388784  -0.0000   0.01075000
  0.389231  -0.0000   0.01087000
  0.389891  -0.0000   0.01105000
  0.390856  -0.0000   0.01132000
  0.392265  -0.0000   0.01173000
  0.394151  -0.0000   0.01229000
  0.395987  -0.0000   0.01285000
  0.397781  -0.0000   0.01341000
  0.399536  -0.0000   0.01396000
  0.401257  -0.0000   0.01452000
  0.403690  -0.0000   0.01533000
  0.404785  -0.0000   0.01570000
  0.405837  -0.0000   0.01607000
  0.405852  -0.0000   0.01608000
  0.405875  -0.0000   0.01609000
  0.405910  -0.0000   0.01610000
  0.405962  -0.0000   0.01612000
  0.406040  -0.0000   0.01615000
  0.406156  -0.0000   0.01619000
  0.406329  -0.0000   0.01626000
  0.406587  -0.0000   0.01636000
  0.406968  -0.0000   0.01651000
  0.407532  -0.0000   0.01673000
  0.408360  -0.0000   0.01706000
  0.409573  -0.0000   0.01756000
  0.411338  -0.0000   0.01831000
  0.413058  -0.0000   0.01906000
  0.414740  -0.0000   0.01981000
  0.416388  -0.0000   0.02055000
  0.418484  -0.0000   0.02153000
  0.420534  -0.0000   0.02250000
  0.423001  -0.0000   0.02370000
  0.423330  -0.0000   0.02387000
  0.423349  -0.0000   0.02388000
  0.423368  -0.0000   0.02389000
  0.423387  -0.0000   0.02390000
  0.423415  -0.0000   0.02391000
  0.423458  -0.0000   0.02393000
  0.423522  -0.0000   0.02397000
  0.423618  -0.0000   0.02402000
  0.423760  -0.0000   0.02410000
  0.423973  -0.0000   0.02421000
  0.424288  -0.0000   0.02438000
  0.424754  -0.0000   0.02464000
  0.425441  -0.0000   0.02503000
  0.426449  -0.0000   0.02561000
  0.427921  -0.0000   0.02648000
  0.429737  -0.0000   0.02759000
  0.431509  -0.0000   0.02870000
  0.433244  -0.0000   0.02980000
  0.434945  -0.0000   0.03091000
  0.437149  -0.0000   0.03238000
  0.439307  -0.0000   0.03385000
  0.440129  -0.0000   0.03441000
  0.440944  -0.0000   0.03498000
  0.441205  -0.0000   0.03517000
  0.441269  -0.0000   0.03522000
  0.441332  -0.0000   0.03527000
  0.441396  -0.0000   0.03531000
  0.441491  -0.0000   0.03539000
  0.441633  -0.0000   0.03549000
  0.441845  -0.0000   0.03566000
  0.442160  -0.0000   0.03590000
  0.442625  -0.0000   0.03626000
  0.443312  -0.0000   0.03681000
  0.444322  -0.0000   0.03763000
  0.445799  -0.0000   0.03887000
  0.447672  -0.0000   0.04047000
  0.449501  -0.0000   0.04208000
  0.451292  -0.0000   0.04369000
  0.453048  -0.0000   0.04529000
  0.455283  -0.0000   0.04738000
  0.457471  -0.0000   0.04947000
  0.458130  -0.0000   0.05011000
  0.458780  -0.0000   0.05074000
  0.458790  -0.0000   0.05075000
  0.458804  -0.0000   0.05077000
  0.458826  -0.0000   0.05079000
  0.458858  -0.0000   0.05082000
  0.458906  -0.0000   0.05087000
  0.458978  -0.0000   0.05095000
  0.459086  -0.0000   0.05106000
  0.459246  -0.0000   0.05123000
  0.459485  -0.0000   0.05148000
  0.459839  -0.0000   0.05186000
  0.460364  -0.0000   0.05244000
  0.461136  -0.0000   0.05329000
  0.462270  -0.0000   0.05458000
  0.463927  -0.0000   0.05651000
  0.465547  -0.0000   0.05844000
  0.467134  -0.0000   0.06036000
  0.468693  -0.0000   0.06229000
  0.470906  -0.0000   0.06509000
  0.473071  -0.0000   0.06790000
  0.475194  -0.0000   0.07070000
  0.476064  -0.0000   0.07185000
  0.476602  -0.0000   0.07259000
  0.476610  -0.0000   0.07260000
  0.476618  -0.0000   0.07261000
  0.476630  -0.0000   0.07263000
  0.476648  -0.0000   0.07266000
  0.476675  -0.0000   0.07270000
  0.476716  -0.0000   0.07275000
  0.476777  -0.0000   0.07284000
  0.476867  -0.0000   0.07297000
  0.477003  -0.0000   0.07317000
  0.477205  -0.0000   0.07346000
  0.477506  -0.0000   0.07391000
  0.477952  -0.0000   0.07457000
  0.478610  -0.0000   0.07557000
  0.479579  -0.0000   0.07706000
  0.480999  -0.0000   0.07930000
  0.482933  -0.0000   0.08244000
  0.484823  -0.0000   0.08557000
  0.486673  -0.0000   0.08871000
  0.488489  -0.0000   0.09184000
  0.490273  -0.0000   0.09498000
  0.492886  -0.0000   0.10000000
  0.493629  -0.0000   0.10100000
  0.494352  -0.0000   0.10200000
  0.494363  -0.0000   0.10200000
  0.494379  -0.0000   0.10200000
  0.494404  -0.0000   0.10200000
  0.494440  -0.0000   0.10300000
  0.494495  -0.0000   0.10300000
  0.494576  -0.0000   0.10300000
  0.494698  -0.0000   0.10300000
  0.494880  -0.0000   0.10300000
  0.495150  -0.0000   0.10400000
  0.495552  -0.0000   0.10500000
  0.496146  -0.0000   0.10600000
  0.497021  -0.0000   0.10800000
  0.498307  -0.0000   0.11100000
  0.500186  -0.0000   0.11500000
  0.502022  -0.0000   0.11900000
  0.503822  -0.0000   0.12300000
  0.505589  -0.0000   0.12700000
  0.507843  -0.0000   0.13200000
  0.510053  -0.0000   0.13800000
  0.510954  -0.0000   0.14000000
  0.511849  -0.0000   0.14200000
  0.512126  -0.0000   0.14300000
  0.512194  -0.0000   0.14300000
  0.512262  -0.0000   0.14300000
  0.512330  -0.0000   0.14300000
  0.512432  -0.0000   0.14400000
  0.512584  -0.0000   0.14400000
  0.512810  -0.0000   0.14500000
  0.513146  -0.0000   0.14500000
  0.513645  -0.0000   0.14700000
  0.514382  -0.0000   0.14900000
  0.515467  -0.0000   0.15200000
  0.517058  -0.0000   0.15600000
  0.518969  -0.0000   0.16200000
  0.520839  -0.0000   0.16800000
  0.522674  -0.0000   0.17300000
  0.524477  -0.0000   0.17900000
  0.526978  -0.0000   0.18700000
  0.529429  -0.0000   0.19500000
  0.529783  -0.0000   0.19600000
  0.529804  -0.0000   0.19600000
  0.529826  -0.0000   0.19600000
  0.529847  -0.0000   0.19700000
  0.529880  -0.0000   0.19700000
  0.529928  -0.0000   0.19700000
  0.530000  -0.0000   0.19700000
  0.530109  -0.0000   0.19700000
  0.530270  -0.0000   0.19800000
  0.530511  -0.0000   0.19900000
  0.530868  -0.0000   0.20000000
  0.531398  -0.0000   0.20200000
  0.532182  -0.0000   0.20500000
  0.533335  -0.0000   0.20900000
  0.535025  -0.0000   0.21600000
  0.536682  -0.0000   0.22200000
  0.538308  -0.0000   0.22900000
  0.539908  -0.0000   0.23500000
  0.542255  -0.0000   0.24500000
  0.544555  -0.0000   0.25500000
  0.547307  -0.0000   0.26700000
  0.547633  -0.0000   0.26800000
  0.547714  -0.0000   0.26900000
  0.547795  -0.0000   0.26900000
  0.547875  -0.0000   0.26900000
  0.547996  -0.0000   0.27000000
  0.548175  -0.0000   0.27100000
  0.548443  -0.0000   0.27200000
  0.548841  -0.0000   0.27400000
  0.549431  -0.0000   0.27700000
  0.550303  -0.0000   0.28100000
  0.551586  -0.0000   0.28700000
  0.553465  -0.0000   0.29700000
  0.555305  -0.0000   0.30700000
  0.557111  -0.0000   0.31600000
  0.558887  -0.0000   0.32600000
  0.561325  -0.0000   0.33900000
  0.563715  -0.0000   0.35300000
  0.564464  -0.0000   0.35700000
  0.565197  -0.0000   0.36100000
  0.565208  -0.0000   0.36100000
  0.565225  -0.0000   0.36100000
  0.565250  -0.0000   0.36100000
  0.565287  -0.0000   0.36200000
  0.565343  -0.0000   0.36200000
  0.565426  -0.0000   0.36200000
  0.565551  -0.0000   0.36300000
  0.565737  -0.0000   0.36400000
  0.566013  -0.0000   0.36600000
  0.566425  -0.0000   0.36900000
  0.567034  -0.0000   0.37200000
  0.567934  -0.0000   0.37800000
  0.569259  -0.0000   0.38700000
  0.571200  -0.0000   0.40000000
  0.573100  -0.0000   0.41300000
  0.574965  -0.0000   0.42500000
  0.576798  -0.0000   0.43800000
  0.579270  -0.0000   0.45600000
  0.581695  -0.0000   0.47400000
  0.582335  -0.0000   0.47900000
  0.582958  -0.0000   0.48300000
  0.582968  -0.0000   0.48300000
  0.582982  -0.0000   0.48400000
  0.583003  -0.0000   0.48400000
  0.583035  -0.0000   0.48400000
  0.583083  -0.0000   0.48400000
  0.583155  -0.0000   0.48500000
  0.583261  -0.0000   0.48600000
  0.583421  -0.0000   0.48700000
  0.583659  -0.0000   0.48900000
  0.584013  -0.0000   0.49200000
  0.584538  -0.0000   0.49600000
  0.585316  -0.0000   0.50200000
  0.586462  -0.0000   0.51200000
  0.588145  -0.0000   0.52600000
  0.589797  -0.0000   0.54100000
  0.591422  -0.0000   0.55500000
  0.593021  -0.0000   0.56900000
  0.595371  -0.0000   0.59100000
  0.598210  -0.0000   0.61700000
  0.599638  -0.0000   0.63100000
  0.600612  -0.0000   0.64000000
  0.600626  -0.0000   0.64000000
  0.600641  -0.0000   0.64100000
  0.600656  -0.0000   0.64100000
  0.600677  -0.0000   0.64100000
  0.600710  -0.0000   0.64100000
  0.600760  -0.0000   0.64200000
  0.600833  -0.0000   0.64300000
  0.600944  -0.0000   0.64400000
  0.601108  -0.0000   0.64500000
  0.601354  -0.0000   0.64800000
  0.601719  -0.0000   0.65200000
  0.602261  -0.0000   0.65700000
  0.603063  -0.0000   0.66600000
  0.604246  -0.0000   0.67800000
  0.605983  -0.0000   0.69700000
  0.607688  -0.0000   0.71600000
  0.609365  -0.0000   0.73600000
  0.611015  -0.0000   0.75500000
  0.613441  -0.0000   0.78300000
  0.616380  -0.0000   0.81900000
  0.617384  -0.0000   0.83100000
  0.618369  -0.0000   0.84300000
  0.618384  -0.0000   0.84300000
  0.618399  -0.0000   0.84300000
  0.618414  -0.0000   0.84400000
  0.618436  -0.0000   0.84400000
  0.618470  -0.0000   0.84400000
  0.618520  -0.0000   0.84500000
  0.618595  -0.0000   0.84600000
  0.618707  -0.0000   0.84700000
  0.618874  -0.0000   0.84900000
  0.619123  -0.0000   0.85300000
  0.619494  -0.0000   0.85800000
  0.620045  -0.0000   0.86500000
  0.620860  -0.0000   0.87600000
  0.622063  -0.0000   0.89200000
  0.623829  -0.0000   0.91700000
  0.625564  -0.0000   0.94200000
  0.627269  -0.0000   0.96700000
  0.628949  -0.0000   0.99100000
  0.629540  -0.0000   1.00000000
  0.629514  -0.0000   1.00000000
  0.629514  -0.0000   1.00000000
  0.629513  -0.0000   1.00000000
  0.629513  -0.0000   1.00000000
  0.629513  -0.0000   1.00000000
  0.629513  -0.0000   1.00000000
  0.629513  -0.0000   1.00000000
  0.629513  -0.0000   1.00000000
  0.629513  -0.0000   1.00000000
  0.629513  -0.0000   1.00000000
  0.629513  -0.0000   1.00000000
  0.629513  -0.0000   1.00000000
  0.629513  -0.0000   1.00000000
  0.629513  -0.0000   1.00000000
  0.629512  -0.0000   1.00000000
  0.629511  -0.0000   1.00000000
  0.629511  -0.0000   1.00000000
