  0.000017  -0.0000   0.00000010
  0.000038  -0.0000   0.00000020
  0.000105  -0.0000   0.00000030
  0.001163  -0.0000   0.00000045
  0.005407  -0.0000   0.00000051
  0.006125  -0.0000   0.00000051
  0.006132  -0.0000   0.00000052
  0.006139  -0.0000   0.00000053
  0.006149  -0.0000   0.00000055
  0.006166  -0.0000   0.00000058
  0.006196  -0.0000   0.00000062
  0.006251  -0.0000   0.00000068
  0.006363  -0.0000   0.00000077
  0.006503  -0.0000   0.00000085
  0.006687  -0.0000   0.00000093
  0.006924  -0.0000   0.00000102
  0.007222  -0.0000   0.00000110
  0.007517  -0.0000   0.00000117
  0.007864  -0.0000   0.00000124
  0.008267  -0.0000   0.00000131
  0.008730  -0.0000   0.00000138
  0.009254  -0.0000   0.00000145
  0.009840  -0.0000   0.00000152
  0.010489  -0.0000   0.00000159
  0.011200  -0.0000   0.00000166
  0.011973  -0.0000   0.00000173
  0.012805  -0.0000   0.00000180
  0.013695  -0.0000   0.00000187
  0.014639  -0.0000   0.00000194
  0.015638  -0.0000   0.00000201
  0.016688  -0.0000   0.00000208
  0.017788  -0.0000   0.00000215
  0.018938  -0.0000   0.00000222
  0.019114  -0.0000   0.00000223
  0.019291  -0.0000   0.00000225
  0.019469  -0.0000   0.00000226
  0.019739  -0.0000   0.00000227
  0.019791  -0.0000   0.00000228
  0.019800  -0.0000   0.00000228
  0.019807  -0.0000   0.00000229
  0.019816  -0.0000   0.00000229
  0.019826  -0.0000   0.00000231
  0.019838  -0.0000   0.00000232
  0.019854  -0.0000   0.00000235
  0.019873  -0.0000   0.00000239
  0.019898  -0.0000   0.00000245
  0.019932  -0.0000   0.00000253
  0.019986  -0.0000   0.00000266
  0.020080  -0.0000   0.00000286
  0.020262  -0.0000   0.00000315
  0.020440  -0.0000   0.00000339
  0.020655  -0.0000   0.00000363
  0.020911  -0.0000   0.00000386
  0.021215  -0.0000   0.00000410
  0.021571  -0.0000   0.00000433
  0.021983  -0.0000   0.00000457
  0.022414  -0.0000   0.00000479
  0.022899  -0.0000   0.00000501
  0.023442  -0.0000   0.00000523
  0.024005  -0.0000   0.00000543
  0.024623  -0.0000   0.00000564
  0.025298  -0.0000   0.00000584
  0.026009  -0.0000   0.00000604
  0.026777  -0.0000   0.00000624
  0.027604  -0.0000   0.00000644
  0.028631  -0.0000   0.00000667
  0.029739  -0.0000   0.00000690
  0.030715  -0.0000   0.00000709
  0.031748  -0.0000   0.00000728
  0.032840  -0.0000   0.00000747
  0.034127  -0.0000   0.00000769
  0.035487  -0.0000   0.00000790
  0.035745  -0.0000   0.00000794
  0.036005  -0.0000   0.00000798
  0.036268  -0.0000   0.00000802
  0.036431  -0.0000   0.00000804
  0.036500  -0.0000   0.00000806
  0.036525  -0.0000   0.00000808
  0.036546  -0.0000   0.00000810
  0.036573  -0.0000   0.00000813
  0.036597  -0.0000   0.00000816
  0.036631  -0.0000   0.00000820
  0.036679  -0.0000   0.00000826
  0.036751  -0.0000   0.00000836
  0.036904  -0.0000   0.00000855
  0.037247  -0.0000   0.00000894
  0.037855  -0.0000   0.00000952
  0.038561  -0.0000   0.00001010
  0.039377  -0.0000   0.00001068
  0.040123  -0.0000   0.00001115
  0.040954  -0.0000   0.00001162
  0.041875  -0.0000   0.00001209
  0.042894  -0.0000   0.00001256
  0.044015  -0.0000   0.00001304
  0.045243  -0.0000   0.00001351
  0.046583  -0.0000   0.00001398
  0.048040  -0.0000   0.00001445
  0.049361  -0.0000   0.00001485
  0.050770  -0.0000   0.00001525
  0.052268  -0.0000   0.00001565
  0.053855  -0.0000   0.00001606
  0.053994  -0.0000   0.00001609
  0.054134  -0.0000   0.00001613
  0.054234  -0.0000   0.00001616
  0.054294  -0.0000   0.00001621
  0.054344  -0.0000   0.00001626
  0.054391  -0.0000   0.00001632
  0.054436  -0.0000   0.00001637
  0.054504  -0.0000   0.00001645
  0.054608  -0.0000   0.00001657
  0.054770  -0.0000   0.00001674
  0.055024  -0.0000   0.00001701
  0.055431  -0.0000   0.00001741
  0.056098  -0.0000   0.00001800
  0.056944  -0.0000   0.00001869
  0.057876  -0.0000   0.00001938
  0.058899  -0.0000   0.00002007
  0.059977  -0.0000   0.00002073
  0.061150  -0.0000   0.00002140
  0.062423  -0.0000   0.00002206
  0.063801  -0.0000   0.00002272
  0.065288  -0.0000   0.00002339
  0.066887  -0.0000   0.00002405
  0.068602  -0.0000   0.00002472
  0.070433  -0.0000   0.00002538
  0.071015  -0.0000   0.00002559
  0.071608  -0.0000   0.00002579
  0.071851  -0.0000   0.00002588
  0.071943  -0.0000   0.00002594
  0.072004  -0.0000   0.00002600
  0.072061  -0.0000   0.00002606
  0.072116  -0.0000   0.00002613
  0.072199  -0.0000   0.00002622
  0.072325  -0.0000   0.00002636
  0.072520  -0.0000   0.00002657
  0.072824  -0.0000   0.00002688
  0.073303  -0.0000   0.00002735
  0.074072  -0.0000   0.00002806
  0.075343  -0.0000   0.00002912
  0.076742  -0.0000   0.00003018
  0.078278  -0.0000   0.00003124
  0.079624  -0.0000   0.00003210
  0.081071  -0.0000   0.00003296
  0.082622  -0.0000   0.00003383
  0.084280  -0.0000   0.00003469
  0.086049  -0.0000   0.00003555
  0.087931  -0.0000   0.00003641
  0.088917  -0.0000   0.00003685
  0.089298  -0.0000   0.00003702
  0.089609  -0.0000   0.00003719
  0.089705  -0.0000   0.00003729
  0.089794  -0.0000   0.00003739
  0.089882  -0.0000   0.00003749
  0.089970  -0.0000   0.00003759
  0.090106  -0.0000   0.00003774
  0.090314  -0.0000   0.00003797
  0.090636  -0.0000   0.00003830
  0.091136  -0.0000   0.00003881
  0.091927  -0.0000   0.00003958
  0.093207  -0.0000   0.00004072
  0.094304  -0.0000   0.00004164
  0.095469  -0.0000   0.00004257
  0.096705  -0.0000   0.00004349
  0.098221  -0.0000   0.00004455
  0.099838  -0.0000   0.00004561
  0.101560  -0.0000   0.00004667
  0.103692  -0.0000   0.00004790
  0.105540  -0.0000   0.00004890
  0.107401  -0.0000   0.00004991
  0.107464  -0.0000   0.00004997
  0.107548  -0.0000   0.00005007
  0.107668  -0.0000   0.00005021
  0.107789  -0.0000   0.00005035
  0.107975  -0.0000   0.00005056
  0.108262  -0.0000   0.00005088
  0.108704  -0.0000   0.00005136
  0.109395  -0.0000   0.00005207
  0.110491  -0.0000   0.00005315
  0.111883  -0.0000   0.00005443
  0.113368  -0.0000   0.00005571
  0.114949  -0.0000   0.00005699
  0.117027  -0.0000   0.00005854
  0.118800  -0.0000   0.00005980
  0.120676  -0.0000   0.00006105
  0.122656  -0.0000   0.00006231
  0.125006  -0.0000   0.00006371
  0.125175  -0.0000   0.00006381
  0.125273  -0.0000   0.00006392
  0.125358  -0.0000   0.00006402
  0.125483  -0.0000   0.00006417
  0.125610  -0.0000   0.00006432
  0.125803  -0.0000   0.00006454
  0.126100  -0.0000   0.00006488
  0.126556  -0.0000   0.00006539
  0.127263  -0.0000   0.00006616
  0.128373  -0.0000   0.00006730
  0.130155  -0.0000   0.00006902
  0.132061  -0.0000   0.00007074
  0.134098  -0.0000   0.00007246
  0.136270  -0.0000   0.00007417
  0.138582  -0.0000   0.00007589
  0.141037  -0.0000   0.00007761
  0.141757  -0.0000   0.00007811
  0.142488  -0.0000   0.00007860
  0.142950  -0.0000   0.00007891
  0.143066  -0.0000   0.00007904
  0.143168  -0.0000   0.00007916
  0.143269  -0.0000   0.00007929
  0.143422  -0.0000   0.00007948
  0.143657  -0.0000   0.00007976
  0.144016  -0.0000   0.00008019
  0.144569  -0.0000   0.00008083
  0.145424  -0.0000   0.00008178
  0.146769  -0.0000   0.00008322
  0.148473  -0.0000   0.00008494
  0.150274  -0.0000   0.00008666
  0.152175  -0.0000   0.00008838
  0.154655  -0.0000   0.00009048
  0.156727  -0.0000   0.00009215
  0.158901  -0.0000   0.00009383
  0.160509  -0.0000   0.00009502
  0.160718  -0.0000   0.00009518
  0.160894  -0.0000   0.00009533
  0.161018  -0.0000   0.00009549
  0.161199  -0.0000   0.00009572
  0.161382  -0.0000   0.00009595
  0.161569  -0.0000   0.00009618
  0.161852  -0.0000   0.00009653
  0.162286  -0.0000   0.00009706
  0.162951  -0.0000   0.00009784
  0.163981  -0.0000   0.00009902
  0.165550  -0.0000   0.00010080
  0.167844  -0.0000   0.00010340
  0.170794  -0.0000   0.00010690
  0.173681  -0.0000   0.00011040
  0.176509  -0.0000   0.00011390
  0.177221  -0.0000   0.00011480
  0.177929  -0.0000   0.00011570
  0.178633  -0.0000   0.00011650
  0.178785  -0.0000   0.00011680
  0.178902  -0.0000   0.00011700
  0.179017  -0.0000   0.00011730
  0.179191  -0.0000   0.00011760
  0.179454  -0.0000   0.00011820
  0.179848  -0.0000   0.00011900
  0.180437  -0.0000   0.00012020
  0.181313  -0.0000   0.00012200
  0.182610  -0.0000   0.00012480
  0.184523  -0.0000   0.00012890
  0.187333  -0.0000   0.00013510
  0.190090  -0.0000   0.00014120
  0.192795  -0.0000   0.00014740
  0.195451  -0.0000   0.00015360
  0.195737  -0.0000   0.00015420
  0.196023  -0.0000   0.00015490
  0.196308  -0.0000   0.00015560
  0.196673  -0.0000   0.00015660
  0.196864  -0.0000   0.00015730
  0.197057  -0.0000   0.00015800
  0.197250  -0.0000   0.00015870
  0.197443  -0.0000   0.00015940
  0.197734  -0.0000   0.00016050
  0.198168  -0.0000   0.00016200
  0.198814  -0.0000   0.00016440
  0.199774  -0.0000   0.00016800
  0.201196  -0.0000   0.00017340
  0.203294  -0.0000   0.00018140
  0.205665  -0.0000   0.00019060
  0.207998  -0.0000   0.00019990
  0.210296  -0.0000   0.00020910
  0.213214  -0.0000   0.00022110
  0.213507  -0.0000   0.00022230
  0.213799  -0.0000   0.00022350
  0.214091  -0.0000   0.00022470
  0.214495  -0.0000   0.00022650
  0.214657  -0.0000   0.00022750
  0.214820  -0.0000   0.00022850
  0.214983  -0.0000   0.00022950
  0.215146  -0.0000   0.00023050
  0.215392  -0.0000   0.00023200
  0.215759  -0.0000   0.00023430
  0.216307  -0.0000   0.00023770
  0.217122  -0.0000   0.00024270
  0.218331  -0.0000   0.00025040
  0.220118  -0.0000   0.00026180
  0.222750  -0.0000   0.00027900
  0.225338  -0.0000   0.00029620
  0.227884  -0.0000   0.00031340
  0.230389  -0.0000   0.00033060
  0.231069  -0.0000   0.00033520
  0.231746  -0.0000   0.00033990
  0.232372  -0.0000   0.00034460
  0.232548  -0.0000   0.00034640
  0.232724  -0.0000   0.00034820
  0.232901  -0.0000   0.00034990
  0.233079  -0.0000   0.00035170
  0.233345  -0.0000   0.00035430
  0.233743  -0.0000   0.00035830
  0.234335  -0.0000   0.00036430
  0.235217  -0.0000   0.00037320
  0.236524  -0.0000   0.00038660
  0.238457  -0.0000   0.00040670
  0.240781  -0.0000   0.00043130
  0.243072  -0.0000   0.00045590
  0.245330  -0.0000   0.00048050
  0.248137  -0.0000   0.00051160
  0.248725  -0.0000   0.00051810
  0.249312  -0.0000   0.00052460
  0.249896  -0.0000   0.00053120
  0.250156  -0.0000   0.00053420
  0.250345  -0.0000   0.00053710
  0.250535  -0.0000   0.00054010
  0.250725  -0.0000   0.00054300
  0.250916  -0.0000   0.00054600
  0.251202  -0.0000   0.00055050
  0.251629  -0.0000   0.00055710
  0.252265  -0.0000   0.00056710
  0.253211  -0.0000   0.00058210
  0.254612  -0.0000   0.00060470
  0.256683  -0.0000   0.00063840
  0.258953  -0.0000   0.00067600
  0.261192  -0.0000   0.00071360
  0.263401  -0.0000   0.00075120
  0.266292  -0.0000   0.00080120
  0.266726  -0.0000   0.00080880
  0.267157  -0.0000   0.00081630
  0.267588  -0.0000   0.00082380
  0.268035  -0.0000   0.00083210
  0.268228  -0.0000   0.00083670
  0.268422  -0.0000   0.00084130
  0.268617  -0.0000   0.00084590
  0.268812  -0.0000   0.00085050
  0.269104  -0.0000   0.00085740
  0.269539  -0.0000   0.00086770
  0.270189  -0.0000   0.00088330
  0.271154  -0.0000   0.00090650
  0.272584  -0.0000   0.00094140
  0.274698  -0.0000   0.00099380
  0.277038  -0.0000   0.00105300
  0.279345  -0.0000   0.00111100
  0.281620  -0.0000   0.00117000
  0.284489  -0.0000   0.00124600
  0.284840  -0.0000   0.00125500
  0.285190  -0.0000   0.00126400
  0.285540  -0.0000   0.00127300
  0.285997  -0.0000   0.00128700
  0.286262  -0.0000   0.00129700
  0.286528  -0.0000   0.00130600
  0.286795  -0.0000   0.00131500
  0.287060  -0.0000   0.00132400
  0.287457  -0.0000   0.00133800
  0.288048  -0.0000   0.00135900
  0.288928  -0.0000   0.00139100
  0.290234  -0.0000   0.00143800
  0.292167  -0.0000   0.00150800
  0.294432  -0.0000   0.00159200
  0.296667  -0.0000   0.00167600
  0.298873  -0.0000   0.00176000
  0.301764  -0.0000   0.00187100
  0.302314  -0.0000   0.00189300
  0.302863  -0.0000   0.00191400
  0.303409  -0.0000   0.00193500
  0.303708  -0.0000   0.00194700
  0.303895  -0.0000   0.00195700
  0.304084  -0.0000   0.00196600
  0.304273  -0.0000   0.00197600
  0.304462  -0.0000   0.00198500
  0.304744  -0.0000   0.00200000
  0.305166  -0.0000   0.00202100
  0.305795  -0.0000   0.00205300
  0.306731  -0.0000   0.00210100
  0.308118  -0.0000   0.00217300
  0.310171  -0.0000   0.00228200
  0.312885  -0.0000   0.00242700
  0.315558  -0.0000   0.00257300
  0.318191  -0.0000   0.00271800
  0.320784  -0.0000   0.00286400
  0.321068  -0.0000   0.00288000
  0.321351  -0.0000   0.00289600
  0.321613  -0.0000   0.00291200
  0.321865  -0.0000   0.00293000
  0.322119  -0.0000   0.00294800
  0.322374  -0.0000   0.00296600
  0.322627  -0.0000   0.00298400
  0.323006  -0.0000   0.00301100
  0.323571  -0.0000   0.00305200
  0.324411  -0.0000   0.00311300
  0.325659  -0.0000   0.00320500
  0.327508  -0.0000   0.00334200
  0.329793  -0.0000   0.00351400
  0.332048  -0.0000   0.00368700
  0.334274  -0.0000   0.00385900
  0.337143  -0.0000   0.00408400
  0.337944  -0.0000   0.00414800
  0.338741  -0.0000   0.00421100
  0.339501  -0.0000   0.00427400
  0.339739  -0.0000   0.00429800
  0.339979  -0.0000   0.00432200
  0.340218  -0.0000   0.00434500
  0.340458  -0.0000   0.00436900
  0.340815  -0.0000   0.00440500
  0.341348  -0.0000   0.00445800
  0.342142  -0.0000   0.00453800
  0.343322  -0.0000   0.00465800
  0.345071  -0.0000   0.00483900
  0.347653  -0.0000   0.00510900
  0.350198  -0.0000   0.00537900
  0.352708  -0.0000   0.00565000
  0.355183  -0.0000   0.00592000
  0.355735  -0.0000   0.00598100
  0.356284  -0.0000   0.00604100
  0.356832  -0.0000   0.00610100
  0.357297  -0.0000   0.00615300
  0.357391  -0.0000   0.00616600
  0.357486  -0.0000   0.00617900
  0.357629  -0.0000   0.00619800
  0.357843  -0.0000   0.00622700
  0.358164  -0.0000   0.00627000
  0.358643  -0.0000   0.00633600
  0.359357  -0.0000   0.00643300
  0.360417  -0.0000   0.00658000
  0.361990  -0.0000   0.00680000
  0.364314  -0.0000   0.00713000
  0.366608  -0.0000   0.00746000
  0.368873  -0.0000   0.00779000
  0.371110  -0.0000   0.00812000
  0.374351  -0.0000   0.00860600
  0.374639  -0.0000   0.00864900
  0.374926  -0.0000   0.00869300
  0.375200  -0.0000   0.00873600
  0.375450  -0.0000   0.00878200
  0.375701  -0.0000   0.00882700
  0.375951  -0.0000   0.00887300
  0.376202  -0.0000   0.00891800
  0.376575  -0.0000   0.00898700
  0.377133  -0.0000   0.00909000
  0.377963  -0.0000   0.00924400
  0.379196  -0.0000   0.00947500
  0.381023  -0.0000   0.00982100
  0.383722  -0.0000   0.01034000
  0.386380  -0.0000   0.01086000
  0.389002  -0.0000   0.01138000
  0.391587  -0.0000   0.01190000
  0.391950  -0.0000   0.01197000
  0.392312  -0.0000   0.01205000
  0.392674  -0.0000   0.01212000
  0.393174  -0.0000   0.01223000
  0.393466  -0.0000   0.01230000
  0.393757  -0.0000   0.01237000
  0.394048  -0.0000   0.01244000
  0.394339  -0.0000   0.01251000
  0.394772  -0.0000   0.01262000
  0.395419  -0.0000   0.01278000
  0.396381  -0.0000   0.01302000
  0.397810  -0.0000   0.01337000
  0.399925  -0.0000   0.01391000
  0.402627  -0.0000   0.01460000
  0.405290  -0.0000   0.01530000
  0.407916  -0.0000   0.01599000
  0.410507  -0.0000   0.01669000
  0.410774  -0.0000   0.01676000
  0.411017  -0.0000   0.01683000
  0.411243  -0.0000   0.01690000
  0.411470  -0.0000   0.01697000
  0.411696  -0.0000   0.01705000
  0.412034  -0.0000   0.01715000
  0.412539  -0.0000   0.01732000
  0.413291  -0.0000   0.01756000
  0.414408  -0.0000   0.01792000
  0.416066  -0.0000   0.01847000
  0.418517  -0.0000   0.01928000
  0.420935  -0.0000   0.02010000
  0.423322  -0.0000   0.02092000
  0.425680  -0.0000   0.02173000
  0.426917  -0.0000   0.02217000
  0.428148  -0.0000   0.02260000
  0.428601  -0.0000   0.02276000
  0.428944  -0.0000   0.02289000
  0.429270  -0.0000   0.02303000
  0.429594  -0.0000   0.02316000
  0.429918  -0.0000   0.02329000
  0.430402  -0.0000   0.02349000
  0.431122  -0.0000   0.02379000
  0.432194  -0.0000   0.02425000
  0.433785  -0.0000   0.02492000
  0.436138  -0.0000   0.02594000
  0.438461  -0.0000   0.02695000
  0.440755  -0.0000   0.02797000
  0.443023  -0.0000   0.02899000
  0.446370  -0.0000   0.03051000
  0.446647  -0.0000   0.03064000
  0.446889  -0.0000   0.03076000
  0.447129  -0.0000   0.03089000
  0.447368  -0.0000   0.03102000
  0.447607  -0.0000   0.03114000
  0.447965  -0.0000   0.03133000
  0.448498  -0.0000   0.03162000
  0.449293  -0.0000   0.03204000
  0.450474  -0.0000   0.03268000
  0.452226  -0.0000   0.03364000
  0.454816  -0.0000   0.03508000
  0.457371  -0.0000   0.03653000
  0.459892  -0.0000   0.03797000
  0.462382  -0.0000   0.03941000
  0.462988  -0.0000   0.03976000
  0.463592  -0.0000   0.04011000
  0.464195  -0.0000   0.04046000
  0.464585  -0.0000   0.04069000
  0.464671  -0.0000   0.04075000
  0.464758  -0.0000   0.04081000
  0.464845  -0.0000   0.04087000
  0.464975  -0.0000   0.04096000
  0.465170  -0.0000   0.04109000
  0.465462  -0.0000   0.04128000
  0.465898  -0.0000   0.04158000
  0.466548  -0.0000   0.04202000
  0.467515  -0.0000   0.04268000
  0.468952  -0.0000   0.04368000
  0.471080  -0.0000   0.04517000
  0.473604  -0.0000   0.04696000
  0.476096  -0.0000   0.04876000
  0.478556  -0.0000   0.05055000
  0.480989  -0.0000   0.05234000
  0.481406  -0.0000   0.05265000
  0.481822  -0.0000   0.05296000
  0.482238  -0.0000   0.05327000
  0.482606  -0.0000   0.05356000
  0.482951  -0.0000   0.05385000
  0.483297  -0.0000   0.05415000
  0.483641  -0.0000   0.05444000
  0.483984  -0.0000   0.05473000
  0.484497  -0.0000   0.05517000
  0.485261  -0.0000   0.05583000
  0.486398  -0.0000   0.05682000
  0.488085  -0.0000   0.05830000
  0.490581  -0.0000   0.06052000
  0.493044  -0.0000   0.06274000
  0.495478  -0.0000   0.06497000
  0.497883  -0.0000   0.06719000
  0.498635  -0.0000   0.06788000
  0.499384  -0.0000   0.06858000
  0.500131  -0.0000   0.06928000
  0.500441  -0.0000   0.06958000
  0.500729  -0.0000   0.06989000
  0.501018  -0.0000   0.07019000
  0.501306  -0.0000   0.07050000
  0.501736  -0.0000   0.07096000
  0.502378  -0.0000   0.07164000
  0.503333  -0.0000   0.07267000
  0.504752  -0.0000   0.07422000
  0.506855  -0.0000   0.07654000
  0.509453  -0.0000   0.07944000
  0.512017  -0.0000   0.08235000
  0.514549  -0.0000   0.08525000
  0.517054  -0.0000   0.08815000
  0.517462  -0.0000   0.08863000
  0.517870  -0.0000   0.08910000
  0.518274  -0.0000   0.08958000
  0.518409  -0.0000   0.08976000
  0.518545  -0.0000   0.08993000
  0.518681  -0.0000   0.09011000
  0.518885  -0.0000   0.09038000
  0.519189  -0.0000   0.09078000
  0.519644  -0.0000   0.09138000
  0.520323  -0.0000   0.09228000
  0.521333  -0.0000   0.09363000
  0.522833  -0.0000   0.09566000
  0.525055  -0.0000   0.09870000
  0.527580  -0.0000   0.10200000
  0.530074  -0.0000   0.10600000
  0.532539  -0.0000   0.10900000
  0.535631  -0.0000   0.11400000
  0.535951  -0.0000   0.11400000
  0.536258  -0.0000   0.11500000
  0.536543  -0.0000   0.11500000
  0.536829  -0.0000   0.11600000
  0.537115  -0.0000   0.11600000
  0.537541  -0.0000   0.11700000
  0.538177  -0.0000   0.11800000
  0.539124  -0.0000   0.11900000
  0.540531  -0.0000   0.12200000
  0.542616  -0.0000   0.12500000
  0.545254  -0.0000   0.13000000
  0.547857  -0.0000   0.13400000
  0.550430  -0.0000   0.13900000
  0.552976  -0.0000   0.14300000
  0.553379  -0.0000   0.14400000
  0.553781  -0.0000   0.14500000
  0.554168  -0.0000   0.14500000
  0.554303  -0.0000   0.14600000
  0.554439  -0.0000   0.14600000
  0.554575  -0.0000   0.14600000
  0.554778  -0.0000   0.14600000
  0.555082  -0.0000   0.14700000
  0.555536  -0.0000   0.14800000
  0.556213  -0.0000   0.14900000
  0.557221  -0.0000   0.15100000
  0.558718  -0.0000   0.15400000
  0.560937  -0.0000   0.15900000
  0.563570  -0.0000   0.16400000
  0.566170  -0.0000   0.17000000
  0.568741  -0.0000   0.17500000
  0.571286  -0.0000   0.18100000
  0.571623  -0.0000   0.18200000
  0.571958  -0.0000   0.18200000
  0.572263  -0.0000   0.18300000
  0.572566  -0.0000   0.18400000
  0.572869  -0.0000   0.18500000
  0.573171  -0.0000   0.18500000
  0.573622  -0.0000   0.18600000
  0.574295  -0.0000   0.18800000
  0.575298  -0.0000   0.19100000
  0.576788  -0.0000   0.19400000
  0.578994  -0.0000   0.20000000
  0.581765  -0.0000   0.20700000
  0.584501  -0.0000   0.21400000
  0.587205  -0.0000   0.22100000
  0.589881  -0.0000   0.22800000
  0.590065  -0.0000   0.22800000
  0.590250  -0.0000   0.22900000
  0.590434  -0.0000   0.23000000
  0.590710  -0.0000   0.23000000
  0.591122  -0.0000   0.23200000
  0.591737  -0.0000   0.23300000
  0.592654  -0.0000   0.23600000
  0.594017  -0.0000   0.24000000
  0.596038  -0.0000   0.24600000
  0.598516  -0.0000   0.25400000
  0.600966  -0.0000   0.26100000
  0.603391  -0.0000   0.26900000
  0.605793  -0.0000   0.27600000
  0.606492  -0.0000   0.27900000
  0.607188  -0.0000   0.28100000
  0.607883  -0.0000   0.28300000
  0.608147  -0.0000   0.28400000
  0.608410  -0.0000   0.28500000
  0.608673  -0.0000   0.28600000
  0.609065  -0.0000   0.28700000
  0.609650  -0.0000   0.28900000
  0.610523  -0.0000   0.29200000
  0.611820  -0.0000   0.29700000
  0.613744  -0.0000   0.30400000
  0.616486  -0.0000   0.31400000
  0.619193  -0.0000   0.32400000
  0.621870  -0.0000   0.33400000
  0.624520  -0.0000   0.34400000
  0.624955  -0.0000   0.34600000
  0.625388  -0.0000   0.34700000
  0.625808  -0.0000   0.34900000
  0.625956  -0.0000   0.35000000
  0.626105  -0.0000   0.35000000
  0.626254  -0.0000   0.35100000
  0.626477  -0.0000   0.35200000
  0.626810  -0.0000   0.35300000
  0.627307  -0.0000   0.35500000
  0.628049  -0.0000   0.35800000
  0.629154  -0.0000   0.36300000
  0.630794  -0.0000   0.37000000
  0.633222  -0.0000   0.38100000
  0.635623  -0.0000   0.39100000
  0.637998  -0.0000   0.40200000
  0.640351  -0.0000   0.41300000
  0.642287  -0.0000   0.42100000
  0.643216  -0.0000   0.42500000
  0.643714  -0.0000   0.42800000
  0.643831  -0.0000   0.42800000
  0.643948  -0.0000   0.42900000
  0.644065  -0.0000   0.43000000
  0.644240  -0.0000   0.43000000
  0.644503  -0.0000   0.43200000
  0.644895  -0.0000   0.43400000
  0.645481  -0.0000   0.43700000
  0.646354  -0.0000   0.44100000
  0.647653  -0.0000   0.44800000
  0.649580  -0.0000   0.45700000
  0.652428  -0.0000   0.47200000
  0.655242  -0.0000   0.48700000
  0.658025  -0.0000   0.50200000
  0.660780  -0.0000   0.51700000
  0.661164  -0.0000   0.51900000
  0.661549  -0.0000   0.52100000
  0.661809  -0.0000   0.52200000
  0.662070  -0.0000   0.52400000
  0.662330  -0.0000   0.52600000
  0.662590  -0.0000   0.52700000
  0.662978  -0.0000   0.52900000
  0.663558  -0.0000   0.53300000
  0.664422  -0.0000   0.53800000
  0.665707  -0.0000   0.54600000
  0.667614  -0.0000   0.55700000
  0.670435  -0.0000   0.57500000
  0.673222  -0.0000   0.59200000
  0.675980  -0.0000   0.60900000
  0.678711  -0.0000   0.62700000
  0.679090  -0.0000   0.62900000
  0.679467  -0.0000   0.63200000
  0.679554  -0.0000   0.63200000
  0.679642  -0.0000   0.63300000
  0.679730  -0.0000   0.63300000
  0.679861  -0.0000   0.63400000
  0.680058  -0.0000   0.63600000
  0.680353  -0.0000   0.63800000
  0.680794  -0.0000   0.64100000
  0.681451  -0.0000   0.64500000
  0.682431  -0.0000   0.65200000
  0.683887  -0.0000   0.66300000
  0.686045  -0.0000   0.67800000
  0.688848  -0.0000   0.69800000
  0.691618  -0.0000   0.71900000
  0.694360  -0.0000   0.73900000
  0.697077  -0.0000   0.76000000
  0.697380  -0.0000   0.76200000
  0.697662  -0.0000   0.76400000
  0.697943  -0.0000   0.76600000
  0.698224  -0.0000   0.76900000
  0.698503  -0.0000   0.77100000
  0.698922  -0.0000   0.77400000
  0.699546  -0.0000   0.77900000
  0.700477  -0.0000   0.78700000
  0.701861  -0.0000   0.79900000
  0.703913  -0.0000   0.81600000
  0.706950  -0.0000   0.84200000
  0.709949  -0.0000   0.86800000
  0.712917  -0.0000   0.89400000
  0.714080  -0.0000   0.90400000
  0.715238  -0.0000   0.91400000
  0.715515  -0.0000   0.91700000
  0.715788  -0.0000   0.91900000
  0.716060  -0.0000   0.92200000
  0.716332  -0.0000   0.92400000
  0.716738  -0.0000   0.92800000
  0.717344  -0.0000   0.93400000
  0.718248  -0.0000   0.94300000
  0.719593  -0.0000   0.95600000
  0.721587  -0.0000   0.97500000
  0.724069  -0.0000   1.00000000
  0.723919  -0.0000   1.00000000
  0.723919  -0.0000   1.00000000
  0.723919  -0.0000   1.00000000
  0.723919  -0.0000   1.00000000
  0.723919  -0.0000   1.00000000
  0.723919  -0.0000   1.00000000
  0.723919  -0.0000   1.00000000
  0.723919  -0.0000   1.00000000
  0.723919  -0.0000   1.00000000
  0.723918  -0.0000   1.00000000
  0.723918  -0.0000   1.00000000
  0.723918  -0.0000   1.00000000
  0.723917  -0.0000   1.00000000
  0.723917  -0.0000   1.00000000
