  0.000004  -0.0000   0.00000010
  0.000013  -0.0000   0.00000020
  0.000052  -0.0000   0.00000030
  0.000261  -0.0000   0.00000040
  0.001023  -0.0000   0.00000045
  0.006291  -0.0000   0.00000050
  0.006447  -0.0000   0.00000055
  0.006614  -0.0000   0.00000060
  0.006816  -0.0000   0.00000064
  0.007054  -0.0000   0.00000069
  0.007374  -0.0000   0.00000074
  0.007739  -0.0000   0.00000079
  0.008151  -0.0000   0.00000084
  0.008623  -0.0000   0.00000089
  0.009149  -0.0000   0.00000094
  0.009732  -0.0000   0.00000099
  0.010374  -0.0000   0.00000104
  0.011076  -0.0000   0.00000110
  0.011839  -0.0000   0.00000115
  0.012661  -0.0000   0.00000120
  0.013541  -0.0000   0.00000125
  0.014476  -0.0000   0.00000130
  0.015465  -0.0000   0.00000135
  0.016506  -0.0000   0.00000141
  0.017749  -0.0000   0.00000146
  0.019052  -0.0000   0.00000152
  0.020407  -0.0000   0.00000158
  0.020483  -0.0000   0.00000158
  0.020558  -0.0000   0.00000159
  0.020624  -0.0000   0.00000159
  0.020628  -0.0000   0.00000159
  0.020631  -0.0000   0.00000159
  0.020635  -0.0000   0.00000160
  0.020640  -0.0000   0.00000160
  0.020647  -0.0000   0.00000161
  0.020658  -0.0000   0.00000162
  0.020674  -0.0000   0.00000163
  0.020698  -0.0000   0.00000165
  0.020735  -0.0000   0.00000168
  0.020790  -0.0000   0.00000173
  0.020877  -0.0000   0.00000180
  0.021014  -0.0000   0.00000191
  0.021245  -0.0000   0.00000206
  0.021660  -0.0000   0.00000230
  0.022034  -0.0000   0.00000249
  0.022468  -0.0000   0.00000267
  0.022971  -0.0000   0.00000285
  0.023551  -0.0000   0.00000304
  0.024213  -0.0000   0.00000322
  0.024964  -0.0000   0.00000340
  0.025810  -0.0000   0.00000359
  0.026579  -0.0000   0.00000374
  0.027419  -0.0000   0.00000389
  0.028332  -0.0000   0.00000404
  0.029320  -0.0000   0.00000420
  0.030384  -0.0000   0.00000435
  0.031525  -0.0000   0.00000450
  0.032743  -0.0000   0.00000465
  0.034036  -0.0000   0.00000480
  0.035405  -0.0000   0.00000496
  0.036846  -0.0000   0.00000511
  0.037050  -0.0000   0.00000513
  0.037256  -0.0000   0.00000515
  0.037463  -0.0000   0.00000517
  0.037652  -0.0000   0.00000520
  0.037663  -0.0000   0.00000520
  0.037673  -0.0000   0.00000521
  0.037686  -0.0000   0.00000522
  0.037707  -0.0000   0.00000523
  0.037738  -0.0000   0.00000525
  0.037783  -0.0000   0.00000528
  0.037850  -0.0000   0.00000532
  0.037948  -0.0000   0.00000539
  0.038096  -0.0000   0.00000549
  0.038323  -0.0000   0.00000564
  0.038685  -0.0000   0.00000587
  0.039287  -0.0000   0.00000621
  0.039749  -0.0000   0.00000645
  0.040252  -0.0000   0.00000669
  0.040799  -0.0000   0.00000693
  0.041545  -0.0000   0.00000723
  0.042369  -0.0000   0.00000753
  0.043278  -0.0000   0.00000782
  0.044399  -0.0000   0.00000815
  0.045400  -0.0000   0.00000842
  0.046483  -0.0000   0.00000870
  0.047651  -0.0000   0.00000897
  0.049048  -0.0000   0.00000927
  0.050554  -0.0000   0.00000956
  0.052168  -0.0000   0.00000986
  0.053889  -0.0000   0.00001016
  0.054186  -0.0000   0.00001021
  0.054486  -0.0000   0.00001027
  0.054789  -0.0000   0.00001032
  0.055012  -0.0000   0.00001035
  0.055050  -0.0000   0.00001038
  0.055087  -0.0000   0.00001040
  0.055124  -0.0000   0.00001042
  0.055161  -0.0000   0.00001044
  0.055216  -0.0000   0.00001048
  0.055298  -0.0000   0.00001053
  0.055420  -0.0000   0.00001060
  0.055603  -0.0000   0.00001072
  0.055880  -0.0000   0.00001089
  0.056306  -0.0000   0.00001115
  0.056984  -0.0000   0.00001153
  0.057911  -0.0000   0.00001201
  0.058926  -0.0000   0.00001250
  0.060039  -0.0000   0.00001298
  0.061259  -0.0000   0.00001347
  0.062592  -0.0000   0.00001395
  0.063797  -0.0000   0.00001436
  0.065091  -0.0000   0.00001476
  0.066475  -0.0000   0.00001517
  0.068113  -0.0000   0.00001562
  0.069863  -0.0000   0.00001607
  0.071725  -0.0000   0.00001652
  0.071909  -0.0000   0.00001656
  0.072094  -0.0000   0.00001660
  0.072280  -0.0000   0.00001665
  0.072362  -0.0000   0.00001669
  0.072427  -0.0000   0.00001673
  0.072491  -0.0000   0.00001677
  0.072556  -0.0000   0.00001681
  0.072652  -0.0000   0.00001687
  0.072796  -0.0000   0.00001696
  0.073011  -0.0000   0.00001710
  0.073334  -0.0000   0.00001730
  0.073829  -0.0000   0.00001761
  0.074603  -0.0000   0.00001807
  0.075854  -0.0000   0.00001876
  0.077213  -0.0000   0.00001945
  0.078416  -0.0000   0.00002001
  0.079705  -0.0000   0.00002058
  0.081086  -0.0000   0.00002115
  0.082728  -0.0000   0.00002178
  0.084491  -0.0000   0.00002241
  0.086376  -0.0000   0.00002304
  0.088383  -0.0000   0.00002367
  0.088683  -0.0000   0.00002376
  0.088985  -0.0000   0.00002385
  0.089290  -0.0000   0.00002394
  0.089572  -0.0000   0.00002404
  0.089609  -0.0000   0.00002407
  0.089646  -0.0000   0.00002409
  0.089683  -0.0000   0.00002411
  0.089739  -0.0000   0.00002415
  0.089822  -0.0000   0.00002421
  0.089947  -0.0000   0.00002429
  0.090133  -0.0000   0.00002441
  0.090411  -0.0000   0.00002459
  0.090830  -0.0000   0.00002487
  0.091473  -0.0000   0.00002529
  0.092477  -0.0000   0.00002591
  0.093680  -0.0000   0.00002662
  0.094957  -0.0000   0.00002732
  0.096315  -0.0000   0.00002803
  0.097751  -0.0000   0.00002873
  0.099276  -0.0000   0.00002943
  0.100894  -0.0000   0.00003013
  0.102889  -0.0000   0.00003094
  0.105011  -0.0000   0.00003175
  0.105681  -0.0000   0.00003201
  0.106364  -0.0000   0.00003226
  0.106714  -0.0000   0.00003239
  0.106828  -0.0000   0.00003245
  0.106927  -0.0000   0.00003252
  0.107025  -0.0000   0.00003259
  0.107124  -0.0000   0.00003266
  0.107271  -0.0000   0.00003276
  0.107491  -0.0000   0.00003291
  0.107822  -0.0000   0.00003314
  0.108321  -0.0000   0.00003349
  0.109084  -0.0000   0.00003401
  0.110277  -0.0000   0.00003478
  0.111553  -0.0000   0.00003558
  0.112894  -0.0000   0.00003637
  0.114307  -0.0000   0.00003716
  0.115852  -0.0000   0.00003798
  0.117481  -0.0000   0.00003880
  0.119196  -0.0000   0.00003962
  0.121088  -0.0000   0.00004048
  0.123076  -0.0000   0.00004134
  0.123358  -0.0000   0.00004147
  0.123643  -0.0000   0.00004159
  0.123929  -0.0000   0.00004171
  0.124037  -0.0000   0.00004179
  0.124142  -0.0000   0.00004186
  0.124247  -0.0000   0.00004194
  0.124352  -0.0000   0.00004202
  0.124509  -0.0000   0.00004213
  0.124744  -0.0000   0.00004230
  0.125096  -0.0000   0.00004256
  0.125627  -0.0000   0.00004295
  0.126439  -0.0000   0.00004353
  0.127700  -0.0000   0.00004441
  0.129150  -0.0000   0.00004537
  0.130672  -0.0000   0.00004633
  0.132269  -0.0000   0.00004729
  0.134087  -0.0000   0.00004833
  0.136002  -0.0000   0.00004936
  0.138014  -0.0000   0.00005040
  0.140404  -0.0000   0.00005157
  0.140651  -0.0000   0.00005169
  0.140900  -0.0000   0.00005181
  0.141148  -0.0000   0.00005193
  0.141163  -0.0000   0.00005194
  0.141184  -0.0000   0.00005196
  0.141217  -0.0000   0.00005198
  0.141267  -0.0000   0.00005202
  0.141341  -0.0000   0.00005208
  0.141452  -0.0000   0.00005216
  0.141618  -0.0000   0.00005229
  0.141866  -0.0000   0.00005248
  0.142237  -0.0000   0.00005277
  0.142797  -0.0000   0.00005321
  0.143650  -0.0000   0.00005386
  0.144970  -0.0000   0.00005483
  0.146584  -0.0000   0.00005597
  0.148272  -0.0000   0.00005711
  0.150042  -0.0000   0.00005825
  0.152348  -0.0000   0.00005966
  0.154361  -0.0000   0.00006083
  0.156469  -0.0000   0.00006200
  0.157670  -0.0000   0.00006265
  0.158070  -0.0000   0.00006286
  0.158426  -0.0000   0.00006308
  0.158443  -0.0000   0.00006309
  0.158468  -0.0000   0.00006311
  0.158505  -0.0000   0.00006314
  0.158561  -0.0000   0.00006319
  0.158645  -0.0000   0.00006326
  0.158771  -0.0000   0.00006336
  0.158959  -0.0000   0.00006351
  0.159241  -0.0000   0.00006374
  0.159664  -0.0000   0.00006409
  0.160302  -0.0000   0.00006460
  0.161275  -0.0000   0.00006538
  0.162783  -0.0000   0.00006654
  0.164391  -0.0000   0.00006774
  0.166064  -0.0000   0.00006893
  0.167806  -0.0000   0.00007013
  0.169724  -0.0000   0.00007139
  0.171724  -0.0000   0.00007265
  0.173808  -0.0000   0.00007391
  0.174341  -0.0000   0.00007423
  0.174880  -0.0000   0.00007455
  0.175424  -0.0000   0.00007487
  0.175624  -0.0000   0.00007500
  0.175663  -0.0000   0.00007504
  0.175703  -0.0000   0.00007507
  0.175762  -0.0000   0.00007512
  0.175850  -0.0000   0.00007520
  0.175983  -0.0000   0.00007531
  0.176182  -0.0000   0.00007548
  0.176479  -0.0000   0.00007573
  0.176924  -0.0000   0.00007611
  0.177597  -0.0000   0.00007668
  0.178622  -0.0000   0.00007754
  0.180206  -0.0000   0.00007882
  0.181941  -0.0000   0.00008018
  0.183744  -0.0000   0.00008154
  0.185616  -0.0000   0.00008290
  0.187671  -0.0000   0.00008433
  0.189809  -0.0000   0.00008576
  0.192035  -0.0000   0.00008719
  0.192320  -0.0000   0.00008737
  0.192606  -0.0000   0.00008756
  0.192861  -0.0000   0.00008774
  0.192880  -0.0000   0.00008776
  0.192909  -0.0000   0.00008778
  0.192952  -0.0000   0.00008782
  0.193018  -0.0000   0.00008788
  0.193115  -0.0000   0.00008796
  0.193261  -0.0000   0.00008809
  0.193479  -0.0000   0.00008829
  0.193806  -0.0000   0.00008858
  0.194297  -0.0000   0.00008902
  0.195039  -0.0000   0.00008968
  0.196170  -0.0000   0.00009066
  0.197918  -0.0000   0.00009214
  0.199790  -0.0000   0.00009367
  0.201732  -0.0000   0.00009520
  0.203747  -0.0000   0.00009674
  0.206276  -0.0000   0.00009857
  0.208869  -0.0000   0.00010040
  0.209205  -0.0000   0.00010060
  0.209538  -0.0000   0.00010090
  0.209871  -0.0000   0.00010110
  0.210130  -0.0000   0.00010130
  0.210184  -0.0000   0.00010140
  0.210238  -0.0000   0.00010150
  0.210319  -0.0000   0.00010150
  0.210440  -0.0000   0.00010170
  0.210620  -0.0000   0.00010180
  0.210886  -0.0000   0.00010210
  0.211278  -0.0000   0.00010250
  0.211854  -0.0000   0.00010310
  0.212695  -0.0000   0.00010400
  0.213914  -0.0000   0.00010540
  0.215098  -0.0000   0.00010680
  0.216252  -0.0000   0.00010820
  0.217378  -0.0000   0.00010960
  0.219013  -0.0000   0.00011160
  0.221062  -0.0000   0.00011430
  0.223041  -0.0000   0.00011700
  0.224958  -0.0000   0.00011970
  0.226821  -0.0000   0.00012240
  0.227150  -0.0000   0.00012290
  0.227476  -0.0000   0.00012330
  0.227696  -0.0000   0.00012370
  0.227747  -0.0000   0.00012380
  0.227799  -0.0000   0.00012390
  0.227877  -0.0000   0.00012410
  0.227992  -0.0000   0.00012430
  0.228163  -0.0000   0.00012460
  0.228418  -0.0000   0.00012510
  0.228793  -0.0000   0.00012590
  0.229345  -0.0000   0.00012700
  0.230153  -0.0000   0.00012870
  0.231327  -0.0000   0.00013130
  0.232750  -0.0000   0.00013450
  0.234130  -0.0000   0.00013770
  0.235472  -0.0000   0.00014080
  0.236782  -0.0000   0.00014400
  0.238680  -0.0000   0.00014880
  0.240522  -0.0000   0.00015360
  0.242312  -0.0000   0.00015840
  0.244057  -0.0000   0.00016320
  0.244456  -0.0000   0.00016430
  0.244852  -0.0000   0.00016540
  0.245213  -0.0000   0.00016650
  0.245242  -0.0000   0.00016660
  0.245285  -0.0000   0.00016670
  0.245351  -0.0000   0.00016700
  0.245448  -0.0000   0.00016730
  0.245594  -0.0000   0.00016780
  0.245809  -0.0000   0.00016860
  0.246129  -0.0000   0.00016980
  0.246600  -0.0000   0.00017160
  0.247291  -0.0000   0.00017420
  0.248298  -0.0000   0.00017820
  0.249758  -0.0000   0.00018410
  0.251172  -0.0000   0.00019010
  0.252548  -0.0000   0.00019600
  0.253889  -0.0000   0.00020200
  0.255834  -0.0000   0.00021090
  0.257721  -0.0000   0.00021980
  0.259557  -0.0000   0.00022870
  0.261347  -0.0000   0.00023760
  0.261867  -0.0000   0.00024020
  0.262382  -0.0000   0.00024280
  0.262858  -0.0000   0.00024540
  0.262896  -0.0000   0.00024570
  0.262955  -0.0000   0.00024600
  0.263041  -0.0000   0.00024660
  0.263171  -0.0000   0.00024740
  0.263364  -0.0000   0.00024870
  0.263650  -0.0000   0.00025050
  0.264072  -0.0000   0.00025330
  0.264693  -0.0000   0.00025750
  0.265601  -0.0000   0.00026370
  0.266920  -0.0000   0.00027310
  0.268418  -0.0000   0.00028410
  0.269873  -0.0000   0.00029520
  0.271290  -0.0000   0.00030620
  0.273124  -0.0000   0.00032090
  0.274907  -0.0000   0.00033560
  0.276647  -0.0000   0.00035030
  0.278347  -0.0000   0.00036500
  0.279329  -0.0000   0.00037360
  0.280299  -0.0000   0.00038220
  0.280533  -0.0000   0.00038470
  0.280589  -0.0000   0.00038530
  0.280644  -0.0000   0.00038590
  0.280728  -0.0000   0.00038680
  0.280853  -0.0000   0.00038810
  0.281039  -0.0000   0.00039020
  0.281314  -0.0000   0.00039320
  0.281722  -0.0000   0.00039780
  0.282322  -0.0000   0.00040470
  0.283201  -0.0000   0.00041500
  0.284480  -0.0000   0.00043050
  0.286117  -0.0000   0.00045100
  0.287705  -0.0000   0.00047160
  0.289251  -0.0000   0.00049210
  0.290759  -0.0000   0.00051260
  0.292721  -0.0000   0.00054010
  0.294632  -0.0000   0.00056760
  0.296774  -0.0000   0.00059920
  0.297312  -0.0000   0.00060720
  0.297847  -0.0000   0.00061520
  0.298157  -0.0000   0.00062040
  0.298230  -0.0000   0.00062170
  0.298303  -0.0000   0.00062300
  0.298375  -0.0000   0.00062440
  0.298484  -0.0000   0.00062630
  0.298645  -0.0000   0.00062920
  0.298885  -0.0000   0.00063360
  0.299240  -0.0000   0.00064020
  0.299765  -0.0000   0.00065010
  0.300535  -0.0000   0.00066500
  0.301659  -0.0000   0.00068720
  0.303288  -0.0000   0.00072060
  0.304868  -0.0000   0.00075400
  0.306407  -0.0000   0.00078740
  0.307910  -0.0000   0.00082080
  0.309847  -0.0000   0.00086510
  0.311736  -0.0000   0.00090930
  0.313881  -0.0000   0.00096090
  0.314838  -0.0000   0.00098420
  0.315755  -0.0000   0.00100700
  0.315768  -0.0000   0.00100800
  0.315787  -0.0000   0.00100800
  0.315815  -0.0000   0.00100900
  0.315858  -0.0000   0.00101000
  0.315922  -0.0000   0.00101200
  0.316017  -0.0000   0.00101500
  0.316159  -0.0000   0.00101900
  0.316371  -0.0000   0.00102500
  0.316685  -0.0000   0.00103500
  0.317149  -0.0000   0.00104900
  0.317832  -0.0000   0.00107000
  0.318831  -0.0000   0.00110100
  0.320282  -0.0000   0.00114800
  0.321990  -0.0000   0.00120600
  0.323651  -0.0000   0.00126300
  0.325271  -0.0000   0.00132100
  0.326855  -0.0000   0.00137800
  0.328915  -0.0000   0.00145500
  0.330926  -0.0000   0.00153100
  0.332893  -0.0000   0.00160800
  0.333232  -0.0000   0.00162100
  0.333532  -0.0000   0.00163400
  0.333605  -0.0000   0.00163800
  0.333714  -0.0000   0.00164300
  0.333876  -0.0000   0.00165000
  0.334118  -0.0000   0.00166100
  0.334477  -0.0000   0.00167800
  0.335007  -0.0000   0.00170300
  0.335785  -0.0000   0.00174100
  0.336922  -0.0000   0.00179700
  0.338572  -0.0000   0.00188200
  0.340175  -0.0000   0.00196700
  0.341739  -0.0000   0.00205200
  0.343269  -0.0000   0.00213700
  0.345234  -0.0000   0.00224900
  0.347154  -0.0000   0.00236100
  0.349350  -0.0000   0.00249200
  0.350116  -0.0000   0.00253800
  0.350875  -0.0000   0.00258400
  0.351106  -0.0000   0.00260000
  0.351163  -0.0000   0.00260400
  0.351219  -0.0000   0.00260800
  0.351304  -0.0000   0.00261400
  0.351431  -0.0000   0.00262300
  0.351620  -0.0000   0.00263600
  0.351901  -0.0000   0.00265600
  0.352316  -0.0000   0.00268600
  0.352929  -0.0000   0.00273100
  0.353829  -0.0000   0.00279900
  0.355564  -0.0000   0.00293400
  0.357248  -0.0000   0.00306900
  0.358888  -0.0000   0.00320400
  0.360492  -0.0000   0.00333900
  0.362063  -0.0000   0.00347300
  0.364171  -0.0000   0.00365900
  0.366231  -0.0000   0.00384500
  0.368247  -0.0000   0.00403000
  0.368554  -0.0000   0.00405900
  0.368778  -0.0000   0.00408200
  0.369001  -0.0000   0.00410600
  0.369222  -0.0000   0.00412900
  0.369441  -0.0000   0.00415200
  0.369766  -0.0000   0.00418700
  0.370248  -0.0000   0.00424000
  0.370958  -0.0000   0.00431900
  0.371997  -0.0000   0.00443700
  0.373511  -0.0000   0.00461500
  0.375422  -0.0000   0.00484600
  0.377282  -0.0000   0.00507800
  0.379098  -0.0000   0.00530900
  0.380877  -0.0000   0.00554000
  0.382620  -0.0000   0.00577100
  0.384931  -0.0000   0.00608500
  0.385579  -0.0000   0.00617400
  0.386219  -0.0000   0.00626300
  0.386228  -0.0000   0.00626400
  0.386242  -0.0000   0.00626600
  0.386262  -0.0000   0.00626900
  0.386292  -0.0000   0.00627400
  0.386338  -0.0000   0.00628100
  0.386406  -0.0000   0.00629100
  0.386508  -0.0000   0.00630700
  0.386661  -0.0000   0.00633100
  0.386887  -0.0000   0.00636600
  0.387224  -0.0000   0.00642000
  0.387721  -0.0000   0.00649900
  0.388453  -0.0000   0.00661900
  0.389526  -0.0000   0.00679900
  0.391088  -0.0000   0.00706800
  0.392612  -0.0000   0.00733800
  0.394103  -0.0000   0.00760800
  0.395565  -0.0000   0.00787700
  0.397640  -0.0000   0.00826900
  0.399668  -0.0000   0.00866100
  0.401655  -0.0000   0.00905300
  0.403605  -0.0000   0.00944400
  0.403896  -0.0000   0.00950400
  0.403913  -0.0000   0.00950800
  0.403930  -0.0000   0.00951200
  0.403955  -0.0000   0.00951700
  0.403993  -0.0000   0.00952600
  0.404049  -0.0000   0.00953800
  0.404133  -0.0000   0.00955700
  0.404259  -0.0000   0.00958500
  0.404447  -0.0000   0.00962800
  0.404726  -0.0000   0.00969200
  0.405140  -0.0000   0.00978700
  0.405751  -0.0000   0.00993100
  0.406648  -0.0000   0.01015000
  0.407959  -0.0000   0.01047000
  0.409522  -0.0000   0.01086000
  0.411049  -0.0000   0.01126000
  0.412547  -0.0000   0.01165000
  0.414467  -0.0000   0.01217000
  0.416348  -0.0000   0.01269000
  0.418577  -0.0000   0.01332000
  0.420759  -0.0000   0.01395000
  0.421163  -0.0000   0.01406000
  0.421557  -0.0000   0.01418000
  0.421580  -0.0000   0.01419000
  0.421603  -0.0000   0.01419000
  0.421625  -0.0000   0.01420000
  0.421660  -0.0000   0.01421000
  0.421711  -0.0000   0.01423000
  0.421788  -0.0000   0.01425000
  0.421903  -0.0000   0.01429000
  0.422075  -0.0000   0.01435000
  0.422330  -0.0000   0.01443000
  0.422708  -0.0000   0.01455000
  0.423268  -0.0000   0.01474000
  0.424091  -0.0000   0.01502000
  0.425297  -0.0000   0.01544000
  0.427055  -0.0000   0.01607000
  0.428770  -0.0000   0.01670000
  0.430449  -0.0000   0.01734000
  0.432096  -0.0000   0.01797000
  0.434159  -0.0000   0.01878000
  0.436181  -0.0000   0.01958000
  0.438598  -0.0000   0.02057000
  0.438959  -0.0000   0.02072000
  0.439300  -0.0000   0.02087000
  0.439321  -0.0000   0.02088000
  0.439352  -0.0000   0.02089000
  0.439398  -0.0000   0.02091000
  0.439467  -0.0000   0.02094000
  0.439570  -0.0000   0.02099000
  0.439725  -0.0000   0.02106000
  0.439955  -0.0000   0.02116000
  0.440296  -0.0000   0.02132000
  0.440801  -0.0000   0.02156000
  0.441546  -0.0000   0.02191000
  0.442639  -0.0000   0.02245000
  0.444237  -0.0000   0.02325000
  0.445798  -0.0000   0.02405000
  0.447329  -0.0000   0.02485000
  0.448834  -0.0000   0.02565000
  0.451001  -0.0000   0.02682000
  0.453123  -0.0000   0.02800000
  0.455205  -0.0000   0.02918000
  0.456268  -0.0000   0.02979000
  0.456803  -0.0000   0.03010000
  0.456811  -0.0000   0.03010000
  0.456818  -0.0000   0.03011000
  0.456830  -0.0000   0.03011000
  0.456848  -0.0000   0.03013000
  0.456874  -0.0000   0.03014000
  0.456913  -0.0000   0.03017000
  0.456972  -0.0000   0.03020000
  0.457059  -0.0000   0.03026000
  0.457190  -0.0000   0.03034000
  0.457385  -0.0000   0.03046000
  0.457676  -0.0000   0.03065000
  0.458106  -0.0000   0.03093000
  0.458742  -0.0000   0.03134000
  0.459677  -0.0000   0.03197000
  0.461046  -0.0000   0.03291000
  0.462646  -0.0000   0.03403000
  0.464213  -0.0000   0.03515000
  0.465751  -0.0000   0.03627000
  0.467772  -0.0000   0.03778000
  0.469753  -0.0000   0.03929000
  0.472109  -0.0000   0.04112000
  0.474418  -0.0000   0.04295000
  0.474678  -0.0000   0.04317000
  0.474743  -0.0000   0.04322000
  0.474807  -0.0000   0.04328000
  0.474903  -0.0000   0.04336000
  0.475047  -0.0000   0.04349000
  0.475261  -0.0000   0.04367000
  0.475579  -0.0000   0.04395000
  0.476051  -0.0000   0.04437000
  0.476749  -0.0000   0.04501000
  0.477774  -0.0000   0.04595000
  0.479276  -0.0000   0.04737000
  0.481238  -0.0000   0.04928000
  0.483155  -0.0000   0.05118000
  0.485034  -0.0000   0.05309000
  0.486880  -0.0000   0.05499000
  0.488695  -0.0000   0.05690000
  0.491294  -0.0000   0.05969000
  0.491729  -0.0000   0.06016000
  0.492155  -0.0000   0.06063000
  0.492180  -0.0000   0.06065000
  0.492206  -0.0000   0.06068000
  0.492231  -0.0000   0.06071000
  0.492269  -0.0000   0.06076000
  0.492325  -0.0000   0.06082000
  0.492410  -0.0000   0.06092000
  0.492536  -0.0000   0.06107000
  0.492725  -0.0000   0.06129000
  0.493006  -0.0000   0.06163000
  0.493422  -0.0000   0.06213000
  0.494038  -0.0000   0.06288000
  0.494946  -0.0000   0.06401000
  0.496277  -0.0000   0.06570000
  0.498223  -0.0000   0.06823000
  0.500125  -0.0000   0.07077000
  0.501990  -0.0000   0.07330000
  0.503821  -0.0000   0.07584000
  0.505622  -0.0000   0.07837000
  0.508177  -0.0000   0.08205000
  0.509002  -0.0000   0.08325000
  0.509813  -0.0000   0.08444000
  0.509824  -0.0000   0.08446000
  0.509842  -0.0000   0.08449000
  0.509869  -0.0000   0.08453000
  0.509910  -0.0000   0.08459000
  0.509970  -0.0000   0.08469000
  0.510060  -0.0000   0.08483000
  0.510195  -0.0000   0.08504000
  0.510396  -0.0000   0.08536000
  0.510695  -0.0000   0.08584000
  0.511138  -0.0000   0.08656000
  0.511794  -0.0000   0.08763000
  0.512761  -0.0000   0.08925000
  0.514179  -0.0000   0.09167000
  0.515875  -0.0000   0.09463000
  0.517538  -0.0000   0.09759000
  0.519173  -0.0000   0.10100000
  0.521255  -0.0000   0.10400000
  0.523299  -0.0000   0.10800000
  0.525814  -0.0000   0.11300000
  0.526686  -0.0000   0.11500000
  0.527537  -0.0000   0.11600000
  0.527550  -0.0000   0.11600000
  0.527569  -0.0000   0.11700000
  0.527597  -0.0000   0.11700000
  0.527640  -0.0000   0.11700000
  0.527704  -0.0000   0.11700000
  0.527800  -0.0000   0.11700000
  0.527943  -0.0000   0.11700000
  0.528156  -0.0000   0.11800000
  0.528472  -0.0000   0.11800000
  0.528942  -0.0000   0.11900000
  0.529637  -0.0000   0.12100000
  0.530662  -0.0000   0.12300000
  0.532165  -0.0000   0.12700000
  0.534159  -0.0000   0.13100000
  0.536111  -0.0000   0.13600000
  0.538027  -0.0000   0.14100000
  0.539911  -0.0000   0.14500000
  0.541764  -0.0000   0.15000000
  0.544486  -0.0000   0.15700000
  0.544884  -0.0000   0.15800000
  0.545264  -0.0000   0.15900000
  0.545288  -0.0000   0.15900000
  0.545323  -0.0000   0.15900000
  0.545375  -0.0000   0.15900000
  0.545453  -0.0000   0.15900000
  0.545570  -0.0000   0.16000000
  0.545745  -0.0000   0.16000000
  0.546005  -0.0000   0.16100000
  0.546392  -0.0000   0.16200000
  0.546965  -0.0000   0.16400000
  0.547812  -0.0000   0.16600000
  0.549059  -0.0000   0.17000000
  0.550886  -0.0000   0.17500000
  0.552676  -0.0000   0.18100000
  0.554435  -0.0000   0.18600000
  0.556166  -0.0000   0.19200000
  0.558488  -0.0000   0.20000000
  0.560769  -0.0000   0.20700000
  0.561724  -0.0000   0.21000000
  0.562673  -0.0000   0.21400000
  0.562918  -0.0000   0.21400000
  0.563161  -0.0000   0.21500000
  0.563403  -0.0000   0.21600000
  0.563644  -0.0000   0.21700000
  0.564001  -0.0000   0.21800000
  0.564532  -0.0000   0.22000000
  0.565317  -0.0000   0.22300000
  0.566475  -0.0000   0.22800000
  0.568173  -0.0000   0.23500000
  0.569841  -0.0000   0.24100000
  0.571481  -0.0000   0.24800000
  0.573096  -0.0000   0.25500000
  0.575470  -0.0000   0.26500000
  0.577800  -0.0000   0.27500000
  0.580089  -0.0000   0.28500000
  0.580421  -0.0000   0.28600000
  0.580441  -0.0000   0.28600000
  0.580461  -0.0000   0.28600000
  0.580481  -0.0000   0.28600000
  0.580511  -0.0000   0.28700000
  0.580556  -0.0000   0.28700000
  0.580624  -0.0000   0.28700000
  0.580725  -0.0000   0.28800000
  0.580875  -0.0000   0.28800000
  0.581100  -0.0000   0.28900000
  0.581434  -0.0000   0.29100000
  0.581930  -0.0000   0.29300000
  0.582665  -0.0000   0.29700000
  0.583749  -0.0000   0.30200000
  0.585341  -0.0000   0.31000000
  0.587308  -0.0000   0.32000000
  0.589238  -0.0000   0.33100000
  0.591135  -0.0000   0.34100000
  0.593003  -0.0000   0.35100000
  0.595519  -0.0000   0.36500000
  0.597988  -0.0000   0.37900000
  0.597999  -0.0000   0.37900000
  0.598016  -0.0000   0.37900000
  0.598041  -0.0000   0.37900000
  0.598078  -0.0000   0.37900000
  0.598135  -0.0000   0.38000000
  0.598219  -0.0000   0.38000000
  0.598345  -0.0000   0.38100000
  0.598532  -0.0000   0.38200000
  0.598812  -0.0000   0.38400000
  0.599227  -0.0000   0.38600000
  0.599843  -0.0000   0.39000000
  0.600753  -0.0000   0.39600000
  0.602094  -0.0000   0.40500000
  0.604060  -0.0000   0.41800000
  0.605989  -0.0000   0.43100000
  0.607884  -0.0000   0.44300000
  0.609749  -0.0000   0.45600000
  0.612207  -0.0000   0.47400000
  0.614622  -0.0000   0.49100000
  0.615200  -0.0000   0.49500000
  0.615770  -0.0000   0.50000000
  0.615779  -0.0000   0.50000000
  0.615792  -0.0000   0.50000000
  0.615811  -0.0000   0.50000000
  0.615840  -0.0000   0.50000000
  0.615883  -0.0000   0.50000000
  0.615948  -0.0000   0.50100000
  0.616045  -0.0000   0.50200000
  0.616189  -0.0000   0.50300000
  0.616405  -0.0000   0.50400000
  0.616727  -0.0000   0.50700000
  0.617204  -0.0000   0.51100000
  0.617912  -0.0000   0.51600000
  0.618958  -0.0000   0.52500000
  0.620496  -0.0000   0.53700000
  0.622537  -0.0000   0.55500000
  0.624539  -0.0000   0.57200000
  0.626507  -0.0000   0.58900000
  0.628444  -0.0000   0.60600000
  0.630987  -0.0000   0.62900000
  0.633096  -0.0000   0.64900000
  0.633438  -0.0000   0.65200000
  0.633459  -0.0000   0.65200000
  0.633479  -0.0000   0.65300000
  0.633500  -0.0000   0.65300000
  0.633532  -0.0000   0.65300000
  0.633579  -0.0000   0.65300000
  0.633649  -0.0000   0.65400000
  0.633754  -0.0000   0.65500000
  0.633911  -0.0000   0.65700000
  0.634145  -0.0000   0.65900000
  0.634494  -0.0000   0.66200000
  0.635012  -0.0000   0.66800000
  0.635780  -0.0000   0.67500000
  0.636914  -0.0000   0.68700000
  0.638582  -0.0000   0.70500000
  0.640575  -0.0000   0.72600000
  0.642532  -0.0000   0.74700000
  0.644458  -0.0000   0.76900000
  0.646356  -0.0000   0.79000000
  0.649100  -0.0000   0.82200000
  0.650129  -0.0000   0.83400000
  0.651133  -0.0000   0.84600000
  0.651148  -0.0000   0.84600000
  0.651163  -0.0000   0.84600000
  0.651179  -0.0000   0.84600000
  0.651201  -0.0000   0.84600000
  0.651236  -0.0000   0.84700000
  0.651287  -0.0000   0.84700000
  0.651363  -0.0000   0.84800000
  0.651478  -0.0000   0.85000000
  0.651649  -0.0000   0.85200000
  0.651905  -0.0000   0.85500000
  0.652285  -0.0000   0.86000000
  0.652850  -0.0000   0.86700000
  0.653686  -0.0000   0.87800000
  0.654921  -0.0000   0.89400000
  0.656738  -0.0000   0.91800000
  0.658523  -0.0000   0.94200000
  0.660281  -0.0000   0.96600000
  0.662014  -0.0000   0.99000000
  0.662698  -0.0000   1.00000000
  0.662665  -0.0000   1.00000000
  0.662665  -0.0000   1.00000000
  0.662665  -0.0000   1.00000000
  0.662665  -0.0000   1.00000000
  0.662665  -0.0000   1.00000000
  0.662665  -0.0000   1.00000000
  0.662665  -0.0000   1.00000000
  0.662665  -0.0000   1.00000000
  0.662665  -0.0000   1.00000000
  0.662664  -0.0000   1.00000000
  0.662664  -0.0000   1.00000000
  0.662664  -0.0000   1.00000000
  0.662664  -0.0000   1.00000000
  0.662664  -0.0000   1.00000000
  0.662663  -0.0000   1.00000000
  0.662662  -0.0000   1.00000000
