  0.000014  -0.0000   0.00000010
  0.000033  -0.0000   0.00000020
  0.000094  -0.0000   0.00000030
  0.000621  -0.0000   0.00000040
  0.006198  -0.0000   0.00000055
  0.006287  -0.0000   0.00000062
  0.006400  -0.0000   0.00000069
  0.006551  -0.0000   0.00000075
  0.006701  -0.0000   0.00000081
  0.006885  -0.0000   0.00000086
  0.007107  -0.0000   0.00000092
  0.007342  -0.0000   0.00000097
  0.007614  -0.0000   0.00000102
  0.007925  -0.0000   0.00000106
  0.008258  -0.0000   0.00000111
  0.008628  -0.0000   0.00000116
  0.009037  -0.0000   0.00000120
  0.009501  -0.0000   0.00000125
  0.010007  -0.0000   0.00000130
  0.010554  -0.0000   0.00000135
  0.011325  -0.0000   0.00000141
  0.012159  -0.0000   0.00000147
  0.013054  -0.0000   0.00000153
  0.014008  -0.0000   0.00000160
  0.015018  -0.0000   0.00000166
  0.016084  -0.0000   0.00000172
  0.017205  -0.0000   0.00000178
  0.018381  -0.0000   0.00000185
  0.019610  -0.0000   0.00000191
  0.019682  -0.0000   0.00000191
  0.019754  -0.0000   0.00000191
  0.019781  -0.0000   0.00000192
  0.019790  -0.0000   0.00000192
  0.019800  -0.0000   0.00000193
  0.019808  -0.0000   0.00000194
  0.019815  -0.0000   0.00000195
  0.019824  -0.0000   0.00000196
  0.019835  -0.0000   0.00000198
  0.019849  -0.0000   0.00000201
  0.019868  -0.0000   0.00000205
  0.019896  -0.0000   0.00000211
  0.019939  -0.0000   0.00000220
  0.020016  -0.0000   0.00000234
  0.020159  -0.0000   0.00000255
  0.020375  -0.0000   0.00000280
  0.020648  -0.0000   0.00000305
  0.020984  -0.0000   0.00000329
  0.021394  -0.0000   0.00000354
  0.021885  -0.0000   0.00000379
  0.022364  -0.0000   0.00000400
  0.022912  -0.0000   0.00000421
  0.023531  -0.0000   0.00000442
  0.024227  -0.0000   0.00000463
  0.025001  -0.0000   0.00000484
  0.025858  -0.0000   0.00000505
  0.026800  -0.0000   0.00000526
  0.027638  -0.0000   0.00000543
  0.028538  -0.0000   0.00000560
  0.029501  -0.0000   0.00000578
  0.030645  -0.0000   0.00000597
  0.031870  -0.0000   0.00000616
  0.033177  -0.0000   0.00000635
  0.034567  -0.0000   0.00000654
  0.036039  -0.0000   0.00000673
  0.036137  -0.0000   0.00000675
  0.036236  -0.0000   0.00000676
  0.036335  -0.0000   0.00000677
  0.036464  -0.0000   0.00000679
  0.036486  -0.0000   0.00000680
  0.036503  -0.0000   0.00000682
  0.036517  -0.0000   0.00000683
  0.036537  -0.0000   0.00000685
  0.036563  -0.0000   0.00000688
  0.036600  -0.0000   0.00000692
  0.036675  -0.0000   0.00000701
  0.036793  -0.0000   0.00000714
  0.036981  -0.0000   0.00000733
  0.037293  -0.0000   0.00000762
  0.037793  -0.0000   0.00000803
  0.038358  -0.0000   0.00000844
  0.038996  -0.0000   0.00000885
  0.039657  -0.0000   0.00000924
  0.040391  -0.0000   0.00000962
  0.041204  -0.0000   0.00001000
  0.042075  -0.0000   0.00001037
  0.043029  -0.0000   0.00001074
  0.044073  -0.0000   0.00001111
  0.045198  -0.0000   0.00001148
  0.046419  -0.0000   0.00001185
  0.047737  -0.0000   0.00001222
  0.049158  -0.0000   0.00001258
  0.050682  -0.0000   0.00001295
  0.052311  -0.0000   0.00001332
  0.054044  -0.0000   0.00001369
  0.054079  -0.0000   0.00001371
  0.054119  -0.0000   0.00001375
  0.054155  -0.0000   0.00001378
  0.054190  -0.0000   0.00001381
  0.054241  -0.0000   0.00001387
  0.054319  -0.0000   0.00001394
  0.054440  -0.0000   0.00001406
  0.054628  -0.0000   0.00001423
  0.054923  -0.0000   0.00001450
  0.055395  -0.0000   0.00001489
  0.056176  -0.0000   0.00001548
  0.056855  -0.0000   0.00001595
  0.057590  -0.0000   0.00001642
  0.058383  -0.0000   0.00001690
  0.059366  -0.0000   0.00001744
  0.060435  -0.0000   0.00001798
  0.061595  -0.0000   0.00001851
  0.062854  -0.0000   0.00001906
  0.064213  -0.0000   0.00001960
  0.065674  -0.0000   0.00002014
  0.067240  -0.0000   0.00002068
  0.068913  -0.0000   0.00002122
  0.070694  -0.0000   0.00002176
  0.070937  -0.0000   0.00002183
  0.071181  -0.0000   0.00002191
  0.071427  -0.0000   0.00002198
  0.071621  -0.0000   0.00002205
  0.071703  -0.0000   0.00002212
  0.071777  -0.0000   0.00002219
  0.071852  -0.0000   0.00002227
  0.071927  -0.0000   0.00002234
  0.072042  -0.0000   0.00002244
  0.072219  -0.0000   0.00002261
  0.072492  -0.0000   0.00002285
  0.072917  -0.0000   0.00002321
  0.073591  -0.0000   0.00002375
  0.074693  -0.0000   0.00002457
  0.075894  -0.0000   0.00002539
  0.077202  -0.0000   0.00002620
  0.078625  -0.0000   0.00002702
  0.080170  -0.0000   0.00002783
  0.081842  -0.0000   0.00002865
  0.083646  -0.0000   0.00002946
  0.085586  -0.0000   0.00003028
  0.087664  -0.0000   0.00003110
  0.088071  -0.0000   0.00003125
  0.088482  -0.0000   0.00003141
  0.088899  -0.0000   0.00003157
  0.089093  -0.0000   0.00003164
  0.089176  -0.0000   0.00003172
  0.089251  -0.0000   0.00003179
  0.089326  -0.0000   0.00003186
  0.089401  -0.0000   0.00003194
  0.089516  -0.0000   0.00003205
  0.089692  -0.0000   0.00003222
  0.089963  -0.0000   0.00003246
  0.090379  -0.0000   0.00003284
  0.091031  -0.0000   0.00003340
  0.092071  -0.0000   0.00003424
  0.093176  -0.0000   0.00003508
  0.094353  -0.0000   0.00003592
  0.095607  -0.0000   0.00003676
  0.097008  -0.0000   0.00003764
  0.098502  -0.0000   0.00003852
  0.100092  -0.0000   0.00003939
  0.101785  -0.0000   0.00004027
  0.103580  -0.0000   0.00004115
  0.105477  -0.0000   0.00004203
  0.105795  -0.0000   0.00004218
  0.106116  -0.0000   0.00004233
  0.106439  -0.0000   0.00004247
  0.106745  -0.0000   0.00004263
  0.106839  -0.0000   0.00004272
  0.106928  -0.0000   0.00004281
  0.107018  -0.0000   0.00004290
  0.107108  -0.0000   0.00004299
  0.107247  -0.0000   0.00004312
  0.107458  -0.0000   0.00004333
  0.107781  -0.0000   0.00004363
  0.108277  -0.0000   0.00004409
  0.109051  -0.0000   0.00004478
  0.110281  -0.0000   0.00004581
  0.111500  -0.0000   0.00004677
  0.112788  -0.0000   0.00004774
  0.114151  -0.0000   0.00004870
  0.115760  -0.0000   0.00004978
  0.117468  -0.0000   0.00005085
  0.119277  -0.0000   0.00005192
  0.121199  -0.0000   0.00005300
  0.123227  -0.0000   0.00005408
  0.123566  -0.0000   0.00005426
  0.123908  -0.0000   0.00005444
  0.124253  -0.0000   0.00005462
  0.124432  -0.0000   0.00005473
  0.124542  -0.0000   0.00005484
  0.124649  -0.0000   0.00005496
  0.124812  -0.0000   0.00005512
  0.124978  -0.0000   0.00005529
  0.125231  -0.0000   0.00005554
  0.125617  -0.0000   0.00005592
  0.126211  -0.0000   0.00005649
  0.127136  -0.0000   0.00005733
  0.128604  -0.0000   0.00005861
  0.129919  -0.0000   0.00005969
  0.131301  -0.0000   0.00006078
  0.132752  -0.0000   0.00006187
  0.134648  -0.0000   0.00006320
  0.136657  -0.0000   0.00006454
  0.138782  -0.0000   0.00006587
  0.141023  -0.0000   0.00006721
  0.141309  -0.0000   0.00006738
  0.141598  -0.0000   0.00006755
  0.141888  -0.0000   0.00006772
  0.142141  -0.0000   0.00006790
  0.142305  -0.0000   0.00006807
  0.142468  -0.0000   0.00006825
  0.142635  -0.0000   0.00006842
  0.142804  -0.0000   0.00006860
  0.143060  -0.0000   0.00006886
  0.143449  -0.0000   0.00006926
  0.144046  -0.0000   0.00006985
  0.144971  -0.0000   0.00007074
  0.146426  -0.0000   0.00007207
  0.147944  -0.0000   0.00007340
  0.149539  -0.0000   0.00007472
  0.151214  -0.0000   0.00007604
  0.153160  -0.0000   0.00007750
  0.155209  -0.0000   0.00007896
  0.157362  -0.0000   0.00008042
  0.159930  -0.0000   0.00008215
  0.160029  -0.0000   0.00008226
  0.160174  -0.0000   0.00008242
  0.160320  -0.0000   0.00008258
  0.160468  -0.0000   0.00008274
  0.160693  -0.0000   0.00008298
  0.161035  -0.0000   0.00008335
  0.161557  -0.0000   0.00008390
  0.162361  -0.0000   0.00008472
  0.163613  -0.0000   0.00008595
  0.165606  -0.0000   0.00008780
  0.167719  -0.0000   0.00008964
  0.169958  -0.0000   0.00009149
  0.172324  -0.0000   0.00009334
  0.174821  -0.0000   0.00009519
  0.177449  -0.0000   0.00009703
  0.177616  -0.0000   0.00009716
  0.177728  -0.0000   0.00009729
  0.177838  -0.0000   0.00009742
  0.178006  -0.0000   0.00009761
  0.178176  -0.0000   0.00009780
  0.178434  -0.0000   0.00009809
  0.178826  -0.0000   0.00009852
  0.179424  -0.0000   0.00009916
  0.180337  -0.0000   0.00010010
  0.181677  -0.0000   0.00010160
  0.183644  -0.0000   0.00010380
  0.186257  -0.0000   0.00010670
  0.188814  -0.0000   0.00010970
  0.191319  -0.0000   0.00011270
  0.193774  -0.0000   0.00011570
  0.194168  -0.0000   0.00011610
  0.194561  -0.0000   0.00011660
  0.194953  -0.0000   0.00011710
  0.195267  -0.0000   0.00011750
  0.195407  -0.0000   0.00011780
  0.195547  -0.0000   0.00011800
  0.195688  -0.0000   0.00011830
  0.195829  -0.0000   0.00011860
  0.196042  -0.0000   0.00011900
  0.196359  -0.0000   0.00011960
  0.196832  -0.0000   0.00012050
  0.197534  -0.0000   0.00012190
  0.198574  -0.0000   0.00012400
  0.200108  -0.0000   0.00012710
  0.202362  -0.0000   0.00013170
  0.204574  -0.0000   0.00013630
  0.206747  -0.0000   0.00014100
  0.208885  -0.0000   0.00014560
  0.211578  -0.0000   0.00015160
  0.211934  -0.0000   0.00015240
  0.212289  -0.0000   0.00015320
  0.212642  -0.0000   0.00015400
  0.213114  -0.0000   0.00015520
  0.213245  -0.0000   0.00015560
  0.213443  -0.0000   0.00015630
  0.213642  -0.0000   0.00015690
  0.213841  -0.0000   0.00015760
  0.214139  -0.0000   0.00015860
  0.214583  -0.0000   0.00016010
  0.215242  -0.0000   0.00016240
  0.216220  -0.0000   0.00016570
  0.217664  -0.0000   0.00017080
  0.219788  -0.0000   0.00017840
  0.221876  -0.0000   0.00018600
  0.223931  -0.0000   0.00019360
  0.225954  -0.0000   0.00020120
  0.228707  -0.0000   0.00021180
  0.229352  -0.0000   0.00021430
  0.229994  -0.0000   0.00021680
  0.230632  -0.0000   0.00021930
  0.230836  -0.0000   0.00022020
  0.230989  -0.0000   0.00022100
  0.231144  -0.0000   0.00022190
  0.231376  -0.0000   0.00022320
  0.231608  -0.0000   0.00022450
  0.231954  -0.0000   0.00022640
  0.232471  -0.0000   0.00022940
  0.233237  -0.0000   0.00023370
  0.234371  -0.0000   0.00024030
  0.236044  -0.0000   0.00025020
  0.238107  -0.0000   0.00026260
  0.240138  -0.0000   0.00027500
  0.242138  -0.0000   0.00028740
  0.244647  -0.0000   0.00030320
  0.247111  -0.0000   0.00031910
  0.247440  -0.0000   0.00032120
  0.247767  -0.0000   0.00032330
  0.248094  -0.0000   0.00032540
  0.248572  -0.0000   0.00032860
  0.248703  -0.0000   0.00032980
  0.248834  -0.0000   0.00033100
  0.248966  -0.0000   0.00033220
  0.249164  -0.0000   0.00033390
  0.249460  -0.0000   0.00033660
  0.249902  -0.0000   0.00034060
  0.250559  -0.0000   0.00034670
  0.251533  -0.0000   0.00035570
  0.252972  -0.0000   0.00036930
  0.255091  -0.0000   0.00038960
  0.257175  -0.0000   0.00041000
  0.259228  -0.0000   0.00043030
  0.261251  -0.0000   0.00045070
  0.263997  -0.0000   0.00047890
  0.264960  -0.0000   0.00048880
  0.265917  -0.0000   0.00049880
  0.266236  -0.0000   0.00050210
  0.266488  -0.0000   0.00050540
  0.266724  -0.0000   0.00050880
  0.266961  -0.0000   0.00051210
  0.267198  -0.0000   0.00051540
  0.267551  -0.0000   0.00052040
  0.268076  -0.0000   0.00052790
  0.268857  -0.0000   0.00053920
  0.270013  -0.0000   0.00055600
  0.271720  -0.0000   0.00058130
  0.273750  -0.0000   0.00061190
  0.275750  -0.0000   0.00064250
  0.277722  -0.0000   0.00067300
  0.280318  -0.0000   0.00071410
  0.282867  -0.0000   0.00075510
  0.283160  -0.0000   0.00075980
  0.283453  -0.0000   0.00076450
  0.283745  -0.0000   0.00076930
  0.284147  -0.0000   0.00077630
  0.284271  -0.0000   0.00077900
  0.284458  -0.0000   0.00078300
  0.284738  -0.0000   0.00078900
  0.285018  -0.0000   0.00079500
  0.285435  -0.0000   0.00080390
  0.286056  -0.0000   0.00081740
  0.286976  -0.0000   0.00083760
  0.288338  -0.0000   0.00086790
  0.290347  -0.0000   0.00091330
  0.292326  -0.0000   0.00095880
  0.294276  -0.0000   0.00100400
  0.296201  -0.0000   0.00105000
  0.299031  -0.0000   0.00111800
  0.301808  -0.0000   0.00118600
  0.301980  -0.0000   0.00119100
  0.302145  -0.0000   0.00119600
  0.302311  -0.0000   0.00120200
  0.302559  -0.0000   0.00120900
  0.302929  -0.0000   0.00122100
  0.303480  -0.0000   0.00123900
  0.304298  -0.0000   0.00126500
  0.305509  -0.0000   0.00130500
  0.307297  -0.0000   0.00136400
  0.309596  -0.0000   0.00144200
  0.311859  -0.0000   0.00152000
  0.314086  -0.0000   0.00159700
  0.316280  -0.0000   0.00167500
  0.319361  -0.0000   0.00178600
  0.319589  -0.0000   0.00179500
  0.319772  -0.0000   0.00180300
  0.319953  -0.0000   0.00181100
  0.320135  -0.0000   0.00181900
  0.320316  -0.0000   0.00182800
  0.320587  -0.0000   0.00184000
  0.320991  -0.0000   0.00185900
  0.321591  -0.0000   0.00188700
  0.322484  -0.0000   0.00192900
  0.323805  -0.0000   0.00199100
  0.325755  -0.0000   0.00208600
  0.327678  -0.0000   0.00218000
  0.329574  -0.0000   0.00227400
  0.331447  -0.0000   0.00236800
  0.334204  -0.0000   0.00250900
  0.335829  -0.0000   0.00259400
  0.337417  -0.0000   0.00267800
  0.337498  -0.0000   0.00268300
  0.337619  -0.0000   0.00269100
  0.337801  -0.0000   0.00270300
  0.338074  -0.0000   0.00272100
  0.338481  -0.0000   0.00274700
  0.339087  -0.0000   0.00278700
  0.339987  -0.0000   0.00284700
  0.341321  -0.0000   0.00293700
  0.343289  -0.0000   0.00307200
  0.345229  -0.0000   0.00320700
  0.347144  -0.0000   0.00334100
  0.349034  -0.0000   0.00347600
  0.351818  -0.0000   0.00367800
  0.355022  -0.0000   0.00391600
  0.355256  -0.0000   0.00393400
  0.355454  -0.0000   0.00395200
  0.355652  -0.0000   0.00397000
  0.355850  -0.0000   0.00398800
  0.356147  -0.0000   0.00401500
  0.356589  -0.0000   0.00405500
  0.357246  -0.0000   0.00411600
  0.358223  -0.0000   0.00420600
  0.359668  -0.0000   0.00434200
  0.361800  -0.0000   0.00454700
  0.363900  -0.0000   0.00475100
  0.365971  -0.0000   0.00495500
  0.368014  -0.0000   0.00516000
  0.371021  -0.0000   0.00546600
  0.371559  -0.0000   0.00552100
  0.372095  -0.0000   0.00557600
  0.372630  -0.0000   0.00563100
  0.372954  -0.0000   0.00566600
  0.373023  -0.0000   0.00567400
  0.373093  -0.0000   0.00568300
  0.373198  -0.0000   0.00569600
  0.373355  -0.0000   0.00571500
  0.373590  -0.0000   0.00574500
  0.373941  -0.0000   0.00578800
  0.374463  -0.0000   0.00585400
  0.375240  -0.0000   0.00595200
  0.376393  -0.0000   0.00610000
  0.378097  -0.0000   0.00632200
  0.380346  -0.0000   0.00661900
  0.382562  -0.0000   0.00691600
  0.384745  -0.0000   0.00721400
  0.386899  -0.0000   0.00751100
  0.390067  -0.0000   0.00795700
  0.390352  -0.0000   0.00799700
  0.390636  -0.0000   0.00803700
  0.390883  -0.0000   0.00807700
  0.391242  -0.0000   0.00813800
  0.391600  -0.0000   0.00819800
  0.391956  -0.0000   0.00825800
  0.392487  -0.0000   0.00834900
  0.393276  -0.0000   0.00848400
  0.394447  -0.0000   0.00868800
  0.396179  -0.0000   0.00899300
  0.398557  -0.0000   0.00941900
  0.400898  -0.0000   0.00984500
  0.403204  -0.0000   0.01027000
  0.405477  -0.0000   0.01070000
  0.407218  -0.0000   0.01103000
  0.407975  -0.0000   0.01117000
  0.408682  -0.0000   0.01132000
  0.408842  -0.0000   0.01135000
  0.409003  -0.0000   0.01139000
  0.409163  -0.0000   0.01142000
  0.409403  -0.0000   0.01148000
  0.409762  -0.0000   0.01156000
  0.410296  -0.0000   0.01168000
  0.411091  -0.0000   0.01186000
  0.412270  -0.0000   0.01214000
  0.414015  -0.0000   0.01255000
  0.416386  -0.0000   0.01312000
  0.418720  -0.0000   0.01368000
  0.421021  -0.0000   0.01425000
  0.423289  -0.0000   0.01482000
  0.425013  -0.0000   0.01525000
  0.425862  -0.0000   0.01547000
  0.426331  -0.0000   0.01559000
  0.426433  -0.0000   0.01562000
  0.426535  -0.0000   0.01565000
  0.426638  -0.0000   0.01568000
  0.426792  -0.0000   0.01573000
  0.427022  -0.0000   0.01579000
  0.427365  -0.0000   0.01590000
  0.427877  -0.0000   0.01605000
  0.428638  -0.0000   0.01628000
  0.429769  -0.0000   0.01663000
  0.431442  -0.0000   0.01714000
  0.433756  -0.0000   0.01787000
  0.436035  -0.0000   0.01860000
  0.438281  -0.0000   0.01933000
  0.440498  -0.0000   0.02006000
  0.443661  -0.0000   0.02111000
  0.443955  -0.0000   0.02121000
  0.444226  -0.0000   0.02131000
  0.444289  -0.0000   0.02133000
  0.444385  -0.0000   0.02137000
  0.444529  -0.0000   0.02143000
  0.444744  -0.0000   0.02151000
  0.445065  -0.0000   0.02163000
  0.445544  -0.0000   0.02182000
  0.446257  -0.0000   0.02210000
  0.447315  -0.0000   0.02252000
  0.448883  -0.0000   0.02315000
  0.451196  -0.0000   0.02410000
  0.453473  -0.0000   0.02505000
  0.455719  -0.0000   0.02599000
  0.457935  -0.0000   0.02694000
  0.461031  -0.0000   0.02828000
  0.461379  -0.0000   0.02843000
  0.461726  -0.0000   0.02858000
  0.462044  -0.0000   0.02874000
  0.462158  -0.0000   0.02879000
  0.462329  -0.0000   0.02888000
  0.462584  -0.0000   0.02901000
  0.462966  -0.0000   0.02920000
  0.463535  -0.0000   0.02948000
  0.464380  -0.0000   0.02992000
  0.465635  -0.0000   0.03056000
  0.467490  -0.0000   0.03153000
  0.469771  -0.0000   0.03274000
  0.472018  -0.0000   0.03395000
  0.474235  -0.0000   0.03516000
  0.476425  -0.0000   0.03638000
  0.479642  -0.0000   0.03818000
  0.479872  -0.0000   0.03833000
  0.480098  -0.0000   0.03847000
  0.480324  -0.0000   0.03862000
  0.480550  -0.0000   0.03876000
  0.480886  -0.0000   0.03898000
  0.481389  -0.0000   0.03930000
  0.482136  -0.0000   0.03979000
  0.483247  -0.0000   0.04052000
  0.484891  -0.0000   0.04162000
  0.487317  -0.0000   0.04326000
  0.489706  -0.0000   0.04490000
  0.492061  -0.0000   0.04655000
  0.494387  -0.0000   0.04819000
  0.497414  -0.0000   0.05036000
  0.497650  -0.0000   0.05055000
  0.497881  -0.0000   0.05074000
  0.498111  -0.0000   0.05092000
  0.498341  -0.0000   0.05111000
  0.498685  -0.0000   0.05139000
  0.499197  -0.0000   0.05181000
  0.499960  -0.0000   0.05244000
  0.501093  -0.0000   0.05339000
  0.502770  -0.0000   0.05480000
  0.505245  -0.0000   0.05693000
  0.507681  -0.0000   0.05906000
  0.510085  -0.0000   0.06119000
  0.512458  -0.0000   0.06331000
  0.514308  -0.0000   0.06499000
  0.514858  -0.0000   0.06549000
  0.515388  -0.0000   0.06599000
  0.515418  -0.0000   0.06602000
  0.515464  -0.0000   0.06606000
  0.515533  -0.0000   0.06613000
  0.515637  -0.0000   0.06624000
  0.515792  -0.0000   0.06640000
  0.516023  -0.0000   0.06663000
  0.516370  -0.0000   0.06699000
  0.516887  -0.0000   0.06752000
  0.517656  -0.0000   0.06832000
  0.518798  -0.0000   0.06952000
  0.520490  -0.0000   0.07132000
  0.522973  -0.0000   0.07400000
  0.525418  -0.0000   0.07668000
  0.527830  -0.0000   0.07936000
  0.530213  -0.0000   0.08205000
  0.532276  -0.0000   0.08439000
  0.532732  -0.0000   0.08491000
  0.533175  -0.0000   0.08543000
  0.533277  -0.0000   0.08556000
  0.533354  -0.0000   0.08566000
  0.533431  -0.0000   0.08576000
  0.533546  -0.0000   0.08590000
  0.533718  -0.0000   0.08612000
  0.533975  -0.0000   0.08645000
  0.534360  -0.0000   0.08694000
  0.534933  -0.0000   0.08768000
  0.535787  -0.0000   0.08879000
  0.537053  -0.0000   0.09046000
  0.538928  -0.0000   0.09295000
  0.541414  -0.0000   0.09632000
  0.543864  -0.0000   0.10000000
  0.546283  -0.0000   0.10300000
  0.548674  -0.0000   0.10600000
  0.549456  -0.0000   0.10800000
  0.550236  -0.0000   0.10900000
  0.550998  -0.0000   0.11000000
  0.551064  -0.0000   0.11000000
  0.551130  -0.0000   0.11000000
  0.551195  -0.0000   0.11000000
  0.551294  -0.0000   0.11000000
  0.551442  -0.0000   0.11000000
  0.551664  -0.0000   0.11100000
  0.551995  -0.0000   0.11100000
  0.552488  -0.0000   0.11200000
  0.553223  -0.0000   0.11300000
  0.554316  -0.0000   0.11500000
  0.555936  -0.0000   0.11800000
  0.558326  -0.0000   0.12200000
  0.560683  -0.0000   0.12600000
  0.563010  -0.0000   0.13000000
  0.565310  -0.0000   0.13400000
  0.568476  -0.0000   0.13900000
  0.568758  -0.0000   0.14000000
  0.568822  -0.0000   0.14000000
  0.568887  -0.0000   0.14000000
  0.568952  -0.0000   0.14000000
  0.569049  -0.0000   0.14000000
  0.569195  -0.0000   0.14100000
  0.569413  -0.0000   0.14100000
  0.569739  -0.0000   0.14200000
  0.570225  -0.0000   0.14300000
  0.570949  -0.0000   0.14400000
  0.572026  -0.0000   0.14600000
  0.573621  -0.0000   0.14900000
  0.575976  -0.0000   0.15400000
  0.578298  -0.0000   0.15900000
  0.580592  -0.0000   0.16400000
  0.582861  -0.0000   0.16900000
  0.586018  -0.0000   0.17500000
  0.586334  -0.0000   0.17600000
  0.586635  -0.0000   0.17700000
  0.586707  -0.0000   0.17700000
  0.586778  -0.0000   0.17700000
  0.586850  -0.0000   0.17700000
  0.586958  -0.0000   0.17800000
  0.587120  -0.0000   0.17800000
  0.587361  -0.0000   0.17900000
  0.587722  -0.0000   0.17900000
  0.588260  -0.0000   0.18100000
  0.589061  -0.0000   0.18300000
  0.590252  -0.0000   0.18600000
  0.592014  -0.0000   0.19000000
  0.594616  -0.0000   0.19600000
  0.597180  -0.0000   0.20300000
  0.599711  -0.0000   0.21000000
  0.602215  -0.0000   0.21600000
  0.603490  -0.0000   0.21900000
  0.604317  -0.0000   0.22200000
  0.604564  -0.0000   0.22200000
  0.604810  -0.0000   0.22300000
  0.605056  -0.0000   0.22400000
  0.605301  -0.0000   0.22400000
  0.605667  -0.0000   0.22600000
  0.606213  -0.0000   0.22700000
  0.607027  -0.0000   0.23000000
  0.608235  -0.0000   0.23300000
  0.610025  -0.0000   0.23900000
  0.612667  -0.0000   0.24700000
  0.615272  -0.0000   0.25500000
  0.617844  -0.0000   0.26300000
  0.620388  -0.0000   0.27100000
  0.621247  -0.0000   0.27400000
  0.622102  -0.0000   0.27600000
  0.622354  -0.0000   0.27700000
  0.622605  -0.0000   0.27800000
  0.622855  -0.0000   0.27900000
  0.623104  -0.0000   0.28000000
  0.623477  -0.0000   0.28100000
  0.624032  -0.0000   0.28300000
  0.624860  -0.0000   0.28600000
  0.626090  -0.0000   0.29100000
  0.627911  -0.0000   0.29700000
  0.630598  -0.0000   0.30700000
  0.633249  -0.0000   0.31700000
  0.635867  -0.0000   0.32700000
  0.638457  -0.0000   0.33700000
  0.639127  -0.0000   0.34000000
  0.639796  -0.0000   0.34200000
  0.640123  -0.0000   0.34300000
  0.640442  -0.0000   0.34500000
  0.640759  -0.0000   0.34600000
  0.641076  -0.0000   0.34800000
  0.641549  -0.0000   0.35000000
  0.642253  -0.0000   0.35300000
  0.643301  -0.0000   0.35700000
  0.644855  -0.0000   0.36400000
  0.647153  -0.0000   0.37400000
  0.649802  -0.0000   0.38600000
  0.652419  -0.0000   0.39800000
  0.655007  -0.0000   0.41000000
  0.657568  -0.0000   0.42200000
  0.657844  -0.0000   0.42300000
  0.657910  -0.0000   0.42300000
  0.657975  -0.0000   0.42300000
  0.658041  -0.0000   0.42400000
  0.658140  -0.0000   0.42400000
  0.658288  -0.0000   0.42500000
  0.658509  -0.0000   0.42600000
  0.658840  -0.0000   0.42800000
  0.659333  -0.0000   0.43000000
  0.660069  -0.0000   0.43400000
  0.661162  -0.0000   0.44000000
  0.662783  -0.0000   0.44800000
  0.665178  -0.0000   0.46100000
  0.667543  -0.0000   0.47400000
  0.669882  -0.0000   0.48600000
  0.672198  -0.0000   0.49900000
  0.675179  -0.0000   0.51500000
  0.675491  -0.0000   0.51700000
  0.675786  -0.0000   0.51900000
  0.676075  -0.0000   0.52100000
  0.676364  -0.0000   0.52200000
  0.676651  -0.0000   0.52400000
  0.677081  -0.0000   0.52700000
  0.677722  -0.0000   0.53100000
  0.678675  -0.0000   0.53600000
  0.680091  -0.0000   0.54500000
  0.682185  -0.0000   0.55800000
  0.684982  -0.0000   0.57600000
  0.687743  -0.0000   0.59400000
  0.690472  -0.0000   0.61200000
  0.693172  -0.0000   0.63000000
  0.693461  -0.0000   0.63200000
  0.693530  -0.0000   0.63200000
  0.693598  -0.0000   0.63300000
  0.693667  -0.0000   0.63300000
  0.693769  -0.0000   0.63400000
  0.693923  -0.0000   0.63500000
  0.694153  -0.0000   0.63600000
  0.694497  -0.0000   0.63900000
  0.695010  -0.0000   0.64300000
  0.695775  -0.0000   0.64800000
  0.696911  -0.0000   0.65600000
  0.698596  -0.0000   0.66900000
  0.701087  -0.0000   0.68700000
  0.703546  -0.0000   0.70600000
  0.705979  -0.0000   0.72500000
  0.708388  -0.0000   0.74300000
  0.711277  -0.0000   0.76600000
  0.711319  -0.0000   0.76600000
  0.711361  -0.0000   0.76700000
  0.711403  -0.0000   0.76700000
  0.711467  -0.0000   0.76800000
  0.711562  -0.0000   0.76800000
  0.711704  -0.0000   0.77000000
  0.711916  -0.0000   0.77100000
  0.712234  -0.0000   0.77400000
  0.712709  -0.0000   0.77800000
  0.713417  -0.0000   0.78400000
  0.714469  -0.0000   0.79300000
  0.716031  -0.0000   0.80700000
  0.718342  -0.0000   0.82700000
  0.720911  -0.0000   0.85000000
  0.723452  -0.0000   0.87300000
  0.725967  -0.0000   0.89600000
  0.728460  -0.0000   0.91900000
  0.728828  -0.0000   0.92200000
  0.729196  -0.0000   0.92600000
  0.729218  -0.0000   0.92600000
  0.729250  -0.0000   0.92600000
  0.729299  -0.0000   0.92700000
  0.729372  -0.0000   0.92700000
  0.729481  -0.0000   0.92800000
  0.729645  -0.0000   0.93000000
  0.729890  -0.0000   0.93200000
  0.730256  -0.0000   0.93600000
  0.730803  -0.0000   0.94200000
  0.731617  -0.0000   0.95000000
  0.732826  -0.0000   0.96200000
  0.734619  -0.0000   0.98000000
  0.736514  -0.0000   1.00000000
  0.736393  -0.0000   1.00000000
  0.736393  -0.0000   1.00000000
  0.736393  -0.0000   1.00000000
  0.736393  -0.0000   1.00000000
  0.736393  -0.0000   1.00000000
  0.736393  -0.0000   1.00000000
  0.736393  -0.0000   1.00000000
  0.736393  -0.0000   1.00000000
  0.736393  -0.0000   1.00000000
  0.736393  -0.0000   1.00000000
  0.736393  -0.0000   1.00000000
  0.736392  -0.0000   1.00000000
  0.736391  -0.0000   1.00000000
  0.736391  -0.0000   1.00000000
