  0.000012  -0.0000   0.00000010
  0.000027  -0.0000   0.00000020
  0.000075  -0.0000   0.00000030
  0.000835  -0.0000   0.00000045
  0.006118  -0.0000   0.00000057
  0.006231  -0.0000   0.00000069
  0.006368  -0.0000   0.00000079
  0.006532  -0.0000   0.00000088
  0.006759  -0.0000   0.00000096
  0.006975  -0.0000   0.00000103
  0.007240  -0.0000   0.00000109
  0.007559  -0.0000   0.00000116
  0.007936  -0.0000   0.00000122
  0.008374  -0.0000   0.00000129
  0.008875  -0.0000   0.00000135
  0.009439  -0.0000   0.00000142
  0.010066  -0.0000   0.00000148
  0.010754  -0.0000   0.00000155
  0.011500  -0.0000   0.00000161
  0.012301  -0.0000   0.00000168
  0.013155  -0.0000   0.00000174
  0.014058  -0.0000   0.00000181
  0.015010  -0.0000   0.00000187
  0.016007  -0.0000   0.00000194
  0.017200  -0.0000   0.00000201
  0.018450  -0.0000   0.00000209
  0.019698  -0.0000   0.00000216
  0.019706  -0.0000   0.00000217
  0.019715  -0.0000   0.00000217
  0.019721  -0.0000   0.00000218
  0.019727  -0.0000   0.00000219
  0.019734  -0.0000   0.00000220
  0.019742  -0.0000   0.00000221
  0.019753  -0.0000   0.00000224
  0.019767  -0.0000   0.00000227
  0.019785  -0.0000   0.00000232
  0.019811  -0.0000   0.00000240
  0.019852  -0.0000   0.00000252
  0.019925  -0.0000   0.00000270
  0.020066  -0.0000   0.00000297
  0.020224  -0.0000   0.00000320
  0.020416  -0.0000   0.00000344
  0.020649  -0.0000   0.00000368
  0.020922  -0.0000   0.00000392
  0.021244  -0.0000   0.00000415
  0.021622  -0.0000   0.00000439
  0.022010  -0.0000   0.00000460
  0.022451  -0.0000   0.00000481
  0.022948  -0.0000   0.00000502
  0.023507  -0.0000   0.00000523
  0.024128  -0.0000   0.00000544
  0.024814  -0.0000   0.00000565
  0.025530  -0.0000   0.00000585
  0.026308  -0.0000   0.00000606
  0.027152  -0.0000   0.00000626
  0.028062  -0.0000   0.00000646
  0.029039  -0.0000   0.00000666
  0.030087  -0.0000   0.00000687
  0.031206  -0.0000   0.00000707
  0.032396  -0.0000   0.00000727
  0.033660  -0.0000   0.00000747
  0.034996  -0.0000   0.00000768
  0.035593  -0.0000   0.00000776
  0.036182  -0.0000   0.00000785
  0.036201  -0.0000   0.00000787
  0.036215  -0.0000   0.00000788
  0.036227  -0.0000   0.00000789
  0.036238  -0.0000   0.00000790
  0.036253  -0.0000   0.00000792
  0.036273  -0.0000   0.00000795
  0.036301  -0.0000   0.00000799
  0.036356  -0.0000   0.00000808
  0.036440  -0.0000   0.00000821
  0.036576  -0.0000   0.00000840
  0.036798  -0.0000   0.00000869
  0.037178  -0.0000   0.00000913
  0.037541  -0.0000   0.00000950
  0.037944  -0.0000   0.00000987
  0.038390  -0.0000   0.00001025
  0.039022  -0.0000   0.00001072
  0.039736  -0.0000   0.00001119
  0.040537  -0.0000   0.00001165
  0.041434  -0.0000   0.00001212
  0.042433  -0.0000   0.00001259
  0.043539  -0.0000   0.00001306
  0.044760  -0.0000   0.00001352
  0.046100  -0.0000   0.00001399
  0.047295  -0.0000   0.00001438
  0.048578  -0.0000   0.00001477
  0.049950  -0.0000   0.00001516
  0.051564  -0.0000   0.00001558
  0.053288  -0.0000   0.00001601
  0.053411  -0.0000   0.00001604
  0.053534  -0.0000   0.00001607
  0.053582  -0.0000   0.00001610
  0.053624  -0.0000   0.00001614
  0.053660  -0.0000   0.00001619
  0.053695  -0.0000   0.00001623
  0.053747  -0.0000   0.00001630
  0.053825  -0.0000   0.00001640
  0.053947  -0.0000   0.00001656
  0.054137  -0.0000   0.00001679
  0.054438  -0.0000   0.00001713
  0.054927  -0.0000   0.00001765
  0.055751  -0.0000   0.00001842
  0.056676  -0.0000   0.00001919
  0.057711  -0.0000   0.00001997
  0.058868  -0.0000   0.00002074
  0.059936  -0.0000   0.00002139
  0.061103  -0.0000   0.00002205
  0.062374  -0.0000   0.00002270
  0.063753  -0.0000   0.00002335
  0.065244  -0.0000   0.00002401
  0.066852  -0.0000   0.00002466
  0.068577  -0.0000   0.00002531
  0.070421  -0.0000   0.00002596
  0.070576  -0.0000   0.00002602
  0.070731  -0.0000   0.00002607
  0.070887  -0.0000   0.00002613
  0.070940  -0.0000   0.00002618
  0.070982  -0.0000   0.00002623
  0.071022  -0.0000   0.00002628
  0.071060  -0.0000   0.00002633
  0.071118  -0.0000   0.00002640
  0.071207  -0.0000   0.00002651
  0.071343  -0.0000   0.00002668
  0.071554  -0.0000   0.00002693
  0.071882  -0.0000   0.00002730
  0.072401  -0.0000   0.00002786
  0.073245  -0.0000   0.00002871
  0.074080  -0.0000   0.00002948
  0.074981  -0.0000   0.00003026
  0.075950  -0.0000   0.00003103
  0.077005  -0.0000   0.00003181
  0.078139  -0.0000   0.00003260
  0.079357  -0.0000   0.00003338
  0.080650  -0.0000   0.00003416
  0.082032  -0.0000   0.00003493
  0.083505  -0.0000   0.00003571
  0.085094  -0.0000   0.00003650
  0.086779  -0.0000   0.00003728
  0.087656  -0.0000   0.00003768
  0.088009  -0.0000   0.00003784
  0.088275  -0.0000   0.00003800
  0.088362  -0.0000   0.00003811
  0.088445  -0.0000   0.00003821
  0.088527  -0.0000   0.00003832
  0.088611  -0.0000   0.00003842
  0.088740  -0.0000   0.00003858
  0.088936  -0.0000   0.00003882
  0.089239  -0.0000   0.00003917
  0.089709  -0.0000   0.00003971
  0.090453  -0.0000   0.00004051
  0.091664  -0.0000   0.00004171
  0.092979  -0.0000   0.00004291
  0.094406  -0.0000   0.00004411
  0.095953  -0.0000   0.00004531
  0.097626  -0.0000   0.00004651
  0.099431  -0.0000   0.00004770
  0.101373  -0.0000   0.00004890
  0.103109  -0.0000   0.00004992
  0.104945  -0.0000   0.00005093
  0.105410  -0.0000   0.00005118
  0.105621  -0.0000   0.00005130
  0.105735  -0.0000   0.00005141
  0.105823  -0.0000   0.00005152
  0.105909  -0.0000   0.00005164
  0.105997  -0.0000   0.00005175
  0.106131  -0.0000   0.00005192
  0.106335  -0.0000   0.00005218
  0.106649  -0.0000   0.00005256
  0.107134  -0.0000   0.00005314
  0.107894  -0.0000   0.00005401
  0.109110  -0.0000   0.00005530
  0.110159  -0.0000   0.00005636
  0.111268  -0.0000   0.00005742
  0.112439  -0.0000   0.00005848
  0.113997  -0.0000   0.00005980
  0.115661  -0.0000   0.00006112
  0.117434  -0.0000   0.00006244
  0.119321  -0.0000   0.00006376
  0.121321  -0.0000   0.00006508
  0.122752  -0.0000   0.00006598
  0.122939  -0.0000   0.00006610
  0.123125  -0.0000   0.00006622
  0.123218  -0.0000   0.00006634
  0.123305  -0.0000   0.00006646
  0.123392  -0.0000   0.00006657
  0.123480  -0.0000   0.00006669
  0.123615  -0.0000   0.00006687
  0.123820  -0.0000   0.00006714
  0.124134  -0.0000   0.00006754
  0.124616  -0.0000   0.00006814
  0.125364  -0.0000   0.00006904
  0.126548  -0.0000   0.00007038
  0.127814  -0.0000   0.00007175
  0.129152  -0.0000   0.00007311
  0.130568  -0.0000   0.00007447
  0.132206  -0.0000   0.00007596
  0.133943  -0.0000   0.00007745
  0.135781  -0.0000   0.00007893
  0.137723  -0.0000   0.00008042
  0.139769  -0.0000   0.00008190
  0.140012  -0.0000   0.00008208
  0.140256  -0.0000   0.00008226
  0.140502  -0.0000   0.00008243
  0.140680  -0.0000   0.00008260
  0.140799  -0.0000   0.00008276
  0.140917  -0.0000   0.00008293
  0.141098  -0.0000   0.00008318
  0.141282  -0.0000   0.00008343
  0.141563  -0.0000   0.00008380
  0.141991  -0.0000   0.00008436
  0.142651  -0.0000   0.00008520
  0.143682  -0.0000   0.00008646
  0.145327  -0.0000   0.00008835
  0.147079  -0.0000   0.00009023
  0.148945  -0.0000   0.00009212
  0.150929  -0.0000   0.00009401
  0.153035  -0.0000   0.00009590
  0.155266  -0.0000   0.00009779
  0.157623  -0.0000   0.00009968
  0.157812  -0.0000   0.00009983
  0.158002  -0.0000   0.00009998
  0.158170  -0.0000   0.00010010
  0.158293  -0.0000   0.00010030
  0.158414  -0.0000   0.00010050
  0.158536  -0.0000   0.00010070
  0.158658  -0.0000   0.00010090
  0.158842  -0.0000   0.00010110
  0.159117  -0.0000   0.00010150
  0.159526  -0.0000   0.00010210
  0.160132  -0.0000   0.00010310
  0.161026  -0.0000   0.00010440
  0.162338  -0.0000   0.00010650
  0.164255  -0.0000   0.00010960
  0.166128  -0.0000   0.00011270
  0.167962  -0.0000   0.00011580
  0.169761  -0.0000   0.00011890
  0.172269  -0.0000   0.00012340
  0.174712  -0.0000   0.00012780
  0.174963  -0.0000   0.00012830
  0.175212  -0.0000   0.00012870
  0.175461  -0.0000   0.00012920
  0.175779  -0.0000   0.00012990
  0.175862  -0.0000   0.00013010
  0.175983  -0.0000   0.00013050
  0.176166  -0.0000   0.00013110
  0.176349  -0.0000   0.00013170
  0.176624  -0.0000   0.00013250
  0.177033  -0.0000   0.00013380
  0.177640  -0.0000   0.00013580
  0.178534  -0.0000   0.00013870
  0.179849  -0.0000   0.00014310
  0.181772  -0.0000   0.00014970
  0.183653  -0.0000   0.00015630
  0.185497  -0.0000   0.00016280
  0.187307  -0.0000   0.00016940
  0.189750  -0.0000   0.00017850
  0.192133  -0.0000   0.00018760
  0.192430  -0.0000   0.00018880
  0.192725  -0.0000   0.00018990
  0.193020  -0.0000   0.00019110
  0.193389  -0.0000   0.00019280
  0.193457  -0.0000   0.00019320
  0.193559  -0.0000   0.00019380
  0.193713  -0.0000   0.00019480
  0.193944  -0.0000   0.00019620
  0.194290  -0.0000   0.00019840
  0.194803  -0.0000   0.00020160
  0.195561  -0.0000   0.00020650
  0.196677  -0.0000   0.00021380
  0.198315  -0.0000   0.00022470
  0.200516  -0.0000   0.00023980
  0.202668  -0.0000   0.00025490
  0.204774  -0.0000   0.00026990
  0.206837  -0.0000   0.00028500
  0.208859  -0.0000   0.00030010
  0.209393  -0.0000   0.00030410
  0.209923  -0.0000   0.00030810
  0.210450  -0.0000   0.00031210
  0.210797  -0.0000   0.00031470
  0.210969  -0.0000   0.00031650
  0.211117  -0.0000   0.00031820
  0.211266  -0.0000   0.00031990
  0.211491  -0.0000   0.00032250
  0.211825  -0.0000   0.00032640
  0.212322  -0.0000   0.00033230
  0.213057  -0.0000   0.00034110
  0.214141  -0.0000   0.00035430
  0.215731  -0.0000   0.00037400
  0.217872  -0.0000   0.00040130
  0.219967  -0.0000   0.00042850
  0.222020  -0.0000   0.00045580
  0.224033  -0.0000   0.00048310
  0.226008  -0.0000   0.00051030
  0.226862  -0.0000   0.00052220
  0.227708  -0.0000   0.00053410
  0.228502  -0.0000   0.00054600
  0.228556  -0.0000   0.00054710
  0.228636  -0.0000   0.00054880
  0.228757  -0.0000   0.00055130
  0.228939  -0.0000   0.00055510
  0.229211  -0.0000   0.00056070
  0.229616  -0.0000   0.00056920
  0.230217  -0.0000   0.00058190
  0.231104  -0.0000   0.00060090
  0.232411  -0.0000   0.00062950
  0.234327  -0.0000   0.00067230
  0.236205  -0.0000   0.00071510
  0.238049  -0.0000   0.00075800
  0.239862  -0.0000   0.00080080
  0.242290  -0.0000   0.00085950
  0.244665  -0.0000   0.00091820
  0.244976  -0.0000   0.00092600
  0.245286  -0.0000   0.00093370
  0.245594  -0.0000   0.00094140
  0.246050  -0.0000   0.00095290
  0.246081  -0.0000   0.00095400
  0.246127  -0.0000   0.00095560
  0.246196  -0.0000   0.00095810
  0.246299  -0.0000   0.00096170
  0.246455  -0.0000   0.00096720
  0.246689  -0.0000   0.00097550
  0.247036  -0.0000   0.00098780
  0.247552  -0.0000   0.00100600
  0.248316  -0.0000   0.00103400
  0.249443  -0.0000   0.00107600
  0.251099  -0.0000   0.00113800
  0.252726  -0.0000   0.00120100
  0.254327  -0.0000   0.00126300
  0.255904  -0.0000   0.00132600
  0.258219  -0.0000   0.00142000
  0.260943  -0.0000   0.00153300
  0.263599  -0.0000   0.00164600
  0.263630  -0.0000   0.00164700
  0.263675  -0.0000   0.00165000
  0.263743  -0.0000   0.00165400
  0.263845  -0.0000   0.00166000
  0.263999  -0.0000   0.00166900
  0.264228  -0.0000   0.00168200
  0.264571  -0.0000   0.00170300
  0.265080  -0.0000   0.00173300
  0.265834  -0.0000   0.00177800
  0.266947  -0.0000   0.00184600
  0.268585  -0.0000   0.00194800
  0.270197  -0.0000   0.00205000
  0.271783  -0.0000   0.00215200
  0.273346  -0.0000   0.00225300
  0.275643  -0.0000   0.00240600
  0.278276  -0.0000   0.00258600
  0.280849  -0.0000   0.00276500
  0.281071  -0.0000   0.00278000
  0.281279  -0.0000   0.00279600
  0.281321  -0.0000   0.00280000
  0.281384  -0.0000   0.00280600
  0.281478  -0.0000   0.00281400
  0.281620  -0.0000   0.00282800
  0.281833  -0.0000   0.00284700
  0.282150  -0.0000   0.00287700
  0.282621  -0.0000   0.00292100
  0.283320  -0.0000   0.00298700
  0.284352  -0.0000   0.00308700
  0.285871  -0.0000   0.00323600
  0.287756  -0.0000   0.00342500
  0.289607  -0.0000   0.00361400
  0.291428  -0.0000   0.00380300
  0.293219  -0.0000   0.00399200
  0.295844  -0.0000   0.00427600
  0.298412  -0.0000   0.00455900
  0.298630  -0.0000   0.00458300
  0.298810  -0.0000   0.00460800
  0.298978  -0.0000   0.00463200
  0.299231  -0.0000   0.00466800
  0.299484  -0.0000   0.00470400
  0.299859  -0.0000   0.00475900
  0.300416  -0.0000   0.00484000
  0.301241  -0.0000   0.00496300
  0.302460  -0.0000   0.00514600
  0.304251  -0.0000   0.00542200
  0.306011  -0.0000   0.00569700
  0.307742  -0.0000   0.00597300
  0.309447  -0.0000   0.00624800
  0.311950  -0.0000   0.00666200
  0.314769  -0.0000   0.00713800
  0.315159  -0.0000   0.00720500
  0.315547  -0.0000   0.00727100
  0.315934  -0.0000   0.00733700
  0.316365  -0.0000   0.00741600
  0.316456  -0.0000   0.00743600
  0.316547  -0.0000   0.00745600
  0.316684  -0.0000   0.00748600
  0.316889  -0.0000   0.00753000
  0.317195  -0.0000   0.00759700
  0.317650  -0.0000   0.00769800
  0.318325  -0.0000   0.00784800
  0.319323  -0.0000   0.00807400
  0.320795  -0.0000   0.00841300
  0.322698  -0.0000   0.00886000
  0.324567  -0.0000   0.00930700
  0.326406  -0.0000   0.00975400
  0.328216  -0.0000   0.01020000
  0.330870  -0.0000   0.01087000
  0.333810  -0.0000   0.01163000
  0.334005  -0.0000   0.01169000
  0.334049  -0.0000   0.01170000
  0.334094  -0.0000   0.01172000
  0.334161  -0.0000   0.01174000
  0.334262  -0.0000   0.01177000
  0.334414  -0.0000   0.01182000
  0.334640  -0.0000   0.01189000
  0.334976  -0.0000   0.01200000
  0.335477  -0.0000   0.01217000
  0.336219  -0.0000   0.01241000
  0.337316  -0.0000   0.01278000
  0.338933  -0.0000   0.01334000
  0.340841  -0.0000   0.01400000
  0.342717  -0.0000   0.01467000
  0.344562  -0.0000   0.01534000
  0.346379  -0.0000   0.01600000
  0.349045  -0.0000   0.01700000
  0.350575  -0.0000   0.01759000
  0.351052  -0.0000   0.01777000
  0.351517  -0.0000   0.01795000
  0.351541  -0.0000   0.01796000
  0.351578  -0.0000   0.01798000
  0.351632  -0.0000   0.01800000
  0.351714  -0.0000   0.01804000
  0.351837  -0.0000   0.01810000
  0.352021  -0.0000   0.01818000
  0.352296  -0.0000   0.01831000
  0.352705  -0.0000   0.01851000
  0.353312  -0.0000   0.01880000
  0.354212  -0.0000   0.01924000
  0.355541  -0.0000   0.01989000
  0.357491  -0.0000   0.02087000
  0.359406  -0.0000   0.02185000
  0.361289  -0.0000   0.02283000
  0.363143  -0.0000   0.02381000
  0.365797  -0.0000   0.02524000
  0.368399  -0.0000   0.02668000
  0.368692  -0.0000   0.02684000
  0.368985  -0.0000   0.02700000
  0.369245  -0.0000   0.02716000
  0.369336  -0.0000   0.02723000
  0.369472  -0.0000   0.02732000
  0.369677  -0.0000   0.02745000
  0.369982  -0.0000   0.02766000
  0.370436  -0.0000   0.02797000
  0.371110  -0.0000   0.02843000
  0.372107  -0.0000   0.02912000
  0.373579  -0.0000   0.03016000
  0.375506  -0.0000   0.03155000
  0.377401  -0.0000   0.03293000
  0.379264  -0.0000   0.03432000
  0.381099  -0.0000   0.03570000
  0.383794  -0.0000   0.03778000
  0.386437  -0.0000   0.03986000
  0.386694  -0.0000   0.04006000
  0.386912  -0.0000   0.04027000
  0.387127  -0.0000   0.04047000
  0.387342  -0.0000   0.04067000
  0.387557  -0.0000   0.04087000
  0.387876  -0.0000   0.04118000
  0.388352  -0.0000   0.04163000
  0.389059  -0.0000   0.04231000
  0.390105  -0.0000   0.04334000
  0.391649  -0.0000   0.04487000
  0.393716  -0.0000   0.04697000
  0.395746  -0.0000   0.04907000
  0.397743  -0.0000   0.05117000
  0.399708  -0.0000   0.05326000
  0.402550  -0.0000   0.05636000
  0.403105  -0.0000   0.05697000
  0.403658  -0.0000   0.05758000
  0.404209  -0.0000   0.05818000
  0.404454  -0.0000   0.05849000
  0.404512  -0.0000   0.05856000
  0.404571  -0.0000   0.05864000
  0.404658  -0.0000   0.05875000
  0.404789  -0.0000   0.05892000
  0.404986  -0.0000   0.05918000
  0.405278  -0.0000   0.05956000
  0.405714  -0.0000   0.06014000
  0.406362  -0.0000   0.06100000
  0.407322  -0.0000   0.06229000
  0.408739  -0.0000   0.06423000
  0.410824  -0.0000   0.06714000
  0.412872  -0.0000   0.07006000
  0.414885  -0.0000   0.07297000
  0.416867  -0.0000   0.07588000
  0.419607  -0.0000   0.07998000
  0.420687  -0.0000   0.08162000
  0.421759  -0.0000   0.08325000
  0.422029  -0.0000   0.08369000
  0.422091  -0.0000   0.08380000
  0.422153  -0.0000   0.08391000
  0.422247  -0.0000   0.08407000
  0.422387  -0.0000   0.08432000
  0.422596  -0.0000   0.08470000
  0.422908  -0.0000   0.08525000
  0.423373  -0.0000   0.08609000
  0.424063  -0.0000   0.08735000
  0.425086  -0.0000   0.08923000
  0.426597  -0.0000   0.09206000
  0.428652  -0.0000   0.09598000
  0.430672  -0.0000   0.10000000
  0.432658  -0.0000   0.10400000
  0.434615  -0.0000   0.10800000
  0.437464  -0.0000   0.11400000
  0.438205  -0.0000   0.11500000
  0.438943  -0.0000   0.11700000
  0.439656  -0.0000   0.11800000
  0.439715  -0.0000   0.11800000
  0.439805  -0.0000   0.11900000
  0.439939  -0.0000   0.11900000
  0.440140  -0.0000   0.11900000
  0.440440  -0.0000   0.12000000
  0.440887  -0.0000   0.12100000
  0.441551  -0.0000   0.12300000
  0.442535  -0.0000   0.12500000
  0.443989  -0.0000   0.12900000
  0.446030  -0.0000   0.13400000
  0.448036  -0.0000   0.13900000
  0.450011  -0.0000   0.14500000
  0.451956  -0.0000   0.15000000
  0.454790  -0.0000   0.15800000
  0.455907  -0.0000   0.16100000
  0.457017  -0.0000   0.16400000
  0.457306  -0.0000   0.16500000
  0.457373  -0.0000   0.16500000
  0.457441  -0.0000   0.16500000
  0.457542  -0.0000   0.16500000
  0.457693  -0.0000   0.16600000
  0.457920  -0.0000   0.16700000
  0.458258  -0.0000   0.16800000
  0.458760  -0.0000   0.16900000
  0.459507  -0.0000   0.17200000
  0.460614  -0.0000   0.17500000
  0.462247  -0.0000   0.18100000
  0.464343  -0.0000   0.18800000
  0.466404  -0.0000   0.19500000
  0.468433  -0.0000   0.20300000
  0.470433  -0.0000   0.21000000
  0.473328  -0.0000   0.22000000
  0.473833  -0.0000   0.22200000
  0.474337  -0.0000   0.22400000
  0.474833  -0.0000   0.22600000
  0.474875  -0.0000   0.22600000
  0.474937  -0.0000   0.22600000
  0.475030  -0.0000   0.22700000
  0.475171  -0.0000   0.22700000
  0.475380  -0.0000   0.22800000
  0.475693  -0.0000   0.23000000
  0.476159  -0.0000   0.23200000
  0.476851  -0.0000   0.23500000
  0.477878  -0.0000   0.23900000
  0.479394  -0.0000   0.24600000
  0.481490  -0.0000   0.25500000
  0.483550  -0.0000   0.26500000
  0.485578  -0.0000   0.27400000
  0.487578  -0.0000   0.28400000
  0.490429  -0.0000   0.29700000
  0.491165  -0.0000   0.30100000
  0.491898  -0.0000   0.30400000
  0.492599  -0.0000   0.30800000
  0.492659  -0.0000   0.30800000
  0.492751  -0.0000   0.30900000
  0.492887  -0.0000   0.31000000
  0.493092  -0.0000   0.31100000
  0.493397  -0.0000   0.31200000
  0.493851  -0.0000   0.31500000
  0.494527  -0.0000   0.31900000
  0.495529  -0.0000   0.32400000
  0.497011  -0.0000   0.33300000
  0.499189  -0.0000   0.34600000
  0.501331  -0.0000   0.35900000
  0.503439  -0.0000   0.37100000
  0.505518  -0.0000   0.38400000
  0.508322  -0.0000   0.40200000
  0.508989  -0.0000   0.40600000
  0.509653  -0.0000   0.41000000
  0.510280  -0.0000   0.41500000
  0.510317  -0.0000   0.41500000
  0.510372  -0.0000   0.41500000
  0.510455  -0.0000   0.41600000
  0.510580  -0.0000   0.41700000
  0.510766  -0.0000   0.41800000
  0.511045  -0.0000   0.42000000
  0.511460  -0.0000   0.42300000
  0.512077  -0.0000   0.42700000
  0.512994  -0.0000   0.43400000
  0.514350  -0.0000   0.44400000
  0.516347  -0.0000   0.45900000
  0.518313  -0.0000   0.47500000
  0.520250  -0.0000   0.49000000
  0.522162  -0.0000   0.50500000
  0.524982  -0.0000   0.52800000
  0.527200  -0.0000   0.54600000
  0.527534  -0.0000   0.54800000
  0.527845  -0.0000   0.55100000
  0.527920  -0.0000   0.55200000
  0.528032  -0.0000   0.55300000
  0.528200  -0.0000   0.55400000
  0.528451  -0.0000   0.55700000
  0.528826  -0.0000   0.56000000
  0.529384  -0.0000   0.56500000
  0.530213  -0.0000   0.57300000
  0.531441  -0.0000   0.58500000
  0.533251  -0.0000   0.60200000
  0.535456  -0.0000   0.62400000
  0.537625  -0.0000   0.64600000
  0.539764  -0.0000   0.66700000
  0.541876  -0.0000   0.68900000
  0.544723  -0.0000   0.71900000
  0.545049  -0.0000   0.72200000
  0.545364  -0.0000   0.72600000
  0.545437  -0.0000   0.72600000
  0.545548  -0.0000   0.72800000
  0.545713  -0.0000   0.73000000
  0.546042  -0.0000   0.73300000
  0.546694  -0.0000   0.74100000
  0.547660  -0.0000   0.75300000
  0.549088  -0.0000   0.77000000
  0.551053  -0.0000   0.79400000
  0.552986  -0.0000   0.81800000
  0.554892  -0.0000   0.84200000
  0.556775  -0.0000   0.86600000
  0.559634  -0.0000   0.90400000
  0.562449  -0.0000   0.94100000
  0.562761  -0.0000   0.94500000
  0.563057  -0.0000   0.94900000
  0.563128  -0.0000   0.95000000
  0.563199  -0.0000   0.95100000
  0.563270  -0.0000   0.95200000
  0.563376  -0.0000   0.95400000
  0.563535  -0.0000   0.95600000
  0.563773  -0.0000   0.96000000
  0.564127  -0.0000   0.96500000
  0.564656  -0.0000   0.97300000
  0.565441  -0.0000   0.98500000
  0.566439  -0.0000   1.00000000
  0.566302  -0.0000   1.00000000
  0.566302  -0.0000   1.00000000
  0.566302  -0.0000   1.00000000
  0.566302  -0.0000   1.00000000
  0.566302  -0.0000   1.00000000
  0.566302  -0.0000   1.00000000
  0.566301  -0.0000   1.00000000
  0.566301  -0.0000   1.00000000
  0.566300  -0.0000   1.00000000
  0.566298  -0.0000   1.00000000
  0.566294  -0.0000   1.00000000
  0.566290  -0.0000   1.00000000
  0.566285  -0.0000   1.00000000
