  0.000034  -0.0000   0.00000010
  0.000074  -0.0000   0.00000020
  0.000201  -0.0000   0.00000030
  0.002337  -0.0000   0.00000045
  0.006155  -0.0000   0.00000051
  0.006203  -0.0000   0.00000059
  0.006254  -0.0000   0.00000072
  0.006333  -0.0000   0.00000091
  0.006456  -0.0000   0.00000119
  0.006657  -0.0000   0.00000162
  0.007015  -0.0000   0.00000226
  0.007339  -0.0000   0.00000276
  0.007718  -0.0000   0.00000326
  0.008161  -0.0000   0.00000376
  0.008677  -0.0000   0.00000425
  0.009122  -0.0000   0.00000464
  0.009620  -0.0000   0.00000502
  0.010173  -0.0000   0.00000540
  0.010787  -0.0000   0.00000579
  0.011464  -0.0000   0.00000617
  0.012209  -0.0000   0.00000655
  0.013024  -0.0000   0.00000694
  0.013913  -0.0000   0.00000732
  0.014694  -0.0000   0.00000764
  0.015528  -0.0000   0.00000795
  0.016416  -0.0000   0.00000827
  0.017479  -0.0000   0.00000862
  0.018612  -0.0000   0.00000898
  0.019816  -0.0000   0.00000933
  0.020359  -0.0000   0.00000949
  0.020669  -0.0000   0.00000964
  0.020727  -0.0000   0.00000974
  0.020780  -0.0000   0.00000983
  0.020829  -0.0000   0.00000992
  0.020898  -0.0000   0.00001006
  0.020987  -0.0000   0.00001025
  0.021072  -0.0000   0.00001045
  0.021151  -0.0000   0.00001065
  0.021263  -0.0000   0.00001094
  0.021371  -0.0000   0.00001123
  0.021527  -0.0000   0.00001166
  0.021680  -0.0000   0.00001210
  0.021910  -0.0000   0.00001275
  0.022144  -0.0000   0.00001340
  0.022515  -0.0000   0.00001438
  0.023144  -0.0000   0.00001585
  0.023703  -0.0000   0.00001702
  0.024330  -0.0000   0.00001818
  0.025032  -0.0000   0.00001935
  0.025816  -0.0000   0.00002052
  0.026689  -0.0000   0.00002169
  0.027467  -0.0000   0.00002265
  0.028309  -0.0000   0.00002361
  0.029220  -0.0000   0.00002456
  0.030200  -0.0000   0.00002552
  0.031253  -0.0000   0.00002648
  0.032379  -0.0000   0.00002744
  0.033581  -0.0000   0.00002840
  0.034617  -0.0000   0.00002918
  0.035705  -0.0000   0.00002997
  0.036845  -0.0000   0.00003075
  0.038187  -0.0000   0.00003163
  0.038429  -0.0000   0.00003179
  0.038674  -0.0000   0.00003194
  0.038889  -0.0000   0.00003210
  0.038972  -0.0000   0.00003225
  0.039049  -0.0000   0.00003240
  0.039122  -0.0000   0.00003255
  0.039225  -0.0000   0.00003277
  0.039368  -0.0000   0.00003310
  0.039544  -0.0000   0.00003354
  0.039713  -0.0000   0.00003398
  0.039958  -0.0000   0.00003464
  0.040199  -0.0000   0.00003530
  0.040565  -0.0000   0.00003628
  0.041138  -0.0000   0.00003776
  0.041855  -0.0000   0.00003948
  0.042634  -0.0000   0.00004120
  0.043481  -0.0000   0.00004292
  0.044566  -0.0000   0.00004492
  0.045754  -0.0000   0.00004692
  0.047049  -0.0000   0.00004893
  0.048454  -0.0000   0.00005093
  0.049973  -0.0000   0.00005293
  0.051609  -0.0000   0.00005494
  0.053070  -0.0000   0.00005662
  0.054617  -0.0000   0.00005831
  0.056252  -0.0000   0.00006000
  0.057973  -0.0000   0.00006168
  0.058084  -0.0000   0.00006187
  0.058174  -0.0000   0.00006206
  0.058260  -0.0000   0.00006224
  0.058383  -0.0000   0.00006253
  0.058557  -0.0000   0.00006295
  0.058803  -0.0000   0.00006358
  0.059158  -0.0000   0.00006453
  0.059617  -0.0000   0.00006577
  0.060082  -0.0000   0.00006701
  0.060810  -0.0000   0.00006888
  0.061644  -0.0000   0.00007089
  0.062529  -0.0000   0.00007290
  0.063469  -0.0000   0.00007491
  0.064882  -0.0000   0.00007770
  0.066405  -0.0000   0.00008048
  0.068043  -0.0000   0.00008327
  0.069797  -0.0000   0.00008606
  0.071669  -0.0000   0.00008885
  0.073662  -0.0000   0.00009164
  0.075776  -0.0000   0.00009443
  0.076278  -0.0000   0.00009508
  0.076787  -0.0000   0.00009573
  0.077187  -0.0000   0.00009639
  0.077396  -0.0000   0.00009689
  0.077594  -0.0000   0.00009739
  0.077784  -0.0000   0.00009789
  0.078060  -0.0000   0.00009864
  0.078464  -0.0000   0.00009977
  0.079011  -0.0000   0.00010150
  0.079800  -0.0000   0.00010400
  0.080861  -0.0000   0.00010740
  0.082052  -0.0000   0.00011130
  0.083237  -0.0000   0.00011520
  0.084417  -0.0000   0.00011910
  0.086174  -0.0000   0.00012490
  0.088779  -0.0000   0.00013370
  0.092616  -0.0000   0.00014680
  0.093409  -0.0000   0.00014950
  0.094198  -0.0000   0.00015230
  0.094983  -0.0000   0.00015500
  0.095467  -0.0000   0.00015670
  0.095817  -0.0000   0.00015830
  0.096079  -0.0000   0.00016000
  0.096325  -0.0000   0.00016170
  0.096561  -0.0000   0.00016340
  0.096791  -0.0000   0.00016510
  0.097129  -0.0000   0.00016760
  0.097631  -0.0000   0.00017140
  0.098381  -0.0000   0.00017700
  0.099507  -0.0000   0.00018550
  0.100982  -0.0000   0.00019670
  0.102453  -0.0000   0.00020790
  0.104645  -0.0000   0.00022460
  0.107896  -0.0000   0.00024970
  0.111407  -0.0000   0.00027720
  0.112363  -0.0000   0.00028470
  0.113315  -0.0000   0.00029230
  0.114263  -0.0000   0.00029980
  0.114405  -0.0000   0.00030150
  0.114537  -0.0000   0.00030320
  0.114664  -0.0000   0.00030490
  0.114846  -0.0000   0.00030750
  0.115110  -0.0000   0.00031140
  0.115498  -0.0000   0.00031720
  0.116077  -0.0000   0.00032590
  0.116945  -0.0000   0.00033900
  0.118162  -0.0000   0.00035730
  0.119378  -0.0000   0.00037560
  0.121194  -0.0000   0.00040300
  0.123898  -0.0000   0.00044410
  0.127903  -0.0000   0.00050580
  0.131854  -0.0000   0.00056750
  0.132117  -0.0000   0.00057170
  0.132380  -0.0000   0.00057580
  0.132642  -0.0000   0.00057990
  0.132982  -0.0000   0.00058610
  0.133234  -0.0000   0.00059230
  0.133474  -0.0000   0.00059860
  0.133708  -0.0000   0.00060480
  0.134056  -0.0000   0.00061420
  0.134576  -0.0000   0.00062830
  0.135358  -0.0000   0.00064940
  0.136532  -0.0000   0.00068110
  0.137705  -0.0000   0.00071280
  0.139459  -0.0000   0.00076030
  0.142070  -0.0000   0.00083160
  0.145945  -0.0000   0.00093850
  0.149270  -0.0000   0.00103100
  0.149913  -0.0000   0.00104900
  0.150554  -0.0000   0.00106700
  0.151194  -0.0000   0.00108500
  0.151600  -0.0000   0.00109700
  0.151828  -0.0000   0.00110600
  0.152044  -0.0000   0.00111500
  0.152255  -0.0000   0.00112500
  0.152464  -0.0000   0.00113400
  0.152777  -0.0000   0.00114800
  0.153247  -0.0000   0.00117000
  0.153954  -0.0000   0.00120100
  0.155015  -0.0000   0.00124900
  0.156603  -0.0000   0.00132000
  0.158972  -0.0000   0.00142800
  0.162494  -0.0000   0.00158800
  0.166412  -0.0000   0.00176900
  0.170285  -0.0000   0.00195000
  0.170458  -0.0000   0.00196100
  0.170616  -0.0000   0.00197100
  0.170770  -0.0000   0.00198200
  0.170998  -0.0000   0.00199800
  0.171338  -0.0000   0.00202200
  0.171849  -0.0000   0.00205800
  0.172618  -0.0000   0.00211300
  0.173771  -0.0000   0.00219400
  0.175495  -0.0000   0.00231600
  0.178064  -0.0000   0.00249900
  0.181882  -0.0000   0.00277300
  0.185663  -0.0000   0.00304800
  0.187769  -0.0000   0.00320200
  0.188341  -0.0000   0.00324300
  0.188913  -0.0000   0.00328500
  0.189238  -0.0000   0.00331400
  0.189513  -0.0000   0.00334300
  0.189784  -0.0000   0.00337200
  0.190190  -0.0000   0.00341500
  0.190597  -0.0000   0.00345800
  0.191209  -0.0000   0.00352300
  0.192126  -0.0000   0.00362000
  0.193498  -0.0000   0.00376500
  0.195547  -0.0000   0.00398400
  0.198598  -0.0000   0.00431100
  0.203125  -0.0000   0.00480200
  0.207601  -0.0000   0.00529400
  0.207855  -0.0000   0.00532200
  0.208049  -0.0000   0.00534900
  0.208233  -0.0000   0.00537700
  0.208506  -0.0000   0.00541900
  0.208778  -0.0000   0.00546100
  0.209188  -0.0000   0.00552400
  0.209804  -0.0000   0.00561800
  0.210728  -0.0000   0.00575900
  0.212109  -0.0000   0.00597100
  0.214172  -0.0000   0.00628800
  0.217243  -0.0000   0.00676500
  0.221801  -0.0000   0.00748000
  0.226311  -0.0000   0.00819400
  0.226576  -0.0000   0.00823700
  0.226800  -0.0000   0.00827900
  0.226999  -0.0000   0.00832100
  0.227293  -0.0000   0.00838400
  0.227734  -0.0000   0.00847900
  0.228398  -0.0000   0.00862100
  0.229062  -0.0000   0.00876300
  0.230057  -0.0000   0.00897600
  0.231544  -0.0000   0.00929600
  0.233763  -0.0000   0.00977600
  0.237066  -0.0000   0.01050000
  0.241967  -0.0000   0.01158000
  0.242767  -0.0000   0.01175000
  0.243566  -0.0000   0.01193000
  0.244362  -0.0000   0.01211000
  0.245539  -0.0000   0.01237000
  0.245754  -0.0000   0.01243000
  0.245966  -0.0000   0.01249000
  0.246177  -0.0000   0.01256000
  0.246494  -0.0000   0.01265000
  0.246971  -0.0000   0.01279000
  0.247687  -0.0000   0.01300000
  0.248760  -0.0000   0.01331000
  0.250363  -0.0000   0.01378000
  0.252755  -0.0000   0.01449000
  0.256317  -0.0000   0.01555000
  0.260361  -0.0000   0.01677000
  0.264366  -0.0000   0.01798000
  0.264572  -0.0000   0.01806000
  0.264775  -0.0000   0.01814000
  0.264977  -0.0000   0.01822000
  0.265281  -0.0000   0.01834000
  0.265739  -0.0000   0.01852000
  0.266425  -0.0000   0.01879000
  0.267455  -0.0000   0.01919000
  0.268994  -0.0000   0.01979000
  0.271294  -0.0000   0.02070000
  0.274722  -0.0000   0.02206000
  0.279044  -0.0000   0.02379000
  0.283297  -0.0000   0.02552000
  0.283518  -0.0000   0.02564000
  0.283737  -0.0000   0.02575000
  0.283956  -0.0000   0.02586000
  0.284285  -0.0000   0.02603000
  0.284779  -0.0000   0.02628000
  0.285520  -0.0000   0.02666000
  0.286631  -0.0000   0.02723000
  0.288293  -0.0000   0.02808000
  0.290773  -0.0000   0.02936000
  0.294469  -0.0000   0.03129000
  0.298461  -0.0000   0.03338000
  0.300641  -0.0000   0.03452000
  0.301344  -0.0000   0.03489000
  0.302042  -0.0000   0.03526000
  0.302297  -0.0000   0.03543000
  0.302551  -0.0000   0.03560000
  0.302805  -0.0000   0.03577000
  0.303188  -0.0000   0.03602000
  0.303762  -0.0000   0.03639000
  0.304623  -0.0000   0.03696000
  0.305910  -0.0000   0.03781000
  0.307832  -0.0000   0.03908000
  0.310698  -0.0000   0.04098000
  0.314961  -0.0000   0.04384000
  0.319189  -0.0000   0.04670000
  0.319613  -0.0000   0.04698000
  0.320036  -0.0000   0.04727000
  0.320458  -0.0000   0.04756000
  0.321036  -0.0000   0.04799000
  0.321428  -0.0000   0.04831000
  0.321821  -0.0000   0.04864000
  0.322214  -0.0000   0.04897000
  0.322607  -0.0000   0.04929000
  0.323197  -0.0000   0.04978000
  0.324079  -0.0000   0.05052000
  0.325399  -0.0000   0.05162000
  0.327369  -0.0000   0.05327000
  0.330307  -0.0000   0.05576000
  0.334677  -0.0000   0.05948000
  0.339011  -0.0000   0.06320000
  0.339344  -0.0000   0.06348000
  0.339676  -0.0000   0.06377000
  0.339960  -0.0000   0.06406000
  0.340371  -0.0000   0.06448000
  0.340784  -0.0000   0.06491000
  0.341196  -0.0000   0.06534000
  0.341815  -0.0000   0.06598000
  0.342740  -0.0000   0.06695000
  0.344124  -0.0000   0.06839000
  0.346190  -0.0000   0.07056000
  0.349269  -0.0000   0.07382000
  0.353849  -0.0000   0.07870000
  0.358389  -0.0000   0.08358000
  0.358680  -0.0000   0.08391000
  0.358935  -0.0000   0.08424000
  0.359191  -0.0000   0.08457000
  0.359575  -0.0000   0.08506000
  0.359960  -0.0000   0.08555000
  0.360536  -0.0000   0.08629000
  0.361399  -0.0000   0.08740000
  0.362689  -0.0000   0.08907000
  0.364615  -0.0000   0.09157000
  0.367488  -0.0000   0.09532000
  0.371763  -0.0000   0.10100000
  0.376006  -0.0000   0.10700000
  0.376431  -0.0000   0.10700000
  0.376855  -0.0000   0.10800000
  0.377279  -0.0000   0.10800000
  0.377699  -0.0000   0.10900000
  0.378089  -0.0000   0.10900000
  0.378480  -0.0000   0.11000000
  0.379052  -0.0000   0.11100000
  0.379622  -0.0000   0.11200000
  0.380477  -0.0000   0.11300000
  0.381754  -0.0000   0.11500000
  0.383662  -0.0000   0.11800000
  0.386507  -0.0000   0.12300000
  0.390743  -0.0000   0.13000000
  0.394947  -0.0000   0.13600000
  0.395373  -0.0000   0.13700000
  0.395799  -0.0000   0.13800000
  0.396224  -0.0000   0.13900000
  0.396599  -0.0000   0.13900000
  0.396954  -0.0000   0.14000000
  0.397310  -0.0000   0.14100000
  0.397844  -0.0000   0.14200000
  0.398378  -0.0000   0.14300000
  0.399177  -0.0000   0.14400000
  0.400372  -0.0000   0.14600000
  0.402158  -0.0000   0.15000000
  0.404821  -0.0000   0.15500000
  0.408788  -0.0000   0.16300000
  0.412502  -0.0000   0.17000000
  0.413548  -0.0000   0.17200000
  0.414592  -0.0000   0.17400000
  0.415389  -0.0000   0.17600000
  0.415725  -0.0000   0.17600000
  0.416061  -0.0000   0.17700000
  0.416398  -0.0000   0.17800000
  0.416735  -0.0000   0.17900000
  0.417240  -0.0000   0.18000000
  0.417997  -0.0000   0.18200000
  0.419128  -0.0000   0.18400000
  0.420818  -0.0000   0.18800000
  0.423341  -0.0000   0.19400000
  0.427101  -0.0000   0.20300000
  0.430703  -0.0000   0.21100000
  0.434263  -0.0000   0.22000000
  0.434537  -0.0000   0.22000000
  0.434811  -0.0000   0.22100000
  0.435086  -0.0000   0.22200000
  0.435498  -0.0000   0.22300000
  0.436117  -0.0000   0.22500000
  0.437042  -0.0000   0.22700000
  0.438427  -0.0000   0.23100000
  0.440496  -0.0000   0.23700000
  0.443583  -0.0000   0.24500000
  0.448179  -0.0000   0.25800000
  0.452740  -0.0000   0.27100000
  0.453083  -0.0000   0.27200000
  0.453389  -0.0000   0.27300000
  0.453688  -0.0000   0.27400000
  0.454139  -0.0000   0.27500000
  0.454589  -0.0000   0.27700000
  0.455264  -0.0000   0.27900000
  0.456273  -0.0000   0.28200000
  0.457782  -0.0000   0.28700000
  0.460035  -0.0000   0.29400000
  0.463393  -0.0000   0.30500000
  0.467176  -0.0000   0.31800000
  0.470935  -0.0000   0.33000000
  0.471345  -0.0000   0.33200000
  0.471755  -0.0000   0.33300000
  0.472132  -0.0000   0.33400000
  0.472589  -0.0000   0.33600000
  0.473048  -0.0000   0.33800000
  0.473506  -0.0000   0.33900000
  0.473964  -0.0000   0.34100000
  0.474650  -0.0000   0.34400000
  0.475676  -0.0000   0.34800000
  0.477209  -0.0000   0.35400000
  0.479499  -0.0000   0.36200000
  0.482913  -0.0000   0.37500000
  0.486695  -0.0000   0.39000000
  0.490455  -0.0000   0.40500000
  0.490812  -0.0000   0.40600000
  0.491132  -0.0000   0.40700000
  0.491448  -0.0000   0.40900000
  0.491922  -0.0000   0.41100000
  0.492396  -0.0000   0.41300000
  0.493106  -0.0000   0.41600000
  0.494167  -0.0000   0.42100000
  0.495754  -0.0000   0.42800000
  0.498122  -0.0000   0.43800000
  0.501654  -0.0000   0.45400000
  0.505268  -0.0000   0.47100000
  0.508860  -0.0000   0.48700000
  0.509283  -0.0000   0.48900000
  0.509706  -0.0000   0.49100000
  0.510088  -0.0000   0.49300000
  0.510463  -0.0000   0.49500000
  0.510840  -0.0000   0.49600000
  0.511216  -0.0000   0.49800000
  0.511779  -0.0000   0.50100000
  0.512623  -0.0000   0.50600000
  0.513884  -0.0000   0.51200000
  0.515768  -0.0000   0.52200000
  0.518580  -0.0000   0.53600000
  0.522768  -0.0000   0.55800000
  0.526929  -0.0000   0.58000000
  0.527471  -0.0000   0.58300000
  0.528011  -0.0000   0.58600000
  0.528551  -0.0000   0.58900000
  0.528946  -0.0000   0.59100000
  0.529326  -0.0000   0.59300000
  0.529707  -0.0000   0.59500000
  0.530278  -0.0000   0.59900000
  0.530849  -0.0000   0.60200000
  0.531703  -0.0000   0.60700000
  0.532979  -0.0000   0.61500000
  0.534887  -0.0000   0.62600000
  0.537734  -0.0000   0.64300000
  0.541975  -0.0000   0.66900000
  0.546188  -0.0000   0.69400000
  0.546674  -0.0000   0.69700000
  0.547159  -0.0000   0.70000000
  0.547644  -0.0000   0.70300000
  0.547975  -0.0000   0.70500000
  0.548307  -0.0000   0.70800000
  0.548638  -0.0000   0.71000000
  0.548970  -0.0000   0.71200000
  0.549467  -0.0000   0.71600000
  0.550211  -0.0000   0.72100000
  0.551323  -0.0000   0.72800000
  0.552986  -0.0000   0.74000000
  0.555468  -0.0000   0.75700000
  0.559170  -0.0000   0.78200000
  0.562946  -0.0000   0.80800000
  0.566684  -0.0000   0.83500000
  0.567007  -0.0000   0.83700000
  0.567330  -0.0000   0.84000000
  0.567654  -0.0000   0.84200000
  0.567978  -0.0000   0.84500000
  0.568463  -0.0000   0.84800000
  0.569190  -0.0000   0.85400000
  0.570278  -0.0000   0.86200000
  0.571904  -0.0000   0.87500000
  0.574334  -0.0000   0.89400000
  0.577959  -0.0000   0.92300000
  0.581502  -0.0000   0.95100000
  0.585025  -0.0000   0.97900000
  0.585471  -0.0000   0.98300000
  0.585887  -0.0000   0.98600000
  0.586291  -0.0000   0.99000000
  0.586898  -0.0000   0.99500000
  0.587458  -0.0000   1.00000000
  0.587062  -0.0000   1.00000000
  0.587062  -0.0000   1.00000000
  0.587062  -0.0000   1.00000000
  0.587062  -0.0000   1.00000000
  0.587062  -0.0000   1.00000000
  0.587062  -0.0000   1.00000000
  0.587061  -0.0000   1.00000000
  0.587060  -0.0000   1.00000000
  0.587059  -0.0000   1.00000000
  0.587057  -0.0000   1.00000000
  0.587051  -0.0000   1.00000000
  0.587041  -0.0000   1.00000000
