  0.000009  -0.0000   0.00000010
  0.000026  -0.0000   0.00000020
  0.000089  -0.0000   0.00000030
  0.000296  -0.0000   0.00000036
  0.002254  -0.0000   0.00000041
  0.006208  -0.0000   0.00000043
  0.006270  -0.0000   0.00000045
  0.006388  -0.0000   0.00000048
  0.006530  -0.0000   0.00000051
  0.006710  -0.0000   0.00000054
  0.006931  -0.0000   0.00000057
  0.007182  -0.0000   0.00000060
  0.007473  -0.0000   0.00000062
  0.007800  -0.0000   0.00000065
  0.008311  -0.0000   0.00000069
  0.008879  -0.0000   0.00000073
  0.009500  -0.0000   0.00000076
  0.010171  -0.0000   0.00000080
  0.010891  -0.0000   0.00000084
  0.011663  -0.0000   0.00000088
  0.012489  -0.0000   0.00000092
  0.013376  -0.0000   0.00000095
  0.014328  -0.0000   0.00000099
  0.015352  -0.0000   0.00000103
  0.016261  -0.0000   0.00000106
  0.017223  -0.0000   0.00000109
  0.018237  -0.0000   0.00000112
  0.019454  -0.0000   0.00000116
  0.019547  -0.0000   0.00000116
  0.019639  -0.0000   0.00000117
  0.019732  -0.0000   0.00000117
  0.019873  -0.0000   0.00000117
  0.019885  -0.0000   0.00000117
  0.019889  -0.0000   0.00000118
  0.019892  -0.0000   0.00000118
  0.019896  -0.0000   0.00000118
  0.019900  -0.0000   0.00000119
  0.019904  -0.0000   0.00000119
  0.019910  -0.0000   0.00000120
  0.019917  -0.0000   0.00000122
  0.019927  -0.0000   0.00000124
  0.019942  -0.0000   0.00000127
  0.019965  -0.0000   0.00000132
  0.020006  -0.0000   0.00000140
  0.020082  -0.0000   0.00000151
  0.020234  -0.0000   0.00000168
  0.020396  -0.0000   0.00000183
  0.020598  -0.0000   0.00000197
  0.020850  -0.0000   0.00000212
  0.021075  -0.0000   0.00000223
  0.021338  -0.0000   0.00000234
  0.021642  -0.0000   0.00000244
  0.021998  -0.0000   0.00000256
  0.022405  -0.0000   0.00000267
  0.022864  -0.0000   0.00000278
  0.023391  -0.0000   0.00000290
  0.023980  -0.0000   0.00000301
  0.024632  -0.0000   0.00000313
  0.025349  -0.0000   0.00000324
  0.026133  -0.0000   0.00000335
  0.026988  -0.0000   0.00000347
  0.028011  -0.0000   0.00000359
  0.029122  -0.0000   0.00000372
  0.030322  -0.0000   0.00000384
  0.031612  -0.0000   0.00000397
  0.032992  -0.0000   0.00000409
  0.034460  -0.0000   0.00000422
  0.036013  -0.0000   0.00000434
  0.036097  -0.0000   0.00000435
  0.036154  -0.0000   0.00000436
  0.036165  -0.0000   0.00000436
  0.036177  -0.0000   0.00000437
  0.036187  -0.0000   0.00000438
  0.036196  -0.0000   0.00000440
  0.036209  -0.0000   0.00000441
  0.036227  -0.0000   0.00000443
  0.036255  -0.0000   0.00000447
  0.036297  -0.0000   0.00000452
  0.036363  -0.0000   0.00000459
  0.036467  -0.0000   0.00000471
  0.036637  -0.0000   0.00000488
  0.036930  -0.0000   0.00000514
  0.037283  -0.0000   0.00000540
  0.037694  -0.0000   0.00000567
  0.038173  -0.0000   0.00000594
  0.038642  -0.0000   0.00000616
  0.039172  -0.0000   0.00000639
  0.039770  -0.0000   0.00000662
  0.040395  -0.0000   0.00000683
  0.041088  -0.0000   0.00000705
  0.041855  -0.0000   0.00000726
  0.042682  -0.0000   0.00000747
  0.043589  -0.0000   0.00000768
  0.044577  -0.0000   0.00000789
  0.045821  -0.0000   0.00000813
  0.046932  -0.0000   0.00000834
  0.048123  -0.0000   0.00000854
  0.049394  -0.0000   0.00000873
  0.050932  -0.0000   0.00000896
  0.052568  -0.0000   0.00000918
  0.052703  -0.0000   0.00000920
  0.052838  -0.0000   0.00000922
  0.052940  -0.0000   0.00000924
  0.052952  -0.0000   0.00000925
  0.052965  -0.0000   0.00000926
  0.052983  -0.0000   0.00000927
  0.053007  -0.0000   0.00000930
  0.053044  -0.0000   0.00000933
  0.053100  -0.0000   0.00000939
  0.053185  -0.0000   0.00000946
  0.053314  -0.0000   0.00000958
  0.053514  -0.0000   0.00000976
  0.053834  -0.0000   0.00001003
  0.054370  -0.0000   0.00001042
  0.054825  -0.0000   0.00001073
  0.055326  -0.0000   0.00001104
  0.055876  -0.0000   0.00001135
  0.056537  -0.0000   0.00001169
  0.057270  -0.0000   0.00001202
  0.058078  -0.0000   0.00001236
  0.058944  -0.0000   0.00001268
  0.059892  -0.0000   0.00001301
  0.060927  -0.0000   0.00001334
  0.062005  -0.0000   0.00001365
  0.063169  -0.0000   0.00001397
  0.064421  -0.0000   0.00001428
  0.065942  -0.0000   0.00001464
  0.067575  -0.0000   0.00001499
  0.069317  -0.0000   0.00001534
  0.069699  -0.0000   0.00001543
  0.069712  -0.0000   0.00001544
  0.069728  -0.0000   0.00001545
  0.069749  -0.0000   0.00001547
  0.069780  -0.0000   0.00001550
  0.069827  -0.0000   0.00001554
  0.069898  -0.0000   0.00001560
  0.070005  -0.0000   0.00001570
  0.070168  -0.0000   0.00001584
  0.070417  -0.0000   0.00001605
  0.070806  -0.0000   0.00001637
  0.071440  -0.0000   0.00001685
  0.072059  -0.0000   0.00001728
  0.072733  -0.0000   0.00001771
  0.073467  -0.0000   0.00001814
  0.074257  -0.0000   0.00001857
  0.075116  -0.0000   0.00001900
  0.076049  -0.0000   0.00001943
  0.077009  -0.0000   0.00001983
  0.078043  -0.0000   0.00002024
  0.079153  -0.0000   0.00002065
  0.080356  -0.0000   0.00002106
  0.081640  -0.0000   0.00002147
  0.083006  -0.0000   0.00002189
  0.084901  -0.0000   0.00002242
  0.085456  -0.0000   0.00002257
  0.086022  -0.0000   0.00002272
  0.086367  -0.0000   0.00002281
  0.086430  -0.0000   0.00002285
  0.086471  -0.0000   0.00002289
  0.086511  -0.0000   0.00002292
  0.086572  -0.0000   0.00002298
  0.086665  -0.0000   0.00002306
  0.086803  -0.0000   0.00002318
  0.087013  -0.0000   0.00002336
  0.087333  -0.0000   0.00002363
  0.087832  -0.0000   0.00002404
  0.088635  -0.0000   0.00002466
  0.089353  -0.0000   0.00002517
  0.090123  -0.0000   0.00002569
  0.090950  -0.0000   0.00002620
  0.091947  -0.0000   0.00002678
  0.093025  -0.0000   0.00002735
  0.094190  -0.0000   0.00002792
  0.095416  -0.0000   0.00002849
  0.096731  -0.0000   0.00002905
  0.098136  -0.0000   0.00002961
  0.099934  -0.0000   0.00003028
  0.101859  -0.0000   0.00003094
  0.102210  -0.0000   0.00003106
  0.102565  -0.0000   0.00003118
  0.102923  -0.0000   0.00003130
  0.103117  -0.0000   0.00003137
  0.103174  -0.0000   0.00003141
  0.103224  -0.0000   0.00003146
  0.103275  -0.0000   0.00003151
  0.103326  -0.0000   0.00003155
  0.103403  -0.0000   0.00003162
  0.103519  -0.0000   0.00003173
  0.103694  -0.0000   0.00003188
  0.103957  -0.0000   0.00003212
  0.104359  -0.0000   0.00003247
  0.104987  -0.0000   0.00003300
  0.105998  -0.0000   0.00003379
  0.107092  -0.0000   0.00003459
  0.108278  -0.0000   0.00003538
  0.109565  -0.0000   0.00003617
  0.110961  -0.0000   0.00003697
  0.112469  -0.0000   0.00003776
  0.114093  -0.0000   0.00003855
  0.115837  -0.0000   0.00003935
  0.117699  -0.0000   0.00004014
  0.119678  -0.0000   0.00004093
  0.119822  -0.0000   0.00004099
  0.119930  -0.0000   0.00004105
  0.119991  -0.0000   0.00004111
  0.120081  -0.0000   0.00004119
  0.120219  -0.0000   0.00004132
  0.120358  -0.0000   0.00004145
  0.120566  -0.0000   0.00004165
  0.120880  -0.0000   0.00004194
  0.121361  -0.0000   0.00004238
  0.122111  -0.0000   0.00004303
  0.123318  -0.0000   0.00004402
  0.124623  -0.0000   0.00004501
  0.126034  -0.0000   0.00004599
  0.127561  -0.0000   0.00004698
  0.129210  -0.0000   0.00004796
  0.130983  -0.0000   0.00004895
  0.132884  -0.0000   0.00004994
  0.134912  -0.0000   0.00005092
  0.136026  -0.0000   0.00005145
  0.136363  -0.0000   0.00005160
  0.136704  -0.0000   0.00005176
  0.136779  -0.0000   0.00005183
  0.136846  -0.0000   0.00005190
  0.136914  -0.0000   0.00005196
  0.136983  -0.0000   0.00005203
  0.137086  -0.0000   0.00005213
  0.137242  -0.0000   0.00005228
  0.137475  -0.0000   0.00005251
  0.137828  -0.0000   0.00005285
  0.138367  -0.0000   0.00005336
  0.139207  -0.0000   0.00005413
  0.140555  -0.0000   0.00005528
  0.142004  -0.0000   0.00005644
  0.143565  -0.0000   0.00005759
  0.145244  -0.0000   0.00005874
  0.147047  -0.0000   0.00005989
  0.148975  -0.0000   0.00006104
  0.151030  -0.0000   0.00006219
  0.153209  -0.0000   0.00006335
  0.153368  -0.0000   0.00006343
  0.153529  -0.0000   0.00006351
  0.153619  -0.0000   0.00006360
  0.153699  -0.0000   0.00006368
  0.153781  -0.0000   0.00006377
  0.153863  -0.0000   0.00006385
  0.153987  -0.0000   0.00006398
  0.154173  -0.0000   0.00006417
  0.154452  -0.0000   0.00006445
  0.154875  -0.0000   0.00006488
  0.155522  -0.0000   0.00006551
  0.156535  -0.0000   0.00006647
  0.157837  -0.0000   0.00006764
  0.159220  -0.0000   0.00006880
  0.160691  -0.0000   0.00006996
  0.162481  -0.0000   0.00007128
  0.164393  -0.0000   0.00007260
  0.166431  -0.0000   0.00007392
  0.168593  -0.0000   0.00007524
  0.169375  -0.0000   0.00007571
  0.170172  -0.0000   0.00007618
  0.170361  -0.0000   0.00007629
  0.170477  -0.0000   0.00007640
  0.170579  -0.0000   0.00007651
  0.170683  -0.0000   0.00007662
  0.170787  -0.0000   0.00007673
  0.170944  -0.0000   0.00007690
  0.171179  -0.0000   0.00007715
  0.171533  -0.0000   0.00007752
  0.172072  -0.0000   0.00007809
  0.172903  -0.0000   0.00007893
  0.174213  -0.0000   0.00008019
  0.175384  -0.0000   0.00008127
  0.176612  -0.0000   0.00008235
  0.177901  -0.0000   0.00008343
  0.179496  -0.0000   0.00008469
  0.181178  -0.0000   0.00008596
  0.182950  -0.0000   0.00008722
  0.185330  -0.0000   0.00008882
  0.186017  -0.0000   0.00008927
  0.186716  -0.0000   0.00008973
  0.187335  -0.0000   0.00009018
  0.187361  -0.0000   0.00009021
  0.187398  -0.0000   0.00009025
  0.187455  -0.0000   0.00009032
  0.187541  -0.0000   0.00009041
  0.187670  -0.0000   0.00009056
  0.187865  -0.0000   0.00009077
  0.188158  -0.0000   0.00009110
  0.188600  -0.0000   0.00009158
  0.189275  -0.0000   0.00009231
  0.190321  -0.0000   0.00009340
  0.191983  -0.0000   0.00009503
  0.193750  -0.0000   0.00009667
  0.195630  -0.0000   0.00009831
  0.197625  -0.0000   0.00009994
  0.199539  -0.0000   0.00010160
  0.201379  -0.0000   0.00010320
  0.203151  -0.0000   0.00010490
  0.203469  -0.0000   0.00010510
  0.203785  -0.0000   0.00010540
  0.204099  -0.0000   0.00010570
  0.204236  -0.0000   0.00010590
  0.204342  -0.0000   0.00010610
  0.204448  -0.0000   0.00010620
  0.204607  -0.0000   0.00010650
  0.204842  -0.0000   0.00010690
  0.205188  -0.0000   0.00010740
  0.205692  -0.0000   0.00010830
  0.206426  -0.0000   0.00010960
  0.207488  -0.0000   0.00011150
  0.208519  -0.0000   0.00011340
  0.209522  -0.0000   0.00011530
  0.210502  -0.0000   0.00011720
  0.211926  -0.0000   0.00012010
  0.213629  -0.0000   0.00012370
  0.215274  -0.0000   0.00012730
  0.216866  -0.0000   0.00013080
  0.218409  -0.0000   0.00013440
  0.220444  -0.0000   0.00013930
  0.220664  -0.0000   0.00013980
  0.220882  -0.0000   0.00014040
  0.221100  -0.0000   0.00014090
  0.221262  -0.0000   0.00014140
  0.221296  -0.0000   0.00014150
  0.221329  -0.0000   0.00014170
  0.221379  -0.0000   0.00014190
  0.221455  -0.0000   0.00014220
  0.221568  -0.0000   0.00014260
  0.221735  -0.0000   0.00014320
  0.221982  -0.0000   0.00014420
  0.222346  -0.0000   0.00014570
  0.222877  -0.0000   0.00014790
  0.223652  -0.0000   0.00015120
  0.224773  -0.0000   0.00015620
  0.225862  -0.0000   0.00016110
  0.226923  -0.0000   0.00016610
  0.227959  -0.0000   0.00017100
  0.229463  -0.0000   0.00017850
  0.231199  -0.0000   0.00018740
  0.232878  -0.0000   0.00019630
  0.234502  -0.0000   0.00020520
  0.236077  -0.0000   0.00021410
  0.238120  -0.0000   0.00022620
  0.238275  -0.0000   0.00022710
  0.238304  -0.0000   0.00022740
  0.238332  -0.0000   0.00022760
  0.238374  -0.0000   0.00022800
  0.238438  -0.0000   0.00022860
  0.238533  -0.0000   0.00022940
  0.238674  -0.0000   0.00023070
  0.238884  -0.0000   0.00023260
  0.239193  -0.0000   0.00023540
  0.239647  -0.0000   0.00023960
  0.240309  -0.0000   0.00024600
  0.241272  -0.0000   0.00025560
  0.242374  -0.0000   0.00026680
  0.243446  -0.0000   0.00027810
  0.244493  -0.0000   0.00028940
  0.245952  -0.0000   0.00030560
  0.247370  -0.0000   0.00032180
  0.249144  -0.0000   0.00034290
  0.250859  -0.0000   0.00036390
  0.252717  -0.0000   0.00038760
  0.254512  -0.0000   0.00041120
  0.254780  -0.0000   0.00041470
  0.255046  -0.0000   0.00041830
  0.255311  -0.0000   0.00042180
  0.255436  -0.0000   0.00042420
  0.255560  -0.0000   0.00042660
  0.255683  -0.0000   0.00042890
  0.255805  -0.0000   0.00043130
  0.255986  -0.0000   0.00043480
  0.256255  -0.0000   0.00044020
  0.256650  -0.0000   0.00044810
  0.257229  -0.0000   0.00046010
  0.258075  -0.0000   0.00047810
  0.259300  -0.0000   0.00050500
  0.260490  -0.0000   0.00053190
  0.261650  -0.0000   0.00055890
  0.262781  -0.0000   0.00058580
  0.264422  -0.0000   0.00062620
  0.266013  -0.0000   0.00066650
  0.267912  -0.0000   0.00071660
  0.269747  -0.0000   0.00076660
  0.271524  -0.0000   0.00081660
  0.271821  -0.0000   0.00082510
  0.272116  -0.0000   0.00083350
  0.272401  -0.0000   0.00084190
  0.272421  -0.0000   0.00084260
  0.272451  -0.0000   0.00084380
  0.272496  -0.0000   0.00084560
  0.272564  -0.0000   0.00084830
  0.272665  -0.0000   0.00085230
  0.272815  -0.0000   0.00085820
  0.273037  -0.0000   0.00086720
  0.273365  -0.0000   0.00088070
  0.273847  -0.0000   0.00090090
  0.274552  -0.0000   0.00093120
  0.275579  -0.0000   0.00097660
  0.276686  -0.0000   0.00102700
  0.277765  -0.0000   0.00107700
  0.278819  -0.0000   0.00112800
  0.280351  -0.0000   0.00120300
  0.282087  -0.0000   0.00129200
  0.283768  -0.0000   0.00138100
  0.285399  -0.0000   0.00146900
  0.286983  -0.0000   0.00155800
  0.288994  -0.0000   0.00167400
  0.289218  -0.0000   0.00168800
  0.289441  -0.0000   0.00170100
  0.289614  -0.0000   0.00171400
  0.289780  -0.0000   0.00172700
  0.289945  -0.0000   0.00174000
  0.290109  -0.0000   0.00175300
  0.290351  -0.0000   0.00177200
  0.290710  -0.0000   0.00180200
  0.291237  -0.0000   0.00184600
  0.292008  -0.0000   0.00191200
  0.293132  -0.0000   0.00201100
  0.294225  -0.0000   0.00211000
  0.295293  -0.0000   0.00220900
  0.296337  -0.0000   0.00230800
  0.297857  -0.0000   0.00245600
  0.299787  -0.0000   0.00265200
  0.301652  -0.0000   0.00284800
  0.303459  -0.0000   0.00304400
  0.305214  -0.0000   0.00324000
  0.305869  -0.0000   0.00331400
  0.306517  -0.0000   0.00338800
  0.306678  -0.0000   0.00341100
  0.306834  -0.0000   0.00343400
  0.306988  -0.0000   0.00345800
  0.307217  -0.0000   0.00349200
  0.307555  -0.0000   0.00354500
  0.308053  -0.0000   0.00362300
  0.308783  -0.0000   0.00374000
  0.309847  -0.0000   0.00391700
  0.311028  -0.0000   0.00411800
  0.312178  -0.0000   0.00431900
  0.313302  -0.0000   0.00452100
  0.314934  -0.0000   0.00482300
  0.316517  -0.0000   0.00512500
  0.318398  -0.0000   0.00549600
  0.320222  -0.0000   0.00586800
  0.321995  -0.0000   0.00623900
  0.323697  -0.0000   0.00661000
  0.323718  -0.0000   0.00661600
  0.323750  -0.0000   0.00662500
  0.323797  -0.0000   0.00663800
  0.323869  -0.0000   0.00665700
  0.323975  -0.0000   0.00668700
  0.324133  -0.0000   0.00673100
  0.324368  -0.0000   0.00679700
  0.324715  -0.0000   0.00689600
  0.325226  -0.0000   0.00704500
  0.325975  -0.0000   0.00726800
  0.327067  -0.0000   0.00760200
  0.328235  -0.0000   0.00797000
  0.329373  -0.0000   0.00833700
  0.330486  -0.0000   0.00870500
  0.332104  -0.0000   0.00925600
  0.333970  -0.0000   0.00991400
  0.335780  -0.0000   0.01057000
  0.337540  -0.0000   0.01123000
  0.339255  -0.0000   0.01189000
  0.339833  -0.0000   0.01211000
  0.340406  -0.0000   0.01233000
  0.340930  -0.0000   0.01256000
  0.340958  -0.0000   0.01257000
  0.341001  -0.0000   0.01259000
  0.341065  -0.0000   0.01262000
  0.341161  -0.0000   0.01267000
  0.341303  -0.0000   0.01274000
  0.341515  -0.0000   0.01285000
  0.341829  -0.0000   0.01301000
  0.342292  -0.0000   0.01325000
  0.342972  -0.0000   0.01360000
  0.343966  -0.0000   0.01414000
  0.345309  -0.0000   0.01489000
  0.346616  -0.0000   0.01564000
  0.347889  -0.0000   0.01639000
  0.349132  -0.0000   0.01714000
  0.350938  -0.0000   0.01826000
  0.352692  -0.0000   0.01939000
  0.354401  -0.0000   0.02051000
  0.356068  -0.0000   0.02163000
  0.356762  -0.0000   0.02211000
  0.357449  -0.0000   0.02258000
  0.357853  -0.0000   0.02286000
  0.357874  -0.0000   0.02288000
  0.357895  -0.0000   0.02290000
  0.357927  -0.0000   0.02293000
  0.357975  -0.0000   0.02297000
  0.358046  -0.0000   0.02303000
  0.358152  -0.0000   0.02312000
  0.358310  -0.0000   0.02325000
  0.358545  -0.0000   0.02346000
  0.358892  -0.0000   0.02376000
  0.359404  -0.0000   0.02422000
  0.360156  -0.0000   0.02491000
  0.361254  -0.0000   0.02594000
  0.362584  -0.0000   0.02723000
  0.363878  -0.0000   0.02852000
  0.365141  -0.0000   0.02981000
  0.366833  -0.0000   0.03159000
  0.368478  -0.0000   0.03337000
  0.370437  -0.0000   0.03555000
  0.372343  -0.0000   0.03774000
  0.374201  -0.0000   0.03992000
  0.374523  -0.0000   0.04030000
  0.374844  -0.0000   0.04068000
  0.375055  -0.0000   0.04098000
  0.375106  -0.0000   0.04105000
  0.375158  -0.0000   0.04112000
  0.375235  -0.0000   0.04124000
  0.375349  -0.0000   0.04140000
  0.375520  -0.0000   0.04165000
  0.375773  -0.0000   0.04203000
  0.376148  -0.0000   0.04259000
  0.376702  -0.0000   0.04343000
  0.377514  -0.0000   0.04469000
  0.378698  -0.0000   0.04658000
  0.380131  -0.0000   0.04895000
  0.381525  -0.0000   0.05131000
  0.382883  -0.0000   0.05368000
  0.384211  -0.0000   0.05604000
  0.386143  -0.0000   0.05959000
  0.388023  -0.0000   0.06313000
  0.389856  -0.0000   0.06668000
  0.391647  -0.0000   0.07022000
  0.391898  -0.0000   0.07072000
  0.392114  -0.0000   0.07122000
  0.392167  -0.0000   0.07135000
  0.392246  -0.0000   0.07154000
  0.392363  -0.0000   0.07182000
  0.392538  -0.0000   0.07224000
  0.392798  -0.0000   0.07287000
  0.393183  -0.0000   0.07382000
  0.393751  -0.0000   0.07525000
  0.394583  -0.0000   0.07738000
  0.395797  -0.0000   0.08059000
  0.397241  -0.0000   0.08452000
  0.398647  -0.0000   0.08845000
  0.400018  -0.0000   0.09238000
  0.401796  -0.0000   0.09763000
  0.403730  -0.0000   0.10400000
  0.405614  -0.0000   0.10900000
  0.407453  -0.0000   0.11500000
  0.408553  -0.0000   0.11900000
  0.408928  -0.0000   0.12000000
  0.409193  -0.0000   0.12100000
  0.409256  -0.0000   0.12100000
  0.409320  -0.0000   0.12200000
  0.409415  -0.0000   0.12200000
  0.409556  -0.0000   0.12200000
  0.409767  -0.0000   0.12300000
  0.410079  -0.0000   0.12500000
  0.410541  -0.0000   0.12600000
  0.411221  -0.0000   0.12900000
  0.412216  -0.0000   0.13300000
  0.413662  -0.0000   0.14000000
  0.415069  -0.0000   0.14600000
  0.416441  -0.0000   0.15200000
  0.417782  -0.0000   0.15800000
  0.419736  -0.0000   0.16800000
  0.421638  -0.0000   0.17700000
  0.423495  -0.0000   0.18700000
  0.425310  -0.0000   0.19600000
  0.425658  -0.0000   0.19800000
  0.426005  -0.0000   0.20000000
  0.426312  -0.0000   0.20200000
  0.426386  -0.0000   0.20200000
  0.426534  -0.0000   0.20300000
  0.426753  -0.0000   0.20400000
  0.427078  -0.0000   0.20600000
  0.427558  -0.0000   0.20900000
  0.428265  -0.0000   0.21400000
  0.429298  -0.0000   0.22100000
  0.430800  -0.0000   0.23100000
  0.432259  -0.0000   0.24100000
  0.433683  -0.0000   0.25200000
  0.435076  -0.0000   0.26200000
  0.437078  -0.0000   0.27700000
  0.439029  -0.0000   0.29300000
  0.440934  -0.0000   0.30800000
  0.442796  -0.0000   0.32300000
  0.443087  -0.0000   0.32600000
  0.443351  -0.0000   0.32800000
  0.443413  -0.0000   0.32900000
  0.443508  -0.0000   0.33000000
  0.443648  -0.0000   0.33100000
  0.443857  -0.0000   0.33300000
  0.444167  -0.0000   0.33600000
  0.444626  -0.0000   0.34100000
  0.445301  -0.0000   0.34700000
  0.446291  -0.0000   0.35800000
  0.447730  -0.0000   0.37300000
  0.449132  -0.0000   0.38800000
  0.450500  -0.0000   0.40400000
  0.451840  -0.0000   0.41900000
  0.453795  -0.0000   0.44200000
  0.455701  -0.0000   0.46500000
  0.457563  -0.0000   0.48800000
  0.459386  -0.0000   0.51100000
  0.459785  -0.0000   0.51600000
  0.460181  -0.0000   0.52200000
  0.460474  -0.0000   0.52600000
  0.460545  -0.0000   0.52700000
  0.460616  -0.0000   0.52800000
  0.460721  -0.0000   0.52900000
  0.460878  -0.0000   0.53200000
  0.461113  -0.0000   0.53500000
  0.461460  -0.0000   0.54000000
  0.461973  -0.0000   0.54800000
  0.462729  -0.0000   0.56000000
  0.463834  -0.0000   0.57800000
  0.465440  -0.0000   0.60400000
  0.467002  -0.0000   0.63100000
  0.468527  -0.0000   0.65700000
  0.470020  -0.0000   0.68400000
  0.471985  -0.0000   0.72000000
  0.473904  -0.0000   0.75600000
  0.475781  -0.0000   0.79200000
  0.476912  -0.0000   0.81400000
  0.477317  -0.0000   0.82200000
  0.477578  -0.0000   0.82700000
  0.477642  -0.0000   0.82900000
  0.477706  -0.0000   0.83000000
  0.477802  -0.0000   0.83200000
  0.477944  -0.0000   0.83500000
  0.478157  -0.0000   0.84000000
  0.478472  -0.0000   0.84700000
  0.478939  -0.0000   0.85800000
  0.479627  -0.0000   0.87400000
  0.480635  -0.0000   0.89900000
  0.482104  -0.0000   0.93500000
  0.483784  -0.0000   0.97800000
  0.484645  -0.0000   1.00000000
  0.484526  -0.0000   1.00000000
  0.484526  -0.0000   1.00000000
  0.484526  -0.0000   1.00000000
  0.484526  -0.0000   1.00000000
  0.484526  -0.0000   1.00000000
  0.484526  -0.0000   1.00000000
  0.484526  -0.0000   1.00000000
  0.484526  -0.0000   1.00000000
  0.484526  -0.0000   1.00000000
  0.484526  -0.0000   1.00000000
  0.484526  -0.0000   1.00000000
  0.484525  -0.0000   1.00000000
  0.484525  -0.0000   1.00000000
  0.484524  -0.0000   1.00000000
  0.484524  -0.0000   1.00000000
