  0.000004  -0.0000   0.00000010
  0.000037  -0.0000   0.00000020
  0.000076  -0.0000   0.00000025
  0.000179  -0.0000   0.00000029
  0.000648  -0.0000   0.00000034
  0.004754  -0.0000   0.00000039
  0.006478  -0.0000   0.00000040
  0.006560  -0.0000   0.00000041
  0.006700  -0.0000   0.00000044
  0.006950  -0.0000   0.00000048
  0.007224  -0.0000   0.00000052
  0.007540  -0.0000   0.00000055
  0.007900  -0.0000   0.00000059
  0.008307  -0.0000   0.00000063
  0.008760  -0.0000   0.00000067
  0.009257  -0.0000   0.00000070
  0.009961  -0.0000   0.00000075
  0.010735  -0.0000   0.00000080
  0.011579  -0.0000   0.00000084
  0.012493  -0.0000   0.00000089
  0.013478  -0.0000   0.00000094
  0.014531  -0.0000   0.00000099
  0.015650  -0.0000   0.00000103
  0.016832  -0.0000   0.00000108
  0.018071  -0.0000   0.00000113
  0.019362  -0.0000   0.00000118
  0.020696  -0.0000   0.00000122
  0.020802  -0.0000   0.00000123
  0.020908  -0.0000   0.00000123
  0.021014  -0.0000   0.00000124
  0.021174  -0.0000   0.00000124
  0.021227  -0.0000   0.00000124
  0.021231  -0.0000   0.00000124
  0.021233  -0.0000   0.00000125
  0.021237  -0.0000   0.00000125
  0.021243  -0.0000   0.00000125
  0.021253  -0.0000   0.00000125
  0.021266  -0.0000   0.00000126
  0.021286  -0.0000   0.00000127
  0.021315  -0.0000   0.00000128
  0.021357  -0.0000   0.00000129
  0.021418  -0.0000   0.00000132
  0.021506  -0.0000   0.00000136
  0.021638  -0.0000   0.00000142
  0.021843  -0.0000   0.00000150
  0.022182  -0.0000   0.00000163
  0.022581  -0.0000   0.00000177
  0.023039  -0.0000   0.00000190
  0.023568  -0.0000   0.00000203
  0.024174  -0.0000   0.00000217
  0.024864  -0.0000   0.00000230
  0.025645  -0.0000   0.00000244
  0.026521  -0.0000   0.00000257
  0.027305  -0.0000   0.00000268
  0.028156  -0.0000   0.00000279
  0.029077  -0.0000   0.00000290
  0.030197  -0.0000   0.00000303
  0.031405  -0.0000   0.00000315
  0.032698  -0.0000   0.00000327
  0.034077  -0.0000   0.00000340
  0.035537  -0.0000   0.00000352
  0.037076  -0.0000   0.00000364
  0.037801  -0.0000   0.00000370
  0.038450  -0.0000   0.00000376
  0.038453  -0.0000   0.00000376
  0.038457  -0.0000   0.00000376
  0.038463  -0.0000   0.00000376
  0.038472  -0.0000   0.00000376
  0.038485  -0.0000   0.00000377
  0.038505  -0.0000   0.00000378
  0.038533  -0.0000   0.00000379
  0.038575  -0.0000   0.00000381
  0.038637  -0.0000   0.00000383
  0.038727  -0.0000   0.00000387
  0.038862  -0.0000   0.00000393
  0.039066  -0.0000   0.00000401
  0.039383  -0.0000   0.00000414
  0.039713  -0.0000   0.00000427
  0.040245  -0.0000   0.00000447
  0.040982  -0.0000   0.00000471
  0.041802  -0.0000   0.00000495
  0.042715  -0.0000   0.00000520
  0.043729  -0.0000   0.00000544
  0.044666  -0.0000   0.00000565
  0.045685  -0.0000   0.00000585
  0.046790  -0.0000   0.00000606
  0.047984  -0.0000   0.00000626
  0.049269  -0.0000   0.00000647
  0.050646  -0.0000   0.00000667
  0.052115  -0.0000   0.00000688
  0.053675  -0.0000   0.00000708
  0.055324  -0.0000   0.00000729
  0.055496  -0.0000   0.00000731
  0.055668  -0.0000   0.00000733
  0.055842  -0.0000   0.00000735
  0.055966  -0.0000   0.00000738
  0.055982  -0.0000   0.00000738
  0.055997  -0.0000   0.00000739
  0.056013  -0.0000   0.00000740
  0.056036  -0.0000   0.00000740
  0.056070  -0.0000   0.00000742
  0.056121  -0.0000   0.00000744
  0.056197  -0.0000   0.00000746
  0.056309  -0.0000   0.00000751
  0.056475  -0.0000   0.00000757
  0.056722  -0.0000   0.00000767
  0.057094  -0.0000   0.00000782
  0.057668  -0.0000   0.00000804
  0.058582  -0.0000   0.00000837
  0.059385  -0.0000   0.00000864
  0.060240  -0.0000   0.00000892
  0.061152  -0.0000   0.00000919
  0.062125  -0.0000   0.00000947
  0.063164  -0.0000   0.00000974
  0.064273  -0.0000   0.00001002
  0.065455  -0.0000   0.00001029
  0.066711  -0.0000   0.00001056
  0.068045  -0.0000   0.00001084
  0.069554  -0.0000   0.00001113
  0.071151  -0.0000   0.00001142
  0.072836  -0.0000   0.00001171
  0.073009  -0.0000   0.00001174
  0.073182  -0.0000   0.00001177
  0.073338  -0.0000   0.00001180
  0.073346  -0.0000   0.00001181
  0.073357  -0.0000   0.00001181
  0.073373  -0.0000   0.00001182
  0.073397  -0.0000   0.00001183
  0.073433  -0.0000   0.00001184
  0.073488  -0.0000   0.00001186
  0.073568  -0.0000   0.00001189
  0.073687  -0.0000   0.00001194
  0.073863  -0.0000   0.00001201
  0.074125  -0.0000   0.00001212
  0.074517  -0.0000   0.00001228
  0.075111  -0.0000   0.00001252
  0.076032  -0.0000   0.00001288
  0.077244  -0.0000   0.00001333
  0.078536  -0.0000   0.00001378
  0.079919  -0.0000   0.00001423
  0.081402  -0.0000   0.00001468
  0.082992  -0.0000   0.00001513
  0.084693  -0.0000   0.00001558
  0.086510  -0.0000   0.00001603
  0.088445  -0.0000   0.00001648
  0.090501  -0.0000   0.00001693
  0.090653  -0.0000   0.00001697
  0.090676  -0.0000   0.00001698
  0.090699  -0.0000   0.00001699
  0.090723  -0.0000   0.00001700
  0.090758  -0.0000   0.00001702
  0.090810  -0.0000   0.00001704
  0.090888  -0.0000   0.00001707
  0.091003  -0.0000   0.00001712
  0.091175  -0.0000   0.00001720
  0.091430  -0.0000   0.00001731
  0.091811  -0.0000   0.00001747
  0.092384  -0.0000   0.00001772
  0.093260  -0.0000   0.00001810
  0.094634  -0.0000   0.00001866
  0.096085  -0.0000   0.00001922
  0.097623  -0.0000   0.00001978
  0.099258  -0.0000   0.00002034
  0.100998  -0.0000   0.00002091
  0.102847  -0.0000   0.00002147
  0.104811  -0.0000   0.00002203
  0.106893  -0.0000   0.00002259
  0.107164  -0.0000   0.00002266
  0.107437  -0.0000   0.00002274
  0.107712  -0.0000   0.00002281
  0.107914  -0.0000   0.00002288
  0.107923  -0.0000   0.00002288
  0.107932  -0.0000   0.00002289
  0.107947  -0.0000   0.00002289
  0.107968  -0.0000   0.00002290
  0.107999  -0.0000   0.00002292
  0.108047  -0.0000   0.00002294
  0.108118  -0.0000   0.00002297
  0.108223  -0.0000   0.00002302
  0.108380  -0.0000   0.00002309
  0.108613  -0.0000   0.00002320
  0.108961  -0.0000   0.00002336
  0.109483  -0.0000   0.00002360
  0.110273  -0.0000   0.00002397
  0.111490  -0.0000   0.00002451
  0.112818  -0.0000   0.00002509
  0.114203  -0.0000   0.00002566
  0.115653  -0.0000   0.00002624
  0.117197  -0.0000   0.00002682
  0.118817  -0.0000   0.00002740
  0.120518  -0.0000   0.00002799
  0.122307  -0.0000   0.00002857
  0.124185  -0.0000   0.00002916
  0.124477  -0.0000   0.00002925
  0.124771  -0.0000   0.00002934
  0.125045  -0.0000   0.00002943
  0.125062  -0.0000   0.00002944
  0.125089  -0.0000   0.00002945
  0.125129  -0.0000   0.00002947
  0.125188  -0.0000   0.00002950
  0.125277  -0.0000   0.00002954
  0.125409  -0.0000   0.00002960
  0.125606  -0.0000   0.00002970
  0.125899  -0.0000   0.00002984
  0.126336  -0.0000   0.00003006
  0.126993  -0.0000   0.00003039
  0.127991  -0.0000   0.00003087
  0.129536  -0.0000   0.00003161
  0.131142  -0.0000   0.00003234
  0.132822  -0.0000   0.00003307
  0.134581  -0.0000   0.00003380
  0.136426  -0.0000   0.00003454
  0.138364  -0.0000   0.00003527
  0.140400  -0.0000   0.00003600
  0.141323  -0.0000   0.00003633
  0.142216  -0.0000   0.00003665
  0.142226  -0.0000   0.00003666
  0.142241  -0.0000   0.00003666
  0.142263  -0.0000   0.00003667
  0.142297  -0.0000   0.00003669
  0.142347  -0.0000   0.00003672
  0.142422  -0.0000   0.00003676
  0.142534  -0.0000   0.00003681
  0.142700  -0.0000   0.00003690
  0.142949  -0.0000   0.00003703
  0.143319  -0.0000   0.00003723
  0.143874  -0.0000   0.00003752
  0.144710  -0.0000   0.00003796
  0.145988  -0.0000   0.00003862
  0.147546  -0.0000   0.00003940
  0.149160  -0.0000   0.00004018
  0.150837  -0.0000   0.00004096
  0.152940  -0.0000   0.00004189
  0.155153  -0.0000   0.00004282
  0.157483  -0.0000   0.00004375
  0.158126  -0.0000   0.00004400
  0.158777  -0.0000   0.00004425
  0.159379  -0.0000   0.00004451
  0.159390  -0.0000   0.00004451
  0.159406  -0.0000   0.00004452
  0.159431  -0.0000   0.00004454
  0.159468  -0.0000   0.00004456
  0.159523  -0.0000   0.00004459
  0.159605  -0.0000   0.00004463
  0.159728  -0.0000   0.00004470
  0.159912  -0.0000   0.00004480
  0.160186  -0.0000   0.00004495
  0.160595  -0.0000   0.00004518
  0.161207  -0.0000   0.00004552
  0.162132  -0.0000   0.00004603
  0.163546  -0.0000   0.00004680
  0.165099  -0.0000   0.00004763
  0.166702  -0.0000   0.00004845
  0.168360  -0.0000   0.00004927
  0.170154  -0.0000   0.00005013
  0.172019  -0.0000   0.00005099
  0.173961  -0.0000   0.00005185
  0.176386  -0.0000   0.00005287
  0.176414  -0.0000   0.00005289
  0.176442  -0.0000   0.00005291
  0.176469  -0.0000   0.00005292
  0.176511  -0.0000   0.00005295
  0.176574  -0.0000   0.00005298
  0.176667  -0.0000   0.00005304
  0.176806  -0.0000   0.00005312
  0.177013  -0.0000   0.00005324
  0.177322  -0.0000   0.00005342
  0.177784  -0.0000   0.00005370
  0.178478  -0.0000   0.00005411
  0.179526  -0.0000   0.00005472
  0.181132  -0.0000   0.00005565
  0.182850  -0.0000   0.00005661
  0.184624  -0.0000   0.00005757
  0.186463  -0.0000   0.00005854
  0.188627  -0.0000   0.00005962
  0.190888  -0.0000   0.00006071
  0.193251  -0.0000   0.00006179
  0.193511  -0.0000   0.00006191
  0.193707  -0.0000   0.00006203
  0.193902  -0.0000   0.00006215
  0.194096  -0.0000   0.00006227
  0.194289  -0.0000   0.00006239
  0.194578  -0.0000   0.00006256
  0.195010  -0.0000   0.00006283
  0.195657  -0.0000   0.00006323
  0.196634  -0.0000   0.00006383
  0.198121  -0.0000   0.00006473
  0.199778  -0.0000   0.00006571
  0.201480  -0.0000   0.00006669
  0.203233  -0.0000   0.00006767
  0.205579  -0.0000   0.00006893
  0.208029  -0.0000   0.00007019
  0.210558  -0.0000   0.00007144
  0.210588  -0.0000   0.00007146
  0.210619  -0.0000   0.00007148
  0.210650  -0.0000   0.00007150
  0.210696  -0.0000   0.00007153
  0.210765  -0.0000   0.00007158
  0.210868  -0.0000   0.00007164
  0.211022  -0.0000   0.00007174
  0.211253  -0.0000   0.00007189
  0.211596  -0.0000   0.00007212
  0.212110  -0.0000   0.00007245
  0.212881  -0.0000   0.00007295
  0.214046  -0.0000   0.00007371
  0.215829  -0.0000   0.00007484
  0.217657  -0.0000   0.00007598
  0.219539  -0.0000   0.00007711
  0.221483  -0.0000   0.00007824
  0.223749  -0.0000   0.00007951
  0.226105  -0.0000   0.00008079
  0.226677  -0.0000   0.00008109
  0.227254  -0.0000   0.00008140
  0.227789  -0.0000   0.00008170
  0.227832  -0.0000   0.00008173
  0.227875  -0.0000   0.00008176
  0.227918  -0.0000   0.00008179
  0.227982  -0.0000   0.00008183
  0.228079  -0.0000   0.00008190
  0.228223  -0.0000   0.00008199
  0.228439  -0.0000   0.00008214
  0.228761  -0.0000   0.00008236
  0.229243  -0.0000   0.00008268
  0.229965  -0.0000   0.00008317
  0.231055  -0.0000   0.00008391
  0.232714  -0.0000   0.00008501
  0.234416  -0.0000   0.00008611
  0.236160  -0.0000   0.00008722
  0.237950  -0.0000   0.00008833
  0.240419  -0.0000   0.00008980
  0.242988  -0.0000   0.00009127
  0.243545  -0.0000   0.00009159
  0.244107  -0.0000   0.00009191
  0.244667  -0.0000   0.00009222
  0.244677  -0.0000   0.00009223
  0.244693  -0.0000   0.00009224
  0.244717  -0.0000   0.00009226
  0.244754  -0.0000   0.00009228
  0.244808  -0.0000   0.00009232
  0.244889  -0.0000   0.00009238
  0.245010  -0.0000   0.00009246
  0.245191  -0.0000   0.00009259
  0.245461  -0.0000   0.00009278
  0.245865  -0.0000   0.00009306
  0.246469  -0.0000   0.00009349
  0.247376  -0.0000   0.00009413
  0.248748  -0.0000   0.00009509
  0.250849  -0.0000   0.00009654
  0.253006  -0.0000   0.00009798
  0.255229  -0.0000   0.00009942
  0.257428  -0.0000   0.00010090
  0.259545  -0.0000   0.00010230
  0.261592  -0.0000   0.00010380
  0.261846  -0.0000   0.00010390
  0.261860  -0.0000   0.00010400
  0.261874  -0.0000   0.00010400
  0.261895  -0.0000   0.00010400
  0.261927  -0.0000   0.00010400
  0.261974  -0.0000   0.00010410
  0.262044  -0.0000   0.00010410
  0.262149  -0.0000   0.00010420
  0.262304  -0.0000   0.00010430
  0.262535  -0.0000   0.00010460
  0.262875  -0.0000   0.00010490
  0.263375  -0.0000   0.00010530
  0.264104  -0.0000   0.00010600
  0.265159  -0.0000   0.00010710
  0.266673  -0.0000   0.00010860
  0.268129  -0.0000   0.00011020
  0.269538  -0.0000   0.00011180
  0.270906  -0.0000   0.00011330
  0.272237  -0.0000   0.00011490
  0.274081  -0.0000   0.00011710
  0.275869  -0.0000   0.00011940
  0.277608  -0.0000   0.00012160
  0.279274  -0.0000   0.00012390
  0.279296  -0.0000   0.00012390
  0.279329  -0.0000   0.00012400
  0.279379  -0.0000   0.00012400
  0.279453  -0.0000   0.00012420
  0.279564  -0.0000   0.00012430
  0.279728  -0.0000   0.00012460
  0.279972  -0.0000   0.00012500
  0.280332  -0.0000   0.00012560
  0.280860  -0.0000   0.00012650
  0.281630  -0.0000   0.00012780
  0.282744  -0.0000   0.00012990
  0.284317  -0.0000   0.00013280
  0.285833  -0.0000   0.00013580
  0.287301  -0.0000   0.00013880
  0.288727  -0.0000   0.00014180
  0.290118  -0.0000   0.00014480
  0.292054  -0.0000   0.00014910
  0.293933  -0.0000   0.00015330
  0.295761  -0.0000   0.00015760
  0.296325  -0.0000   0.00015900
  0.296857  -0.0000   0.00016030
  0.296887  -0.0000   0.00016040
  0.296917  -0.0000   0.00016050
  0.296946  -0.0000   0.00016050
  0.296991  -0.0000   0.00016070
  0.297058  -0.0000   0.00016090
  0.297157  -0.0000   0.00016110
  0.297305  -0.0000   0.00016160
  0.297525  -0.0000   0.00016220
  0.297850  -0.0000   0.00016310
  0.298328  -0.0000   0.00016460
  0.299027  -0.0000   0.00016670
  0.300043  -0.0000   0.00016990
  0.301506  -0.0000   0.00017470
  0.302919  -0.0000   0.00017950
  0.304292  -0.0000   0.00018430
  0.305628  -0.0000   0.00018920
  0.307359  -0.0000   0.00019560
  0.309043  -0.0000   0.00020200
  0.310997  -0.0000   0.00020970
  0.312897  -0.0000   0.00021740
  0.313537  -0.0000   0.00022000
  0.314171  -0.0000   0.00022260
  0.314417  -0.0000   0.00022380
  0.314432  -0.0000   0.00022380
  0.314447  -0.0000   0.00022390
  0.314469  -0.0000   0.00022400
  0.314503  -0.0000   0.00022420
  0.314553  -0.0000   0.00022440
  0.314628  -0.0000   0.00022480
  0.314740  -0.0000   0.00022530
  0.314907  -0.0000   0.00022610
  0.315154  -0.0000   0.00022740
  0.315519  -0.0000   0.00022920
  0.316055  -0.0000   0.00023190
  0.316839  -0.0000   0.00023610
  0.317975  -0.0000   0.00024220
  0.319347  -0.0000   0.00024990
  0.320677  -0.0000   0.00025770
  0.321973  -0.0000   0.00026540
  0.323605  -0.0000   0.00027540
  0.325194  -0.0000   0.00028540
  0.327105  -0.0000   0.00029780
  0.328964  -0.0000   0.00031030
  0.330778  -0.0000   0.00032270
  0.331423  -0.0000   0.00032710
  0.332022  -0.0000   0.00033160
  0.332057  -0.0000   0.00033190
  0.332092  -0.0000   0.00033210
  0.332127  -0.0000   0.00033240
  0.332179  -0.0000   0.00033280
  0.332257  -0.0000   0.00033350
  0.332374  -0.0000   0.00033440
  0.332547  -0.0000   0.00033580
  0.332805  -0.0000   0.00033790
  0.333185  -0.0000   0.00034110
  0.333743  -0.0000   0.00034590
  0.334560  -0.0000   0.00035300
  0.335745  -0.0000   0.00036370
  0.337123  -0.0000   0.00037660
  0.338463  -0.0000   0.00038950
  0.339770  -0.0000   0.00040240
  0.341471  -0.0000   0.00041970
  0.343127  -0.0000   0.00043690
  0.345084  -0.0000   0.00045790
  0.346990  -0.0000   0.00047900
  0.349093  -0.0000   0.00050280
  0.349404  -0.0000   0.00050630
  0.349620  -0.0000   0.00050910
  0.349834  -0.0000   0.00051190
  0.350046  -0.0000   0.00051460
  0.350256  -0.0000   0.00051740
  0.350567  -0.0000   0.00052160
  0.351025  -0.0000   0.00052780
  0.351698  -0.0000   0.00053720
  0.352679  -0.0000   0.00055130
  0.354100  -0.0000   0.00057240
  0.355480  -0.0000   0.00059340
  0.356825  -0.0000   0.00061450
  0.358139  -0.0000   0.00063560
  0.360010  -0.0000   0.00066660
  0.361832  -0.0000   0.00069750
  0.363610  -0.0000   0.00072850
  0.365348  -0.0000   0.00075940
  0.366097  -0.0000   0.00077290
  0.366840  -0.0000   0.00078640
  0.367119  -0.0000   0.00079180
  0.367136  -0.0000   0.00079220
  0.367153  -0.0000   0.00079250
  0.367178  -0.0000   0.00079300
  0.367216  -0.0000   0.00079380
  0.367272  -0.0000   0.00079490
  0.367356  -0.0000   0.00079660
  0.367482  -0.0000   0.00079920
  0.367668  -0.0000   0.00080310
  0.367945  -0.0000   0.00080890
  0.368354  -0.0000   0.00081770
  0.368955  -0.0000   0.00083070
  0.369833  -0.0000   0.00085040
  0.371110  -0.0000   0.00087980
  0.372545  -0.0000   0.00091400
  0.373943  -0.0000   0.00094820
  0.375309  -0.0000   0.00098230
  0.377075  -0.0000   0.00102800
  0.378797  -0.0000   0.00107300
  0.380854  -0.0000   0.00112900
  0.382859  -0.0000   0.00118500
  0.383785  -0.0000   0.00121100
  0.384685  -0.0000   0.00123700
  0.384697  -0.0000   0.00123700
  0.384717  -0.0000   0.00123800
  0.384746  -0.0000   0.00123900
  0.384790  -0.0000   0.00124000
  0.384855  -0.0000   0.00124200
  0.384952  -0.0000   0.00124500
  0.385097  -0.0000   0.00125000
  0.385313  -0.0000   0.00125700
  0.385632  -0.0000   0.00126700
  0.386103  -0.0000   0.00128300
  0.386795  -0.0000   0.00130700
  0.387804  -0.0000   0.00134200
  0.389269  -0.0000   0.00139500
  0.390694  -0.0000   0.00144700
  0.392084  -0.0000   0.00150000
  0.393445  -0.0000   0.00155300
  0.395392  -0.0000   0.00163100
  0.397290  -0.0000   0.00170900
  0.399143  -0.0000   0.00178700
  0.400956  -0.0000   0.00186400
  0.401595  -0.0000   0.00189200
  0.402226  -0.0000   0.00192000
  0.402235  -0.0000   0.00192000
  0.402248  -0.0000   0.00192100
  0.402269  -0.0000   0.00192200
  0.402299  -0.0000   0.00192300
  0.402345  -0.0000   0.00192500
  0.402413  -0.0000   0.00192900
  0.402515  -0.0000   0.00193400
  0.402667  -0.0000   0.00194100
  0.402892  -0.0000   0.00195200
  0.403227  -0.0000   0.00196900
  0.403720  -0.0000   0.00199300
  0.404443  -0.0000   0.00203100
  0.405500  -0.0000   0.00208700
  0.407034  -0.0000   0.00217100
  0.408526  -0.0000   0.00225500
  0.409983  -0.0000   0.00233900
  0.411408  -0.0000   0.00242300
  0.413368  -0.0000   0.00254100
  0.415280  -0.0000   0.00266000
  0.417480  -0.0000   0.00280000
  0.419627  -0.0000   0.00294000
  0.419917  -0.0000   0.00296000
  0.419934  -0.0000   0.00296100
  0.419951  -0.0000   0.00296300
  0.419977  -0.0000   0.00296400
  0.420016  -0.0000   0.00296700
  0.420075  -0.0000   0.00297100
  0.420162  -0.0000   0.00297800
  0.420292  -0.0000   0.00298700
  0.420486  -0.0000   0.00300100
  0.420773  -0.0000   0.00302200
  0.421198  -0.0000   0.00305400
  0.421823  -0.0000   0.00310200
  0.422738  -0.0000   0.00317400
  0.424073  -0.0000   0.00328100
  0.425796  -0.0000   0.00342400
  0.427473  -0.0000   0.00356700
  0.429110  -0.0000   0.00371000
  0.430711  -0.0000   0.00385300
  0.432741  -0.0000   0.00403900
  0.434724  -0.0000   0.00422500
  0.437122  -0.0000   0.00445600
  0.437440  -0.0000   0.00448800
  0.437459  -0.0000   0.00449000
  0.437478  -0.0000   0.00449200
  0.437496  -0.0000   0.00449400
  0.437524  -0.0000   0.00449700
  0.437566  -0.0000   0.00450100
  0.437629  -0.0000   0.00450800
  0.437723  -0.0000   0.00451800
  0.437863  -0.0000   0.00453200
  0.438070  -0.0000   0.00455500
  0.438379  -0.0000   0.00458800
  0.438834  -0.0000   0.00463800
  0.439505  -0.0000   0.00471400
  0.440487  -0.0000   0.00482600
  0.441918  -0.0000   0.00499600
  0.443315  -0.0000   0.00516500
  0.444681  -0.0000   0.00533400
  0.446021  -0.0000   0.00550400
  0.447979  -0.0000   0.00575800
  0.450161  -0.0000   0.00604900
  0.452290  -0.0000   0.00633900
  0.454372  -0.0000   0.00663000
  0.454803  -0.0000   0.00669100
  0.455209  -0.0000   0.00675100
  0.455234  -0.0000   0.00675500
  0.455271  -0.0000   0.00676100
  0.455326  -0.0000   0.00676900
  0.455409  -0.0000   0.00678200
  0.455533  -0.0000   0.00680100
  0.455718  -0.0000   0.00683000
  0.455992  -0.0000   0.00687300
  0.456399  -0.0000   0.00693800
  0.456998  -0.0000   0.00703500
  0.457879  -0.0000   0.00718000
  0.459165  -0.0000   0.00739800
  0.460989  -0.0000   0.00771700
  0.462764  -0.0000   0.00803500
  0.464497  -0.0000   0.00835400
  0.466193  -0.0000   0.00867300
  0.467855  -0.0000   0.00899100
  0.470271  -0.0000   0.00946700
  0.472622  -0.0000   0.00994300
  0.472630  -0.0000   0.00994500
  0.472643  -0.0000   0.00994700
  0.472663  -0.0000   0.00995200
  0.472691  -0.0000   0.00995800
  0.472735  -0.0000   0.00996700
  0.472799  -0.0000   0.00998100
  0.472896  -0.0000   0.01000000
  0.473040  -0.0000   0.01003000
  0.473255  -0.0000   0.01008000
  0.473573  -0.0000   0.01015000
  0.474043  -0.0000   0.01026000
  0.474736  -0.0000   0.01042000
  0.475753  -0.0000   0.01066000
  0.477237  -0.0000   0.01102000
  0.478988  -0.0000   0.01146000
  0.480697  -0.0000   0.01190000
  0.482369  -0.0000   0.01234000
  0.484008  -0.0000   0.01278000
  0.486318  -0.0000   0.01341000
  0.488573  -0.0000   0.01405000
  0.489412  -0.0000   0.01429000
  0.490243  -0.0000   0.01452000
  0.490478  -0.0000   0.01460000
  0.490712  -0.0000   0.01467000
  0.490944  -0.0000   0.01474000
  0.491174  -0.0000   0.01481000
  0.491516  -0.0000   0.01492000
  0.492022  -0.0000   0.01509000
  0.492767  -0.0000   0.01533000
  0.493862  -0.0000   0.01570000
  0.495459  -0.0000   0.01625000
  0.497020  -0.0000   0.01680000
  0.498548  -0.0000   0.01735000
  0.500047  -0.0000   0.01790000
  0.502233  -0.0000   0.01873000
  0.504368  -0.0000   0.01955000
  0.506458  -0.0000   0.02037000
  0.507371  -0.0000   0.02074000
  0.507870  -0.0000   0.02094000
  0.507878  -0.0000   0.02094000
  0.507885  -0.0000   0.02095000
  0.507896  -0.0000   0.02095000
  0.507913  -0.0000   0.02096000
  0.507938  -0.0000   0.02097000
  0.507976  -0.0000   0.02099000
  0.508033  -0.0000   0.02101000
  0.508117  -0.0000   0.02105000
  0.508243  -0.0000   0.02110000
  0.508431  -0.0000   0.02118000
  0.508711  -0.0000   0.02131000
  0.509125  -0.0000   0.02149000
  0.509737  -0.0000   0.02177000
  0.510637  -0.0000   0.02218000
  0.512064  -0.0000   0.02285000
  0.513460  -0.0000   0.02352000
  0.514829  -0.0000   0.02420000
  0.516639  -0.0000   0.02511000
  0.518410  -0.0000   0.02602000
  0.520648  -0.0000   0.02720000
  0.522836  -0.0000   0.02837000
  0.525380  -0.0000   0.02978000
  0.525390  -0.0000   0.02979000
  0.525404  -0.0000   0.02979000
  0.525425  -0.0000   0.02981000
  0.525456  -0.0000   0.02983000
  0.525504  -0.0000   0.02985000
  0.525574  -0.0000   0.02990000
  0.525680  -0.0000   0.02996000
  0.525837  -0.0000   0.03005000
  0.526072  -0.0000   0.03019000
  0.526420  -0.0000   0.03040000
  0.526934  -0.0000   0.03072000
  0.527693  -0.0000   0.03120000
  0.528808  -0.0000   0.03191000
  0.530437  -0.0000   0.03298000
  0.532030  -0.0000   0.03405000
  0.533590  -0.0000   0.03512000
  0.535122  -0.0000   0.03619000
  0.537364  -0.0000   0.03779000
  0.539555  -0.0000   0.03939000
  0.542215  -0.0000   0.04139000
  0.542744  -0.0000   0.04179000
  0.543252  -0.0000   0.04219000
  0.543259  -0.0000   0.04220000
  0.543271  -0.0000   0.04221000
  0.543289  -0.0000   0.04222000
  0.543315  -0.0000   0.04224000
  0.543354  -0.0000   0.04227000
  0.543412  -0.0000   0.04232000
  0.543500  -0.0000   0.04239000
  0.543631  -0.0000   0.04250000
  0.543826  -0.0000   0.04266000
  0.544116  -0.0000   0.04290000
  0.544547  -0.0000   0.04326000
  0.545184  -0.0000   0.04380000
  0.546122  -0.0000   0.04461000
  0.547498  -0.0000   0.04582000
  0.549409  -0.0000   0.04756000
  0.551275  -0.0000   0.04929000
  0.553102  -0.0000   0.05103000
  0.554893  -0.0000   0.05276000
  0.557237  -0.0000   0.05508000
  0.559529  -0.0000   0.05741000
  0.560127  -0.0000   0.05802000
  0.560707  -0.0000   0.05863000
  0.560716  -0.0000   0.05864000
  0.560729  -0.0000   0.05865000
  0.560749  -0.0000   0.05867000
  0.560779  -0.0000   0.05871000
  0.560823  -0.0000   0.05875000
  0.560890  -0.0000   0.05883000
  0.560989  -0.0000   0.05893000
  0.561137  -0.0000   0.05910000
  0.561358  -0.0000   0.05934000
  0.561686  -0.0000   0.05971000
  0.562173  -0.0000   0.06026000
  0.562892  -0.0000   0.06108000
  0.563951  -0.0000   0.06232000
  0.565501  -0.0000   0.06417000
  0.567020  -0.0000   0.06603000
  0.568510  -0.0000   0.06788000
  0.569975  -0.0000   0.06974000
  0.572122  -0.0000   0.07252000
  0.574738  -0.0000   0.07600000
  0.577292  -0.0000   0.07948000
  0.577856  -0.0000   0.08025000
  0.578396  -0.0000   0.08103000
  0.578429  -0.0000   0.08107000
  0.578454  -0.0000   0.08111000
  0.578479  -0.0000   0.08115000
  0.578516  -0.0000   0.08120000
  0.578572  -0.0000   0.08128000
  0.578655  -0.0000   0.08140000
  0.578780  -0.0000   0.08159000
  0.578966  -0.0000   0.08186000
  0.579243  -0.0000   0.08228000
  0.579654  -0.0000   0.08290000
  0.580263  -0.0000   0.08382000
  0.581162  -0.0000   0.08522000
  0.582483  -0.0000   0.08731000
  0.584414  -0.0000   0.09044000
  0.586300  -0.0000   0.09358000
  0.588147  -0.0000   0.09671000
  0.589960  -0.0000   0.10000000
  0.592420  -0.0000   0.10400000
  0.594827  -0.0000   0.10900000
  0.595394  -0.0000   0.11000000
  0.595938  -0.0000   0.11100000
  0.595972  -0.0000   0.11100000
  0.596005  -0.0000   0.11100000
  0.596039  -0.0000   0.11100000
  0.596089  -0.0000   0.11100000
  0.596163  -0.0000   0.11100000
  0.596275  -0.0000   0.11100000
  0.596442  -0.0000   0.11200000
  0.596691  -0.0000   0.11200000
  0.597061  -0.0000   0.11300000
  0.597609  -0.0000   0.11400000
  0.598419  -0.0000   0.11600000
  0.599611  -0.0000   0.11800000
  0.601358  -0.0000   0.12200000
  0.603067  -0.0000   0.12600000
  0.604744  -0.0000   0.12900000
  0.606392  -0.0000   0.13300000
  0.608806  -0.0000   0.13900000
  0.611625  -0.0000   0.14500000
  0.612545  -0.0000   0.14700000
  0.613440  -0.0000   0.15000000
  0.613454  -0.0000   0.15000000
  0.613468  -0.0000   0.15000000
  0.613481  -0.0000   0.15000000
  0.613502  -0.0000   0.15000000
  0.613532  -0.0000   0.15000000
  0.613578  -0.0000   0.15000000
  0.613646  -0.0000   0.15000000
  0.613749  -0.0000   0.15000000
  0.613901  -0.0000   0.15100000
  0.614129  -0.0000   0.15100000
  0.614467  -0.0000   0.15200000
  0.614970  -0.0000   0.15400000
  0.615713  -0.0000   0.15600000
  0.616808  -0.0000   0.15900000
  0.618414  -0.0000   0.16300000
  0.620291  -0.0000   0.16800000
  0.622129  -0.0000   0.17400000
  0.623932  -0.0000   0.17900000
  0.625705  -0.0000   0.18400000
  0.628301  -0.0000   0.19200000
  0.629545  -0.0000   0.19600000
  0.630776  -0.0000   0.20000000
  0.631083  -0.0000   0.20100000
  0.631388  -0.0000   0.20200000
  0.631690  -0.0000   0.20300000
  0.631990  -0.0000   0.20400000
  0.632436  -0.0000   0.20600000
  0.633096  -0.0000   0.20800000
  0.634071  -0.0000   0.21100000
  0.635505  -0.0000   0.21700000
  0.637530  -0.0000   0.22400000
  0.639511  -0.0000   0.23200000
  0.641453  -0.0000   0.23900000
  0.643359  -0.0000   0.24700000
  0.646102  -0.0000   0.25800000
  0.647635  -0.0000   0.26400000
  0.648360  -0.0000   0.26700000
  0.648371  -0.0000   0.26700000
  0.648382  -0.0000   0.26700000
  0.648393  -0.0000   0.26700000
  0.648410  -0.0000   0.26700000
  0.648434  -0.0000   0.26700000
  0.648471  -0.0000   0.26700000
  0.648526  -0.0000   0.26700000
  0.648608  -0.0000   0.26800000
  0.648732  -0.0000   0.26800000
  0.648915  -0.0000   0.26900000
  0.649188  -0.0000   0.27000000
  0.649595  -0.0000   0.27200000
  0.650197  -0.0000   0.27500000
  0.651087  -0.0000   0.27900000
  0.652397  -0.0000   0.28500000
  0.654314  -0.0000   0.29400000
  0.656191  -0.0000   0.30300000
  0.658032  -0.0000   0.31200000
  0.659841  -0.0000   0.32100000
  0.662489  -0.0000   0.33500000
  0.665511  -0.0000   0.35100000
  0.666017  -0.0000   0.35300000
  0.666024  -0.0000   0.35300000
  0.666032  -0.0000   0.35300000
  0.666044  -0.0000   0.35400000
  0.666061  -0.0000   0.35400000
  0.666087  -0.0000   0.35400000
  0.666126  -0.0000   0.35400000
  0.666184  -0.0000   0.35400000
  0.666271  -0.0000   0.35500000
  0.666401  -0.0000   0.35600000
  0.666594  -0.0000   0.35700000
  0.666883  -0.0000   0.35800000
  0.667312  -0.0000   0.36100000
  0.667947  -0.0000   0.36400000
  0.668886  -0.0000   0.37000000
  0.670268  -0.0000   0.37800000
  0.672291  -0.0000   0.39000000
  0.674270  -0.0000   0.40300000
  0.676211  -0.0000   0.41500000
  0.678117  -0.0000   0.42700000
  0.680908  -0.0000   0.44600000
  0.683625  -0.0000   0.46400000
  0.683636  -0.0000   0.46500000
  0.683646  -0.0000   0.46500000
  0.683656  -0.0000   0.46500000
  0.683671  -0.0000   0.46500000
  0.683694  -0.0000   0.46500000
  0.683729  -0.0000   0.46500000
  0.683781  -0.0000   0.46600000
  0.683858  -0.0000   0.46600000
  0.683974  -0.0000   0.46700000
  0.684146  -0.0000   0.46800000
  0.684403  -0.0000   0.47000000
  0.684786  -0.0000   0.47300000
  0.685353  -0.0000   0.47700000
  0.686193  -0.0000   0.48300000
  0.687430  -0.0000   0.49300000
  0.689246  -0.0000   0.50700000
  0.691236  -0.0000   0.52300000
  0.693188  -0.0000   0.53800000
  0.695105  -0.0000   0.55400000
  0.697880  -0.0000   0.57700000
  0.700594  -0.0000   0.60100000
  0.701178  -0.0000   0.60600000
  0.701187  -0.0000   0.60600000
  0.701195  -0.0000   0.60600000
  0.701204  -0.0000   0.60600000
  0.701218  -0.0000   0.60600000
  0.701237  -0.0000   0.60700000
  0.701267  -0.0000   0.60700000
  0.701312  -0.0000   0.60700000
  0.701379  -0.0000   0.60800000
  0.701479  -0.0000   0.60900000
  0.701628  -0.0000   0.61000000
  0.701851  -0.0000   0.61200000
  0.702182  -0.0000   0.61500000
  0.702675  -0.0000   0.62000000
  0.703405  -0.0000   0.62700000
  0.704483  -0.0000   0.63700000
  0.706067  -0.0000   0.65200000
  0.708102  -0.0000   0.67300000
  0.710095  -0.0000   0.69300000
  0.712052  -0.0000   0.71300000
  0.713976  -0.0000   0.73400000
  0.716796  -0.0000   0.76400000
  0.717774  -0.0000   0.77500000
  0.718738  -0.0000   0.78500000
  0.718753  -0.0000   0.78500000
  0.718768  -0.0000   0.78600000
  0.718782  -0.0000   0.78600000
  0.718804  -0.0000   0.78600000
  0.718837  -0.0000   0.78600000
  0.718886  -0.0000   0.78700000
  0.718960  -0.0000   0.78800000
  0.719070  -0.0000   0.78900000
  0.719235  -0.0000   0.79100000
  0.719481  -0.0000   0.79400000
  0.719846  -0.0000   0.79800000
  0.720389  -0.0000   0.80400000
  0.721193  -0.0000   0.81400000
  0.722379  -0.0000   0.82800000
  0.724122  -0.0000   0.85000000
  0.726172  -0.0000   0.87600000
  0.728181  -0.0000   0.90200000
  0.730155  -0.0000   0.92800000
  0.732874  -0.0000   0.96500000
  0.735457  -0.0000   1.00000000
  0.735435  -0.0000   1.00000000
  0.735435  -0.0000   1.00000000
  0.735435  -0.0000   1.00000000
  0.735435  -0.0000   1.00000000
  0.735435  -0.0000   1.00000000
  0.735435  -0.0000   1.00000000
  0.735435  -0.0000   1.00000000
  0.735435  -0.0000   1.00000000
  0.735435  -0.0000   1.00000000
  0.735435  -0.0000   1.00000000
  0.735435  -0.0000   1.00000000
  0.735435  -0.0000   1.00000000
  0.735434  -0.0000   1.00000000
  0.735434  -0.0000   1.00000000
  0.735433  -0.0000   1.00000000
  0.735432  -0.0000   1.00000000
  0.735431  -0.0000   1.00000000
