  0.000015  -0.0000   0.00000010
  0.000033  -0.0000   0.00000020
  0.000090  -0.0000   0.00000030
  0.001043  -0.0000   0.00000045
  0.006083  -0.0000   0.00000067
  0.006147  -0.0000   0.00000101
  0.006237  -0.0000   0.00000152
  0.006372  -0.0000   0.00000228
  0.006577  -0.0000   0.00000342
  0.006887  -0.0000   0.00000513
  0.007359  -0.0000   0.00000769
  0.008087  -0.0000   0.00001153
  0.009226  -0.0000   0.00001730
  0.010643  -0.0000   0.00002410
  0.012139  -0.0000   0.00003090
  0.013717  -0.0000   0.00003770
  0.015377  -0.0000   0.00004450
  0.017121  -0.0000   0.00005130
  0.018949  -0.0000   0.00005811
  0.020863  -0.0000   0.00006491
  0.021740  -0.0000   0.00007171
  0.022245  -0.0000   0.00007851
  0.022763  -0.0000   0.00008531
  0.023570  -0.0000   0.00009551
  0.024081  -0.0000   0.00010420
  0.024386  -0.0000   0.00011280
  0.024687  -0.0000   0.00012150
  0.025127  -0.0000   0.00013450
  0.025559  -0.0000   0.00014750
  0.025983  -0.0000   0.00016050
  0.026401  -0.0000   0.00017350
  0.026813  -0.0000   0.00018650
  0.027396  -0.0000   0.00020520
  0.027971  -0.0000   0.00022380
  0.028539  -0.0000   0.00024250
  0.029102  -0.0000   0.00026120
  0.029937  -0.0000   0.00028920
  0.030765  -0.0000   0.00031720
  0.031855  -0.0000   0.00035440
  0.032937  -0.0000   0.00039160
  0.034467  -0.0000   0.00044460
  0.035988  -0.0000   0.00049770
  0.038252  -0.0000   0.00057720
  0.041225  -0.0000   0.00068250
  0.042386  -0.0000   0.00072390
  0.043544  -0.0000   0.00076520
  0.044535  -0.0000   0.00080660
  0.044734  -0.0000   0.00082100
  0.044929  -0.0000   0.00083530
  0.045122  -0.0000   0.00084970
  0.045406  -0.0000   0.00087130
  0.045821  -0.0000   0.00090360
  0.046229  -0.0000   0.00093600
  0.046632  -0.0000   0.00096830
  0.047031  -0.0000   0.00100100
  0.047623  -0.0000   0.00104900
  0.048471  -0.0000   0.00111900
  0.049453  -0.0000   0.00120100
  0.050431  -0.0000   0.00128300
  0.052054  -0.0000   0.00142000
  0.053671  -0.0000   0.00155600
  0.056088  -0.0000   0.00176100
  0.059693  -0.0000   0.00206800
  0.065057  -0.0000   0.00252900
  0.065413  -0.0000   0.00255900
  0.065768  -0.0000   0.00259000
  0.066123  -0.0000   0.00262000
  0.066655  -0.0000   0.00266600
  0.067323  -0.0000   0.00273500
  0.067697  -0.0000   0.00278600
  0.068063  -0.0000   0.00283700
  0.068421  -0.0000   0.00288900
  0.068950  -0.0000   0.00296600
  0.069735  -0.0000   0.00308100
  0.070898  -0.0000   0.00325300
  0.072058  -0.0000   0.00342500
  0.073791  -0.0000   0.00368300
  0.076380  -0.0000   0.00407100
  0.080245  -0.0000   0.00465200
  0.086004  -0.0000   0.00552300
  0.086611  -0.0000   0.00561500
  0.087217  -0.0000   0.00570700
  0.087823  -0.0000   0.00579900
  0.088730  -0.0000   0.00593700
  0.090088  -0.0000   0.00614400
  0.090527  -0.0000   0.00621800
  0.090873  -0.0000   0.00629300
  0.091213  -0.0000   0.00636700
  0.091716  -0.0000   0.00647900
  0.092465  -0.0000   0.00664700
  0.093581  -0.0000   0.00689900
  0.095248  -0.0000   0.00727700
  0.097740  -0.0000   0.00784300
  0.100224  -0.0000   0.00841000
  0.103935  -0.0000   0.00926000
  0.109470  -0.0000   0.01053000
  0.110151  -0.0000   0.01069000
  0.110832  -0.0000   0.01085000
  0.111513  -0.0000   0.01101000
  0.112532  -0.0000   0.01124000
  0.113946  -0.0000   0.01159000
  0.114442  -0.0000   0.01175000
  0.114932  -0.0000   0.01190000
  0.115420  -0.0000   0.01205000
  0.116148  -0.0000   0.01228000
  0.117237  -0.0000   0.01263000
  0.118866  -0.0000   0.01314000
  0.121303  -0.0000   0.01391000
  0.124944  -0.0000   0.01507000
  0.130379  -0.0000   0.01681000
  0.132314  -0.0000   0.01743000
  0.134245  -0.0000   0.01806000
  0.136172  -0.0000   0.01868000
  0.136788  -0.0000   0.01887000
  0.137309  -0.0000   0.01907000
  0.137793  -0.0000   0.01927000
  0.138514  -0.0000   0.01957000
  0.139232  -0.0000   0.01987000
  0.140306  -0.0000   0.02031000
  0.141914  -0.0000   0.02098000
  0.144319  -0.0000   0.02199000
  0.147912  -0.0000   0.02349000
  0.153279  -0.0000   0.02575000
  0.156440  -0.0000   0.02709000
  0.159593  -0.0000   0.02842000
  0.160209  -0.0000   0.02868000
  0.160724  -0.0000   0.02894000
  0.161224  -0.0000   0.02920000
  0.161972  -0.0000   0.02959000
  0.162718  -0.0000   0.02999000
  0.163834  -0.0000   0.03057000
  0.165505  -0.0000   0.03145000
  0.168005  -0.0000   0.03277000
  0.171740  -0.0000   0.03475000
  0.177320  -0.0000   0.03772000
  0.179087  -0.0000   0.03867000
  0.180852  -0.0000   0.03961000
  0.182614  -0.0000   0.04055000
  0.183442  -0.0000   0.04099000
  0.184165  -0.0000   0.04144000
  0.184856  -0.0000   0.04188000
  0.185545  -0.0000   0.04232000
  0.186232  -0.0000   0.04277000
  0.187263  -0.0000   0.04343000
  0.188805  -0.0000   0.04443000
  0.191112  -0.0000   0.04592000
  0.194562  -0.0000   0.04817000
  0.199718  -0.0000   0.05153000
  0.205488  -0.0000   0.05531000
  0.206181  -0.0000   0.05576000
  0.206873  -0.0000   0.05622000
  0.207481  -0.0000   0.05667000
  0.208365  -0.0000   0.05735000
  0.209247  -0.0000   0.05803000
  0.210128  -0.0000   0.05871000
  0.211447  -0.0000   0.05974000
  0.213421  -0.0000   0.06127000
  0.216373  -0.0000   0.06356000
  0.220787  -0.0000   0.06701000
  0.227382  -0.0000   0.07218000
  0.228124  -0.0000   0.07276000
  0.228867  -0.0000   0.07335000
  0.229609  -0.0000   0.07393000
  0.230671  -0.0000   0.07480000
  0.231441  -0.0000   0.07550000
  0.232209  -0.0000   0.07620000
  0.232976  -0.0000   0.07689000
  0.234124  -0.0000   0.07794000
  0.235844  -0.0000   0.07951000
  0.238416  -0.0000   0.08186000
  0.242263  -0.0000   0.08539000
  0.248013  -0.0000   0.09068000
  0.249573  -0.0000   0.09212000
  0.251131  -0.0000   0.09356000
  0.252688  -0.0000   0.09500000
  0.253777  -0.0000   0.09601000
  0.254456  -0.0000   0.09672000
  0.255134  -0.0000   0.09743000
  0.255810  -0.0000   0.09814000
  0.256485  -0.0000   0.09886000
  0.257498  -0.0000   0.10000000
  0.259013  -0.0000   0.10200000
  0.261281  -0.0000   0.10400000
  0.264675  -0.0000   0.10800000
  0.269749  -0.0000   0.11300000
  0.277307  -0.0000   0.12100000
  0.277900  -0.0000   0.12200000
  0.278492  -0.0000   0.12200000
  0.279083  -0.0000   0.12300000
  0.279969  -0.0000   0.12400000
  0.281295  -0.0000   0.12600000
  0.283282  -0.0000   0.12800000
  0.286256  -0.0000   0.13200000
  0.290705  -0.0000   0.13700000
  0.297358  -0.0000   0.14500000
  0.298256  -0.0000   0.14700000
  0.299154  -0.0000   0.14800000
  0.300051  -0.0000   0.14900000
  0.301308  -0.0000   0.15000000
  0.302515  -0.0000   0.15200000
  0.303720  -0.0000   0.15400000
  0.304924  -0.0000   0.15500000
  0.306126  -0.0000   0.15700000
  0.307926  -0.0000   0.15900000
  0.310620  -0.0000   0.16300000
  0.314651  -0.0000   0.16900000
  0.320680  -0.0000   0.17700000
  0.321642  -0.0000   0.17800000
  0.322604  -0.0000   0.18000000
  0.323565  -0.0000   0.18100000
  0.324460  -0.0000   0.18200000
  0.325325  -0.0000   0.18400000
  0.326189  -0.0000   0.18500000
  0.327483  -0.0000   0.18700000
  0.328774  -0.0000   0.18900000
  0.330708  -0.0000   0.19200000
  0.333602  -0.0000   0.19600000
  0.337932  -0.0000   0.20300000
  0.344407  -0.0000   0.21300000
  0.345346  -0.0000   0.21500000
  0.346285  -0.0000   0.21600000
  0.347224  -0.0000   0.21800000
  0.348040  -0.0000   0.21900000
  0.348845  -0.0000   0.22000000
  0.349650  -0.0000   0.22200000
  0.350453  -0.0000   0.22300000
  0.351657  -0.0000   0.22500000
  0.353459  -0.0000   0.22800000
  0.356156  -0.0000   0.23300000
  0.360192  -0.0000   0.24000000
  0.366228  -0.0000   0.25000000
  0.367536  -0.0000   0.25300000
  0.368843  -0.0000   0.25500000
  0.370149  -0.0000   0.25700000
  0.371193  -0.0000   0.25900000
  0.372190  -0.0000   0.26100000
  0.373184  -0.0000   0.26300000
  0.374178  -0.0000   0.26500000
  0.375170  -0.0000   0.26600000
  0.376656  -0.0000   0.26900000
  0.378882  -0.0000   0.27300000
  0.382213  -0.0000   0.28000000
  0.387197  -0.0000   0.28900000
  0.394608  -0.0000   0.30400000
  0.395338  -0.0000   0.30500000
  0.396067  -0.0000   0.30700000
  0.396795  -0.0000   0.30800000
  0.397885  -0.0000   0.31000000
  0.399519  -0.0000   0.31400000
  0.401966  -0.0000   0.31900000
  0.405628  -0.0000   0.32700000
  0.411109  -0.0000   0.33800000
  0.414629  -0.0000   0.34600000
  0.418104  -0.0000   0.35300000
  0.418808  -0.0000   0.35500000
  0.419512  -0.0000   0.35600000
  0.420215  -0.0000   0.35800000
  0.421268  -0.0000   0.36000000
  0.422845  -0.0000   0.36400000
  0.425207  -0.0000   0.36900000
  0.428742  -0.0000   0.37700000
  0.434032  -0.0000   0.38900000
  0.440227  -0.0000   0.40400000
  0.441084  -0.0000   0.40600000
  0.441886  -0.0000   0.40800000
  0.442687  -0.0000   0.40900000
  0.443488  -0.0000   0.41100000
  0.444287  -0.0000   0.41300000
  0.445485  -0.0000   0.41600000
  0.447278  -0.0000   0.42100000
  0.449963  -0.0000   0.42800000
  0.453982  -0.0000   0.43800000
  0.459995  -0.0000   0.45300000
  0.461474  -0.0000   0.45600000
  0.462952  -0.0000   0.46000000
  0.464430  -0.0000   0.46400000
  0.465198  -0.0000   0.46600000
  0.465964  -0.0000   0.46800000
  0.466729  -0.0000   0.47000000
  0.467875  -0.0000   0.47300000
  0.469591  -0.0000   0.47800000
  0.472161  -0.0000   0.48400000
  0.476005  -0.0000   0.49500000
  0.481758  -0.0000   0.51000000
  0.484402  -0.0000   0.51800000
  0.487044  -0.0000   0.52500000
  0.488272  -0.0000   0.52800000
  0.489222  -0.0000   0.53100000
  0.490170  -0.0000   0.53400000
  0.491118  -0.0000   0.53600000
  0.492064  -0.0000   0.53900000
  0.493482  -0.0000   0.54300000
  0.495606  -0.0000   0.54900000
  0.498785  -0.0000   0.55900000
  0.503544  -0.0000   0.57300000
  0.510664  -0.0000   0.59300000
  0.511433  -0.0000   0.59600000
  0.512160  -0.0000   0.59800000
  0.512885  -0.0000   0.60000000
  0.513973  -0.0000   0.60400000
  0.515059  -0.0000   0.60700000
  0.516685  -0.0000   0.61200000
  0.519121  -0.0000   0.62000000
  0.522767  -0.0000   0.63100000
  0.528223  -0.0000   0.64800000
  0.532269  -0.0000   0.66100000
  0.534518  -0.0000   0.66800000
  0.535466  -0.0000   0.67100000
  0.536397  -0.0000   0.67400000
  0.537327  -0.0000   0.67700000
  0.538720  -0.0000   0.68200000
  0.540806  -0.0000   0.68900000
  0.543928  -0.0000   0.69900000
  0.548600  -0.0000   0.71500000
  0.555589  -0.0000   0.73900000
  0.556659  -0.0000   0.74200000
  0.557728  -0.0000   0.74600000
  0.558770  -0.0000   0.75000000
  0.559870  -0.0000   0.75400000
  0.560969  -0.0000   0.75700000
  0.562067  -0.0000   0.76100000
  0.563163  -0.0000   0.76500000
  0.564806  -0.0000   0.77100000
  0.567266  -0.0000   0.78000000
  0.570950  -0.0000   0.79300000
  0.576463  -0.0000   0.81300000
  0.578819  -0.0000   0.82200000
  0.581172  -0.0000   0.83000000
  0.582327  -0.0000   0.83400000
  0.583452  -0.0000   0.83900000
  0.584575  -0.0000   0.84300000
  0.585697  -0.0000   0.84700000
  0.586818  -0.0000   0.85200000
  0.588498  -0.0000   0.85800000
  0.591013  -0.0000   0.86800000
  0.594779  -0.0000   0.88200000
  0.600416  -0.0000   0.90400000
  0.602436  -0.0000   0.91100000
  0.604455  -0.0000   0.91900000
  0.605985  -0.0000   0.92500000
  0.607219  -0.0000   0.93000000
  0.608452  -0.0000   0.93500000
  0.609682  -0.0000   0.94000000
  0.610912  -0.0000   0.94500000
  0.612754  -0.0000   0.95300000
  0.615513  -0.0000   0.96400000
  0.619644  -0.0000   0.98100000
  0.624339  -0.0000   1.00000000
  0.624138  -0.0000   1.00000000
  0.623937  -0.0000   1.00000000
  0.623736  -0.0000   1.00000000
  0.623334  -0.0000   1.00000000
  0.622530  -0.0000   1.00000000
  0.620923  -0.0000   1.00000000
  0.617707  -0.0000   1.00000000
  0.611276  -0.0000   1.00000000
  0.598413  -0.0000   1.00000000
  0.572688  -0.0000   1.00000000
  0.534100  -0.0000   1.00000000
  0.476218  -0.0000   1.00000000
  0.423360  -0.0000   1.00000000
