  0.000000  -0.0000   0.00000010
  0.000001  -0.0000   0.00000020
  0.000003  -0.0000   0.00000030
  0.000034  -0.0000   0.00000045
  0.000718  -0.0000   0.00000067
  0.005973  -0.0000   0.00000101
  0.005977  -0.0000   0.00000152
  0.005982  -0.0000   0.00000228
  0.005991  -0.0000   0.00000342
  0.006007  -0.0000   0.00000513
  0.006036  -0.0000   0.00000769
  0.006091  -0.0000   0.00001153
  0.006206  -0.0000   0.00001730
  0.006450  -0.0000   0.00002595
  0.006704  -0.0000   0.00003309
  0.007013  -0.0000   0.00004023
  0.007377  -0.0000   0.00004736
  0.007854  -0.0000   0.00005533
  0.008404  -0.0000   0.00006329
  0.009026  -0.0000   0.00007126
  0.009742  -0.0000   0.00007943
  0.010537  -0.0000   0.00008759
  0.011411  -0.0000   0.00009576
  0.012407  -0.0000   0.00010500
  0.013368  -0.0000   0.00011420
  0.014319  -0.0000   0.00012340
  0.015727  -0.0000   0.00013720
  0.017805  -0.0000   0.00015790
  0.020858  -0.0000   0.00018890
  0.021036  -0.0000   0.00019070
  0.021214  -0.0000   0.00019260
  0.021391  -0.0000   0.00019440
  0.021657  -0.0000   0.00019710
  0.022055  -0.0000   0.00020120
  0.022407  -0.0000   0.00020550
  0.022486  -0.0000   0.00020830
  0.022562  -0.0000   0.00021100
  0.022636  -0.0000   0.00021380
  0.022744  -0.0000   0.00021790
  0.022904  -0.0000   0.00022400
  0.023140  -0.0000   0.00023330
  0.023489  -0.0000   0.00024720
  0.024004  -0.0000   0.00026800
  0.024764  -0.0000   0.00029920
  0.025881  -0.0000   0.00034600
  0.027520  -0.0000   0.00041630
  0.029132  -0.0000   0.00048650
  0.030721  -0.0000   0.00055670
  0.032290  -0.0000   0.00062700
  0.034606  -0.0000   0.00073230
  0.036888  -0.0000   0.00083770
  0.039142  -0.0000   0.00094300
  0.041368  -0.0000   0.00104800
  0.044654  -0.0000   0.00120600
  0.045066  -0.0000   0.00122600
  0.045477  -0.0000   0.00124600
  0.045888  -0.0000   0.00126600
  0.046501  -0.0000   0.00129600
  0.046755  -0.0000   0.00130800
  0.046940  -0.0000   0.00132100
  0.047084  -0.0000   0.00133300
  0.047296  -0.0000   0.00135100
  0.047506  -0.0000   0.00137000
  0.047818  -0.0000   0.00139800
  0.048282  -0.0000   0.00144000
  0.048971  -0.0000   0.00150200
  0.049990  -0.0000   0.00159600
  0.051496  -0.0000   0.00173700
  0.053719  -0.0000   0.00194800
  0.055910  -0.0000   0.00215900
  0.058076  -0.0000   0.00237000
  0.060219  -0.0000   0.00258100
  0.063392  -0.0000   0.00289800
  0.067722  -0.0000   0.00333700
  0.070396  -0.0000   0.00361100
  0.071002  -0.0000   0.00367300
  0.071607  -0.0000   0.00373500
  0.071986  -0.0000   0.00378400
  0.072318  -0.0000   0.00383300
  0.072646  -0.0000   0.00388200
  0.072973  -0.0000   0.00393000
  0.073461  -0.0000   0.00400400
  0.074185  -0.0000   0.00411400
  0.075262  -0.0000   0.00427800
  0.076858  -0.0000   0.00452600
  0.079221  -0.0000   0.00489700
  0.082709  -0.0000   0.00545300
  0.086152  -0.0000   0.00601000
  0.089557  -0.0000   0.00656600
  0.092927  -0.0000   0.00712200
  0.094235  -0.0000   0.00733900
  0.095539  -0.0000   0.00755600
  0.096805  -0.0000   0.00777300
  0.097182  -0.0000   0.00785400
  0.097557  -0.0000   0.00793500
  0.097929  -0.0000   0.00801600
  0.098485  -0.0000   0.00813800
  0.099312  -0.0000   0.00832000
  0.100542  -0.0000   0.00859300
  0.102367  -0.0000   0.00900400
  0.105072  -0.0000   0.00961900
  0.109071  -0.0000   0.01054000
  0.113023  -0.0000   0.01147000
  0.116932  -0.0000   0.01239000
  0.120805  -0.0000   0.01331000
  0.121376  -0.0000   0.01345000
  0.121907  -0.0000   0.01358000
  0.122377  -0.0000   0.01372000
  0.123077  -0.0000   0.01393000
  0.123772  -0.0000   0.01413000
  0.124463  -0.0000   0.01433000
  0.125494  -0.0000   0.01464000
  0.127028  -0.0000   0.01510000
  0.129305  -0.0000   0.01579000
  0.132682  -0.0000   0.01683000
  0.137677  -0.0000   0.01838000
  0.142613  -0.0000   0.01994000
  0.144973  -0.0000   0.02068000
  0.147234  -0.0000   0.02143000
  0.147842  -0.0000   0.02166000
  0.148445  -0.0000   0.02188000
  0.149046  -0.0000   0.02211000
  0.149645  -0.0000   0.02234000
  0.150538  -0.0000   0.02267000
  0.151869  -0.0000   0.02318000
  0.153850  -0.0000   0.02395000
  0.156793  -0.0000   0.02509000
  0.161156  -0.0000   0.02681000
  0.166481  -0.0000   0.02893000
  0.171752  -0.0000   0.03105000
  0.172288  -0.0000   0.03129000
  0.172812  -0.0000   0.03153000
  0.173334  -0.0000   0.03177000
  0.174112  -0.0000   0.03213000
  0.175273  -0.0000   0.03267000
  0.177001  -0.0000   0.03349000
  0.179568  -0.0000   0.03470000
  0.183378  -0.0000   0.03653000
  0.188895  -0.0000   0.03921000
  0.194354  -0.0000   0.04188000
  0.195516  -0.0000   0.04245000
  0.196675  -0.0000   0.04303000
  0.197380  -0.0000   0.04340000
  0.198064  -0.0000   0.04378000
  0.198745  -0.0000   0.04416000
  0.199761  -0.0000   0.04472000
  0.201274  -0.0000   0.04557000
  0.203526  -0.0000   0.04684000
  0.206870  -0.0000   0.04875000
  0.211831  -0.0000   0.05162000
  0.217530  -0.0000   0.05494000
  0.219630  -0.0000   0.05617000
  0.221722  -0.0000   0.05740000
  0.222398  -0.0000   0.05783000
  0.223057  -0.0000   0.05826000
  0.223713  -0.0000   0.05868000
  0.224693  -0.0000   0.05932000
  0.226153  -0.0000   0.06028000
  0.228327  -0.0000   0.06172000
  0.231559  -0.0000   0.06389000
  0.236357  -0.0000   0.06713000
  0.242660  -0.0000   0.07143000
  0.244405  -0.0000   0.07263000
  0.246146  -0.0000   0.07382000
  0.247403  -0.0000   0.07472000
  0.248595  -0.0000   0.07561000
  0.249780  -0.0000   0.07651000
  0.250959  -0.0000   0.07740000
  0.252133  -0.0000   0.07830000
  0.253885  -0.0000   0.07964000
  0.256495  -0.0000   0.08165000
  0.260379  -0.0000   0.08467000
  0.266147  -0.0000   0.08920000
  0.268283  -0.0000   0.09088000
  0.270412  -0.0000   0.09257000
  0.272490  -0.0000   0.09425000
  0.273478  -0.0000   0.09509000
  0.274460  -0.0000   0.09594000
  0.275439  -0.0000   0.09678000
  0.276414  -0.0000   0.09763000
  0.277870  -0.0000   0.09890000
  0.280042  -0.0000   0.10100000
  0.283278  -0.0000   0.10400000
  0.288088  -0.0000   0.10800000
  0.295229  -0.0000   0.11400000
  0.296365  -0.0000   0.11500000
  0.297467  -0.0000   0.11600000
  0.298526  -0.0000   0.11700000
  0.300103  -0.0000   0.11900000
  0.301673  -0.0000   0.12000000
  0.303235  -0.0000   0.12200000
  0.305565  -0.0000   0.12400000
  0.309036  -0.0000   0.12800000
  0.314197  -0.0000   0.13300000
  0.321859  -0.0000   0.14100000
  0.322761  -0.0000   0.14200000
  0.323649  -0.0000   0.14300000
  0.324534  -0.0000   0.14400000
  0.325416  -0.0000   0.14500000
  0.326734  -0.0000   0.14600000
  0.328700  -0.0000   0.14800000
  0.331631  -0.0000   0.15100000
  0.335992  -0.0000   0.15600000
  0.342473  -0.0000   0.16300000
  0.344677  -0.0000   0.16600000
  0.346874  -0.0000   0.16800000
  0.347761  -0.0000   0.16900000
  0.348639  -0.0000   0.17100000
  0.349514  -0.0000   0.17200000
  0.350387  -0.0000   0.17300000
  0.351690  -0.0000   0.17400000
  0.353635  -0.0000   0.17700000
  0.356536  -0.0000   0.18000000
  0.360854  -0.0000   0.18500000
  0.367274  -0.0000   0.19300000
  0.369740  -0.0000   0.19600000
  0.372186  -0.0000   0.20000000
  0.373174  -0.0000   0.20100000
  0.374157  -0.0000   0.20200000
  0.375137  -0.0000   0.20300000
  0.376114  -0.0000   0.20500000
  0.377575  -0.0000   0.20700000
  0.379754  -0.0000   0.21000000
  0.384081  -0.0000   0.21500000
  0.389475  -0.0000   0.22300000
  0.394833  -0.0000   0.23000000
  0.396565  -0.0000   0.23300000
  0.397767  -0.0000   0.23400000
  0.398948  -0.0000   0.23600000
  0.400125  -0.0000   0.23800000
  0.401297  -0.0000   0.23900000
  0.403049  -0.0000   0.24200000
  0.405662  -0.0000   0.24600000
  0.409556  -0.0000   0.25100000
  0.415351  -0.0000   0.26000000
  0.418300  -0.0000   0.26500000
  0.421240  -0.0000   0.26900000
  0.422510  -0.0000   0.27100000
  0.423752  -0.0000   0.27300000
  0.424989  -0.0000   0.27500000
  0.426835  -0.0000   0.27800000
  0.428674  -0.0000   0.28100000
  0.431418  -0.0000   0.28500000
  0.435508  -0.0000   0.29200000
  0.441595  -0.0000   0.30200000
  0.443706  -0.0000   0.30500000
  0.445813  -0.0000   0.30800000
  0.447867  -0.0000   0.31200000
  0.449877  -0.0000   0.31500000
  0.451876  -0.0000   0.31900000
  0.453867  -0.0000   0.32200000
  0.456837  -0.0000   0.32700000
  0.461263  -0.0000   0.33500000
  0.467850  -0.0000   0.34700000
  0.469749  -0.0000   0.35000000
  0.471643  -0.0000   0.35300000
  0.472710  -0.0000   0.35500000
  0.473772  -0.0000   0.35700000
  0.474831  -0.0000   0.35900000
  0.475887  -0.0000   0.36100000
  0.477466  -0.0000   0.36400000
  0.479823  -0.0000   0.36900000
  0.483340  -0.0000   0.37500000
  0.488580  -0.0000   0.38500000
  0.496373  -0.0000   0.40000000
  0.497719  -0.0000   0.40300000
  0.499056  -0.0000   0.40500000
  0.500388  -0.0000   0.40800000
  0.501716  -0.0000   0.41100000
  0.503700  -0.0000   0.41500000
  0.506662  -0.0000   0.42000000
  0.511077  -0.0000   0.42900000
  0.517649  -0.0000   0.44300000
  0.519621  -0.0000   0.44700000
  0.521577  -0.0000   0.45100000
  0.522995  -0.0000   0.45400000
  0.524408  -0.0000   0.45700000
  0.525816  -0.0000   0.46000000
  0.527219  -0.0000   0.46300000
  0.529317  -0.0000   0.46800000
  0.532448  -0.0000   0.47400000
  0.537117  -0.0000   0.48500000
  0.544067  -0.0000   0.50000000
  0.546059  -0.0000   0.50400000
  0.547312  -0.0000   0.50700000
  0.548561  -0.0000   0.51000000
  0.549806  -0.0000   0.51300000
  0.551048  -0.0000   0.51600000
  0.552904  -0.0000   0.52000000
  0.555675  -0.0000   0.52600000
  0.559809  -0.0000   0.53600000
  0.565967  -0.0000   0.55000000
  0.568136  -0.0000   0.55500000
  0.570301  -0.0000   0.56000000
  0.571742  -0.0000   0.56400000
  0.573170  -0.0000   0.56700000
  0.574593  -0.0000   0.57100000
  0.576011  -0.0000   0.57400000
  0.578130  -0.0000   0.58000000
  0.581294  -0.0000   0.58700000
  0.586012  -0.0000   0.59900000
  0.593034  -0.0000   0.61700000
  0.595254  -0.0000   0.62200000
  0.596562  -0.0000   0.62600000
  0.597864  -0.0000   0.62900000
  0.599163  -0.0000   0.63200000
  0.600458  -0.0000   0.63600000
  0.602394  -0.0000   0.64100000
  0.605286  -0.0000   0.64800000
  0.609598  -0.0000   0.66000000
  0.616022  -0.0000   0.67700000
  0.618228  -0.0000   0.68300000
  0.620410  -0.0000   0.68900000
  0.622546  -0.0000   0.69500000
  0.624672  -0.0000   0.70100000
  0.626789  -0.0000   0.70600000
  0.628899  -0.0000   0.71200000
  0.632051  -0.0000   0.72100000
  0.636751  -0.0000   0.73400000
  0.643752  -0.0000   0.75400000
  0.645732  -0.0000   0.76000000
  0.647691  -0.0000   0.76600000
  0.649642  -0.0000   0.77100000
  0.651586  -0.0000   0.77700000
  0.654490  -0.0000   0.78600000
  0.658822  -0.0000   0.79900000
  0.665274  -0.0000   0.81800000
  0.667592  -0.0000   0.82500000
  0.669874  -0.0000   0.83200000
  0.672122  -0.0000   0.83900000
  0.675472  -0.0000   0.84900000
  0.678806  -0.0000   0.86000000
  0.682124  -0.0000   0.87000000
  0.687074  -0.0000   0.88600000
  0.691062  -0.0000   0.89900000
  0.694105  -0.0000   0.90900000
  0.697091  -0.0000   0.91800000
  0.700060  -0.0000   0.92800000
  0.703016  -0.0000   0.93800000
  0.705960  -0.0000   0.94800000
  0.710354  -0.0000   0.96300000
  0.716900  -0.0000   0.98500000
  0.718717  -0.0000   0.99100000
  0.720521  -0.0000   0.99700000
  0.721334  -0.0000   1.00000000
  0.721328  -0.0000   1.00000000
  0.721328  -0.0000   1.00000000
  0.721328  -0.0000   1.00000000
  0.721328  -0.0000   1.00000000
  0.721328  -0.0000   1.00000000
  0.721328  -0.0000   1.00000000
  0.721328  -0.0000   1.00000000
  0.721328  -0.0000   1.00000000
  0.721327  -0.0000   1.00000000
  0.721327  -0.0000   1.00000000
  0.721326  -0.0000   1.00000000
  0.721326  -0.0000   1.00000000
  0.721325  -0.0000   1.00000000
  0.721323  -0.0000   1.00000000
  0.721322  -0.0000   1.00000000
