  0.000011  -0.0000   0.00000010
  0.000024  -0.0000   0.00000020
  0.000064  -0.0000   0.00000030
  0.000751  -0.0000   0.00000045
  0.006049  -0.0000   0.00000067
  0.006097  -0.0000   0.00000101
  0.006161  -0.0000   0.00000152
  0.006258  -0.0000   0.00000228
  0.006404  -0.0000   0.00000342
  0.006624  -0.0000   0.00000513
  0.006956  -0.0000   0.00000769
  0.007459  -0.0000   0.00001153
  0.008223  -0.0000   0.00001730
  0.009394  -0.0000   0.00002595
  0.011208  -0.0000   0.00003892
  0.014056  -0.0000   0.00005839
  0.017026  -0.0000   0.00007785
  0.020103  -0.0000   0.00009731
  0.020992  -0.0000   0.00011680
  0.021441  -0.0000   0.00013620
  0.021587  -0.0000   0.00015570
  0.021803  -0.0000   0.00018490
  0.022122  -0.0000   0.00022870
  0.022438  -0.0000   0.00027250
  0.022751  -0.0000   0.00031630
  0.023060  -0.0000   0.00036000
  0.023461  -0.0000   0.00041740
  0.023858  -0.0000   0.00047480
  0.024251  -0.0000   0.00053220
  0.024640  -0.0000   0.00058960
  0.025141  -0.0000   0.00066400
  0.025637  -0.0000   0.00073840
  0.026131  -0.0000   0.00081280
  0.026621  -0.0000   0.00088710
  0.027351  -0.0000   0.00099850
  0.028077  -0.0000   0.00111000
  0.028800  -0.0000   0.00122100
  0.029520  -0.0000   0.00133300
  0.030597  -0.0000   0.00150000
  0.032075  -0.0000   0.00173000
  0.033774  -0.0000   0.00199600
  0.035469  -0.0000   0.00226200
  0.038002  -0.0000   0.00266000
  0.041780  -0.0000   0.00325800
  0.046786  -0.0000   0.00405700
  0.047035  -0.0000   0.00409700
  0.047284  -0.0000   0.00413700
  0.047534  -0.0000   0.00417700
  0.047788  -0.0000   0.00423700
  0.048102  -0.0000   0.00432600
  0.048567  -0.0000   0.00446100
  0.049026  -0.0000   0.00459600
  0.049482  -0.0000   0.00473000
  0.049935  -0.0000   0.00486500
  0.050607  -0.0000   0.00506600
  0.051275  -0.0000   0.00526800
  0.052274  -0.0000   0.00556900
  0.053268  -0.0000   0.00587100
  0.055137  -0.0000   0.00644000
  0.057000  -0.0000   0.00701000
  0.059784  -0.0000   0.00786300
  0.063940  -0.0000   0.00914400
  0.070132  -0.0000   0.01107000
  0.070603  -0.0000   0.01121000
  0.071074  -0.0000   0.01136000
  0.071544  -0.0000   0.01150000
  0.072249  -0.0000   0.01172000
  0.073205  -0.0000   0.01205000
  0.073655  -0.0000   0.01225000
  0.074099  -0.0000   0.01246000
  0.074541  -0.0000   0.01266000
  0.075200  -0.0000   0.01296000
  0.076175  -0.0000   0.01341000
  0.077629  -0.0000   0.01409000
  0.079078  -0.0000   0.01477000
  0.080525  -0.0000   0.01545000
  0.082688  -0.0000   0.01647000
  0.085923  -0.0000   0.01800000
  0.090755  -0.0000   0.02029000
  0.097961  -0.0000   0.02374000
  0.098460  -0.0000   0.02397000
  0.098959  -0.0000   0.02421000
  0.099350  -0.0000   0.02445000
  0.099917  -0.0000   0.02481000
  0.100760  -0.0000   0.02535000
  0.101599  -0.0000   0.02588000
  0.102854  -0.0000   0.02669000
  0.104729  -0.0000   0.02790000
  0.107533  -0.0000   0.02971000
  0.111722  -0.0000   0.03243000
  0.117977  -0.0000   0.03650000
  0.119577  -0.0000   0.03755000
  0.121176  -0.0000   0.03859000
  0.122773  -0.0000   0.03964000
  0.125087  -0.0000   0.04120000
  0.125619  -0.0000   0.04164000
  0.126148  -0.0000   0.04207000
  0.126675  -0.0000   0.04250000
  0.127463  -0.0000   0.04315000
  0.128641  -0.0000   0.04413000
  0.130405  -0.0000   0.04559000
  0.133042  -0.0000   0.04778000
  0.136987  -0.0000   0.05106000
  0.142882  -0.0000   0.05599000
  0.147085  -0.0000   0.05952000
  0.150638  -0.0000   0.06250000
  0.151173  -0.0000   0.06304000
  0.151705  -0.0000   0.06358000
  0.152235  -0.0000   0.06411000
  0.153028  -0.0000   0.06492000
  0.154215  -0.0000   0.06613000
  0.155991  -0.0000   0.06794000
  0.158650  -0.0000   0.07065000
  0.162627  -0.0000   0.07473000
  0.168572  -0.0000   0.08084000
  0.173483  -0.0000   0.08590000
  0.174978  -0.0000   0.08745000
  0.176467  -0.0000   0.08899000
  0.177176  -0.0000   0.08984000
  0.177881  -0.0000   0.09069000
  0.178584  -0.0000   0.09154000
  0.179637  -0.0000   0.09282000
  0.181212  -0.0000   0.09473000
  0.183571  -0.0000   0.09760000
  0.187099  -0.0000   0.10200000
  0.192376  -0.0000   0.10800000
  0.200262  -0.0000   0.11800000
  0.201040  -0.0000   0.11900000
  0.201818  -0.0000   0.12000000
  0.202553  -0.0000   0.12100000
  0.203572  -0.0000   0.12200000
  0.205095  -0.0000   0.12500000
  0.206614  -0.0000   0.12700000
  0.208131  -0.0000   0.12900000
  0.210402  -0.0000   0.13200000
  0.213801  -0.0000   0.13700000
  0.218885  -0.0000   0.14400000
  0.226486  -0.0000   0.15500000
  0.227307  -0.0000   0.15600000
  0.228122  -0.0000   0.15700000
  0.228852  -0.0000   0.15900000
  0.229942  -0.0000   0.16000000
  0.231030  -0.0000   0.16200000
  0.232117  -0.0000   0.16400000
  0.233744  -0.0000   0.16700000
  0.236180  -0.0000   0.17100000
  0.239825  -0.0000   0.17600000
  0.245279  -0.0000   0.18500000
  0.253433  -0.0000   0.19900000
  0.254213  -0.0000   0.20000000
  0.254945  -0.0000   0.20100000
  0.255675  -0.0000   0.20300000
  0.256769  -0.0000   0.20500000
  0.258406  -0.0000   0.20800000
  0.260857  -0.0000   0.21200000
  0.264524  -0.0000   0.21900000
  0.270010  -0.0000   0.22900000
  0.278213  -0.0000   0.24400000
  0.279124  -0.0000   0.24600000
  0.280005  -0.0000   0.24800000
  0.280833  -0.0000   0.25000000
  0.282072  -0.0000   0.25200000
  0.283308  -0.0000   0.25500000
  0.284543  -0.0000   0.25700000
  0.286393  -0.0000   0.26100000
  0.289162  -0.0000   0.26700000
  0.293306  -0.0000   0.27500000
  0.299507  -0.0000   0.28800000
  0.301676  -0.0000   0.29300000
  0.303843  -0.0000   0.29700000
  0.305967  -0.0000   0.30200000
  0.306894  -0.0000   0.30400000
  0.307819  -0.0000   0.30600000
  0.308744  -0.0000   0.30800000
  0.310128  -0.0000   0.31100000
  0.312202  -0.0000   0.31600000
  0.315306  -0.0000   0.32300000
  0.319952  -0.0000   0.33300000
  0.326904  -0.0000   0.34900000
  0.328338  -0.0000   0.35300000
  0.329772  -0.0000   0.35600000
  0.331205  -0.0000   0.35900000
  0.332232  -0.0000   0.36200000
  0.333248  -0.0000   0.36400000
  0.334262  -0.0000   0.36700000
  0.335781  -0.0000   0.37100000
  0.338055  -0.0000   0.37600000
  0.341459  -0.0000   0.38500000
  0.346554  -0.0000   0.39800000
  0.354175  -0.0000   0.41700000
  0.355370  -0.0000   0.42000000
  0.356565  -0.0000   0.42300000
  0.357713  -0.0000   0.42600000
  0.359090  -0.0000   0.43000000
  0.360464  -0.0000   0.43300000
  0.361837  -0.0000   0.43700000
  0.363207  -0.0000   0.44100000
  0.365261  -0.0000   0.44600000
  0.368336  -0.0000   0.45500000
  0.372940  -0.0000   0.46800000
  0.379830  -0.0000   0.48600000
  0.381144  -0.0000   0.49000000
  0.382457  -0.0000   0.49400000
  0.383713  -0.0000   0.49700000
  0.385549  -0.0000   0.50300000
  0.387382  -0.0000   0.50800000
  0.389213  -0.0000   0.51400000
  0.391041  -0.0000   0.51900000
  0.393779  -0.0000   0.52700000
  0.397880  -0.0000   0.53900000
  0.404018  -0.0000   0.55800000
  0.405896  -0.0000   0.56300000
  0.407773  -0.0000   0.56900000
  0.409588  -0.0000   0.57400000
  0.411066  -0.0000   0.57900000
  0.412541  -0.0000   0.58400000
  0.414015  -0.0000   0.58900000
  0.415487  -0.0000   0.59300000
  0.417692  -0.0000   0.60000000
  0.420995  -0.0000   0.61100000
  0.425940  -0.0000   0.62700000
  0.433343  -0.0000   0.65100000
  0.434417  -0.0000   0.65400000
  0.435433  -0.0000   0.65700000
  0.436445  -0.0000   0.66100000
  0.437960  -0.0000   0.66600000
  0.439473  -0.0000   0.67100000
  0.441739  -0.0000   0.67900000
  0.445132  -0.0000   0.69100000
  0.450211  -0.0000   0.70800000
  0.457814  -0.0000   0.73500000
  0.459123  -0.0000   0.73900000
  0.460421  -0.0000   0.74400000
  0.461658  -0.0000   0.74800000
  0.462894  -0.0000   0.75300000
  0.464128  -0.0000   0.75700000
  0.465362  -0.0000   0.76200000
  0.467209  -0.0000   0.76900000
  0.469976  -0.0000   0.77900000
  0.474120  -0.0000   0.79400000
  0.480324  -0.0000   0.81700000
  0.482911  -0.0000   0.82600000
  0.485496  -0.0000   0.83600000
  0.486861  -0.0000   0.84100000
  0.488200  -0.0000   0.84600000
  0.489538  -0.0000   0.85200000
  0.491542  -0.0000   0.86000000
  0.493543  -0.0000   0.86700000
  0.496540  -0.0000   0.87900000
  0.501028  -0.0000   0.89700000
  0.507747  -0.0000   0.92300000
  0.509515  -0.0000   0.93000000
  0.511282  -0.0000   0.93700000
  0.512983  -0.0000   0.94400000
  0.514661  -0.0000   0.95100000
  0.516337  -0.0000   0.95800000
  0.518011  -0.0000   0.96500000
  0.520519  -0.0000   0.97600000
  0.524274  -0.0000   0.99100000
  0.526364  -0.0000   1.00000000
  0.526176  -0.0000   1.00000000
  0.526176  -0.0000   1.00000000
  0.526176  -0.0000   1.00000000
  0.526176  -0.0000   1.00000000
  0.526176  -0.0000   1.00000000
  0.526176  -0.0000   1.00000000
  0.526176  -0.0000   1.00000000
  0.526176  -0.0000   1.00000000
  0.526176  -0.0000   1.00000000
  0.526175  -0.0000   1.00000000
  0.526174  -0.0000   1.00000000
  0.526173  -0.0000   1.00000000
  0.526172  -0.0000   1.00000000
