  0.000040  -0.0000   0.00000010
  0.000093  -0.0000   0.00000020
  0.000284  -0.0000   0.00000030
  0.001423  -0.0000   0.00000038
  0.006385  -0.0000   0.00000044
  0.006518  -0.0000   0.00000048
  0.006687  -0.0000   0.00000052
  0.006864  -0.0000   0.00000055
  0.007097  -0.0000   0.00000059
  0.007338  -0.0000   0.00000061
  0.007631  -0.0000   0.00000064
  0.007984  -0.0000   0.00000067
  0.008401  -0.0000   0.00000069
  0.008793  -0.0000   0.00000072
  0.009230  -0.0000   0.00000074
  0.009713  -0.0000   0.00000076
  0.010307  -0.0000   0.00000079
  0.010950  -0.0000   0.00000081
  0.011640  -0.0000   0.00000084
  0.012369  -0.0000   0.00000086
  0.013133  -0.0000   0.00000089
  0.013926  -0.0000   0.00000091
  0.015017  -0.0000   0.00000094
  0.016140  -0.0000   0.00000098
  0.017290  -0.0000   0.00000101
  0.018461  -0.0000   0.00000104
  0.018593  -0.0000   0.00000104
  0.018726  -0.0000   0.00000105
  0.018859  -0.0000   0.00000105
  0.019058  -0.0000   0.00000106
  0.019359  -0.0000   0.00000107
  0.019445  -0.0000   0.00000107
  0.019487  -0.0000   0.00000107
  0.019493  -0.0000   0.00000107
  0.019499  -0.0000   0.00000108
  0.019505  -0.0000   0.00000108
  0.019510  -0.0000   0.00000109
  0.019516  -0.0000   0.00000110
  0.019524  -0.0000   0.00000111
  0.019533  -0.0000   0.00000112
  0.019545  -0.0000   0.00000115
  0.019561  -0.0000   0.00000119
  0.019582  -0.0000   0.00000125
  0.019611  -0.0000   0.00000134
  0.019656  -0.0000   0.00000147
  0.019737  -0.0000   0.00000167
  0.019835  -0.0000   0.00000184
  0.019977  -0.0000   0.00000202
  0.020137  -0.0000   0.00000216
  0.020352  -0.0000   0.00000231
  0.020575  -0.0000   0.00000243
  0.020853  -0.0000   0.00000255
  0.021192  -0.0000   0.00000267
  0.021602  -0.0000   0.00000279
  0.021968  -0.0000   0.00000288
  0.022383  -0.0000   0.00000297
  0.022850  -0.0000   0.00000307
  0.023449  -0.0000   0.00000317
  0.023993  -0.0000   0.00000326
  0.024584  -0.0000   0.00000335
  0.025225  -0.0000   0.00000344
  0.026003  -0.0000   0.00000354
  0.026843  -0.0000   0.00000363
  0.027744  -0.0000   0.00000373
  0.028706  -0.0000   0.00000383
  0.029730  -0.0000   0.00000393
  0.030815  -0.0000   0.00000403
  0.031962  -0.0000   0.00000413
  0.033173  -0.0000   0.00000423
  0.034446  -0.0000   0.00000432
  0.034568  -0.0000   0.00000433
  0.034690  -0.0000   0.00000434
  0.034813  -0.0000   0.00000435
  0.034999  -0.0000   0.00000437
  0.035102  -0.0000   0.00000437
  0.035119  -0.0000   0.00000438
  0.035129  -0.0000   0.00000439
  0.035138  -0.0000   0.00000439
  0.035146  -0.0000   0.00000440
  0.035156  -0.0000   0.00000441
  0.035168  -0.0000   0.00000442
  0.035184  -0.0000   0.00000444
  0.035205  -0.0000   0.00000447
  0.035232  -0.0000   0.00000452
  0.035269  -0.0000   0.00000459
  0.035322  -0.0000   0.00000469
  0.035405  -0.0000   0.00000484
  0.035551  -0.0000   0.00000508
  0.035846  -0.0000   0.00000542
  0.036131  -0.0000   0.00000569
  0.036480  -0.0000   0.00000596
  0.036902  -0.0000   0.00000623
  0.037407  -0.0000   0.00000650
  0.037883  -0.0000   0.00000672
  0.038426  -0.0000   0.00000694
  0.039041  -0.0000   0.00000716
  0.039733  -0.0000   0.00000738
  0.040508  -0.0000   0.00000761
  0.041370  -0.0000   0.00000783
  0.042326  -0.0000   0.00000805
  0.043192  -0.0000   0.00000823
  0.044129  -0.0000   0.00000842
  0.045139  -0.0000   0.00000860
  0.046223  -0.0000   0.00000879
  0.047384  -0.0000   0.00000897
  0.048622  -0.0000   0.00000916
  0.049938  -0.0000   0.00000934
  0.051332  -0.0000   0.00000953
  0.051496  -0.0000   0.00000955
  0.051661  -0.0000   0.00000957
  0.051827  -0.0000   0.00000959
  0.052020  -0.0000   0.00000963
  0.052049  -0.0000   0.00000964
  0.052071  -0.0000   0.00000966
  0.052090  -0.0000   0.00000968
  0.052114  -0.0000   0.00000970
  0.052146  -0.0000   0.00000974
  0.052188  -0.0000   0.00000980
  0.052248  -0.0000   0.00000989
  0.052337  -0.0000   0.00001002
  0.052478  -0.0000   0.00001022
  0.052723  -0.0000   0.00001051
  0.053170  -0.0000   0.00001095
  0.053707  -0.0000   0.00001140
  0.054209  -0.0000   0.00001176
  0.054783  -0.0000   0.00001212
  0.055435  -0.0000   0.00001248
  0.056172  -0.0000   0.00001284
  0.057001  -0.0000   0.00001320
  0.057929  -0.0000   0.00001356
  0.058759  -0.0000   0.00001385
  0.059664  -0.0000   0.00001415
  0.060647  -0.0000   0.00001444
  0.061711  -0.0000   0.00001474
  0.062859  -0.0000   0.00001503
  0.064092  -0.0000   0.00001533
  0.065414  -0.0000   0.00001562
  0.066824  -0.0000   0.00001592
  0.068322  -0.0000   0.00001621
  0.068465  -0.0000   0.00001624
  0.068608  -0.0000   0.00001627
  0.068753  -0.0000   0.00001630
  0.068886  -0.0000   0.00001634
  0.068938  -0.0000   0.00001638
  0.068979  -0.0000   0.00001642
  0.069015  -0.0000   0.00001646
  0.069049  -0.0000   0.00001651
  0.069097  -0.0000   0.00001657
  0.069167  -0.0000   0.00001666
  0.069274  -0.0000   0.00001681
  0.069444  -0.0000   0.00001702
  0.069725  -0.0000   0.00001734
  0.070207  -0.0000   0.00001782
  0.070688  -0.0000   0.00001824
  0.071222  -0.0000   0.00001867
  0.071815  -0.0000   0.00001910
  0.072433  -0.0000   0.00001950
  0.073110  -0.0000   0.00001990
  0.073850  -0.0000   0.00002031
  0.074628  -0.0000   0.00002070
  0.075473  -0.0000   0.00002109
  0.076386  -0.0000   0.00002148
  0.077353  -0.0000   0.00002187
  0.078393  -0.0000   0.00002225
  0.079508  -0.0000   0.00002264
  0.080701  -0.0000   0.00002302
  0.081973  -0.0000   0.00002341
  0.083325  -0.0000   0.00002379
  0.084758  -0.0000   0.00002417
  0.085000  -0.0000   0.00002424
  0.085245  -0.0000   0.00002430
  0.085492  -0.0000   0.00002437
  0.085631  -0.0000   0.00002441
  0.085685  -0.0000   0.00002445
  0.085728  -0.0000   0.00002450
  0.085767  -0.0000   0.00002454
  0.085802  -0.0000   0.00002458
  0.085853  -0.0000   0.00002465
  0.085927  -0.0000   0.00002474
  0.086039  -0.0000   0.00002489
  0.086215  -0.0000   0.00002511
  0.086498  -0.0000   0.00002543
  0.086967  -0.0000   0.00002592
  0.087769  -0.0000   0.00002665
  0.088678  -0.0000   0.00002739
  0.089476  -0.0000   0.00002797
  0.090351  -0.0000   0.00002856
  0.091310  -0.0000   0.00002914
  0.092358  -0.0000   0.00002972
  0.093499  -0.0000   0.00003031
  0.094738  -0.0000   0.00003089
  0.096080  -0.0000   0.00003148
  0.097529  -0.0000   0.00003206
  0.099087  -0.0000   0.00003265
  0.100469  -0.0000   0.00003314
  0.101929  -0.0000   0.00003363
  0.102099  -0.0000   0.00003368
  0.102271  -0.0000   0.00003374
  0.102444  -0.0000   0.00003380
  0.102546  -0.0000   0.00003385
  0.102603  -0.0000   0.00003390
  0.102652  -0.0000   0.00003396
  0.102718  -0.0000   0.00003404
  0.102812  -0.0000   0.00003416
  0.102954  -0.0000   0.00003434
  0.103177  -0.0000   0.00003462
  0.103535  -0.0000   0.00003503
  0.104122  -0.0000   0.00003564
  0.105042  -0.0000   0.00003651
  0.106067  -0.0000   0.00003737
  0.107203  -0.0000   0.00003823
  0.108200  -0.0000   0.00003893
  0.109279  -0.0000   0.00003962
  0.110446  -0.0000   0.00004032
  0.111704  -0.0000   0.00004102
  0.113058  -0.0000   0.00004171
  0.114510  -0.0000   0.00004241
  0.116064  -0.0000   0.00004311
  0.117721  -0.0000   0.00004380
  0.119473  -0.0000   0.00004450
  0.119529  -0.0000   0.00004455
  0.119576  -0.0000   0.00004460
  0.119618  -0.0000   0.00004465
  0.119677  -0.0000   0.00004472
  0.119761  -0.0000   0.00004483
  0.119887  -0.0000   0.00004500
  0.120083  -0.0000   0.00004525
  0.120392  -0.0000   0.00004563
  0.120890  -0.0000   0.00004619
  0.121708  -0.0000   0.00004704
  0.122764  -0.0000   0.00004802
  0.123925  -0.0000   0.00004901
  0.125199  -0.0000   0.00005000
  0.126333  -0.0000   0.00005082
  0.127552  -0.0000   0.00005163
  0.128860  -0.0000   0.00005245
  0.130260  -0.0000   0.00005327
  0.131756  -0.0000   0.00005408
  0.133349  -0.0000   0.00005490
  0.135039  -0.0000   0.00005571
  0.135797  -0.0000   0.00005607
  0.136511  -0.0000   0.00005643
  0.136597  -0.0000   0.00005652
  0.136670  -0.0000   0.00005661
  0.136738  -0.0000   0.00005670
  0.136805  -0.0000   0.00005679
  0.136905  -0.0000   0.00005692
  0.137059  -0.0000   0.00005712
  0.137299  -0.0000   0.00005742
  0.137676  -0.0000   0.00005788
  0.138277  -0.0000   0.00005855
  0.139256  -0.0000   0.00005957
  0.140319  -0.0000   0.00006059
  0.141469  -0.0000   0.00006161
  0.142709  -0.0000   0.00006263
  0.144044  -0.0000   0.00006365
  0.145479  -0.0000   0.00006467
  0.147019  -0.0000   0.00006569
  0.148665  -0.0000   0.00006671
  0.150422  -0.0000   0.00006773
  0.152289  -0.0000   0.00006875
  0.152591  -0.0000   0.00006891
  0.152896  -0.0000   0.00006908
  0.153203  -0.0000   0.00006924
  0.153468  -0.0000   0.00006939
  0.153544  -0.0000   0.00006947
  0.153611  -0.0000   0.00006955
  0.153673  -0.0000   0.00006964
  0.153733  -0.0000   0.00006972
  0.153823  -0.0000   0.00006984
  0.153959  -0.0000   0.00007003
  0.154170  -0.0000   0.00007031
  0.154499  -0.0000   0.00007072
  0.155018  -0.0000   0.00007135
  0.155849  -0.0000   0.00007229
  0.157194  -0.0000   0.00007368
  0.158415  -0.0000   0.00007486
  0.159729  -0.0000   0.00007603
  0.161139  -0.0000   0.00007721
  0.162649  -0.0000   0.00007838
  0.164264  -0.0000   0.00007956
  0.165986  -0.0000   0.00008073
  0.167818  -0.0000   0.00008191
  0.169760  -0.0000   0.00008308
  0.169950  -0.0000   0.00008319
  0.170141  -0.0000   0.00008331
  0.170333  -0.0000   0.00008342
  0.170557  -0.0000   0.00008359
  0.170689  -0.0000   0.00008377
  0.170812  -0.0000   0.00008394
  0.170933  -0.0000   0.00008411
  0.171056  -0.0000   0.00008428
  0.171246  -0.0000   0.00008454
  0.171540  -0.0000   0.00008493
  0.171999  -0.0000   0.00008550
  0.172723  -0.0000   0.00008637
  0.173888  -0.0000   0.00008768
  0.175086  -0.0000   0.00008893
  0.176365  -0.0000   0.00009018
  0.177728  -0.0000   0.00009144
  0.179142  -0.0000   0.00009266
  0.180644  -0.0000   0.00009388
  0.182234  -0.0000   0.00009511
  0.184121  -0.0000   0.00009647
  0.186122  -0.0000   0.00009783
  0.186548  -0.0000   0.00009812
  0.186978  -0.0000   0.00009840
  0.187414  -0.0000   0.00009869
  0.187574  -0.0000   0.00009880
  0.187665  -0.0000   0.00009891
  0.187746  -0.0000   0.00009902
  0.187823  -0.0000   0.00009913
  0.187899  -0.0000   0.00009925
  0.188013  -0.0000   0.00009941
  0.188189  -0.0000   0.00009966
  0.188460  -0.0000   0.00010000
  0.188859  -0.0000   0.00010060
  0.189452  -0.0000   0.00010140
  0.190327  -0.0000   0.00010270
  0.191608  -0.0000   0.00010460
  0.193471  -0.0000   0.00010750
  0.195283  -0.0000   0.00011030
  0.197049  -0.0000   0.00011320
  0.198773  -0.0000   0.00011600
  0.201022  -0.0000   0.00011980
  0.203203  -0.0000   0.00012370
  0.203498  -0.0000   0.00012420
  0.203791  -0.0000   0.00012470
  0.204083  -0.0000   0.00012520
  0.204518  -0.0000   0.00012600
  0.204603  -0.0000   0.00012630
  0.204674  -0.0000   0.00012650
  0.204741  -0.0000   0.00012680
  0.204838  -0.0000   0.00012720
  0.204985  -0.0000   0.00012770
  0.205207  -0.0000   0.00012860
  0.205542  -0.0000   0.00012980
  0.206041  -0.0000   0.00013170
  0.206782  -0.0000   0.00013460
  0.207872  -0.0000   0.00013890
  0.209465  -0.0000   0.00014530
  0.211199  -0.0000   0.00015250
  0.212893  -0.0000   0.00015970
  0.214550  -0.0000   0.00016690
  0.216773  -0.0000   0.00017680
  0.218934  -0.0000   0.00018670
  0.221033  -0.0000   0.00019670
  0.221190  -0.0000   0.00019740
  0.221346  -0.0000   0.00019820
  0.221480  -0.0000   0.00019890
  0.221604  -0.0000   0.00020000
  0.221721  -0.0000   0.00020110
  0.221838  -0.0000   0.00020220
  0.221956  -0.0000   0.00020330
  0.222134  -0.0000   0.00020500
  0.222401  -0.0000   0.00020750
  0.222800  -0.0000   0.00021130
  0.223393  -0.0000   0.00021690
  0.224269  -0.0000   0.00022540
  0.225555  -0.0000   0.00023810
  0.227431  -0.0000   0.00025710
  0.229262  -0.0000   0.00027610
  0.231051  -0.0000   0.00029520
  0.232800  -0.0000   0.00031420
  0.235093  -0.0000   0.00033990
  0.237320  -0.0000   0.00036560
  0.237550  -0.0000   0.00036820
  0.237779  -0.0000   0.00037090
  0.238008  -0.0000   0.00037350
  0.238349  -0.0000   0.00037750
  0.238441  -0.0000   0.00037930
  0.238522  -0.0000   0.00038100
  0.238600  -0.0000   0.00038270
  0.238718  -0.0000   0.00038530
  0.238896  -0.0000   0.00038920
  0.239165  -0.0000   0.00039510
  0.239568  -0.0000   0.00040380
  0.240166  -0.0000   0.00041700
  0.241049  -0.0000   0.00043670
  0.242345  -0.0000   0.00046620
  0.244238  -0.0000   0.00051060
  0.246085  -0.0000   0.00055490
  0.247891  -0.0000   0.00059930
  0.249658  -0.0000   0.00064360
  0.251917  -0.0000   0.00070190
  0.254114  -0.0000   0.00076020
  0.254371  -0.0000   0.00076710
  0.254627  -0.0000   0.00077390
  0.254883  -0.0000   0.00078080
  0.255257  -0.0000   0.00079110
  0.255343  -0.0000   0.00079490
  0.255462  -0.0000   0.00080070
  0.255582  -0.0000   0.00080650
  0.255703  -0.0000   0.00081230
  0.255885  -0.0000   0.00082090
  0.256159  -0.0000   0.00083400
  0.256567  -0.0000   0.00085350
  0.257174  -0.0000   0.00088270
  0.258069  -0.0000   0.00092660
  0.259385  -0.0000   0.00099250
  0.261309  -0.0000   0.00109100
  0.263187  -0.0000   0.00119000
  0.265024  -0.0000   0.00128900
  0.266822  -0.0000   0.00138800
  0.269036  -0.0000   0.00151300
  0.271191  -0.0000   0.00163700
  0.271420  -0.0000   0.00165100
  0.271648  -0.0000   0.00166400
  0.271875  -0.0000   0.00167700
  0.272181  -0.0000   0.00169700
  0.272259  -0.0000   0.00170500
  0.272370  -0.0000   0.00171600
  0.272539  -0.0000   0.00173300
  0.272710  -0.0000   0.00175000
  0.272965  -0.0000   0.00177500
  0.273347  -0.0000   0.00181300
  0.273915  -0.0000   0.00187000
  0.274753  -0.0000   0.00195500
  0.275987  -0.0000   0.00208300
  0.277793  -0.0000   0.00227500
  0.279559  -0.0000   0.00246600
  0.281289  -0.0000   0.00265800
  0.282985  -0.0000   0.00285000
  0.285239  -0.0000   0.00311200
  0.287434  -0.0000   0.00337400
  0.287883  -0.0000   0.00342700
  0.288330  -0.0000   0.00348100
  0.288774  -0.0000   0.00353500
  0.288986  -0.0000   0.00356100
  0.289104  -0.0000   0.00358300
  0.289211  -0.0000   0.00360400
  0.289319  -0.0000   0.00362600
  0.289428  -0.0000   0.00364700
  0.289593  -0.0000   0.00367900
  0.289839  -0.0000   0.00372800
  0.290206  -0.0000   0.00380000
  0.290752  -0.0000   0.00390900
  0.291559  -0.0000   0.00407200
  0.292746  -0.0000   0.00431700
  0.294486  -0.0000   0.00468400
  0.296580  -0.0000   0.00513700
  0.298624  -0.0000   0.00559000
  0.300622  -0.0000   0.00604400
  0.302575  -0.0000   0.00649700
  0.304484  -0.0000   0.00695000
  0.304783  -0.0000   0.00702100
  0.305082  -0.0000   0.00709300
  0.305379  -0.0000   0.00716400
  0.305823  -0.0000   0.00727100
  0.305943  -0.0000   0.00731000
  0.306044  -0.0000   0.00734900
  0.306146  -0.0000   0.00738800
  0.306301  -0.0000   0.00744600
  0.306533  -0.0000   0.00753300
  0.306881  -0.0000   0.00766500
  0.307397  -0.0000   0.00786100
  0.308160  -0.0000   0.00815600
  0.309285  -0.0000   0.00859900
  0.310935  -0.0000   0.00926200
  0.312926  -0.0000   0.01008000
  0.314873  -0.0000   0.01090000
  0.316779  -0.0000   0.01172000
  0.318644  -0.0000   0.01254000
  0.320470  -0.0000   0.01336000
  0.321761  -0.0000   0.01395000
  0.322346  -0.0000   0.01422000
  0.322791  -0.0000   0.01444000
  0.322868  -0.0000   0.01449000
  0.322944  -0.0000   0.01455000
  0.323060  -0.0000   0.01463000
  0.323234  -0.0000   0.01475000
  0.323496  -0.0000   0.01493000
  0.323887  -0.0000   0.01521000
  0.324467  -0.0000   0.01562000
  0.325324  -0.0000   0.01624000
  0.326586  -0.0000   0.01716000
  0.328435  -0.0000   0.01855000
  0.330245  -0.0000   0.01994000
  0.332019  -0.0000   0.02132000
  0.333759  -0.0000   0.02271000
  0.335892  -0.0000   0.02445000
  0.337974  -0.0000   0.02620000
  0.338384  -0.0000   0.02654000
  0.338792  -0.0000   0.02689000
  0.339198  -0.0000   0.02723000
  0.339739  -0.0000   0.02775000
  0.339841  -0.0000   0.02788000
  0.339994  -0.0000   0.02807000
  0.340149  -0.0000   0.02826000
  0.340304  -0.0000   0.02846000
  0.340536  -0.0000   0.02875000
  0.340882  -0.0000   0.02918000
  0.341395  -0.0000   0.02984000
  0.342156  -0.0000   0.03082000
  0.343278  -0.0000   0.03229000
  0.344926  -0.0000   0.03450000
  0.346543  -0.0000   0.03671000
  0.348131  -0.0000   0.03892000
  0.349693  -0.0000   0.04113000
  0.351959  -0.0000   0.04441000
  0.354169  -0.0000   0.04770000
  0.356326  -0.0000   0.05098000
  0.356491  -0.0000   0.05124000
  0.356616  -0.0000   0.05149000
  0.356730  -0.0000   0.05174000
  0.356903  -0.0000   0.05212000
  0.357077  -0.0000   0.05250000
  0.357337  -0.0000   0.05307000
  0.357725  -0.0000   0.05392000
  0.358299  -0.0000   0.05519000
  0.359149  -0.0000   0.05711000
  0.360401  -0.0000   0.05998000
  0.362237  -0.0000   0.06429000
  0.364035  -0.0000   0.06860000
  0.365799  -0.0000   0.07292000
  0.367531  -0.0000   0.07723000
  0.369680  -0.0000   0.08270000
  0.371779  -0.0000   0.08818000
  0.372134  -0.0000   0.08911000
  0.372489  -0.0000   0.09004000
  0.372842  -0.0000   0.09098000
  0.373368  -0.0000   0.09237000
  0.373487  -0.0000   0.09281000
  0.373602  -0.0000   0.09324000
  0.373719  -0.0000   0.09367000
  0.373894  -0.0000   0.09432000
  0.374156  -0.0000   0.09529000
  0.374546  -0.0000   0.09675000
  0.375125  -0.0000   0.09894000
  0.375980  -0.0000   0.10200000
  0.377241  -0.0000   0.10700000
  0.379090  -0.0000   0.11500000
  0.380902  -0.0000   0.12200000
  0.382679  -0.0000   0.12900000
  0.384424  -0.0000   0.13700000
  0.386136  -0.0000   0.14400000
  0.388636  -0.0000   0.15500000
  0.389032  -0.0000   0.15700000
  0.389427  -0.0000   0.15900000
  0.389819  -0.0000   0.16000000
  0.390356  -0.0000   0.16300000
  0.390462  -0.0000   0.16400000
  0.390622  -0.0000   0.16500000
  0.390783  -0.0000   0.16600000
  0.390944  -0.0000   0.16700000
  0.391184  -0.0000   0.16800000
  0.391542  -0.0000   0.17000000
  0.392074  -0.0000   0.17400000
  0.392861  -0.0000   0.17900000
  0.394024  -0.0000   0.18600000
  0.395731  -0.0000   0.19800000
  0.397407  -0.0000   0.20900000
  0.399053  -0.0000   0.22000000
  0.400672  -0.0000   0.23200000
  0.402926  -0.0000   0.24800000
  0.405128  -0.0000   0.26400000
  0.405758  -0.0000   0.26800000
  0.406384  -0.0000   0.27300000
  0.407005  -0.0000   0.27800000
  0.407194  -0.0000   0.27900000
  0.407230  -0.0000   0.28000000
  0.407265  -0.0000   0.28000000
  0.407317  -0.0000   0.28000000
  0.407397  -0.0000   0.28100000
  0.407518  -0.0000   0.28200000
  0.407698  -0.0000   0.28400000
  0.407968  -0.0000   0.28700000
  0.408370  -0.0000   0.29100000
  0.408966  -0.0000   0.29700000
  0.409847  -0.0000   0.30600000
  0.411146  -0.0000   0.32000000
  0.412821  -0.0000   0.33800000
  0.414465  -0.0000   0.35600000
  0.416081  -0.0000   0.37400000
  0.417671  -0.0000   0.39200000
  0.419998  -0.0000   0.41900000
  0.422269  -0.0000   0.44700000
  0.422676  -0.0000   0.45100000
  0.423081  -0.0000   0.45600000
  0.423484  -0.0000   0.46100000
  0.424074  -0.0000   0.46800000
  0.424116  -0.0000   0.46900000
  0.424180  -0.0000   0.47000000
  0.424276  -0.0000   0.47200000
  0.424420  -0.0000   0.47400000
  0.424637  -0.0000   0.47800000
  0.424961  -0.0000   0.48300000
  0.425441  -0.0000   0.49100000
  0.426154  -0.0000   0.50200000
  0.427207  -0.0000   0.52000000
  0.428755  -0.0000   0.54600000
  0.430277  -0.0000   0.57300000
  0.431775  -0.0000   0.59900000
  0.433249  -0.0000   0.62500000
  0.435412  -0.0000   0.66500000
  0.437868  -0.0000   0.71100000
  0.440263  -0.0000   0.75700000
  0.440476  -0.0000   0.76100000
  0.440689  -0.0000   0.76500000
  0.440901  -0.0000   0.76900000
  0.441074  -0.0000   0.77300000
  0.441237  -0.0000   0.77800000
  0.441400  -0.0000   0.78200000
  0.441644  -0.0000   0.78800000
  0.442008  -0.0000   0.79700000
  0.442549  -0.0000   0.81100000
  0.443350  -0.0000   0.83100000
  0.444531  -0.0000   0.86200000
  0.446159  -0.0000   0.90600000
  0.447759  -0.0000   0.95000000
  0.449333  -0.0000   0.99300000
  0.449569  -0.0000   1.00000000
  0.448981  -0.0000   1.00000000
  0.448980  -0.0000   1.00000000
  0.448980  -0.0000   1.00000000
  0.448980  -0.0000   1.00000000
  0.448980  -0.0000   1.00000000
  0.448979  -0.0000   1.00000000
  0.448978  -0.0000   1.00000000
  0.448975  -0.0000   1.00000000
  0.448969  -0.0000   1.00000000
  0.448961  -0.0000   1.00000000
  0.448948  -0.0000   1.00000000
  0.448929  -0.0000   1.00000000
  0.448900  -0.0000   1.00000000
  0.448892  -0.0000   1.00000000
