  0.000023  -0.0000   0.00000010
  0.000054  -0.0000   0.00000020
  0.000155  -0.0000   0.00000030
  0.001697  -0.0000   0.00000045
  0.005598  -0.0000   0.00000049
  0.006227  -0.0000   0.00000049
  0.006236  -0.0000   0.00000050
  0.006245  -0.0000   0.00000050
  0.006258  -0.0000   0.00000052
  0.006281  -0.0000   0.00000053
  0.006320  -0.0000   0.00000056
  0.006394  -0.0000   0.00000060
  0.006552  -0.0000   0.00000066
  0.006663  -0.0000   0.00000070
  0.006798  -0.0000   0.00000073
  0.006960  -0.0000   0.00000076
  0.007205  -0.0000   0.00000081
  0.007503  -0.0000   0.00000085
  0.007858  -0.0000   0.00000089
  0.008275  -0.0000   0.00000094
  0.008755  -0.0000   0.00000098
  0.009205  -0.0000   0.00000101
  0.009701  -0.0000   0.00000105
  0.010242  -0.0000   0.00000109
  0.010900  -0.0000   0.00000113
  0.011609  -0.0000   0.00000117
  0.012364  -0.0000   0.00000121
  0.013162  -0.0000   0.00000125
  0.014000  -0.0000   0.00000129
  0.014873  -0.0000   0.00000133
  0.016020  -0.0000   0.00000138
  0.017214  -0.0000   0.00000143
  0.018451  -0.0000   0.00000148
  0.019047  -0.0000   0.00000150
  0.019529  -0.0000   0.00000152
  0.019571  -0.0000   0.00000152
  0.019577  -0.0000   0.00000153
  0.019582  -0.0000   0.00000153
  0.019587  -0.0000   0.00000153
  0.019594  -0.0000   0.00000154
  0.019601  -0.0000   0.00000155
  0.019610  -0.0000   0.00000156
  0.019621  -0.0000   0.00000159
  0.019635  -0.0000   0.00000162
  0.019653  -0.0000   0.00000167
  0.019676  -0.0000   0.00000174
  0.019711  -0.0000   0.00000185
  0.019770  -0.0000   0.00000201
  0.019893  -0.0000   0.00000226
  0.019990  -0.0000   0.00000241
  0.020111  -0.0000   0.00000257
  0.020259  -0.0000   0.00000272
  0.020475  -0.0000   0.00000290
  0.020743  -0.0000   0.00000308
  0.021070  -0.0000   0.00000325
  0.021464  -0.0000   0.00000343
  0.021931  -0.0000   0.00000361
  0.022377  -0.0000   0.00000376
  0.022881  -0.0000   0.00000391
  0.023446  -0.0000   0.00000406
  0.024074  -0.0000   0.00000420
  0.024766  -0.0000   0.00000435
  0.025526  -0.0000   0.00000450
  0.026352  -0.0000   0.00000465
  0.027249  -0.0000   0.00000480
  0.028215  -0.0000   0.00000495
  0.029254  -0.0000   0.00000510
  0.030365  -0.0000   0.00000524
  0.031551  -0.0000   0.00000539
  0.032608  -0.0000   0.00000552
  0.033720  -0.0000   0.00000564
  0.034886  -0.0000   0.00000577
  0.035041  -0.0000   0.00000579
  0.035196  -0.0000   0.00000580
  0.035352  -0.0000   0.00000582
  0.035588  -0.0000   0.00000584
  0.035647  -0.0000   0.00000585
  0.035662  -0.0000   0.00000586
  0.035674  -0.0000   0.00000587
  0.035689  -0.0000   0.00000588
  0.035701  -0.0000   0.00000590
  0.035718  -0.0000   0.00000592
  0.035739  -0.0000   0.00000594
  0.035768  -0.0000   0.00000599
  0.035808  -0.0000   0.00000605
  0.035868  -0.0000   0.00000615
  0.035961  -0.0000   0.00000629
  0.036119  -0.0000   0.00000651
  0.036400  -0.0000   0.00000684
  0.036756  -0.0000   0.00000719
  0.037173  -0.0000   0.00000754
  0.037659  -0.0000   0.00000789
  0.038152  -0.0000   0.00000821
  0.038710  -0.0000   0.00000852
  0.039338  -0.0000   0.00000883
  0.039992  -0.0000   0.00000912
  0.040717  -0.0000   0.00000941
  0.041518  -0.0000   0.00000970
  0.042378  -0.0000   0.00000999
  0.043319  -0.0000   0.00001028
  0.044344  -0.0000   0.00001056
  0.045456  -0.0000   0.00001085
  0.046657  -0.0000   0.00001114
  0.047952  -0.0000   0.00001142
  0.049341  -0.0000   0.00001171
  0.050825  -0.0000   0.00001200
  0.052405  -0.0000   0.00001228
  0.052532  -0.0000   0.00001231
  0.052659  -0.0000   0.00001233
  0.052786  -0.0000   0.00001235
  0.052844  -0.0000   0.00001238
  0.052874  -0.0000   0.00001240
  0.052899  -0.0000   0.00001243
  0.052931  -0.0000   0.00001246
  0.052975  -0.0000   0.00001252
  0.053038  -0.0000   0.00001260
  0.053133  -0.0000   0.00001272
  0.053284  -0.0000   0.00001291
  0.053529  -0.0000   0.00001319
  0.053941  -0.0000   0.00001360
  0.054663  -0.0000   0.00001423
  0.055316  -0.0000   0.00001473
  0.056048  -0.0000   0.00001523
  0.056867  -0.0000   0.00001573
  0.057780  -0.0000   0.00001623
  0.058793  -0.0000   0.00001673
  0.059913  -0.0000   0.00001724
  0.061145  -0.0000   0.00001774
  0.062252  -0.0000   0.00001815
  0.063443  -0.0000   0.00001857
  0.064722  -0.0000   0.00001899
  0.066091  -0.0000   0.00001940
  0.067552  -0.0000   0.00001982
  0.069104  -0.0000   0.00002024
  0.069325  -0.0000   0.00002029
  0.069548  -0.0000   0.00002035
  0.069773  -0.0000   0.00002041
  0.069957  -0.0000   0.00002047
  0.070010  -0.0000   0.00002052
  0.070053  -0.0000   0.00002056
  0.070092  -0.0000   0.00002061
  0.070130  -0.0000   0.00002065
  0.070185  -0.0000   0.00002072
  0.070268  -0.0000   0.00002082
  0.070396  -0.0000   0.00002097
  0.070598  -0.0000   0.00002120
  0.070920  -0.0000   0.00002155
  0.071447  -0.0000   0.00002206
  0.072338  -0.0000   0.00002284
  0.073340  -0.0000   0.00002361
  0.074265  -0.0000   0.00002426
  0.075280  -0.0000   0.00002491
  0.076390  -0.0000   0.00002556
  0.077603  -0.0000   0.00002620
  0.078922  -0.0000   0.00002685
  0.080354  -0.0000   0.00002750
  0.081902  -0.0000   0.00002815
  0.083569  -0.0000   0.00002880
  0.085046  -0.0000   0.00002934
  0.086608  -0.0000   0.00002988
  0.086760  -0.0000   0.00002994
  0.086913  -0.0000   0.00002999
  0.087042  -0.0000   0.00003004
  0.087107  -0.0000   0.00003010
  0.087162  -0.0000   0.00003016
  0.087213  -0.0000   0.00003023
  0.087263  -0.0000   0.00003029
  0.087338  -0.0000   0.00003038
  0.087453  -0.0000   0.00003052
  0.087632  -0.0000   0.00003073
  0.087912  -0.0000   0.00003104
  0.088356  -0.0000   0.00003150
  0.089077  -0.0000   0.00003220
  0.090023  -0.0000   0.00003304
  0.091056  -0.0000   0.00003388
  0.092183  -0.0000   0.00003472
  0.093356  -0.0000   0.00003553
  0.094626  -0.0000   0.00003634
  0.095999  -0.0000   0.00003714
  0.097477  -0.0000   0.00003795
  0.099066  -0.0000   0.00003875
  0.100769  -0.0000   0.00003956
  0.102586  -0.0000   0.00004037
  0.103785  -0.0000   0.00004088
  0.103971  -0.0000   0.00004096
  0.104158  -0.0000   0.00004104
  0.104272  -0.0000   0.00004111
  0.104375  -0.0000   0.00004123
  0.104471  -0.0000   0.00004135
  0.104566  -0.0000   0.00004147
  0.104712  -0.0000   0.00004165
  0.104940  -0.0000   0.00004191
  0.105296  -0.0000   0.00004231
  0.105858  -0.0000   0.00004291
  0.106765  -0.0000   0.00004381
  0.107773  -0.0000   0.00004473
  0.108856  -0.0000   0.00004566
  0.110020  -0.0000   0.00004658
  0.111242  -0.0000   0.00004749
  0.112550  -0.0000   0.00004840
  0.113947  -0.0000   0.00004931
  0.115407  -0.0000   0.00005020
  0.116959  -0.0000   0.00005109
  0.118604  -0.0000   0.00005198
  0.120566  -0.0000   0.00005298
  0.120792  -0.0000   0.00005310
  0.121019  -0.0000   0.00005321
  0.121248  -0.0000   0.00005332
  0.121524  -0.0000   0.00005349
  0.121616  -0.0000   0.00005360
  0.121699  -0.0000   0.00005370
  0.121781  -0.0000   0.00005381
  0.121906  -0.0000   0.00005396
  0.122098  -0.0000   0.00005420
  0.122397  -0.0000   0.00005455
  0.122862  -0.0000   0.00005508
  0.123597  -0.0000   0.00005587
  0.124784  -0.0000   0.00005706
  0.125923  -0.0000   0.00005813
  0.127140  -0.0000   0.00005919
  0.128437  -0.0000   0.00006026
  0.129797  -0.0000   0.00006131
  0.131242  -0.0000   0.00006237
  0.132776  -0.0000   0.00006342
  0.134396  -0.0000   0.00006447
  0.136108  -0.0000   0.00006552
  0.137912  -0.0000   0.00006657
  0.138130  -0.0000   0.00006669
  0.138349  -0.0000   0.00006682
  0.138570  -0.0000   0.00006695
  0.138829  -0.0000   0.00006714
  0.138947  -0.0000   0.00006728
  0.139059  -0.0000   0.00006743
  0.139171  -0.0000   0.00006757
  0.139284  -0.0000   0.00006772
  0.139459  -0.0000   0.00006794
  0.139727  -0.0000   0.00006826
  0.140142  -0.0000   0.00006875
  0.140788  -0.0000   0.00006949
  0.141813  -0.0000   0.00007059
  0.143122  -0.0000   0.00007191
  0.144518  -0.0000   0.00007323
  0.146008  -0.0000   0.00007455
  0.147595  -0.0000   0.00007587
  0.149282  -0.0000   0.00007719
  0.151073  -0.0000   0.00007850
  0.152970  -0.0000   0.00007982
  0.154974  -0.0000   0.00008114
  0.155262  -0.0000   0.00008133
  0.155552  -0.0000   0.00008152
  0.155844  -0.0000   0.00008170
  0.156110  -0.0000   0.00008190
  0.156217  -0.0000   0.00008203
  0.156316  -0.0000   0.00008217
  0.156415  -0.0000   0.00008230
  0.156516  -0.0000   0.00008243
  0.156669  -0.0000   0.00008263
  0.156904  -0.0000   0.00008293
  0.157265  -0.0000   0.00008339
  0.157825  -0.0000   0.00008406
  0.158701  -0.0000   0.00008508
  0.160101  -0.0000   0.00008660
  0.161398  -0.0000   0.00008794
  0.162767  -0.0000   0.00008927
  0.164212  -0.0000   0.00009061
  0.165748  -0.0000   0.00009195
  0.167366  -0.0000   0.00009330
  0.169068  -0.0000   0.00009464
  0.170905  -0.0000   0.00009603
  0.172833  -0.0000   0.00009741
  0.173320  -0.0000   0.00009775
  0.173443  -0.0000   0.00009787
  0.173531  -0.0000   0.00009799
  0.173615  -0.0000   0.00009810
  0.173740  -0.0000   0.00009828
  0.173932  -0.0000   0.00009854
  0.174228  -0.0000   0.00009893
  0.174684  -0.0000   0.00009952
  0.175374  -0.0000   0.00010040
  0.176384  -0.0000   0.00010170
  0.177864  -0.0000   0.00010370
  0.180021  -0.0000   0.00010670
  0.182124  -0.0000   0.00010970
  0.184179  -0.0000   0.00011270
  0.186188  -0.0000   0.00011560
  0.188652  -0.0000   0.00011940
  0.189391  -0.0000   0.00012050
  0.190123  -0.0000   0.00012170
  0.190707  -0.0000   0.00012260
  0.190794  -0.0000   0.00012290
  0.190875  -0.0000   0.00012310
  0.190995  -0.0000   0.00012340
  0.191115  -0.0000   0.00012380
  0.191297  -0.0000   0.00012430
  0.191571  -0.0000   0.00012510
  0.191981  -0.0000   0.00012630
  0.192592  -0.0000   0.00012810
  0.193494  -0.0000   0.00013080
  0.194824  -0.0000   0.00013480
  0.196770  -0.0000   0.00014080
  0.198819  -0.0000   0.00014730
  0.200823  -0.0000   0.00015380
  0.202787  -0.0000   0.00016030
  0.205225  -0.0000   0.00016860
  0.207602  -0.0000   0.00017690
  0.207773  -0.0000   0.00017740
  0.207944  -0.0000   0.00017800
  0.208062  -0.0000   0.00017860
  0.208207  -0.0000   0.00017950
  0.208353  -0.0000   0.00018040
  0.208500  -0.0000   0.00018130
  0.208722  -0.0000   0.00018270
  0.209054  -0.0000   0.00018470
  0.209548  -0.0000   0.00018770
  0.210282  -0.0000   0.00019230
  0.211364  -0.0000   0.00019910
  0.212954  -0.0000   0.00020930
  0.215276  -0.0000   0.00022460
  0.217544  -0.0000   0.00023990
  0.219762  -0.0000   0.00025520
  0.221931  -0.0000   0.00027050
  0.224053  -0.0000   0.00028580
  0.224311  -0.0000   0.00028770
  0.224568  -0.0000   0.00028960
  0.224825  -0.0000   0.00029140
  0.225208  -0.0000   0.00029420
  0.225321  -0.0000   0.00029550
  0.225422  -0.0000   0.00029670
  0.225523  -0.0000   0.00029790
  0.225675  -0.0000   0.00029980
  0.225905  -0.0000   0.00030250
  0.226250  -0.0000   0.00030670
  0.226763  -0.0000   0.00031290
  0.227523  -0.0000   0.00032220
  0.228645  -0.0000   0.00033620
  0.230293  -0.0000   0.00035720
  0.232219  -0.0000   0.00038230
  0.234108  -0.0000   0.00040740
  0.235963  -0.0000   0.00043250
  0.238295  -0.0000   0.00046480
  0.240576  -0.0000   0.00049710
  0.241465  -0.0000   0.00050980
  0.242346  -0.0000   0.00052250
  0.242521  -0.0000   0.00052520
  0.242640  -0.0000   0.00052790
  0.242758  -0.0000   0.00053070
  0.242937  -0.0000   0.00053470
  0.243117  -0.0000   0.00053880
  0.243386  -0.0000   0.00054490
  0.243788  -0.0000   0.00055410
  0.244384  -0.0000   0.00056790
  0.245268  -0.0000   0.00058850
  0.246570  -0.0000   0.00061950
  0.248481  -0.0000   0.00066590
  0.250355  -0.0000   0.00071240
  0.252196  -0.0000   0.00075890
  0.254005  -0.0000   0.00080530
  0.256460  -0.0000   0.00086990
  0.258859  -0.0000   0.00093450
  0.259097  -0.0000   0.00094090
  0.259335  -0.0000   0.00094730
  0.259571  -0.0000   0.00095370
  0.259863  -0.0000   0.00096340
  0.260094  -0.0000   0.00097300
  0.260329  -0.0000   0.00098260
  0.260563  -0.0000   0.00099230
  0.260797  -0.0000   0.00100200
  0.261147  -0.0000   0.00101600
  0.261666  -0.0000   0.00103800
  0.262437  -0.0000   0.00107100
  0.263575  -0.0000   0.00111900
  0.265249  -0.0000   0.00119300
  0.267123  -0.0000   0.00127600
  0.268964  -0.0000   0.00136000
  0.270773  -0.0000   0.00144300
  0.273143  -0.0000   0.00155500
  0.275460  -0.0000   0.00166700
  0.275818  -0.0000   0.00168400
  0.276174  -0.0000   0.00170100
  0.276530  -0.0000   0.00171900
  0.277047  -0.0000   0.00174500
  0.277181  -0.0000   0.00175400
  0.277316  -0.0000   0.00176400
  0.277452  -0.0000   0.00177400
  0.277588  -0.0000   0.00178400
  0.277793  -0.0000   0.00179800
  0.278098  -0.0000   0.00182000
  0.278552  -0.0000   0.00185300
  0.279227  -0.0000   0.00190200
  0.280225  -0.0000   0.00197600
  0.281696  -0.0000   0.00208700
  0.283854  -0.0000   0.00225400
  0.285969  -0.0000   0.00242000
  0.288044  -0.0000   0.00258700
  0.290080  -0.0000   0.00275400
  0.292078  -0.0000   0.00292000
  0.292771  -0.0000   0.00297800
  0.293459  -0.0000   0.00303600
  0.294142  -0.0000   0.00309400
  0.294320  -0.0000   0.00311100
  0.294453  -0.0000   0.00312700
  0.294589  -0.0000   0.00314400
  0.294793  -0.0000   0.00316800
  0.294997  -0.0000   0.00319300
  0.295302  -0.0000   0.00323000
  0.295756  -0.0000   0.00328500
  0.296430  -0.0000   0.00336800
  0.297426  -0.0000   0.00349200
  0.298896  -0.0000   0.00367900
  0.301052  -0.0000   0.00395900
  0.303166  -0.0000   0.00423900
  0.305240  -0.0000   0.00451900
  0.307276  -0.0000   0.00479900
  0.309275  -0.0000   0.00507800
  0.309958  -0.0000   0.00517500
  0.310636  -0.0000   0.00527100
  0.311310  -0.0000   0.00536700
  0.311518  -0.0000   0.00539700
  0.311669  -0.0000   0.00542700
  0.311820  -0.0000   0.00545700
  0.311972  -0.0000   0.00548700
  0.312123  -0.0000   0.00551600
  0.312351  -0.0000   0.00556100
  0.312689  -0.0000   0.00562800
  0.313193  -0.0000   0.00572900
  0.313940  -0.0000   0.00588000
  0.315045  -0.0000   0.00610700
  0.316672  -0.0000   0.00644700
  0.318816  -0.0000   0.00690500
  0.320919  -0.0000   0.00736200
  0.322984  -0.0000   0.00782000
  0.325011  -0.0000   0.00827700
  0.327002  -0.0000   0.00873500
  0.327380  -0.0000   0.00882200
  0.327756  -0.0000   0.00890900
  0.328131  -0.0000   0.00899600
  0.328690  -0.0000   0.00912700
  0.328853  -0.0000   0.00917200
  0.328997  -0.0000   0.00921800
  0.329141  -0.0000   0.00926300
  0.329358  -0.0000   0.00933100
  0.329683  -0.0000   0.00943400
  0.330165  -0.0000   0.00958700
  0.330881  -0.0000   0.00981700
  0.331940  -0.0000   0.01016000
  0.333501  -0.0000   0.01068000
  0.335506  -0.0000   0.01136000
  0.337476  -0.0000   0.01204000
  0.339412  -0.0000   0.01272000
  0.341316  -0.0000   0.01339000
  0.343883  -0.0000   0.01433000
  0.344768  -0.0000   0.01466000
  0.345646  -0.0000   0.01498000
  0.345951  -0.0000   0.01509000
  0.346198  -0.0000   0.01521000
  0.346428  -0.0000   0.01532000
  0.346659  -0.0000   0.01543000
  0.346890  -0.0000   0.01555000
  0.347234  -0.0000   0.01572000
  0.347745  -0.0000   0.01597000
  0.348504  -0.0000   0.01635000
  0.349627  -0.0000   0.01693000
  0.351281  -0.0000   0.01779000
  0.353287  -0.0000   0.01885000
  0.355257  -0.0000   0.01991000
  0.357195  -0.0000   0.02097000
  0.359101  -0.0000   0.02203000
  0.361857  -0.0000   0.02361000
  0.362199  -0.0000   0.02380000
  0.362539  -0.0000   0.02400000
  0.362878  -0.0000   0.02419000
  0.363367  -0.0000   0.02449000
  0.363404  -0.0000   0.02451000
  0.363458  -0.0000   0.02455000
  0.363541  -0.0000   0.02462000
  0.363665  -0.0000   0.02471000
  0.363851  -0.0000   0.02485000
  0.364130  -0.0000   0.02506000
  0.364545  -0.0000   0.02537000
  0.365161  -0.0000   0.02584000
  0.366075  -0.0000   0.02654000
  0.367424  -0.0000   0.02760000
  0.369372  -0.0000   0.02916000
  0.371286  -0.0000   0.03071000
  0.373169  -0.0000   0.03227000
  0.375022  -0.0000   0.03382000
  0.377597  -0.0000   0.03603000
  0.380117  -0.0000   0.03824000
  0.380330  -0.0000   0.03843000
  0.380542  -0.0000   0.03861000
  0.380721  -0.0000   0.03880000
  0.380783  -0.0000   0.03887000
  0.380877  -0.0000   0.03898000
  0.381018  -0.0000   0.03913000
  0.381230  -0.0000   0.03937000
  0.381546  -0.0000   0.03972000
  0.382017  -0.0000   0.04026000
  0.382715  -0.0000   0.04106000
  0.383749  -0.0000   0.04225000
  0.385275  -0.0000   0.04405000
  0.387167  -0.0000   0.04632000
  0.389027  -0.0000   0.04859000
  0.390859  -0.0000   0.05085000
  0.392662  -0.0000   0.05312000
  0.395308  -0.0000   0.05652000
  0.396155  -0.0000   0.05762000
  0.396995  -0.0000   0.05872000
  0.397830  -0.0000   0.05981000
  0.397991  -0.0000   0.06007000
  0.398150  -0.0000   0.06033000
  0.398309  -0.0000   0.06059000
  0.398547  -0.0000   0.06099000
  0.398901  -0.0000   0.06157000
  0.399429  -0.0000   0.06245000
  0.400212  -0.0000   0.06377000
  0.401370  -0.0000   0.06575000
  0.403077  -0.0000   0.06872000
  0.404758  -0.0000   0.07169000
  0.406415  -0.0000   0.07466000
  0.408048  -0.0000   0.07763000
  0.410450  -0.0000   0.08208000
  0.413303  -0.0000   0.08750000
  0.413760  -0.0000   0.08837000
  0.414215  -0.0000   0.08924000
  0.414668  -0.0000   0.09011000
  0.415191  -0.0000   0.09116000
  0.415300  -0.0000   0.09142000
  0.415410  -0.0000   0.09168000
  0.415521  -0.0000   0.09194000
  0.415686  -0.0000   0.09234000
  0.415933  -0.0000   0.09293000
  0.416301  -0.0000   0.09381000
  0.416849  -0.0000   0.09514000
  0.417662  -0.0000   0.09712000
  0.418865  -0.0000   0.10000000
  0.420638  -0.0000   0.10500000
  0.422384  -0.0000   0.10900000
  0.424103  -0.0000   0.11400000
  0.425799  -0.0000   0.11800000
  0.428290  -0.0000   0.12500000
  0.431136  -0.0000   0.13300000
  0.431463  -0.0000   0.13300000
  0.431788  -0.0000   0.13400000
  0.432113  -0.0000   0.13500000
  0.432564  -0.0000   0.13700000
  0.432601  -0.0000   0.13700000
  0.432657  -0.0000   0.13700000
  0.432741  -0.0000   0.13700000
  0.432868  -0.0000   0.13800000
  0.433057  -0.0000   0.13800000
  0.433340  -0.0000   0.13900000
  0.433762  -0.0000   0.14100000
  0.434389  -0.0000   0.14300000
  0.435318  -0.0000   0.14600000
  0.436692  -0.0000   0.15100000
  0.438581  -0.0000   0.15800000
  0.440440  -0.0000   0.16500000
  0.442271  -0.0000   0.17100000
  0.444074  -0.0000   0.17800000
  0.446722  -0.0000   0.18900000
  0.449317  -0.0000   0.19900000
  0.449551  -0.0000   0.20000000
  0.449775  -0.0000   0.20100000
  0.449823  -0.0000   0.20100000
  0.449896  -0.0000   0.20100000
  0.450005  -0.0000   0.20200000
  0.450170  -0.0000   0.20300000
  0.450415  -0.0000   0.20400000
  0.450781  -0.0000   0.20500000
  0.451325  -0.0000   0.20800000
  0.452133  -0.0000   0.21200000
  0.453329  -0.0000   0.21800000
  0.455092  -0.0000   0.22700000
  0.456828  -0.0000   0.23600000
  0.458538  -0.0000   0.24500000
  0.460225  -0.0000   0.25400000
  0.462706  -0.0000   0.26700000
  0.465570  -0.0000   0.28300000
  0.465939  -0.0000   0.28500000
  0.466306  -0.0000   0.28700000
  0.466673  -0.0000   0.28900000
  0.467178  -0.0000   0.29200000
  0.467293  -0.0000   0.29300000
  0.467466  -0.0000   0.29400000
  0.467725  -0.0000   0.29500000
  0.468110  -0.0000   0.29800000
  0.468684  -0.0000   0.30200000
  0.469536  -0.0000   0.30800000
  0.470795  -0.0000   0.31600000
  0.472652  -0.0000   0.32900000
  0.474480  -0.0000   0.34200000
  0.476280  -0.0000   0.35500000
  0.478054  -0.0000   0.36800000
  0.480661  -0.0000   0.38800000
  0.483219  -0.0000   0.40800000
  0.483558  -0.0000   0.41000000
  0.483897  -0.0000   0.41300000
  0.484234  -0.0000   0.41500000
  0.484464  -0.0000   0.41700000
  0.484519  -0.0000   0.41800000
  0.484574  -0.0000   0.41800000
  0.484656  -0.0000   0.41900000
  0.484780  -0.0000   0.42000000
  0.484965  -0.0000   0.42200000
  0.485242  -0.0000   0.42400000
  0.485655  -0.0000   0.42800000
  0.486268  -0.0000   0.43400000
  0.487179  -0.0000   0.44200000
  0.488526  -0.0000   0.45500000
  0.490491  -0.0000   0.47400000
  0.492424  -0.0000   0.49300000
  0.494326  -0.0000   0.51200000
  0.496201  -0.0000   0.53100000
  0.498921  -0.0000   0.55900000
  0.501192  -0.0000   0.58300000
  0.501450  -0.0000   0.58600000
  0.501690  -0.0000   0.58900000
  0.501744  -0.0000   0.58900000
  0.501827  -0.0000   0.59000000
  0.501951  -0.0000   0.59200000
  0.502137  -0.0000   0.59400000
  0.502414  -0.0000   0.59800000
  0.502828  -0.0000   0.60300000
  0.503443  -0.0000   0.61100000
  0.504355  -0.0000   0.62200000
  0.505705  -0.0000   0.64000000
  0.507600  -0.0000   0.66400000
  0.509465  -0.0000   0.68900000
  0.511301  -0.0000   0.71400000
  0.513112  -0.0000   0.73900000
  0.515774  -0.0000   0.77600000
  0.518389  -0.0000   0.81300000
  0.518659  -0.0000   0.81700000
  0.518927  -0.0000   0.82100000
  0.518984  -0.0000   0.82200000
  0.519071  -0.0000   0.82300000
  0.519202  -0.0000   0.82600000
  0.519398  -0.0000   0.82900000
  0.519690  -0.0000   0.83400000
  0.520126  -0.0000   0.84100000
  0.520774  -0.0000   0.85200000
  0.521736  -0.0000   0.86800000
  0.523158  -0.0000   0.89300000
  0.524982  -0.0000   0.92500000
  0.526779  -0.0000   0.95700000
  0.528549  -0.0000   0.98900000
  0.529134  -0.0000   1.00000000
  0.528842  -0.0000   1.00000000
  0.528842  -0.0000   1.00000000
  0.528842  -0.0000   1.00000000
  0.528842  -0.0000   1.00000000
  0.528842  -0.0000   1.00000000
  0.528842  -0.0000   1.00000000
  0.528842  -0.0000   1.00000000
  0.528842  -0.0000   1.00000000
  0.528842  -0.0000   1.00000000
  0.528841  -0.0000   1.00000000
  0.528841  -0.0000   1.00000000
  0.528841  -0.0000   1.00000000
  0.528840  -0.0000   1.00000000
  0.528839  -0.0000   1.00000000
