  0.000003  -0.0000   0.00000010
  0.000010  -0.0000   0.00000020
  0.000037  -0.0000   0.00000030
  0.000188  -0.0000   0.00000040
  0.000992  -0.0000   0.00000047
  0.006288  -0.0000   0.00000054
  0.006492  -0.0000   0.00000061
  0.006759  -0.0000   0.00000068
  0.007093  -0.0000   0.00000075
  0.007494  -0.0000   0.00000082
  0.007965  -0.0000   0.00000089
  0.008389  -0.0000   0.00000094
  0.008865  -0.0000   0.00000100
  0.009394  -0.0000   0.00000106
  0.010054  -0.0000   0.00000112
  0.010782  -0.0000   0.00000118
  0.011576  -0.0000   0.00000124
  0.012434  -0.0000   0.00000131
  0.013354  -0.0000   0.00000137
  0.014335  -0.0000   0.00000143
  0.015376  -0.0000   0.00000149
  0.016475  -0.0000   0.00000156
  0.017630  -0.0000   0.00000162
  0.018837  -0.0000   0.00000168
  0.020092  -0.0000   0.00000174
  0.020245  -0.0000   0.00000175
  0.020400  -0.0000   0.00000176
  0.020555  -0.0000   0.00000177
  0.020789  -0.0000   0.00000178
  0.020831  -0.0000   0.00000178
  0.020837  -0.0000   0.00000179
  0.020842  -0.0000   0.00000179
  0.020849  -0.0000   0.00000179
  0.020860  -0.0000   0.00000180
  0.020876  -0.0000   0.00000181
  0.020899  -0.0000   0.00000183
  0.020934  -0.0000   0.00000186
  0.020987  -0.0000   0.00000190
  0.021065  -0.0000   0.00000196
  0.021186  -0.0000   0.00000206
  0.021378  -0.0000   0.00000220
  0.021703  -0.0000   0.00000240
  0.022029  -0.0000   0.00000259
  0.022402  -0.0000   0.00000277
  0.022828  -0.0000   0.00000296
  0.023240  -0.0000   0.00000312
  0.023699  -0.0000   0.00000327
  0.024210  -0.0000   0.00000343
  0.024772  -0.0000   0.00000359
  0.025391  -0.0000   0.00000375
  0.026069  -0.0000   0.00000391
  0.026792  -0.0000   0.00000406
  0.027576  -0.0000   0.00000422
  0.028421  -0.0000   0.00000437
  0.029345  -0.0000   0.00000453
  0.030334  -0.0000   0.00000469
  0.031390  -0.0000   0.00000484
  0.032694  -0.0000   0.00000502
  0.034085  -0.0000   0.00000520
  0.035560  -0.0000   0.00000538
  0.037117  -0.0000   0.00000557
  0.037304  -0.0000   0.00000559
  0.037493  -0.0000   0.00000561
  0.037682  -0.0000   0.00000563
  0.037930  -0.0000   0.00000566
  0.037936  -0.0000   0.00000566
  0.037944  -0.0000   0.00000567
  0.037954  -0.0000   0.00000568
  0.037970  -0.0000   0.00000569
  0.037993  -0.0000   0.00000570
  0.038028  -0.0000   0.00000573
  0.038079  -0.0000   0.00000576
  0.038154  -0.0000   0.00000581
  0.038265  -0.0000   0.00000589
  0.038431  -0.0000   0.00000601
  0.038688  -0.0000   0.00000618
  0.039100  -0.0000   0.00000645
  0.039787  -0.0000   0.00000684
  0.040561  -0.0000   0.00000724
  0.041436  -0.0000   0.00000763
  0.042236  -0.0000   0.00000796
  0.043119  -0.0000   0.00000828
  0.044089  -0.0000   0.00000861
  0.045153  -0.0000   0.00000894
  0.046313  -0.0000   0.00000926
  0.047575  -0.0000   0.00000959
  0.048941  -0.0000   0.00000992
  0.050413  -0.0000   0.00001024
  0.051991  -0.0000   0.00001057
  0.053674  -0.0000   0.00001090
  0.055374  -0.0000   0.00001122
  0.055383  -0.0000   0.00001123
  0.055391  -0.0000   0.00001123
  0.055399  -0.0000   0.00001124
  0.055411  -0.0000   0.00001125
  0.055429  -0.0000   0.00001126
  0.055457  -0.0000   0.00001127
  0.055497  -0.0000   0.00001130
  0.055558  -0.0000   0.00001134
  0.055647  -0.0000   0.00001140
  0.055780  -0.0000   0.00001148
  0.055979  -0.0000   0.00001162
  0.056280  -0.0000   0.00001181
  0.056744  -0.0000   0.00001211
  0.057484  -0.0000   0.00001255
  0.058372  -0.0000   0.00001304
  0.059337  -0.0000   0.00001353
  0.060385  -0.0000   0.00001402
  0.061416  -0.0000   0.00001447
  0.062527  -0.0000   0.00001491
  0.063722  -0.0000   0.00001536
  0.064984  -0.0000   0.00001580
  0.066333  -0.0000   0.00001624
  0.067771  -0.0000   0.00001668
  0.069497  -0.0000   0.00001717
  0.071335  -0.0000   0.00001766
  0.071782  -0.0000   0.00001778
  0.072234  -0.0000   0.00001790
  0.072693  -0.0000   0.00001802
  0.072771  -0.0000   0.00001806
  0.072836  -0.0000   0.00001810
  0.072901  -0.0000   0.00001814
  0.072966  -0.0000   0.00001819
  0.073062  -0.0000   0.00001825
  0.073206  -0.0000   0.00001834
  0.073421  -0.0000   0.00001848
  0.073743  -0.0000   0.00001870
  0.074233  -0.0000   0.00001901
  0.074994  -0.0000   0.00001949
  0.076213  -0.0000   0.00002020
  0.077525  -0.0000   0.00002092
  0.078941  -0.0000   0.00002163
  0.080471  -0.0000   0.00002234
  0.082122  -0.0000   0.00002306
  0.083899  -0.0000   0.00002377
  0.085805  -0.0000   0.00002448
  0.087843  -0.0000   0.00002520
  0.089965  -0.0000   0.00002591
  0.089981  -0.0000   0.00002592
  0.090005  -0.0000   0.00002594
  0.090042  -0.0000   0.00002596
  0.090097  -0.0000   0.00002600
  0.090178  -0.0000   0.00002606
  0.090300  -0.0000   0.00002614
  0.090481  -0.0000   0.00002627
  0.090751  -0.0000   0.00002646
  0.091158  -0.0000   0.00002675
  0.091778  -0.0000   0.00002718
  0.092741  -0.0000   0.00002782
  0.094286  -0.0000   0.00002878
  0.095661  -0.0000   0.00002959
  0.097125  -0.0000   0.00003040
  0.098684  -0.0000   0.00003121
  0.100342  -0.0000   0.00003202
  0.102103  -0.0000   0.00003282
  0.103968  -0.0000   0.00003363
  0.105940  -0.0000   0.00003444
  0.106320  -0.0000   0.00003460
  0.106704  -0.0000   0.00003475
  0.107092  -0.0000   0.00003490
  0.107256  -0.0000   0.00003499
  0.107285  -0.0000   0.00003501
  0.107314  -0.0000   0.00003503
  0.107358  -0.0000   0.00003506
  0.107424  -0.0000   0.00003511
  0.107522  -0.0000   0.00003518
  0.107668  -0.0000   0.00003529
  0.107886  -0.0000   0.00003544
  0.108212  -0.0000   0.00003568
  0.108703  -0.0000   0.00003604
  0.109450  -0.0000   0.00003658
  0.110611  -0.0000   0.00003738
  0.112040  -0.0000   0.00003833
  0.113545  -0.0000   0.00003928
  0.115133  -0.0000   0.00004022
  0.117151  -0.0000   0.00004135
  0.118949  -0.0000   0.00004230
  0.120843  -0.0000   0.00004325
  0.122836  -0.0000   0.00004420
  0.123371  -0.0000   0.00004446
  0.123913  -0.0000   0.00004471
  0.124396  -0.0000   0.00004496
  0.124427  -0.0000   0.00004498
  0.124458  -0.0000   0.00004501
  0.124489  -0.0000   0.00004503
  0.124535  -0.0000   0.00004507
  0.124605  -0.0000   0.00004512
  0.124708  -0.0000   0.00004520
  0.124863  -0.0000   0.00004532
  0.125095  -0.0000   0.00004550
  0.125441  -0.0000   0.00004577
  0.125962  -0.0000   0.00004617
  0.126754  -0.0000   0.00004678
  0.127978  -0.0000   0.00004769
  0.129543  -0.0000   0.00004880
  0.131184  -0.0000   0.00004991
  0.132909  -0.0000   0.00005103
  0.135010  -0.0000   0.00005231
  0.137234  -0.0000   0.00005359
  0.139144  -0.0000   0.00005464
  0.141140  -0.0000   0.00005569
  0.141368  -0.0000   0.00005581
  0.141567  -0.0000   0.00005593
  0.141604  -0.0000   0.00005596
  0.141640  -0.0000   0.00005599
  0.141677  -0.0000   0.00005602
  0.141732  -0.0000   0.00005606
  0.141815  -0.0000   0.00005613
  0.141938  -0.0000   0.00005623
  0.142122  -0.0000   0.00005638
  0.142398  -0.0000   0.00005661
  0.142811  -0.0000   0.00005694
  0.143433  -0.0000   0.00005745
  0.144381  -0.0000   0.00005822
  0.145850  -0.0000   0.00005936
  0.147366  -0.0000   0.00006050
  0.148943  -0.0000   0.00006164
  0.150585  -0.0000   0.00006278
  0.152369  -0.0000   0.00006397
  0.154231  -0.0000   0.00006515
  0.156174  -0.0000   0.00006634
  0.158153  -0.0000   0.00006750
  0.158413  -0.0000   0.00006765
  0.158674  -0.0000   0.00006780
  0.158826  -0.0000   0.00006793
  0.158973  -0.0000   0.00006805
  0.159120  -0.0000   0.00006818
  0.159266  -0.0000   0.00006830
  0.159485  -0.0000   0.00006849
  0.159813  -0.0000   0.00006878
  0.160305  -0.0000   0.00006920
  0.161049  -0.0000   0.00006984
  0.162185  -0.0000   0.00007080
  0.163952  -0.0000   0.00007223
  0.165791  -0.0000   0.00007367
  0.167708  -0.0000   0.00007511
  0.169709  -0.0000   0.00007654
  0.171797  -0.0000   0.00007798
  0.173978  -0.0000   0.00007941
  0.175023  -0.0000   0.00008009
  0.175904  -0.0000   0.00008066
  0.175943  -0.0000   0.00008069
  0.175982  -0.0000   0.00008073
  0.176022  -0.0000   0.00008076
  0.176081  -0.0000   0.00008082
  0.176170  -0.0000   0.00008090
  0.176302  -0.0000   0.00008102
  0.176500  -0.0000   0.00008120
  0.176796  -0.0000   0.00008147
  0.177240  -0.0000   0.00008187
  0.177909  -0.0000   0.00008248
  0.178925  -0.0000   0.00008339
  0.180489  -0.0000   0.00008476
  0.182238  -0.0000   0.00008624
  0.184051  -0.0000   0.00008771
  0.185931  -0.0000   0.00008919
  0.188301  -0.0000   0.00009097
  0.190312  -0.0000   0.00009243
  0.192399  -0.0000   0.00009388
  0.192705  -0.0000   0.00009409
  0.193012  -0.0000   0.00009431
  0.193257  -0.0000   0.00009452
  0.193313  -0.0000   0.00009457
  0.193398  -0.0000   0.00009465
  0.193524  -0.0000   0.00009477
  0.193713  -0.0000   0.00009495
  0.193995  -0.0000   0.00009522
  0.194418  -0.0000   0.00009562
  0.195054  -0.0000   0.00009622
  0.196018  -0.0000   0.00009713
  0.197493  -0.0000   0.00009849
  0.199739  -0.0000   0.00010050
  0.201120  -0.0000   0.00010180
  0.202459  -0.0000   0.00010310
  0.203761  -0.0000   0.00010440
  0.205641  -0.0000   0.00010640
  0.207457  -0.0000   0.00010830
  0.209217  -0.0000   0.00011030
  0.209759  -0.0000   0.00011090
  0.210296  -0.0000   0.00011150
  0.210528  -0.0000   0.00011180
  0.210580  -0.0000   0.00011190
  0.210632  -0.0000   0.00011190
  0.210709  -0.0000   0.00011210
  0.210825  -0.0000   0.00011220
  0.210996  -0.0000   0.00011250
  0.211249  -0.0000   0.00011290
  0.211622  -0.0000   0.00011350
  0.212169  -0.0000   0.00011440
  0.212966  -0.0000   0.00011570
  0.214117  -0.0000   0.00011770
  0.215457  -0.0000   0.00012010
  0.216753  -0.0000   0.00012250
  0.218010  -0.0000   0.00012490
  0.219642  -0.0000   0.00012810
  0.221222  -0.0000   0.00013140
  0.222755  -0.0000   0.00013460
  0.224247  -0.0000   0.00013790
  0.226263  -0.0000   0.00014240
  0.227272  -0.0000   0.00014470
  0.227949  -0.0000   0.00014630
  0.228152  -0.0000   0.00014680
  0.228201  -0.0000   0.00014700
  0.228250  -0.0000   0.00014710
  0.228323  -0.0000   0.00014740
  0.228432  -0.0000   0.00014770
  0.228594  -0.0000   0.00014820
  0.228834  -0.0000   0.00014890
  0.229188  -0.0000   0.00015000
  0.229708  -0.0000   0.00015170
  0.230468  -0.0000   0.00015410
  0.231569  -0.0000   0.00015790
  0.233049  -0.0000   0.00016310
  0.234476  -0.0000   0.00016830
  0.235859  -0.0000   0.00017350
  0.237203  -0.0000   0.00017870
  0.238994  -0.0000   0.00018590
  0.240729  -0.0000   0.00019300
  0.242416  -0.0000   0.00020020
  0.244060  -0.0000   0.00020740
  0.244651  -0.0000   0.00021000
  0.245237  -0.0000   0.00021260
  0.245770  -0.0000   0.00021520
  0.245799  -0.0000   0.00021540
  0.245843  -0.0000   0.00021560
  0.245908  -0.0000   0.00021600
  0.246006  -0.0000   0.00021660
  0.246152  -0.0000   0.00021740
  0.246369  -0.0000   0.00021860
  0.246689  -0.0000   0.00022050
  0.247160  -0.0000   0.00022330
  0.247849  -0.0000   0.00022740
  0.248851  -0.0000   0.00023370
  0.250296  -0.0000   0.00024310
  0.251691  -0.0000   0.00025250
  0.253044  -0.0000   0.00026190
  0.254360  -0.0000   0.00027130
  0.256164  -0.0000   0.00028470
  0.257914  -0.0000   0.00029800
  0.259617  -0.0000   0.00031130
  0.261277  -0.0000   0.00032460
  0.262573  -0.0000   0.00033520
  0.263128  -0.0000   0.00033980
  0.263450  -0.0000   0.00034280
  0.263468  -0.0000   0.00034300
  0.263487  -0.0000   0.00034320
  0.263514  -0.0000   0.00034350
  0.263556  -0.0000   0.00034390
  0.263619  -0.0000   0.00034450
  0.263712  -0.0000   0.00034540
  0.263850  -0.0000   0.00034690
  0.264056  -0.0000   0.00034900
  0.264361  -0.0000   0.00035220
  0.264810  -0.0000   0.00035690
  0.265469  -0.0000   0.00036410
  0.266429  -0.0000   0.00037480
  0.267815  -0.0000   0.00039090
  0.269382  -0.0000   0.00040980
  0.270898  -0.0000   0.00042870
  0.272372  -0.0000   0.00044760
  0.273808  -0.0000   0.00046650
  0.275686  -0.0000   0.00049200
  0.277513  -0.0000   0.00051750
  0.279586  -0.0000   0.00054720
  0.280224  -0.0000   0.00055650
  0.280856  -0.0000   0.00056570
  0.281142  -0.0000   0.00057050
  0.281210  -0.0000   0.00057170
  0.281278  -0.0000   0.00057280
  0.281346  -0.0000   0.00057400
  0.281446  -0.0000   0.00057580
  0.281596  -0.0000   0.00057850
  0.281819  -0.0000   0.00058250
  0.282150  -0.0000   0.00058850
  0.282636  -0.0000   0.00059750
  0.283349  -0.0000   0.00061090
  0.284386  -0.0000   0.00063120
  0.285884  -0.0000   0.00066150
  0.287334  -0.0000   0.00069190
  0.288744  -0.0000   0.00072220
  0.290118  -0.0000   0.00075250
  0.291933  -0.0000   0.00079380
  0.293700  -0.0000   0.00083520
  0.295717  -0.0000   0.00088370
  0.297681  -0.0000   0.00093230
  0.298178  -0.0000   0.00094460
  0.298670  -0.0000   0.00095700
  0.298697  -0.0000   0.00095770
  0.298723  -0.0000   0.00095850
  0.298750  -0.0000   0.00095930
  0.298789  -0.0000   0.00096040
  0.298849  -0.0000   0.00096220
  0.298938  -0.0000   0.00096480
  0.299070  -0.0000   0.00096870
  0.299267  -0.0000   0.00097450
  0.299558  -0.0000   0.00098330
  0.299988  -0.0000   0.00099650
  0.300620  -0.0000   0.00101600
  0.301542  -0.0000   0.00104600
  0.302877  -0.0000   0.00109000
  0.304570  -0.0000   0.00114900
  0.306210  -0.0000   0.00120800
  0.307804  -0.0000   0.00126600
  0.309359  -0.0000   0.00132500
  0.310879  -0.0000   0.00138400
  0.313011  -0.0000   0.00146800
  0.315086  -0.0000   0.00155300
  0.315733  -0.0000   0.00158000
  0.316375  -0.0000   0.00160600
  0.316384  -0.0000   0.00160700
  0.316401  -0.0000   0.00160800
  0.316436  -0.0000   0.00160900
  0.316506  -0.0000   0.00161300
  0.316645  -0.0000   0.00161900
  0.316852  -0.0000   0.00162900
  0.317158  -0.0000   0.00164400
  0.317609  -0.0000   0.00166700
  0.318271  -0.0000   0.00170000
  0.319236  -0.0000   0.00175100
  0.320634  -0.0000   0.00182700
  0.322277  -0.0000   0.00191900
  0.323872  -0.0000   0.00201100
  0.325425  -0.0000   0.00210400
  0.326943  -0.0000   0.00219600
  0.328881  -0.0000   0.00231700
  0.330770  -0.0000   0.00243900
  0.332952  -0.0000   0.00258200
  0.333550  -0.0000   0.00262200
  0.334133  -0.0000   0.00266200
  0.334165  -0.0000   0.00266400
  0.334198  -0.0000   0.00266700
  0.334231  -0.0000   0.00266900
  0.334280  -0.0000   0.00267300
  0.334353  -0.0000   0.00267900
  0.334463  -0.0000   0.00268700
  0.334626  -0.0000   0.00269900
  0.334868  -0.0000   0.00271800
  0.335227  -0.0000   0.00274700
  0.335755  -0.0000   0.00278900
  0.336530  -0.0000   0.00285300
  0.337658  -0.0000   0.00294800
  0.339291  -0.0000   0.00309100
  0.340876  -0.0000   0.00323400
  0.342420  -0.0000   0.00337800
  0.343929  -0.0000   0.00352100
  0.345809  -0.0000   0.00370400
  0.347644  -0.0000   0.00388700
  0.349830  -0.0000   0.00411100
  0.351257  -0.0000   0.00426000
  0.351677  -0.0000   0.00430400
  0.351958  -0.0000   0.00433600
  0.352026  -0.0000   0.00434400
  0.352094  -0.0000   0.00435200
  0.352162  -0.0000   0.00436000
  0.352264  -0.0000   0.00437300
  0.352416  -0.0000   0.00439100
  0.352641  -0.0000   0.00441800
  0.352975  -0.0000   0.00445900
  0.353469  -0.0000   0.00452000
  0.354193  -0.0000   0.00461300
  0.355252  -0.0000   0.00475100
  0.356788  -0.0000   0.00495800
  0.358283  -0.0000   0.00516500
  0.359742  -0.0000   0.00537300
  0.361169  -0.0000   0.00558000
  0.363140  -0.0000   0.00587400
  0.365063  -0.0000   0.00616800
  0.366944  -0.0000   0.00646200
  0.368785  -0.0000   0.00675600
  0.369170  -0.0000   0.00681700
  0.369538  -0.0000   0.00687900
  0.369559  -0.0000   0.00688300
  0.369592  -0.0000   0.00688900
  0.369640  -0.0000   0.00689700
  0.369713  -0.0000   0.00691000
  0.369821  -0.0000   0.00693000
  0.369982  -0.0000   0.00695900
  0.370221  -0.0000   0.00700300
  0.370576  -0.0000   0.00706900
  0.371100  -0.0000   0.00716800
  0.371868  -0.0000   0.00731600
  0.372990  -0.0000   0.00753800
  0.374618  -0.0000   0.00787200
  0.376202  -0.0000   0.00820500
  0.377749  -0.0000   0.00853800
  0.379262  -0.0000   0.00887200
  0.381219  -0.0000   0.00931400
  0.383131  -0.0000   0.00975600
  0.385384  -0.0000   0.01029000
  0.386404  -0.0000   0.01054000
  0.387376  -0.0000   0.01078000
  0.387390  -0.0000   0.01078000
  0.387411  -0.0000   0.01079000
  0.387443  -0.0000   0.01080000
  0.387491  -0.0000   0.01081000
  0.387563  -0.0000   0.01083000
  0.387671  -0.0000   0.01086000
  0.387831  -0.0000   0.01090000
  0.388069  -0.0000   0.01097000
  0.388421  -0.0000   0.01107000
  0.388942  -0.0000   0.01121000
  0.389707  -0.0000   0.01143000
  0.390826  -0.0000   0.01177000
  0.392454  -0.0000   0.01226000
  0.394039  -0.0000   0.01276000
  0.395589  -0.0000   0.01325000
  0.397106  -0.0000   0.01375000
  0.399150  -0.0000   0.01444000
  0.401148  -0.0000   0.01512000
  0.403453  -0.0000   0.01593000
  0.404208  -0.0000   0.01620000
  0.404943  -0.0000   0.01647000
  0.404954  -0.0000   0.01647000
  0.404970  -0.0000   0.01648000
  0.404994  -0.0000   0.01649000
  0.405030  -0.0000   0.01650000
  0.405084  -0.0000   0.01652000
  0.405165  -0.0000   0.01656000
  0.405285  -0.0000   0.01660000
  0.405465  -0.0000   0.01667000
  0.405732  -0.0000   0.01678000
  0.406126  -0.0000   0.01694000
  0.406709  -0.0000   0.01718000
  0.407564  -0.0000   0.01755000
  0.408814  -0.0000   0.01809000
  0.410630  -0.0000   0.01890000
  0.412397  -0.0000   0.01972000
  0.414124  -0.0000   0.02053000
  0.415814  -0.0000   0.02134000
  0.417471  -0.0000   0.02216000
  0.419833  -0.0000   0.02335000
  0.422140  -0.0000   0.02454000
  0.422490  -0.0000   0.02472000
  0.422766  -0.0000   0.02488000
  0.422834  -0.0000   0.02491000
  0.422902  -0.0000   0.02495000
  0.422970  -0.0000   0.02499000
  0.423071  -0.0000   0.02505000
  0.423222  -0.0000   0.02514000
  0.423447  -0.0000   0.02527000
  0.423781  -0.0000   0.02546000
  0.424274  -0.0000   0.02576000
  0.425000  -0.0000   0.02619000
  0.426066  -0.0000   0.02685000
  0.427620  -0.0000   0.02784000
  0.429138  -0.0000   0.02883000
  0.430624  -0.0000   0.02982000
  0.432083  -0.0000   0.03081000
  0.434216  -0.0000   0.03229000
  0.436301  -0.0000   0.03378000
  0.438342  -0.0000   0.03526000
  0.440328  -0.0000   0.03674000
  0.440335  -0.0000   0.03675000
  0.440346  -0.0000   0.03676000
  0.440362  -0.0000   0.03677000
  0.440387  -0.0000   0.03679000
  0.440423  -0.0000   0.03682000
  0.440478  -0.0000   0.03686000
  0.440560  -0.0000   0.03693000
  0.440682  -0.0000   0.03703000
  0.440863  -0.0000   0.03718000
  0.441133  -0.0000   0.03740000
  0.441534  -0.0000   0.03773000
  0.442124  -0.0000   0.03823000
  0.442993  -0.0000   0.03899000
  0.444265  -0.0000   0.04011000
  0.446117  -0.0000   0.04181000
  0.447923  -0.0000   0.04350000
  0.449688  -0.0000   0.04519000
  0.451419  -0.0000   0.04688000
  0.453117  -0.0000   0.04857000
  0.455602  -0.0000   0.05111000
  0.458026  -0.0000   0.05365000
  0.458034  -0.0000   0.05366000
  0.458048  -0.0000   0.05367000
  0.458068  -0.0000   0.05369000
  0.458097  -0.0000   0.05373000
  0.458142  -0.0000   0.05378000
  0.458208  -0.0000   0.05385000
  0.458308  -0.0000   0.05396000
  0.458456  -0.0000   0.05413000
  0.458677  -0.0000   0.05439000
  0.459005  -0.0000   0.05477000
  0.459490  -0.0000   0.05534000
  0.460205  -0.0000   0.05620000
  0.461256  -0.0000   0.05748000
  0.462791  -0.0000   0.05941000
  0.464643  -0.0000   0.06180000
  0.466451  -0.0000   0.06419000
  0.468223  -0.0000   0.06658000
  0.469961  -0.0000   0.06897000
  0.472323  -0.0000   0.07230000
  0.474633  -0.0000   0.07562000
  0.475209  -0.0000   0.07645000
  0.475775  -0.0000   0.07729000
  0.475783  -0.0000   0.07730000
  0.475796  -0.0000   0.07732000
  0.475815  -0.0000   0.07735000
  0.475843  -0.0000   0.07739000
  0.475885  -0.0000   0.07746000
  0.475948  -0.0000   0.07756000
  0.476043  -0.0000   0.07771000
  0.476184  -0.0000   0.07793000
  0.476394  -0.0000   0.07826000
  0.476706  -0.0000   0.07876000
  0.477168  -0.0000   0.07951000
  0.477850  -0.0000   0.08064000
  0.478853  -0.0000   0.08233000
  0.480322  -0.0000   0.08486000
  0.482189  -0.0000   0.08817000
  0.484013  -0.0000   0.09148000
  0.485800  -0.0000   0.09479000
  0.487553  -0.0000   0.09810000
  0.489848  -0.0000   0.10300000
  0.492095  -0.0000   0.10700000
  0.492768  -0.0000   0.10800000
  0.493429  -0.0000   0.11000000
  0.493439  -0.0000   0.11000000
  0.493453  -0.0000   0.11000000
  0.493475  -0.0000   0.11000000
  0.493508  -0.0000   0.11000000
  0.493558  -0.0000   0.11000000
  0.493632  -0.0000   0.11000000
  0.493742  -0.0000   0.11000000
  0.493907  -0.0000   0.11100000
  0.494153  -0.0000   0.11100000
  0.494517  -0.0000   0.11200000
  0.495057  -0.0000   0.11300000
  0.495852  -0.0000   0.11500000
  0.497020  -0.0000   0.11800000
  0.498729  -0.0000   0.12200000
  0.500399  -0.0000   0.12600000
  0.502037  -0.0000   0.13000000
  0.503645  -0.0000   0.13400000
  0.505898  -0.0000   0.14000000
  0.508104  -0.0000   0.14600000
  0.510719  -0.0000   0.15300000
  0.511089  -0.0000   0.15400000
  0.511111  -0.0000   0.15400000
  0.511133  -0.0000   0.15400000
  0.511155  -0.0000   0.15400000
  0.511188  -0.0000   0.15400000
  0.511237  -0.0000   0.15400000
  0.511311  -0.0000   0.15400000
  0.511421  -0.0000   0.15500000
  0.511585  -0.0000   0.15500000
  0.511829  -0.0000   0.15600000
  0.512192  -0.0000   0.15700000
  0.512730  -0.0000   0.15900000
  0.513523  -0.0000   0.16100000
  0.514689  -0.0000   0.16500000
  0.516395  -0.0000   0.17000000
  0.518065  -0.0000   0.17600000
  0.519702  -0.0000   0.18100000
  0.521311  -0.0000   0.18600000
  0.523593  -0.0000   0.19400000
  0.525828  -0.0000   0.20200000
  0.528492  -0.0000   0.21200000
  0.528847  -0.0000   0.21300000
  0.528868  -0.0000   0.21300000
  0.528890  -0.0000   0.21400000
  0.528911  -0.0000   0.21400000
  0.528943  -0.0000   0.21400000
  0.528992  -0.0000   0.21400000
  0.529064  -0.0000   0.21400000
  0.529171  -0.0000   0.21500000
  0.529332  -0.0000   0.21500000
  0.529572  -0.0000   0.21600000
  0.529928  -0.0000   0.21800000
  0.530455  -0.0000   0.22000000
  0.531235  -0.0000   0.22300000
  0.532381  -0.0000   0.22800000
  0.534060  -0.0000   0.23500000
  0.535705  -0.0000   0.24200000
  0.537319  -0.0000   0.24900000
  0.538906  -0.0000   0.25600000
  0.541233  -0.0000   0.26700000
  0.543513  -0.0000   0.27800000
  0.546229  -0.0000   0.29100000
  0.546581  -0.0000   0.29300000
  0.546603  -0.0000   0.29300000
  0.546624  -0.0000   0.29300000
  0.546646  -0.0000   0.29300000
  0.546678  -0.0000   0.29300000
  0.546726  -0.0000   0.29400000
  0.546798  -0.0000   0.29400000
  0.546906  -0.0000   0.29500000
  0.547068  -0.0000   0.29500000
  0.547308  -0.0000   0.29700000
  0.547665  -0.0000   0.29900000
  0.548194  -0.0000   0.30100000
  0.548977  -0.0000   0.30600000
  0.550129  -0.0000   0.31200000
  0.551818  -0.0000   0.32200000
  0.553472  -0.0000   0.33100000
  0.555097  -0.0000   0.34100000
  0.556696  -0.0000   0.35000000
  0.559040  -0.0000   0.36500000
  0.561337  -0.0000   0.37900000
  0.564150  -0.0000   0.39700000
  0.564160  -0.0000   0.39700000
  0.564176  -0.0000   0.39700000
  0.564199  -0.0000   0.39700000
  0.564234  -0.0000   0.39800000
  0.564287  -0.0000   0.39800000
  0.564366  -0.0000   0.39900000
  0.564484  -0.0000   0.39900000
  0.564659  -0.0000   0.40100000
  0.564921  -0.0000   0.40200000
  0.565309  -0.0000   0.40500000
  0.565885  -0.0000   0.40900000
  0.566736  -0.0000   0.41500000
  0.567988  -0.0000   0.42400000
  0.569821  -0.0000   0.43800000
  0.571617  -0.0000   0.45200000
  0.573379  -0.0000   0.46600000
  0.575112  -0.0000   0.47900000
  0.577635  -0.0000   0.50000000
  0.580106  -0.0000   0.52000000
  0.581272  -0.0000   0.53000000
  0.581974  -0.0000   0.53600000
  0.581985  -0.0000   0.53600000
  0.581995  -0.0000   0.53600000
  0.582011  -0.0000   0.53600000
  0.582035  -0.0000   0.53600000
  0.582071  -0.0000   0.53700000
  0.582124  -0.0000   0.53700000
  0.582204  -0.0000   0.53800000
  0.582323  -0.0000   0.53900000
  0.582501  -0.0000   0.54100000
  0.582767  -0.0000   0.54300000
  0.583161  -0.0000   0.54700000
  0.583745  -0.0000   0.55200000
  0.584609  -0.0000   0.56000000
  0.585882  -0.0000   0.57200000
  0.587745  -0.0000   0.59000000
  0.589572  -0.0000   0.60800000
  0.591364  -0.0000   0.62700000
  0.593127  -0.0000   0.64500000
  0.595663  -0.0000   0.67200000
  0.598148  -0.0000   0.69800000
  0.598931  -0.0000   0.70700000
  0.599694  -0.0000   0.71500000
  0.599705  -0.0000   0.71500000
  0.599723  -0.0000   0.71600000
  0.599749  -0.0000   0.71600000
  0.599788  -0.0000   0.71600000
  0.599846  -0.0000   0.71700000
  0.599934  -0.0000   0.71800000
  0.600064  -0.0000   0.72000000
  0.600259  -0.0000   0.72200000
  0.600549  -0.0000   0.72500000
  0.600980  -0.0000   0.73000000
  0.601620  -0.0000   0.73800000
  0.602874  -0.0000   0.75300000
  0.604711  -0.0000   0.77600000
  0.606511  -0.0000   0.79900000
  0.608278  -0.0000   0.82200000
  0.610015  -0.0000   0.84500000
  0.612437  -0.0000   0.87800000
  0.614811  -0.0000   0.91000000
  0.616025  -0.0000   0.92700000
  0.617222  -0.0000   0.94400000
  0.617239  -0.0000   0.94400000
  0.617257  -0.0000   0.94400000
  0.617275  -0.0000   0.94500000
  0.617302  -0.0000   0.94500000
  0.617343  -0.0000   0.94600000
  0.617403  -0.0000   0.94700000
  0.617493  -0.0000   0.94800000
  0.617628  -0.0000   0.95000000
  0.617830  -0.0000   0.95300000
  0.618129  -0.0000   0.95700000
  0.618575  -0.0000   0.96400000
  0.619235  -0.0000   0.97400000
  0.620210  -0.0000   0.98900000
  0.620880  -0.0000   1.00000000
  0.620854  -0.0000   1.00000000
  0.620827  -0.0000   1.00000000
  0.620801  -0.0000   1.00000000
  0.620749  -0.0000   1.00000000
  0.620643  -0.0000   1.00000000
  0.620433  -0.0000   1.00000000
  0.620117  -0.0000   1.00000000
  0.619644  -0.0000   1.00000000
  0.618934  -0.0000   1.00000000
  0.617869  -0.0000   1.00000000
  0.616271  -0.0000   1.00000000
  0.613875  -0.0000   1.00000000
  0.610281  -0.0000   1.00000000
  0.604889  -0.0000   1.00000000
  0.596801  -0.0000   1.00000000
  0.594583  -0.0000   1.00000000
