  0.000043  -0.0000   0.00000010
  0.000093  -0.0000   0.00000020
  0.000251  -0.0000   0.00000030
  0.002921  -0.0000   0.00000045
  0.006208  -0.0000   0.00000051
  0.006262  -0.0000   0.00000059
  0.006326  -0.0000   0.00000072
  0.006423  -0.0000   0.00000091
  0.006575  -0.0000   0.00000119
  0.006819  -0.0000   0.00000162
  0.007242  -0.0000   0.00000226
  0.007600  -0.0000   0.00000274
  0.008009  -0.0000   0.00000321
  0.008479  -0.0000   0.00000369
  0.009017  -0.0000   0.00000416
  0.009511  -0.0000   0.00000456
  0.010060  -0.0000   0.00000495
  0.010667  -0.0000   0.00000534
  0.011338  -0.0000   0.00000573
  0.012075  -0.0000   0.00000612
  0.012882  -0.0000   0.00000652
  0.013763  -0.0000   0.00000691
  0.014532  -0.0000   0.00000723
  0.015354  -0.0000   0.00000755
  0.016230  -0.0000   0.00000787
  0.017283  -0.0000   0.00000823
  0.018407  -0.0000   0.00000859
  0.019605  -0.0000   0.00000895
  0.020728  -0.0000   0.00000931
  0.020768  -0.0000   0.00000936
  0.020805  -0.0000   0.00000942
  0.020841  -0.0000   0.00000947
  0.020891  -0.0000   0.00000956
  0.020962  -0.0000   0.00000969
  0.021060  -0.0000   0.00000987
  0.021152  -0.0000   0.00001006
  0.021240  -0.0000   0.00001025
  0.021324  -0.0000   0.00001044
  0.021446  -0.0000   0.00001073
  0.021619  -0.0000   0.00001115
  0.021787  -0.0000   0.00001157
  0.021954  -0.0000   0.00001199
  0.022204  -0.0000   0.00001262
  0.022564  -0.0000   0.00001351
  0.023068  -0.0000   0.00001468
  0.023618  -0.0000   0.00001585
  0.024129  -0.0000   0.00001685
  0.024688  -0.0000   0.00001785
  0.025300  -0.0000   0.00001885
  0.025920  -0.0000   0.00001978
  0.026594  -0.0000   0.00002071
  0.027324  -0.0000   0.00002164
  0.028023  -0.0000   0.00002246
  0.028770  -0.0000   0.00002329
  0.029569  -0.0000   0.00002412
  0.030347  -0.0000   0.00002488
  0.031171  -0.0000   0.00002564
  0.032041  -0.0000   0.00002640
  0.032922  -0.0000   0.00002713
  0.033847  -0.0000   0.00002787
  0.034818  -0.0000   0.00002860
  0.035823  -0.0000   0.00002932
  0.036874  -0.0000   0.00003005
  0.037970  -0.0000   0.00003077
  0.038924  -0.0000   0.00003138
  0.039117  -0.0000   0.00003150
  0.039198  -0.0000   0.00003162
  0.039267  -0.0000   0.00003175
  0.039364  -0.0000   0.00003193
  0.039498  -0.0000   0.00003220
  0.039645  -0.0000   0.00003252
  0.039785  -0.0000   0.00003284
  0.039920  -0.0000   0.00003316
  0.040116  -0.0000   0.00003364
  0.040399  -0.0000   0.00003435
  0.040820  -0.0000   0.00003543
  0.041247  -0.0000   0.00003650
  0.041921  -0.0000   0.00003812
  0.042639  -0.0000   0.00003973
  0.043371  -0.0000   0.00004126
  0.044157  -0.0000   0.00004279
  0.045000  -0.0000   0.00004433
  0.046057  -0.0000   0.00004610
  0.047198  -0.0000   0.00004788
  0.048426  -0.0000   0.00004965
  0.049745  -0.0000   0.00005143
  0.051155  -0.0000   0.00005321
  0.052659  -0.0000   0.00005499
  0.054259  -0.0000   0.00005676
  0.055956  -0.0000   0.00005854
  0.057751  -0.0000   0.00006032
  0.058052  -0.0000   0.00006061
  0.058356  -0.0000   0.00006091
  0.058517  -0.0000   0.00006121
  0.058724  -0.0000   0.00006165
  0.059011  -0.0000   0.00006232
  0.059284  -0.0000   0.00006298
  0.059548  -0.0000   0.00006365
  0.059807  -0.0000   0.00006432
  0.060192  -0.0000   0.00006532
  0.060777  -0.0000   0.00006681
  0.061698  -0.0000   0.00006906
  0.062483  -0.0000   0.00007089
  0.063310  -0.0000   0.00007271
  0.064183  -0.0000   0.00007453
  0.065596  -0.0000   0.00007727
  0.067118  -0.0000   0.00008000
  0.068751  -0.0000   0.00008273
  0.070497  -0.0000   0.00008547
  0.072359  -0.0000   0.00008820
  0.074338  -0.0000   0.00009094
  0.076435  -0.0000   0.00009367
  0.076895  -0.0000   0.00009426
  0.077362  -0.0000   0.00009486
  0.077706  -0.0000   0.00009545
  0.077960  -0.0000   0.00009605
  0.078202  -0.0000   0.00009665
  0.078435  -0.0000   0.00009724
  0.078773  -0.0000   0.00009814
  0.079271  -0.0000   0.00009948
  0.079946  -0.0000   0.00010150
  0.080855  -0.0000   0.00010440
  0.081753  -0.0000   0.00010720
  0.083047  -0.0000   0.00011140
  0.084335  -0.0000   0.00011560
  0.086251  -0.0000   0.00012190
  0.088151  -0.0000   0.00012810
  0.090965  -0.0000   0.00013750
  0.095104  -0.0000   0.00015160
  0.095343  -0.0000   0.00015250
  0.095581  -0.0000   0.00015330
  0.095819  -0.0000   0.00015410
  0.096151  -0.0000   0.00015530
  0.096375  -0.0000   0.00015660
  0.096584  -0.0000   0.00015790
  0.096783  -0.0000   0.00015920
  0.097067  -0.0000   0.00016120
  0.097475  -0.0000   0.00016410
  0.098071  -0.0000   0.00016860
  0.098954  -0.0000   0.00017520
  0.100057  -0.0000   0.00018350
  0.101159  -0.0000   0.00019180
  0.102261  -0.0000   0.00020000
  0.103907  -0.0000   0.00021250
  0.106360  -0.0000   0.00023110
  0.109995  -0.0000   0.00025910
  0.111289  -0.0000   0.00026910
  0.112577  -0.0000   0.00027910
  0.113858  -0.0000   0.00028920
  0.114227  -0.0000   0.00029200
  0.114596  -0.0000   0.00029490
  0.114869  -0.0000   0.00029780
  0.115195  -0.0000   0.00030220
  0.115502  -0.0000   0.00030650
  0.115800  -0.0000   0.00031080
  0.116093  -0.0000   0.00031520
  0.116528  -0.0000   0.00032170
  0.117179  -0.0000   0.00033150
  0.118156  -0.0000   0.00034610
  0.119622  -0.0000   0.00036810
  0.121086  -0.0000   0.00039000
  0.123272  -0.0000   0.00042300
  0.126522  -0.0000   0.00047240
  0.130416  -0.0000   0.00053240
  0.131117  -0.0000   0.00054320
  0.131817  -0.0000   0.00055400
  0.132515  -0.0000   0.00056490
  0.133344  -0.0000   0.00057840
  0.133546  -0.0000   0.00058320
  0.133738  -0.0000   0.00058790
  0.133923  -0.0000   0.00059270
  0.134193  -0.0000   0.00059990
  0.134593  -0.0000   0.00061060
  0.135189  -0.0000   0.00062670
  0.136084  -0.0000   0.00065090
  0.137312  -0.0000   0.00068400
  0.138539  -0.0000   0.00071710
  0.140375  -0.0000   0.00076670
  0.143113  -0.0000   0.00084120
  0.147175  -0.0000   0.00095280
  0.148034  -0.0000   0.00097650
  0.148891  -0.0000   0.00100000
  0.149746  -0.0000   0.00102400
  0.151023  -0.0000   0.00105900
  0.151440  -0.0000   0.00107100
  0.151857  -0.0000   0.00108300
  0.152169  -0.0000   0.00109400
  0.152440  -0.0000   0.00110600
  0.152703  -0.0000   0.00111800
  0.152962  -0.0000   0.00112900
  0.153350  -0.0000   0.00114700
  0.153931  -0.0000   0.00117300
  0.154806  -0.0000   0.00121200
  0.156118  -0.0000   0.00127100
  0.158082  -0.0000   0.00135900
  0.161009  -0.0000   0.00149200
  0.165354  -0.0000   0.00169000
  0.169648  -0.0000   0.00188900
  0.169925  -0.0000   0.00190200
  0.170201  -0.0000   0.00191500
  0.170477  -0.0000   0.00192700
  0.170809  -0.0000   0.00194700
  0.171225  -0.0000   0.00197600
  0.171634  -0.0000   0.00200400
  0.172041  -0.0000   0.00203300
  0.172449  -0.0000   0.00206200
  0.173062  -0.0000   0.00210500
  0.173982  -0.0000   0.00217000
  0.175360  -0.0000   0.00226700
  0.177421  -0.0000   0.00241300
  0.180491  -0.0000   0.00263200
  0.185047  -0.0000   0.00296100
  0.188707  -0.0000   0.00322700
  0.188984  -0.0000   0.00324700
  0.189260  -0.0000   0.00326700
  0.189491  -0.0000   0.00328800
  0.189784  -0.0000   0.00331800
  0.190211  -0.0000   0.00336300
  0.190638  -0.0000   0.00340900
  0.191066  -0.0000   0.00345400
  0.191708  -0.0000   0.00352200
  0.192673  -0.0000   0.00362400
  0.194117  -0.0000   0.00377700
  0.196275  -0.0000   0.00400700
  0.199489  -0.0000   0.00435100
  0.204259  -0.0000   0.00486800
  0.205375  -0.0000   0.00498900
  0.206487  -0.0000   0.00511000
  0.207596  -0.0000   0.00523200
  0.207953  -0.0000   0.00527100
  0.208262  -0.0000   0.00531000
  0.208521  -0.0000   0.00534900
  0.208903  -0.0000   0.00540700
  0.209284  -0.0000   0.00546600
  0.209666  -0.0000   0.00552400
  0.210240  -0.0000   0.00561200
  0.211101  -0.0000   0.00574400
  0.212392  -0.0000   0.00594200
  0.214320  -0.0000   0.00623800
  0.217196  -0.0000   0.00668300
  0.221471  -0.0000   0.00735000
  0.223007  -0.0000   0.00759100
  0.224538  -0.0000   0.00783100
  0.226063  -0.0000   0.00807200
  0.226442  -0.0000   0.00813200
  0.226821  -0.0000   0.00819200
  0.227129  -0.0000   0.00825200
  0.227548  -0.0000   0.00834200
  0.227965  -0.0000   0.00843100
  0.228384  -0.0000   0.00852100
  0.229013  -0.0000   0.00865600
  0.229956  -0.0000   0.00885800
  0.231368  -0.0000   0.00916200
  0.233478  -0.0000   0.00961700
  0.236622  -0.0000   0.01030000
  0.241294  -0.0000   0.01132000
  0.245123  -0.0000   0.01217000
  0.245416  -0.0000   0.01223000
  0.245709  -0.0000   0.01230000
  0.245937  -0.0000   0.01236000
  0.246269  -0.0000   0.01246000
  0.246599  -0.0000   0.01256000
  0.246931  -0.0000   0.01266000
  0.247429  -0.0000   0.01280000
  0.248178  -0.0000   0.01302000
  0.249298  -0.0000   0.01335000
  0.250974  -0.0000   0.01384000
  0.253474  -0.0000   0.01458000
  0.257197  -0.0000   0.01569000
  0.261340  -0.0000   0.01693000
  0.262342  -0.0000   0.01723000
  0.263341  -0.0000   0.01753000
  0.264337  -0.0000   0.01783000
  0.264621  -0.0000   0.01792000
  0.264863  -0.0000   0.01802000
  0.265103  -0.0000   0.01811000
  0.265462  -0.0000   0.01825000
  0.266003  -0.0000   0.01846000
  0.266815  -0.0000   0.01878000
  0.268031  -0.0000   0.01926000
  0.269849  -0.0000   0.01997000
  0.272562  -0.0000   0.02104000
  0.276600  -0.0000   0.02264000
  0.280440  -0.0000   0.02418000
  0.281442  -0.0000   0.02458000
  0.282442  -0.0000   0.02499000
  0.283420  -0.0000   0.02539000
  0.283665  -0.0000   0.02551000
  0.283907  -0.0000   0.02564000
  0.284149  -0.0000   0.02576000
  0.284514  -0.0000   0.02595000
  0.285061  -0.0000   0.02623000
  0.285882  -0.0000   0.02665000
  0.287112  -0.0000   0.02728000
  0.288951  -0.0000   0.02822000
  0.291694  -0.0000   0.02964000
  0.295779  -0.0000   0.03176000
  0.299597  -0.0000   0.03377000
  0.300394  -0.0000   0.03418000
  0.301190  -0.0000   0.03460000
  0.301985  -0.0000   0.03502000
  0.302308  -0.0000   0.03521000
  0.302587  -0.0000   0.03539000
  0.302866  -0.0000   0.03557000
  0.303284  -0.0000   0.03585000
  0.303704  -0.0000   0.03612000
  0.304334  -0.0000   0.03654000
  0.305277  -0.0000   0.03716000
  0.306688  -0.0000   0.03809000
  0.308795  -0.0000   0.03948000
  0.311938  -0.0000   0.04158000
  0.316613  -0.0000   0.04472000
  0.321193  -0.0000   0.04786000
  0.321447  -0.0000   0.04807000
  0.321700  -0.0000   0.04828000
  0.321953  -0.0000   0.04850000
  0.322333  -0.0000   0.04881000
  0.322903  -0.0000   0.04929000
  0.323760  -0.0000   0.05001000
  0.325042  -0.0000   0.05108000
  0.326960  -0.0000   0.05269000
  0.329824  -0.0000   0.05511000
  0.334091  -0.0000   0.05873000
  0.336730  -0.0000   0.06099000
  0.339357  -0.0000   0.06324000
  0.339719  -0.0000   0.06355000
  0.340059  -0.0000   0.06386000
  0.340356  -0.0000   0.06417000
  0.340802  -0.0000   0.06464000
  0.341249  -0.0000   0.06510000
  0.341696  -0.0000   0.06557000
  0.342367  -0.0000   0.06627000
  0.343371  -0.0000   0.06731000
  0.344872  -0.0000   0.06888000
  0.347115  -0.0000   0.07124000
  0.350459  -0.0000   0.07477000
  0.355434  -0.0000   0.08007000
  0.356204  -0.0000   0.08090000
  0.356974  -0.0000   0.08172000
  0.357743  -0.0000   0.08254000
  0.358851  -0.0000   0.08378000
  0.359155  -0.0000   0.08417000
  0.359459  -0.0000   0.08456000
  0.359764  -0.0000   0.08495000
  0.360223  -0.0000   0.08554000
  0.360910  -0.0000   0.08643000
  0.361938  -0.0000   0.08776000
  0.363477  -0.0000   0.08975000
  0.365775  -0.0000   0.09273000
  0.369202  -0.0000   0.09721000
  0.374300  -0.0000   0.10400000
  0.375089  -0.0000   0.10500000
  0.375878  -0.0000   0.10600000
  0.376665  -0.0000   0.10700000
  0.377802  -0.0000   0.10900000
  0.378104  -0.0000   0.10900000
  0.378405  -0.0000   0.11000000
  0.378708  -0.0000   0.11000000
  0.379162  -0.0000   0.11100000
  0.379843  -0.0000   0.11200000
  0.380862  -0.0000   0.11300000
  0.382386  -0.0000   0.11600000
  0.384664  -0.0000   0.11900000
  0.388061  -0.0000   0.12500000
  0.393115  -0.0000   0.13300000
  0.393952  -0.0000   0.13400000
  0.394788  -0.0000   0.13600000
  0.395623  -0.0000   0.13700000
  0.396555  -0.0000   0.13900000
  0.396850  -0.0000   0.13900000
  0.397146  -0.0000   0.14000000
  0.397442  -0.0000   0.14000000
  0.397739  -0.0000   0.14100000
  0.398185  -0.0000   0.14200000
  0.398852  -0.0000   0.14300000
  0.399851  -0.0000   0.14500000
  0.401345  -0.0000   0.14800000
  0.403578  -0.0000   0.15200000
  0.406907  -0.0000   0.15900000
  0.411863  -0.0000   0.16800000
  0.412787  -0.0000   0.17000000
  0.413710  -0.0000   0.17200000
  0.414631  -0.0000   0.17400000
  0.415246  -0.0000   0.17500000
  0.415608  -0.0000   0.17600000
  0.415955  -0.0000   0.17600000
  0.416303  -0.0000   0.17700000
  0.416826  -0.0000   0.17800000
  0.417349  -0.0000   0.18000000
  0.418132  -0.0000   0.18100000
  0.419303  -0.0000   0.18400000
  0.421053  -0.0000   0.18800000
  0.423667  -0.0000   0.19400000
  0.427563  -0.0000   0.20300000
  0.431376  -0.0000   0.21200000
  0.432456  -0.0000   0.21500000
  0.433534  -0.0000   0.21700000
  0.434335  -0.0000   0.21900000
  0.434681  -0.0000   0.22000000
  0.435029  -0.0000   0.22100000
  0.435376  -0.0000   0.22200000
  0.435724  -0.0000   0.22300000
  0.436246  -0.0000   0.22400000
  0.437027  -0.0000   0.22700000
  0.438195  -0.0000   0.23000000
  0.439943  -0.0000   0.23500000
  0.442552  -0.0000   0.24200000
  0.446441  -0.0000   0.25200000
  0.450238  -0.0000   0.26300000
  0.451401  -0.0000   0.26600000
  0.452560  -0.0000   0.27000000
  0.453160  -0.0000   0.27100000
  0.453472  -0.0000   0.27200000
  0.453785  -0.0000   0.27300000
  0.454099  -0.0000   0.27400000
  0.454413  -0.0000   0.27500000
  0.454883  -0.0000   0.27700000
  0.455589  -0.0000   0.27900000
  0.456644  -0.0000   0.28300000
  0.458222  -0.0000   0.28800000
  0.460580  -0.0000   0.29500000
  0.464097  -0.0000   0.30700000
  0.468146  -0.0000   0.32000000
  0.472144  -0.0000   0.33300000
  0.472449  -0.0000   0.33500000
  0.472755  -0.0000   0.33600000
  0.473061  -0.0000   0.33700000
  0.473367  -0.0000   0.33800000
  0.473827  -0.0000   0.34000000
  0.474515  -0.0000   0.34300000
  0.475547  -0.0000   0.34600000
  0.477090  -0.0000   0.35200000
  0.479396  -0.0000   0.36100000
  0.482838  -0.0000   0.37400000
  0.487006  -0.0000   0.39000000
  0.491124  -0.0000   0.40700000
  0.491439  -0.0000   0.40800000
  0.491756  -0.0000   0.40900000
  0.492072  -0.0000   0.41100000
  0.492389  -0.0000   0.41200000
  0.492864  -0.0000   0.41400000
  0.493576  -0.0000   0.41700000
  0.494643  -0.0000   0.42200000
  0.496238  -0.0000   0.42900000
  0.498623  -0.0000   0.44000000
  0.502181  -0.0000   0.45600000
  0.506200  -0.0000   0.47400000
  0.509026  -0.0000   0.48700000
  0.509466  -0.0000   0.48900000
  0.509901  -0.0000   0.49100000
  0.510290  -0.0000   0.49300000
  0.510680  -0.0000   0.49500000
  0.511071  -0.0000   0.49700000
  0.511462  -0.0000   0.49900000
  0.512048  -0.0000   0.50200000
  0.512925  -0.0000   0.50600000
  0.514237  -0.0000   0.51300000
  0.516199  -0.0000   0.52300000
  0.519126  -0.0000   0.53800000
  0.523490  -0.0000   0.56100000
  0.527826  -0.0000   0.58400000
  0.528223  -0.0000   0.58600000
  0.528618  -0.0000   0.58800000
  0.528976  -0.0000   0.59000000
  0.529328  -0.0000   0.59200000
  0.529681  -0.0000   0.59400000
  0.530034  -0.0000   0.59600000
  0.530563  -0.0000   0.59900000
  0.531355  -0.0000   0.60400000
  0.532540  -0.0000   0.61100000
  0.534311  -0.0000   0.62200000
  0.536957  -0.0000   0.63700000
  0.540902  -0.0000   0.66100000
  0.544667  -0.0000   0.68400000
  0.545983  -0.0000   0.69200000
  0.547296  -0.0000   0.70000000
  0.547723  -0.0000   0.70300000
  0.548117  -0.0000   0.70500000
  0.548512  -0.0000   0.70800000
  0.548908  -0.0000   0.71100000
  0.549303  -0.0000   0.71300000
  0.549895  -0.0000   0.71700000
  0.550782  -0.0000   0.72300000
  0.552108  -0.0000   0.73200000
  0.554090  -0.0000   0.74600000
  0.557050  -0.0000   0.76600000
  0.561462  -0.0000   0.79700000
  0.565847  -0.0000   0.82700000
  0.566235  -0.0000   0.83000000
  0.566617  -0.0000   0.83300000
  0.566965  -0.0000   0.83500000
  0.567488  -0.0000   0.83900000
  0.568012  -0.0000   0.84300000
  0.568535  -0.0000   0.84800000
  0.569318  -0.0000   0.85400000
  0.570490  -0.0000   0.86300000
  0.572242  -0.0000   0.87600000
  0.574860  -0.0000   0.89700000
  0.578764  -0.0000   0.92800000
  0.582517  -0.0000   0.95700000
  0.583903  -0.0000   0.96800000
  0.585286  -0.0000   0.97900000
  0.585671  -0.0000   0.98300000
  0.586038  -0.0000   0.98600000
  0.586405  -0.0000   0.98900000
  0.586957  -0.0000   0.99400000
  0.587508  -0.0000   0.99900000
  0.587632  -0.0000   1.00000000
  0.587137  -0.0000   1.00000000
  0.587137  -0.0000   1.00000000
  0.587137  -0.0000   1.00000000
  0.587137  -0.0000   1.00000000
  0.587137  -0.0000   1.00000000
  0.587137  -0.0000   1.00000000
  0.587137  -0.0000   1.00000000
  0.587137  -0.0000   1.00000000
  0.587137  -0.0000   1.00000000
  0.587136  -0.0000   1.00000000
  0.587135  -0.0000   1.00000000
  0.587132  -0.0000   1.00000000
