  0.000035  -0.0000   0.00000010
  0.000076  -0.0000   0.00000020
  0.000206  -0.0000   0.00000030
  0.002403  -0.0000   0.00000045
  0.006161  -0.0000   0.00000051
  0.006209  -0.0000   0.00000059
  0.006262  -0.0000   0.00000072
  0.006341  -0.0000   0.00000091
  0.006463  -0.0000   0.00000119
  0.006656  -0.0000   0.00000162
  0.006977  -0.0000   0.00000226
  0.007283  -0.0000   0.00000281
  0.007628  -0.0000   0.00000335
  0.008021  -0.0000   0.00000390
  0.008363  -0.0000   0.00000433
  0.008742  -0.0000   0.00000477
  0.009159  -0.0000   0.00000520
  0.009616  -0.0000   0.00000563
  0.010117  -0.0000   0.00000606
  0.010665  -0.0000   0.00000649
  0.011226  -0.0000   0.00000689
  0.011834  -0.0000   0.00000730
  0.012491  -0.0000   0.00000770
  0.013174  -0.0000   0.00000810
  0.013906  -0.0000   0.00000849
  0.014688  -0.0000   0.00000889
  0.015518  -0.0000   0.00000928
  0.016401  -0.0000   0.00000967
  0.017338  -0.0000   0.00001006
  0.018467  -0.0000   0.00001050
  0.019670  -0.0000   0.00001095
  0.020769  -0.0000   0.00001139
  0.020811  -0.0000   0.00001146
  0.020851  -0.0000   0.00001153
  0.020890  -0.0000   0.00001161
  0.020944  -0.0000   0.00001172
  0.021020  -0.0000   0.00001188
  0.021126  -0.0000   0.00001213
  0.021227  -0.0000   0.00001238
  0.021322  -0.0000   0.00001262
  0.021415  -0.0000   0.00001287
  0.021548  -0.0000   0.00001324
  0.021731  -0.0000   0.00001377
  0.021911  -0.0000   0.00001430
  0.022089  -0.0000   0.00001483
  0.022358  -0.0000   0.00001562
  0.022766  -0.0000   0.00001678
  0.023356  -0.0000   0.00001833
  0.024008  -0.0000   0.00001988
  0.024508  -0.0000   0.00002097
  0.025049  -0.0000   0.00002207
  0.025636  -0.0000   0.00002317
  0.026370  -0.0000   0.00002442
  0.027173  -0.0000   0.00002567
  0.028047  -0.0000   0.00002693
  0.028997  -0.0000   0.00002818
  0.030026  -0.0000   0.00002943
  0.031137  -0.0000   0.00003068
  0.032110  -0.0000   0.00003171
  0.033141  -0.0000   0.00003275
  0.034231  -0.0000   0.00003378
  0.035381  -0.0000   0.00003481
  0.036593  -0.0000   0.00003584
  0.037866  -0.0000   0.00003687
  0.039201  -0.0000   0.00003790
  0.039306  -0.0000   0.00003802
  0.039361  -0.0000   0.00003813
  0.039415  -0.0000   0.00003824
  0.039491  -0.0000   0.00003841
  0.039599  -0.0000   0.00003866
  0.039751  -0.0000   0.00003904
  0.039929  -0.0000   0.00003952
  0.040100  -0.0000   0.00003999
  0.040266  -0.0000   0.00004046
  0.040509  -0.0000   0.00004117
  0.040868  -0.0000   0.00004224
  0.041414  -0.0000   0.00004383
  0.041982  -0.0000   0.00004543
  0.042904  -0.0000   0.00004783
  0.043912  -0.0000   0.00005022
  0.045013  -0.0000   0.00005262
  0.046214  -0.0000   0.00005501
  0.047519  -0.0000   0.00005741
  0.048932  -0.0000   0.00005980
  0.050457  -0.0000   0.00006219
  0.052096  -0.0000   0.00006459
  0.053852  -0.0000   0.00006698
  0.055727  -0.0000   0.00006938
  0.057356  -0.0000   0.00007136
  0.058457  -0.0000   0.00007265
  0.058694  -0.0000   0.00007299
  0.058837  -0.0000   0.00007334
  0.058974  -0.0000   0.00007368
  0.059169  -0.0000   0.00007420
  0.059445  -0.0000   0.00007497
  0.059806  -0.0000   0.00007603
  0.060161  -0.0000   0.00007709
  0.060691  -0.0000   0.00007868
  0.061231  -0.0000   0.00008027
  0.062078  -0.0000   0.00008266
  0.062964  -0.0000   0.00008502
  0.063901  -0.0000   0.00008739
  0.064892  -0.0000   0.00008976
  0.066459  -0.0000   0.00009322
  0.068147  -0.0000   0.00009668
  0.069948  -0.0000   0.00010010
  0.071595  -0.0000   0.00010360
  0.073218  -0.0000   0.00010710
  0.074821  -0.0000   0.00011050
  0.077187  -0.0000   0.00011570
  0.077396  -0.0000   0.00011620
  0.077605  -0.0000   0.00011660
  0.077764  -0.0000   0.00011710
  0.077934  -0.0000   0.00011780
  0.078169  -0.0000   0.00011880
  0.078494  -0.0000   0.00012040
  0.078800  -0.0000   0.00012190
  0.079096  -0.0000   0.00012350
  0.079526  -0.0000   0.00012580
  0.080156  -0.0000   0.00012930
  0.081089  -0.0000   0.00013460
  0.082453  -0.0000   0.00014230
  0.083813  -0.0000   0.00015000
  0.085169  -0.0000   0.00015770
  0.087189  -0.0000   0.00016930
  0.090184  -0.0000   0.00018660
  0.093914  -0.0000   0.00020860
  0.094411  -0.0000   0.00021150
  0.094908  -0.0000   0.00021440
  0.095403  -0.0000   0.00021740
  0.096143  -0.0000   0.00022180
  0.096395  -0.0000   0.00022350
  0.096570  -0.0000   0.00022530
  0.096736  -0.0000   0.00022700
  0.096971  -0.0000   0.00022970
  0.097305  -0.0000   0.00023370
  0.097791  -0.0000   0.00023960
  0.098507  -0.0000   0.00024850
  0.099221  -0.0000   0.00025740
  0.100293  -0.0000   0.00027080
  0.101364  -0.0000   0.00028420
  0.102966  -0.0000   0.00030430
  0.105356  -0.0000   0.00033440
  0.108902  -0.0000   0.00037960
  0.112379  -0.0000   0.00042440
  0.113217  -0.0000   0.00043530
  0.114052  -0.0000   0.00044610
  0.114884  -0.0000   0.00045690
  0.115143  -0.0000   0.00046070
  0.115327  -0.0000   0.00046450
  0.115501  -0.0000   0.00046830
  0.115749  -0.0000   0.00047390
  0.116109  -0.0000   0.00048240
  0.116641  -0.0000   0.00049510
  0.117435  -0.0000   0.00051420
  0.118516  -0.0000   0.00054020
  0.119596  -0.0000   0.00056610
  0.120676  -0.0000   0.00059210
  0.122290  -0.0000   0.00063100
  0.124697  -0.0000   0.00068940
  0.128272  -0.0000   0.00077690
  0.132084  -0.0000   0.00087140
  0.132453  -0.0000   0.00088060
  0.132821  -0.0000   0.00088970
  0.133188  -0.0000   0.00089880
  0.133738  -0.0000   0.00091260
  0.133992  -0.0000   0.00092060
  0.134200  -0.0000   0.00092860
  0.134399  -0.0000   0.00093660
  0.134690  -0.0000   0.00094860
  0.135121  -0.0000   0.00096660
  0.135766  -0.0000   0.00099370
  0.136734  -0.0000   0.00103400
  0.137998  -0.0000   0.00108700
  0.139259  -0.0000   0.00114000
  0.141145  -0.0000   0.00121900
  0.143953  -0.0000   0.00133800
  0.148121  -0.0000   0.00151700
  0.148879  -0.0000   0.00154900
  0.149635  -0.0000   0.00158200
  0.150390  -0.0000   0.00161400
  0.151517  -0.0000   0.00166300
  0.152258  -0.0000   0.00169500
  0.152898  -0.0000   0.00172700
  0.153192  -0.0000   0.00174600
  0.153478  -0.0000   0.00176600
  0.153760  -0.0000   0.00178500
  0.154183  -0.0000   0.00181400
  0.154818  -0.0000   0.00185700
  0.155771  -0.0000   0.00192200
  0.157200  -0.0000   0.00201900
  0.159336  -0.0000   0.00216400
  0.162517  -0.0000   0.00238300
  0.167234  -0.0000   0.00271100
  0.169958  -0.0000   0.00290200
  0.170504  -0.0000   0.00294000
  0.171049  -0.0000   0.00297800
  0.171593  -0.0000   0.00301700
  0.171805  -0.0000   0.00303700
  0.172007  -0.0000   0.00305800
  0.172205  -0.0000   0.00307800
  0.172499  -0.0000   0.00310900
  0.172941  -0.0000   0.00315500
  0.173605  -0.0000   0.00322400
  0.174602  -0.0000   0.00332800
  0.176096  -0.0000   0.00348400
  0.178325  -0.0000   0.00371800
  0.181645  -0.0000   0.00406900
  0.186570  -0.0000   0.00459500
  0.187626  -0.0000   0.00470800
  0.188680  -0.0000   0.00482200
  0.189730  -0.0000   0.00493500
  0.190200  -0.0000   0.00498600
  0.190622  -0.0000   0.00503600
  0.190958  -0.0000   0.00508700
  0.191288  -0.0000   0.00513800
  0.191618  -0.0000   0.00518800
  0.191948  -0.0000   0.00523900
  0.192444  -0.0000   0.00531500
  0.193189  -0.0000   0.00542900
  0.194304  -0.0000   0.00560100
  0.195973  -0.0000   0.00585700
  0.198462  -0.0000   0.00624300
  0.202165  -0.0000   0.00682000
  0.206399  -0.0000   0.00748700
  0.207220  -0.0000   0.00761700
  0.208039  -0.0000   0.00774600
  0.208856  -0.0000   0.00787600
  0.209361  -0.0000   0.00795600
  0.209684  -0.0000   0.00801900
  0.209978  -0.0000   0.00808300
  0.210269  -0.0000   0.00814600
  0.210706  -0.0000   0.00824200
  0.211364  -0.0000   0.00838500
  0.212350  -0.0000   0.00859900
  0.213826  -0.0000   0.00892100
  0.216030  -0.0000   0.00940400
  0.219313  -0.0000   0.01013000
  0.224188  -0.0000   0.01121000
  0.225814  -0.0000   0.01158000
  0.227433  -0.0000   0.01194000
  0.228069  -0.0000   0.01208000
  0.228629  -0.0000   0.01223000
  0.229106  -0.0000   0.01237000
  0.229582  -0.0000   0.01251000
  0.230059  -0.0000   0.01266000
  0.230536  -0.0000   0.01280000
  0.231252  -0.0000   0.01301000
  0.232323  -0.0000   0.01333000
  0.233925  -0.0000   0.01382000
  0.236316  -0.0000   0.01454000
  0.239876  -0.0000   0.01563000
  0.244282  -0.0000   0.01698000
  0.245122  -0.0000   0.01724000
  0.245961  -0.0000   0.01750000
  0.246798  -0.0000   0.01776000
  0.247317  -0.0000   0.01792000
  0.247643  -0.0000   0.01804000
  0.247947  -0.0000   0.01816000
  0.248250  -0.0000   0.01829000
  0.248706  -0.0000   0.01847000
  0.249390  -0.0000   0.01874000
  0.250415  -0.0000   0.01916000
  0.251948  -0.0000   0.01978000
  0.254237  -0.0000   0.02071000
  0.257647  -0.0000   0.02210000
  0.262712  -0.0000   0.02419000
  0.263586  -0.0000   0.02455000
  0.264458  -0.0000   0.02491000
  0.265328  -0.0000   0.02527000
  0.266569  -0.0000   0.02581000
  0.266856  -0.0000   0.02596000
  0.267141  -0.0000   0.02612000
  0.267426  -0.0000   0.02627000
  0.267855  -0.0000   0.02650000
  0.268499  -0.0000   0.02684000
  0.269464  -0.0000   0.02735000
  0.270907  -0.0000   0.02812000
  0.273062  -0.0000   0.02927000
  0.276275  -0.0000   0.03099000
  0.281054  -0.0000   0.03358000
  0.283683  -0.0000   0.03501000
  0.284453  -0.0000   0.03543000
  0.285222  -0.0000   0.03585000
  0.285588  -0.0000   0.03608000
  0.285916  -0.0000   0.03630000
  0.286243  -0.0000   0.03653000
  0.286736  -0.0000   0.03686000
  0.287228  -0.0000   0.03720000
  0.287967  -0.0000   0.03770000
  0.289072  -0.0000   0.03846000
  0.290724  -0.0000   0.03960000
  0.293189  -0.0000   0.04130000
  0.296862  -0.0000   0.04385000
  0.301077  -0.0000   0.04681000
  0.302230  -0.0000   0.04762000
  0.303380  -0.0000   0.04843000
  0.304498  -0.0000   0.04924000
  0.304774  -0.0000   0.04948000
  0.305049  -0.0000   0.04972000
  0.305324  -0.0000   0.04995000
  0.305738  -0.0000   0.05031000
  0.306359  -0.0000   0.05085000
  0.307289  -0.0000   0.05166000
  0.308680  -0.0000   0.05287000
  0.310758  -0.0000   0.05469000
  0.313857  -0.0000   0.05742000
  0.318470  -0.0000   0.06152000
  0.323045  -0.0000   0.06561000
  0.323363  -0.0000   0.06590000
  0.323638  -0.0000   0.06618000
  0.323899  -0.0000   0.06646000
  0.324292  -0.0000   0.06689000
  0.324685  -0.0000   0.06732000
  0.325275  -0.0000   0.06796000
  0.326158  -0.0000   0.06892000
  0.327479  -0.0000   0.07036000
  0.329452  -0.0000   0.07252000
  0.332396  -0.0000   0.07576000
  0.336777  -0.0000   0.08063000
  0.341126  -0.0000   0.08549000
  0.341527  -0.0000   0.08594000
  0.341928  -0.0000   0.08639000
  0.342328  -0.0000   0.08684000
  0.342676  -0.0000   0.08729000
  0.343009  -0.0000   0.08773000
  0.343343  -0.0000   0.08818000
  0.343843  -0.0000   0.08886000
  0.344344  -0.0000   0.08953000
  0.345094  -0.0000   0.09054000
  0.346216  -0.0000   0.09205000
  0.347892  -0.0000   0.09432000
  0.350395  -0.0000   0.09772000
  0.354125  -0.0000   0.10300000
  0.358190  -0.0000   0.10800000
  0.359510  -0.0000   0.11000000
  0.360826  -0.0000   0.11200000
  0.361406  -0.0000   0.11300000
  0.361741  -0.0000   0.11300000
  0.362067  -0.0000   0.11400000
  0.362393  -0.0000   0.11400000
  0.362720  -0.0000   0.11500000
  0.363211  -0.0000   0.11600000
  0.363945  -0.0000   0.11700000
  0.365044  -0.0000   0.11900000
  0.366686  -0.0000   0.12200000
  0.369138  -0.0000   0.12600000
  0.372792  -0.0000   0.13200000
  0.376871  -0.0000   0.13900000
  0.379097  -0.0000   0.14200000
  0.379886  -0.0000   0.14400000
  0.380645  -0.0000   0.14500000
  0.381011  -0.0000   0.14600000
  0.381377  -0.0000   0.14700000
  0.381744  -0.0000   0.14700000
  0.382111  -0.0000   0.14800000
  0.382661  -0.0000   0.14900000
  0.383485  -0.0000   0.15100000
  0.384717  -0.0000   0.15300000
  0.386558  -0.0000   0.15700000
  0.389306  -0.0000   0.16200000
  0.393402  -0.0000   0.17100000
  0.397136  -0.0000   0.17800000
  0.397970  -0.0000   0.18000000
  0.398803  -0.0000   0.18200000
  0.399624  -0.0000   0.18300000
  0.399934  -0.0000   0.18400000
  0.400244  -0.0000   0.18500000
  0.400555  -0.0000   0.18600000
  0.401022  -0.0000   0.18700000
  0.401721  -0.0000   0.18900000
  0.402768  -0.0000   0.19100000
  0.404332  -0.0000   0.19500000
  0.406669  -0.0000   0.20000000
  0.410154  -0.0000   0.20900000
  0.414316  -0.0000   0.21900000
  0.418451  -0.0000   0.22900000
  0.418763  -0.0000   0.23000000
  0.419054  -0.0000   0.23100000
  0.419346  -0.0000   0.23200000
  0.419785  -0.0000   0.23300000
  0.420442  -0.0000   0.23500000
  0.421426  -0.0000   0.23800000
  0.422897  -0.0000   0.24200000
  0.425094  -0.0000   0.24800000
  0.428370  -0.0000   0.25800000
  0.433249  -0.0000   0.27200000
  0.435669  -0.0000   0.27900000
  0.437281  -0.0000   0.28300000
  0.437690  -0.0000   0.28500000
  0.438052  -0.0000   0.28600000
  0.438414  -0.0000   0.28700000
  0.438778  -0.0000   0.28800000
  0.439141  -0.0000   0.29000000
  0.439685  -0.0000   0.29100000
  0.440499  -0.0000   0.29400000
  0.441718  -0.0000   0.29800000
  0.443539  -0.0000   0.30400000
  0.446258  -0.0000   0.31400000
  0.450311  -0.0000   0.32700000
  0.454077  -0.0000   0.34000000
  0.455096  -0.0000   0.34400000
  0.456115  -0.0000   0.34700000
  0.456869  -0.0000   0.35000000
  0.457234  -0.0000   0.35200000
  0.457600  -0.0000   0.35300000
  0.457967  -0.0000   0.35400000
  0.458516  -0.0000   0.35700000
  0.459339  -0.0000   0.36000000
  0.460570  -0.0000   0.36500000
  0.462409  -0.0000   0.37200000
  0.465155  -0.0000   0.38300000
  0.469249  -0.0000   0.39900000
  0.473044  -0.0000   0.41500000
  0.474151  -0.0000   0.41900000
  0.475257  -0.0000   0.42300000
  0.475873  -0.0000   0.42600000
  0.476247  -0.0000   0.42800000
  0.476621  -0.0000   0.42900000
  0.476997  -0.0000   0.43100000
  0.477372  -0.0000   0.43300000
  0.477933  -0.0000   0.43500000
  0.478774  -0.0000   0.43900000
  0.480033  -0.0000   0.44500000
  0.481913  -0.0000   0.45400000
  0.484721  -0.0000   0.46700000
  0.488906  -0.0000   0.48600000
  0.493066  -0.0000   0.50600000
  0.493621  -0.0000   0.50800000
  0.494176  -0.0000   0.51100000
  0.494730  -0.0000   0.51400000
  0.495116  -0.0000   0.51600000
  0.495489  -0.0000   0.51800000
  0.495863  -0.0000   0.52000000
  0.496424  -0.0000   0.52300000
  0.496985  -0.0000   0.52600000
  0.497824  -0.0000   0.53000000
  0.499079  -0.0000   0.53700000
  0.500954  -0.0000   0.54700000
  0.503755  -0.0000   0.56200000
  0.507929  -0.0000   0.58400000
  0.512079  -0.0000   0.60700000
  0.512656  -0.0000   0.61000000
  0.513232  -0.0000   0.61300000
  0.513808  -0.0000   0.61600000
  0.514192  -0.0000   0.61900000
  0.514565  -0.0000   0.62100000
  0.514938  -0.0000   0.62300000
  0.515498  -0.0000   0.62600000
  0.516058  -0.0000   0.63000000
  0.516895  -0.0000   0.63500000
  0.518148  -0.0000   0.64300000
  0.520020  -0.0000   0.65400000
  0.522816  -0.0000   0.67100000
  0.526984  -0.0000   0.69700000
  0.531127  -0.0000   0.72300000
  0.531724  -0.0000   0.72700000
  0.532320  -0.0000   0.73100000
  0.532916  -0.0000   0.73500000
  0.533296  -0.0000   0.73700000
  0.533667  -0.0000   0.74000000
  0.534039  -0.0000   0.74200000
  0.534596  -0.0000   0.74600000
  0.535431  -0.0000   0.75200000
  0.536679  -0.0000   0.76100000
  0.538545  -0.0000   0.77400000
  0.541330  -0.0000   0.79400000
  0.545483  -0.0000   0.82300000
  0.549612  -0.0000   0.85300000
  0.550437  -0.0000   0.85900000
  0.551261  -0.0000   0.86500000
  0.552084  -0.0000   0.87000000
  0.552421  -0.0000   0.87300000
  0.552757  -0.0000   0.87600000
  0.553093  -0.0000   0.87900000
  0.553597  -0.0000   0.88300000
  0.554351  -0.0000   0.88900000
  0.555480  -0.0000   0.89800000
  0.557167  -0.0000   0.91100000
  0.559687  -0.0000   0.93100000
  0.563446  -0.0000   0.96200000
  0.568125  -0.0000   1.00000000
  0.567692  -0.0000   1.00000000
  0.567692  -0.0000   1.00000000
  0.567692  -0.0000   1.00000000
  0.567692  -0.0000   1.00000000
  0.567692  -0.0000   1.00000000
  0.567691  -0.0000   1.00000000
  0.567691  -0.0000   1.00000000
  0.567690  -0.0000   1.00000000
  0.567688  -0.0000   1.00000000
  0.567683  -0.0000   1.00000000
  0.567674  -0.0000   1.00000000
  0.567658  -0.0000   1.00000000
