  0.000032  -0.0000   0.00000010
  0.000078  -0.0000   0.00000020
  0.000241  -0.0000   0.00000030
  0.001132  -0.0000   0.00000037
  0.006330  -0.0000   0.00000043
  0.006478  -0.0000   0.00000048
  0.006673  -0.0000   0.00000052
  0.006834  -0.0000   0.00000055
  0.007038  -0.0000   0.00000058
  0.007291  -0.0000   0.00000060
  0.007525  -0.0000   0.00000063
  0.007797  -0.0000   0.00000065
  0.008108  -0.0000   0.00000067
  0.008443  -0.0000   0.00000069
  0.008815  -0.0000   0.00000071
  0.009225  -0.0000   0.00000074
  0.009710  -0.0000   0.00000076
  0.010236  -0.0000   0.00000078
  0.010800  -0.0000   0.00000080
  0.011542  -0.0000   0.00000083
  0.012329  -0.0000   0.00000086
  0.013155  -0.0000   0.00000089
  0.014015  -0.0000   0.00000092
  0.014903  -0.0000   0.00000095
  0.016169  -0.0000   0.00000098
  0.017475  -0.0000   0.00000102
  0.018819  -0.0000   0.00000106
  0.018932  -0.0000   0.00000106
  0.019045  -0.0000   0.00000107
  0.019158  -0.0000   0.00000107
  0.019328  -0.0000   0.00000108
  0.019491  -0.0000   0.00000108
  0.019498  -0.0000   0.00000108
  0.019502  -0.0000   0.00000108
  0.019506  -0.0000   0.00000109
  0.019510  -0.0000   0.00000109
  0.019515  -0.0000   0.00000110
  0.019521  -0.0000   0.00000110
  0.019529  -0.0000   0.00000111
  0.019538  -0.0000   0.00000113
  0.019550  -0.0000   0.00000116
  0.019566  -0.0000   0.00000120
  0.019586  -0.0000   0.00000126
  0.019615  -0.0000   0.00000135
  0.019662  -0.0000   0.00000148
  0.019762  -0.0000   0.00000168
  0.019832  -0.0000   0.00000179
  0.019922  -0.0000   0.00000190
  0.020035  -0.0000   0.00000201
  0.020208  -0.0000   0.00000214
  0.020430  -0.0000   0.00000227
  0.020710  -0.0000   0.00000240
  0.021056  -0.0000   0.00000253
  0.021393  -0.0000   0.00000263
  0.021786  -0.0000   0.00000274
  0.022238  -0.0000   0.00000285
  0.022753  -0.0000   0.00000296
  0.023332  -0.0000   0.00000306
  0.023977  -0.0000   0.00000317
  0.024690  -0.0000   0.00000328
  0.025470  -0.0000   0.00000338
  0.026320  -0.0000   0.00000349
  0.027239  -0.0000   0.00000360
  0.028229  -0.0000   0.00000371
  0.029292  -0.0000   0.00000381
  0.030427  -0.0000   0.00000392
  0.031435  -0.0000   0.00000401
  0.032497  -0.0000   0.00000410
  0.033612  -0.0000   0.00000419
  0.034902  -0.0000   0.00000429
  0.034987  -0.0000   0.00000430
  0.035072  -0.0000   0.00000430
  0.035158  -0.0000   0.00000431
  0.035267  -0.0000   0.00000432
  0.035282  -0.0000   0.00000433
  0.035293  -0.0000   0.00000433
  0.035302  -0.0000   0.00000434
  0.035314  -0.0000   0.00000435
  0.035328  -0.0000   0.00000436
  0.035346  -0.0000   0.00000439
  0.035370  -0.0000   0.00000442
  0.035401  -0.0000   0.00000447
  0.035446  -0.0000   0.00000454
  0.035514  -0.0000   0.00000466
  0.035629  -0.0000   0.00000483
  0.035840  -0.0000   0.00000508
  0.036111  -0.0000   0.00000534
  0.036440  -0.0000   0.00000560
  0.036835  -0.0000   0.00000587
  0.037223  -0.0000   0.00000609
  0.037667  -0.0000   0.00000632
  0.038175  -0.0000   0.00000654
  0.038692  -0.0000   0.00000674
  0.039269  -0.0000   0.00000695
  0.039910  -0.0000   0.00000715
  0.040597  -0.0000   0.00000734
  0.041352  -0.0000   0.00000754
  0.042178  -0.0000   0.00000774
  0.043228  -0.0000   0.00000796
  0.044160  -0.0000   0.00000815
  0.045165  -0.0000   0.00000834
  0.046245  -0.0000   0.00000852
  0.047533  -0.0000   0.00000873
  0.048917  -0.0000   0.00000893
  0.050396  -0.0000   0.00000914
  0.051969  -0.0000   0.00000934
  0.052072  -0.0000   0.00000936
  0.052174  -0.0000   0.00000937
  0.052208  -0.0000   0.00000938
  0.052236  -0.0000   0.00000940
  0.052259  -0.0000   0.00000942
  0.052279  -0.0000   0.00000944
  0.052306  -0.0000   0.00000947
  0.052343  -0.0000   0.00000952
  0.052395  -0.0000   0.00000959
  0.052474  -0.0000   0.00000969
  0.052599  -0.0000   0.00000984
  0.052807  -0.0000   0.00001007
  0.053168  -0.0000   0.00001041
  0.053618  -0.0000   0.00001078
  0.054135  -0.0000   0.00001115
  0.054724  -0.0000   0.00001151
  0.055318  -0.0000   0.00001185
  0.055981  -0.0000   0.00001218
  0.056720  -0.0000   0.00001251
  0.057494  -0.0000   0.00001283
  0.058346  -0.0000   0.00001314
  0.059279  -0.0000   0.00001346
  0.060299  -0.0000   0.00001377
  0.061409  -0.0000   0.00001409
  0.062612  -0.0000   0.00001440
  0.063913  -0.0000   0.00001472
  0.065312  -0.0000   0.00001503
  0.066812  -0.0000   0.00001535
  0.068413  -0.0000   0.00001566
  0.068572  -0.0000   0.00001569
  0.068732  -0.0000   0.00001573
  0.068893  -0.0000   0.00001576
  0.069079  -0.0000   0.00001580
  0.069121  -0.0000   0.00001583
  0.069155  -0.0000   0.00001586
  0.069185  -0.0000   0.00001589
  0.069226  -0.0000   0.00001594
  0.069284  -0.0000   0.00001601
  0.069371  -0.0000   0.00001611
  0.069507  -0.0000   0.00001626
  0.069725  -0.0000   0.00001649
  0.070084  -0.0000   0.00001684
  0.070696  -0.0000   0.00001736
  0.071281  -0.0000   0.00001780
  0.071928  -0.0000   0.00001825
  0.072642  -0.0000   0.00001869
  0.073388  -0.0000   0.00001911
  0.074203  -0.0000   0.00001954
  0.075092  -0.0000   0.00001996
  0.076027  -0.0000   0.00002037
  0.077039  -0.0000   0.00002078
  0.078133  -0.0000   0.00002119
  0.079289  -0.0000   0.00002159
  0.080529  -0.0000   0.00002199
  0.081855  -0.0000   0.00002240
  0.083269  -0.0000   0.00002280
  0.084772  -0.0000   0.00002320
  0.085151  -0.0000   0.00002330
  0.085536  -0.0000   0.00002340
  0.085890  -0.0000   0.00002350
  0.085940  -0.0000   0.00002354
  0.085980  -0.0000   0.00002358
  0.086017  -0.0000   0.00002361
  0.086051  -0.0000   0.00002365
  0.086100  -0.0000   0.00002371
  0.086174  -0.0000   0.00002379
  0.086286  -0.0000   0.00002392
  0.086463  -0.0000   0.00002411
  0.086743  -0.0000   0.00002440
  0.087198  -0.0000   0.00002482
  0.087956  -0.0000   0.00002547
  0.088680  -0.0000   0.00002602
  0.089470  -0.0000   0.00002658
  0.090332  -0.0000   0.00002714
  0.091233  -0.0000   0.00002768
  0.092209  -0.0000   0.00002822
  0.093264  -0.0000   0.00002876
  0.094366  -0.0000   0.00002928
  0.095549  -0.0000   0.00002981
  0.096816  -0.0000   0.00003033
  0.098386  -0.0000   0.00003093
  0.099780  -0.0000   0.00003143
  0.101257  -0.0000   0.00003193
  0.102806  -0.0000   0.00003243
  0.102853  -0.0000   0.00003247
  0.102909  -0.0000   0.00003253
  0.102960  -0.0000   0.00003258
  0.103008  -0.0000   0.00003264
  0.103080  -0.0000   0.00003272
  0.103188  -0.0000   0.00003284
  0.103356  -0.0000   0.00003303
  0.103620  -0.0000   0.00003331
  0.104040  -0.0000   0.00003373
  0.104724  -0.0000   0.00003436
  0.105610  -0.0000   0.00003510
  0.106579  -0.0000   0.00003585
  0.107636  -0.0000   0.00003659
  0.108736  -0.0000   0.00003731
  0.109927  -0.0000   0.00003802
  0.111215  -0.0000   0.00003873
  0.112604  -0.0000   0.00003945
  0.114097  -0.0000   0.00004016
  0.115698  -0.0000   0.00004088
  0.117408  -0.0000   0.00004159
  0.119227  -0.0000   0.00004230
  0.119391  -0.0000   0.00004237
  0.119555  -0.0000   0.00004243
  0.119720  -0.0000   0.00004250
  0.119849  -0.0000   0.00004257
  0.119923  -0.0000   0.00004265
  0.119991  -0.0000   0.00004272
  0.120088  -0.0000   0.00004284
  0.120187  -0.0000   0.00004295
  0.120338  -0.0000   0.00004312
  0.120573  -0.0000   0.00004338
  0.120942  -0.0000   0.00004376
  0.121527  -0.0000   0.00004433
  0.122477  -0.0000   0.00004520
  0.123440  -0.0000   0.00004601
  0.124475  -0.0000   0.00004682
  0.125588  -0.0000   0.00004763
  0.126734  -0.0000   0.00004841
  0.127960  -0.0000   0.00004919
  0.129268  -0.0000   0.00004997
  0.130638  -0.0000   0.00005073
  0.132093  -0.0000   0.00005150
  0.133635  -0.0000   0.00005227
  0.135490  -0.0000   0.00005313
  0.135873  -0.0000   0.00005331
  0.136261  -0.0000   0.00005349
  0.136654  -0.0000   0.00005366
  0.136804  -0.0000   0.00005374
  0.136878  -0.0000   0.00005381
  0.136943  -0.0000   0.00005388
  0.137005  -0.0000   0.00005396
  0.137066  -0.0000   0.00005403
  0.137157  -0.0000   0.00005414
  0.137298  -0.0000   0.00005430
  0.137517  -0.0000   0.00005455
  0.137856  -0.0000   0.00005492
  0.138388  -0.0000   0.00005547
  0.139237  -0.0000   0.00005631
  0.140348  -0.0000   0.00005732
  0.141544  -0.0000   0.00005833
  0.142830  -0.0000   0.00005934
  0.144174  -0.0000   0.00006032
  0.145613  -0.0000   0.00006131
  0.147151  -0.0000   0.00006230
  0.148792  -0.0000   0.00006328
  0.150537  -0.0000   0.00006427
  0.152387  -0.0000   0.00006525
  0.152994  -0.0000   0.00006557
  0.153613  -0.0000   0.00006589
  0.153831  -0.0000   0.00006600
  0.153942  -0.0000   0.00006609
  0.154023  -0.0000   0.00006619
  0.154100  -0.0000   0.00006628
  0.154176  -0.0000   0.00006637
  0.154291  -0.0000   0.00006651
  0.154468  -0.0000   0.00006672
  0.154743  -0.0000   0.00006704
  0.155169  -0.0000   0.00006751
  0.155838  -0.0000   0.00006822
  0.156908  -0.0000   0.00006929
  0.158022  -0.0000   0.00007033
  0.159207  -0.0000   0.00007137
  0.160468  -0.0000   0.00007242
  0.161790  -0.0000   0.00007344
  0.163192  -0.0000   0.00007447
  0.164677  -0.0000   0.00007550
  0.166245  -0.0000   0.00007653
  0.167900  -0.0000   0.00007756
  0.169640  -0.0000   0.00007858
  0.169994  -0.0000   0.00007879
  0.170351  -0.0000   0.00007900
  0.170712  -0.0000   0.00007921
  0.170947  -0.0000   0.00007934
  0.171033  -0.0000   0.00007943
  0.171107  -0.0000   0.00007952
  0.171178  -0.0000   0.00007961
  0.171249  -0.0000   0.00007970
  0.171356  -0.0000   0.00007983
  0.171520  -0.0000   0.00008004
  0.171773  -0.0000   0.00008034
  0.172164  -0.0000   0.00008079
  0.172774  -0.0000   0.00008147
  0.173737  -0.0000   0.00008250
  0.175298  -0.0000   0.00008403
  0.176984  -0.0000   0.00008557
  0.178481  -0.0000   0.00008684
  0.180074  -0.0000   0.00008812
  0.181767  -0.0000   0.00008940
  0.183561  -0.0000   0.00009068
  0.185459  -0.0000   0.00009196
  0.187461  -0.0000   0.00009324
  0.187640  -0.0000   0.00009335
  0.187819  -0.0000   0.00009346
  0.187999  -0.0000   0.00009358
  0.188116  -0.0000   0.00009369
  0.188206  -0.0000   0.00009380
  0.188292  -0.0000   0.00009392
  0.188422  -0.0000   0.00009409
  0.188621  -0.0000   0.00009434
  0.188928  -0.0000   0.00009472
  0.189404  -0.0000   0.00009529
  0.190148  -0.0000   0.00009615
  0.191327  -0.0000   0.00009744
  0.192663  -0.0000   0.00009881
  0.194063  -0.0000   0.00010020
  0.195417  -0.0000   0.00010160
  0.197389  -0.0000   0.00010360
  0.199310  -0.0000   0.00010570
  0.201686  -0.0000   0.00010830
  0.203990  -0.0000   0.00011090
  0.204226  -0.0000   0.00011120
  0.204461  -0.0000   0.00011150
  0.204695  -0.0000   0.00011170
  0.205045  -0.0000   0.00011210
  0.205161  -0.0000   0.00011230
  0.205245  -0.0000   0.00011250
  0.205325  -0.0000   0.00011270
  0.205443  -0.0000   0.00011300
  0.205623  -0.0000   0.00011340
  0.205894  -0.0000   0.00011400
  0.206301  -0.0000   0.00011490
  0.206904  -0.0000   0.00011630
  0.207794  -0.0000   0.00011840
  0.209101  -0.0000   0.00012160
  0.211004  -0.0000   0.00012630
  0.212860  -0.0000   0.00013110
  0.214673  -0.0000   0.00013580
  0.216445  -0.0000   0.00014050
  0.218729  -0.0000   0.00014680
  0.220949  -0.0000   0.00015310
  0.221216  -0.0000   0.00015380
  0.221482  -0.0000   0.00015460
  0.221747  -0.0000   0.00015530
  0.222141  -0.0000   0.00015650
  0.222235  -0.0000   0.00015700
  0.222322  -0.0000   0.00015740
  0.222408  -0.0000   0.00015790
  0.222495  -0.0000   0.00015840
  0.222626  -0.0000   0.00015910
  0.222824  -0.0000   0.00016010
  0.223120  -0.0000   0.00016170
  0.223562  -0.0000   0.00016410
  0.224218  -0.0000   0.00016760
  0.225184  -0.0000   0.00017300
  0.226601  -0.0000   0.00018100
  0.228668  -0.0000   0.00019300
  0.230682  -0.0000   0.00020500
  0.232647  -0.0000   0.00021700
  0.234567  -0.0000   0.00022910
  0.236443  -0.0000   0.00024110
  0.238780  -0.0000   0.00025650
  0.238940  -0.0000   0.00025760
  0.239100  -0.0000   0.00025860
  0.239215  -0.0000   0.00025970
  0.239350  -0.0000   0.00026130
  0.239485  -0.0000   0.00026290
  0.239622  -0.0000   0.00026440
  0.239827  -0.0000   0.00026680
  0.240135  -0.0000   0.00027040
  0.240593  -0.0000   0.00027580
  0.241271  -0.0000   0.00028380
  0.242271  -0.0000   0.00029590
  0.243738  -0.0000   0.00031400
  0.245876  -0.0000   0.00034120
  0.247960  -0.0000   0.00036840
  0.249993  -0.0000   0.00039550
  0.251980  -0.0000   0.00042270
  0.253920  -0.0000   0.00044990
  0.255819  -0.0000   0.00047710
  0.255984  -0.0000   0.00047950
  0.256142  -0.0000   0.00048190
  0.256242  -0.0000   0.00048420
  0.256339  -0.0000   0.00048660
  0.256437  -0.0000   0.00048900
  0.256535  -0.0000   0.00049140
  0.256683  -0.0000   0.00049490
  0.256906  -0.0000   0.00050030
  0.257238  -0.0000   0.00050830
  0.257732  -0.0000   0.00052030
  0.258463  -0.0000   0.00053840
  0.259539  -0.0000   0.00056540
  0.261117  -0.0000   0.00060600
  0.262912  -0.0000   0.00065330
  0.264669  -0.0000   0.00070050
  0.266391  -0.0000   0.00074780
  0.268542  -0.0000   0.00080820
  0.270640  -0.0000   0.00086870
  0.272687  -0.0000   0.00092920
  0.272863  -0.0000   0.00093440
  0.273039  -0.0000   0.00093970
  0.273178  -0.0000   0.00094490
  0.273340  -0.0000   0.00095270
  0.273504  -0.0000   0.00096060
  0.273669  -0.0000   0.00096840
  0.273916  -0.0000   0.00098010
  0.274285  -0.0000   0.00099780
  0.274833  -0.0000   0.00102400
  0.275642  -0.0000   0.00106400
  0.276834  -0.0000   0.00112300
  0.278579  -0.0000   0.00121300
  0.280287  -0.0000   0.00130200
  0.281963  -0.0000   0.00139100
  0.283607  -0.0000   0.00148000
  0.285860  -0.0000   0.00160600
  0.288056  -0.0000   0.00173100
  0.289804  -0.0000   0.00183300
  0.289977  -0.0000   0.00184300
  0.290131  -0.0000   0.00185400
  0.290242  -0.0000   0.00186400
  0.290409  -0.0000   0.00187900
  0.290577  -0.0000   0.00189400
  0.290745  -0.0000   0.00190900
  0.290997  -0.0000   0.00193200
  0.291373  -0.0000   0.00196600
  0.291930  -0.0000   0.00201700
  0.292753  -0.0000   0.00209400
  0.293965  -0.0000   0.00220900
  0.295742  -0.0000   0.00238200
  0.297481  -0.0000   0.00255500
  0.299188  -0.0000   0.00272800
  0.300862  -0.0000   0.00290100
  0.303088  -0.0000   0.00313700
  0.305258  -0.0000   0.00337200
  0.306086  -0.0000   0.00346300
  0.306905  -0.0000   0.00355300
  0.307089  -0.0000   0.00357400
  0.307213  -0.0000   0.00359500
  0.307338  -0.0000   0.00361600
  0.307464  -0.0000   0.00363700
  0.307590  -0.0000   0.00365800
  0.307780  -0.0000   0.00368900
  0.308063  -0.0000   0.00373600
  0.308483  -0.0000   0.00380600
  0.309107  -0.0000   0.00391200
  0.310029  -0.0000   0.00407000
  0.311384  -0.0000   0.00430800
  0.313368  -0.0000   0.00466400
  0.315309  -0.0000   0.00502000
  0.317209  -0.0000   0.00537700
  0.319071  -0.0000   0.00573300
  0.320896  -0.0000   0.00608900
  0.323351  -0.0000   0.00658200
  0.323552  -0.0000   0.00662300
  0.323753  -0.0000   0.00666300
  0.323953  -0.0000   0.00670400
  0.324148  -0.0000   0.00675300
  0.324315  -0.0000   0.00680200
  0.324483  -0.0000   0.00685200
  0.324735  -0.0000   0.00692600
  0.324987  -0.0000   0.00700000
  0.325362  -0.0000   0.00711100
  0.325918  -0.0000   0.00727700
  0.326741  -0.0000   0.00752700
  0.327953  -0.0000   0.00790100
  0.329730  -0.0000   0.00846300
  0.331472  -0.0000   0.00902500
  0.333182  -0.0000   0.00958700
  0.334861  -0.0000   0.01015000
  0.337085  -0.0000   0.01091000
  0.339255  -0.0000   0.01167000
  0.339699  -0.0000   0.01183000
  0.340141  -0.0000   0.01199000
  0.340581  -0.0000   0.01214000
  0.341045  -0.0000   0.01231000
  0.341127  -0.0000   0.01235000
  0.341209  -0.0000   0.01239000
  0.341333  -0.0000   0.01246000
  0.341458  -0.0000   0.01252000
  0.341645  -0.0000   0.01261000
  0.341924  -0.0000   0.01276000
  0.342340  -0.0000   0.01297000
  0.342956  -0.0000   0.01329000
  0.343867  -0.0000   0.01377000
  0.345208  -0.0000   0.01448000
  0.347012  -0.0000   0.01547000
  0.348780  -0.0000   0.01645000
  0.350516  -0.0000   0.01744000
  0.352220  -0.0000   0.01843000
  0.354487  -0.0000   0.01977000
  0.356700  -0.0000   0.02111000
  0.356982  -0.0000   0.02129000
  0.357263  -0.0000   0.02146000
  0.357544  -0.0000   0.02163000
  0.357962  -0.0000   0.02189000
  0.358107  -0.0000   0.02200000
  0.358236  -0.0000   0.02211000
  0.358367  -0.0000   0.02222000
  0.358564  -0.0000   0.02239000
  0.358858  -0.0000   0.02264000
  0.359294  -0.0000   0.02301000
  0.359942  -0.0000   0.02357000
  0.360897  -0.0000   0.02441000
  0.362304  -0.0000   0.02568000
  0.364032  -0.0000   0.02726000
  0.365728  -0.0000   0.02885000
  0.367393  -0.0000   0.03043000
  0.369031  -0.0000   0.03201000
  0.371413  -0.0000   0.03438000
  0.373736  -0.0000   0.03674000
  0.374047  -0.0000   0.03706000
  0.374356  -0.0000   0.03737000
  0.374664  -0.0000   0.03769000
  0.375078  -0.0000   0.03817000
  0.375162  -0.0000   0.03829000
  0.375290  -0.0000   0.03846000
  0.375483  -0.0000   0.03873000
  0.375675  -0.0000   0.03900000
  0.375962  -0.0000   0.03940000
  0.376388  -0.0000   0.04000000
  0.377021  -0.0000   0.04090000
  0.377956  -0.0000   0.04226000
  0.379333  -0.0000   0.04429000
  0.381060  -0.0000   0.04688000
  0.382756  -0.0000   0.04948000
  0.384421  -0.0000   0.05208000
  0.386059  -0.0000   0.05468000
  0.388455  -0.0000   0.05857000
  0.390793  -0.0000   0.06247000
  0.391052  -0.0000   0.06291000
  0.391311  -0.0000   0.06334000
  0.391569  -0.0000   0.06377000
  0.391954  -0.0000   0.06442000
  0.392098  -0.0000   0.06473000
  0.392235  -0.0000   0.06504000
  0.392373  -0.0000   0.06534000
  0.392579  -0.0000   0.06580000
  0.392888  -0.0000   0.06650000
  0.393346  -0.0000   0.06753000
  0.394025  -0.0000   0.06908000
  0.395028  -0.0000   0.07141000
  0.396503  -0.0000   0.07491000
  0.397954  -0.0000   0.07841000
  0.399383  -0.0000   0.08190000
  0.400791  -0.0000   0.08540000
  0.402858  -0.0000   0.09064000
  0.405384  -0.0000   0.09721000
  0.407846  -0.0000   0.10400000
  0.408118  -0.0000   0.10500000
  0.408390  -0.0000   0.10500000
  0.408660  -0.0000   0.10600000
  0.409034  -0.0000   0.10700000
  0.409150  -0.0000   0.10700000
  0.409325  -0.0000   0.10800000
  0.409501  -0.0000   0.10900000
  0.409676  -0.0000   0.10900000
  0.409937  -0.0000   0.11000000
  0.410326  -0.0000   0.11200000
  0.410903  -0.0000   0.11400000
  0.411758  -0.0000   0.11700000
  0.413019  -0.0000   0.12200000
  0.414760  -0.0000   0.12800000
  0.416469  -0.0000   0.13500000
  0.418148  -0.0000   0.14100000
  0.419800  -0.0000   0.14800000
  0.422217  -0.0000   0.15800000
  0.424576  -0.0000   0.16800000
  0.424937  -0.0000   0.16900000
  0.425296  -0.0000   0.17100000
  0.425653  -0.0000   0.17200000
  0.426023  -0.0000   0.17400000
  0.426098  -0.0000   0.17400000
  0.426174  -0.0000   0.17500000
  0.426288  -0.0000   0.17500000
  0.426460  -0.0000   0.17600000
  0.426716  -0.0000   0.17800000
  0.427097  -0.0000   0.18000000
  0.427663  -0.0000   0.18300000
  0.428502  -0.0000   0.18700000
  0.429738  -0.0000   0.19500000
  0.431338  -0.0000   0.20400000
  0.432911  -0.0000   0.21300000
  0.434459  -0.0000   0.22200000
  0.435983  -0.0000   0.23200000
  0.438218  -0.0000   0.24600000
  0.440844  -0.0000   0.26300000
  0.441561  -0.0000   0.26700000
  0.442272  -0.0000   0.27200000
  0.442977  -0.0000   0.27600000
  0.443029  -0.0000   0.27700000
  0.443107  -0.0000   0.27700000
  0.443226  -0.0000   0.27800000
  0.443404  -0.0000   0.28000000
  0.443670  -0.0000   0.28200000
  0.444065  -0.0000   0.28500000
  0.444652  -0.0000   0.29000000
  0.445521  -0.0000   0.29800000
  0.446803  -0.0000   0.30900000
  0.448287  -0.0000   0.32200000
  0.449747  -0.0000   0.33500000
  0.451185  -0.0000   0.34800000
  0.453209  -0.0000   0.36700000
  0.455193  -0.0000   0.38600000
  0.457706  -0.0000   0.41000000
  0.458994  -0.0000   0.42300000
  0.459635  -0.0000   0.42900000
  0.459990  -0.0000   0.43300000
  0.460061  -0.0000   0.43400000
  0.460132  -0.0000   0.43500000
  0.460240  -0.0000   0.43600000
  0.460402  -0.0000   0.43800000
  0.460643  -0.0000   0.44100000
  0.461003  -0.0000   0.44500000
  0.461537  -0.0000   0.45200000
  0.462329  -0.0000   0.46200000
  0.463497  -0.0000   0.47700000
  0.465053  -0.0000   0.49800000
  0.466584  -0.0000   0.51800000
  0.468090  -0.0000   0.53900000
  0.469574  -0.0000   0.55900000
  0.471753  -0.0000   0.59000000
  0.474354  -0.0000   0.62700000
  0.476492  -0.0000   0.65900000
  0.476714  -0.0000   0.66200000
  0.476936  -0.0000   0.66500000
  0.477120  -0.0000   0.66900000
  0.477301  -0.0000   0.67200000
  0.477482  -0.0000   0.67500000
  0.477663  -0.0000   0.67900000
  0.477932  -0.0000   0.68300000
  0.478333  -0.0000   0.69100000
  0.478928  -0.0000   0.70200000
  0.479810  -0.0000   0.71900000
  0.481112  -0.0000   0.74400000
  0.482780  -0.0000   0.77600000
  0.484419  -0.0000   0.80900000
  0.486032  -0.0000   0.84100000
  0.487620  -0.0000   0.87400000
  0.489948  -0.0000   0.92300000
  0.492656  -0.0000   0.98100000
  0.493532  -0.0000   1.00000000
  0.493098  -0.0000   1.00000000
  0.493098  -0.0000   1.00000000
  0.493098  -0.0000   1.00000000
  0.493098  -0.0000   1.00000000
  0.493098  -0.0000   1.00000000
  0.493098  -0.0000   1.00000000
  0.493098  -0.0000   1.00000000
  0.493098  -0.0000   1.00000000
  0.493098  -0.0000   1.00000000
  0.493097  -0.0000   1.00000000
  0.493097  -0.0000   1.00000000
  0.493096  -0.0000   1.00000000
  0.493095  -0.0000   1.00000000
  0.493093  -0.0000   1.00000000
