  0.000029  -0.0000   0.00000010
  0.000067  -0.0000   0.00000020
  0.000195  -0.0000   0.00000030
  0.001333  -0.0000   0.00000040
  0.006314  -0.0000   0.00000050
  0.006422  -0.0000   0.00000055
  0.006558  -0.0000   0.00000060
  0.006745  -0.0000   0.00000066
  0.006871  -0.0000   0.00000068
  0.007020  -0.0000   0.00000071
  0.007195  -0.0000   0.00000074
  0.007524  -0.0000   0.00000079
  0.007815  -0.0000   0.00000082
  0.008153  -0.0000   0.00000085
  0.008538  -0.0000   0.00000089
  0.008953  -0.0000   0.00000092
  0.009414  -0.0000   0.00000095
  0.009921  -0.0000   0.00000098
  0.010545  -0.0000   0.00000102
  0.011221  -0.0000   0.00000105
  0.011946  -0.0000   0.00000109
  0.012716  -0.0000   0.00000113
  0.013526  -0.0000   0.00000116
  0.014373  -0.0000   0.00000120
  0.015421  -0.0000   0.00000124
  0.016510  -0.0000   0.00000128
  0.017635  -0.0000   0.00000132
  0.018794  -0.0000   0.00000137
  0.018907  -0.0000   0.00000137
  0.019019  -0.0000   0.00000137
  0.019131  -0.0000   0.00000138
  0.019301  -0.0000   0.00000138
  0.019554  -0.0000   0.00000139
  0.019562  -0.0000   0.00000140
  0.019568  -0.0000   0.00000140
  0.019572  -0.0000   0.00000140
  0.019576  -0.0000   0.00000141
  0.019581  -0.0000   0.00000141
  0.019587  -0.0000   0.00000142
  0.019595  -0.0000   0.00000143
  0.019605  -0.0000   0.00000145
  0.019617  -0.0000   0.00000147
  0.019632  -0.0000   0.00000151
  0.019653  -0.0000   0.00000156
  0.019680  -0.0000   0.00000165
  0.019722  -0.0000   0.00000177
  0.019797  -0.0000   0.00000196
  0.019968  -0.0000   0.00000224
  0.020095  -0.0000   0.00000240
  0.020257  -0.0000   0.00000256
  0.020460  -0.0000   0.00000272
  0.020655  -0.0000   0.00000285
  0.020886  -0.0000   0.00000298
  0.021157  -0.0000   0.00000311
  0.021456  -0.0000   0.00000324
  0.021799  -0.0000   0.00000336
  0.022189  -0.0000   0.00000349
  0.022596  -0.0000   0.00000360
  0.023048  -0.0000   0.00000372
  0.023547  -0.0000   0.00000384
  0.024081  -0.0000   0.00000395
  0.024661  -0.0000   0.00000406
  0.025290  -0.0000   0.00000418
  0.025981  -0.0000   0.00000429
  0.026723  -0.0000   0.00000441
  0.027517  -0.0000   0.00000452
  0.028488  -0.0000   0.00000466
  0.029527  -0.0000   0.00000479
  0.030635  -0.0000   0.00000492
  0.031812  -0.0000   0.00000505
  0.033061  -0.0000   0.00000519
  0.034380  -0.0000   0.00000532
  0.034846  -0.0000   0.00000536
  0.035320  -0.0000   0.00000541
  0.035433  -0.0000   0.00000542
  0.035526  -0.0000   0.00000543
  0.035546  -0.0000   0.00000544
  0.035561  -0.0000   0.00000545
  0.035574  -0.0000   0.00000546
  0.035585  -0.0000   0.00000547
  0.035599  -0.0000   0.00000549
  0.035619  -0.0000   0.00000551
  0.035644  -0.0000   0.00000555
  0.035679  -0.0000   0.00000561
  0.035729  -0.0000   0.00000569
  0.035805  -0.0000   0.00000581
  0.035929  -0.0000   0.00000600
  0.036149  -0.0000   0.00000628
  0.036487  -0.0000   0.00000663
  0.036895  -0.0000   0.00000698
  0.037380  -0.0000   0.00000732
  0.037951  -0.0000   0.00000767
  0.038618  -0.0000   0.00000802
  0.039203  -0.0000   0.00000829
  0.039856  -0.0000   0.00000857
  0.040583  -0.0000   0.00000884
  0.041357  -0.0000   0.00000910
  0.042208  -0.0000   0.00000937
  0.043139  -0.0000   0.00000963
  0.044154  -0.0000   0.00000989
  0.045256  -0.0000   0.00001016
  0.046449  -0.0000   0.00001042
  0.047735  -0.0000   0.00001069
  0.049115  -0.0000   0.00001095
  0.050591  -0.0000   0.00001121
  0.052164  -0.0000   0.00001148
  0.052298  -0.0000   0.00001150
  0.052433  -0.0000   0.00001152
  0.052568  -0.0000   0.00001154
  0.052689  -0.0000   0.00001158
  0.052732  -0.0000   0.00001161
  0.052766  -0.0000   0.00001164
  0.052797  -0.0000   0.00001168
  0.052825  -0.0000   0.00001171
  0.052864  -0.0000   0.00001176
  0.052921  -0.0000   0.00001184
  0.053008  -0.0000   0.00001195
  0.053145  -0.0000   0.00001212
  0.053369  -0.0000   0.00001238
  0.053748  -0.0000   0.00001276
  0.054418  -0.0000   0.00001333
  0.055023  -0.0000   0.00001379
  0.055704  -0.0000   0.00001425
  0.056468  -0.0000   0.00001470
  0.057321  -0.0000   0.00001516
  0.058270  -0.0000   0.00001562
  0.059322  -0.0000   0.00001608
  0.060483  -0.0000   0.00001653
  0.061528  -0.0000   0.00001691
  0.062656  -0.0000   0.00001729
  0.063870  -0.0000   0.00001767
  0.065171  -0.0000   0.00001806
  0.066562  -0.0000   0.00001844
  0.068043  -0.0000   0.00001882
  0.069614  -0.0000   0.00001920
  0.069728  -0.0000   0.00001922
  0.069785  -0.0000   0.00001925
  0.069818  -0.0000   0.00001928
  0.069860  -0.0000   0.00001932
  0.069897  -0.0000   0.00001936
  0.069949  -0.0000   0.00001942
  0.070024  -0.0000   0.00001952
  0.070137  -0.0000   0.00001965
  0.070316  -0.0000   0.00001986
  0.070603  -0.0000   0.00002017
  0.071076  -0.0000   0.00002064
  0.071880  -0.0000   0.00002135
  0.072788  -0.0000   0.00002205
  0.073808  -0.0000   0.00002275
  0.074713  -0.0000   0.00002332
  0.075701  -0.0000   0.00002389
  0.076779  -0.0000   0.00002446
  0.077950  -0.0000   0.00002502
  0.079219  -0.0000   0.00002559
  0.080591  -0.0000   0.00002616
  0.082068  -0.0000   0.00002673
  0.083654  -0.0000   0.00002730
  0.085349  -0.0000   0.00002787
  0.086075  -0.0000   0.00002811
  0.086800  -0.0000   0.00002834
  0.086858  -0.0000   0.00002839
  0.086905  -0.0000   0.00002844
  0.086947  -0.0000   0.00002849
  0.086987  -0.0000   0.00002853
  0.087046  -0.0000   0.00002861
  0.087133  -0.0000   0.00002871
  0.087266  -0.0000   0.00002887
  0.087476  -0.0000   0.00002911
  0.087809  -0.0000   0.00002948
  0.088347  -0.0000   0.00003002
  0.089242  -0.0000   0.00003083
  0.090230  -0.0000   0.00003164
  0.091317  -0.0000   0.00003246
  0.092510  -0.0000   0.00003327
  0.093816  -0.0000   0.00003408
  0.095240  -0.0000   0.00003490
  0.096510  -0.0000   0.00003557
  0.097870  -0.0000   0.00003625
  0.099321  -0.0000   0.00003692
  0.100866  -0.0000   0.00003760
  0.102505  -0.0000   0.00003828
  0.103530  -0.0000   0.00003868
  0.103730  -0.0000   0.00003876
  0.103930  -0.0000   0.00003884
  0.104029  -0.0000   0.00003892
  0.104101  -0.0000   0.00003900
  0.104167  -0.0000   0.00003908
  0.104232  -0.0000   0.00003916
  0.104328  -0.0000   0.00003928
  0.104476  -0.0000   0.00003945
  0.104707  -0.0000   0.00003972
  0.105071  -0.0000   0.00004012
  0.105650  -0.0000   0.00004072
  0.106594  -0.0000   0.00004162
  0.107598  -0.0000   0.00004250
  0.108683  -0.0000   0.00004339
  0.109853  -0.0000   0.00004427
  0.111070  -0.0000   0.00004513
  0.112375  -0.0000   0.00004598
  0.113772  -0.0000   0.00004684
  0.115497  -0.0000   0.00004782
  0.116987  -0.0000   0.00004861
  0.118564  -0.0000   0.00004941
  0.120228  -0.0000   0.00005021
  0.120461  -0.0000   0.00005032
  0.120696  -0.0000   0.00005043
  0.120933  -0.0000   0.00005054
  0.121211  -0.0000   0.00005071
  0.121307  -0.0000   0.00005082
  0.121394  -0.0000   0.00005092
  0.121479  -0.0000   0.00005103
  0.121565  -0.0000   0.00005114
  0.121695  -0.0000   0.00005130
  0.121897  -0.0000   0.00005154
  0.122210  -0.0000   0.00005190
  0.122702  -0.0000   0.00005244
  0.123485  -0.0000   0.00005325
  0.124763  -0.0000   0.00005446
  0.126154  -0.0000   0.00005568
  0.127662  -0.0000   0.00005690
  0.129295  -0.0000   0.00005811
  0.130750  -0.0000   0.00005913
  0.132299  -0.0000   0.00006014
  0.133945  -0.0000   0.00006116
  0.135690  -0.0000   0.00006217
  0.137534  -0.0000   0.00006319
  0.137771  -0.0000   0.00006332
  0.138009  -0.0000   0.00006345
  0.138249  -0.0000   0.00006357
  0.138467  -0.0000   0.00006372
  0.138589  -0.0000   0.00006386
  0.138702  -0.0000   0.00006401
  0.138815  -0.0000   0.00006415
  0.138929  -0.0000   0.00006430
  0.139104  -0.0000   0.00006452
  0.139374  -0.0000   0.00006484
  0.139795  -0.0000   0.00006533
  0.140455  -0.0000   0.00006606
  0.141509  -0.0000   0.00006716
  0.142720  -0.0000   0.00006835
  0.144012  -0.0000   0.00006953
  0.145390  -0.0000   0.00007071
  0.146830  -0.0000   0.00007187
  0.148358  -0.0000   0.00007304
  0.149979  -0.0000   0.00007420
  0.151999  -0.0000   0.00007555
  0.153742  -0.0000   0.00007666
  0.155573  -0.0000   0.00007777
  0.155707  -0.0000   0.00007786
  0.155784  -0.0000   0.00007795
  0.155854  -0.0000   0.00007804
  0.155953  -0.0000   0.00007817
  0.156052  -0.0000   0.00007830
  0.156203  -0.0000   0.00007850
  0.156436  -0.0000   0.00007880
  0.156796  -0.0000   0.00007924
  0.157357  -0.0000   0.00007991
  0.158242  -0.0000   0.00008091
  0.159664  -0.0000   0.00008241
  0.161189  -0.0000   0.00008392
  0.162820  -0.0000   0.00008542
  0.164563  -0.0000   0.00008692
  0.166422  -0.0000   0.00008843
  0.168401  -0.0000   0.00008993
  0.170501  -0.0000   0.00009143
  0.172723  -0.0000   0.00009294
  0.172878  -0.0000   0.00009304
  0.173008  -0.0000   0.00009315
  0.173092  -0.0000   0.00009325
  0.173207  -0.0000   0.00009341
  0.173379  -0.0000   0.00009364
  0.173553  -0.0000   0.00009388
  0.173823  -0.0000   0.00009423
  0.174239  -0.0000   0.00009476
  0.174887  -0.0000   0.00009556
  0.175907  -0.0000   0.00009675
  0.177549  -0.0000   0.00009854
  0.179274  -0.0000   0.00010030
  0.180943  -0.0000   0.00010210
  0.182577  -0.0000   0.00010390
  0.184961  -0.0000   0.00010660
  0.187284  -0.0000   0.00010930
  0.189546  -0.0000   0.00011200
  0.189734  -0.0000   0.00011220
  0.189922  -0.0000   0.00011240
  0.190110  -0.0000   0.00011260
  0.190314  -0.0000   0.00011300
  0.190460  -0.0000   0.00011330
  0.190603  -0.0000   0.00011360
  0.190746  -0.0000   0.00011400
  0.190963  -0.0000   0.00011450
  0.191289  -0.0000   0.00011520
  0.191777  -0.0000   0.00011640
  0.192503  -0.0000   0.00011810
  0.193574  -0.0000   0.00012060
  0.195148  -0.0000   0.00012440
  0.197447  -0.0000   0.00013020
  0.199690  -0.0000   0.00013590
  0.201881  -0.0000   0.00014160
  0.204023  -0.0000   0.00014740
  0.206117  -0.0000   0.00015310
  0.206381  -0.0000   0.00015380
  0.206644  -0.0000   0.00015460
  0.206906  -0.0000   0.00015530
  0.207298  -0.0000   0.00015640
  0.207477  -0.0000   0.00015690
  0.207591  -0.0000   0.00015750
  0.207698  -0.0000   0.00015800
  0.207806  -0.0000   0.00015860
  0.207914  -0.0000   0.00015910
  0.208078  -0.0000   0.00016000
  0.208324  -0.0000   0.00016120
  0.208694  -0.0000   0.00016310
  0.209243  -0.0000   0.00016580
  0.210059  -0.0000   0.00017000
  0.211263  -0.0000   0.00017630
  0.213030  -0.0000   0.00018570
  0.215144  -0.0000   0.00019720
  0.217213  -0.0000   0.00020880
  0.219240  -0.0000   0.00022030
  0.221647  -0.0000   0.00023430
  0.223995  -0.0000   0.00024840
  0.224188  -0.0000   0.00024950
  0.224380  -0.0000   0.00025070
  0.224572  -0.0000   0.00025180
  0.224733  -0.0000   0.00025320
  0.224861  -0.0000   0.00025450
  0.224988  -0.0000   0.00025580
  0.225181  -0.0000   0.00025780
  0.225472  -0.0000   0.00026080
  0.225907  -0.0000   0.00026530
  0.226554  -0.0000   0.00027200
  0.227511  -0.0000   0.00028210
  0.228922  -0.0000   0.00029730
  0.230989  -0.0000   0.00032000
  0.233012  -0.0000   0.00034270
  0.234996  -0.0000   0.00036540
  0.236943  -0.0000   0.00038820
  0.239431  -0.0000   0.00041790
  0.241850  -0.0000   0.00044770
  0.241945  -0.0000   0.00044960
  0.242081  -0.0000   0.00045240
  0.242218  -0.0000   0.00045520
  0.242356  -0.0000   0.00045800
  0.242564  -0.0000   0.00046210
  0.242875  -0.0000   0.00046840
  0.243340  -0.0000   0.00047780
  0.244032  -0.0000   0.00049200
  0.245057  -0.0000   0.00051320
  0.246568  -0.0000   0.00054500
  0.248784  -0.0000   0.00059260
  0.250955  -0.0000   0.00064030
  0.253082  -0.0000   0.00068800
  0.255166  -0.0000   0.00073570
  0.257210  -0.0000   0.00078340
  0.257698  -0.0000   0.00079490
  0.258183  -0.0000   0.00080630
  0.258667  -0.0000   0.00081780
  0.259004  -0.0000   0.00082580
  0.259159  -0.0000   0.00083070
  0.259290  -0.0000   0.00083570
  0.259422  -0.0000   0.00084060
  0.259622  -0.0000   0.00084800
  0.259922  -0.0000   0.00085910
  0.260369  -0.0000   0.00087580
  0.261035  -0.0000   0.00090080
  0.262019  -0.0000   0.00093830
  0.263471  -0.0000   0.00099460
  0.265599  -0.0000   0.00107900
  0.267685  -0.0000   0.00116300
  0.269731  -0.0000   0.00124800
  0.271739  -0.0000   0.00133200
  0.273710  -0.0000   0.00141700
  0.274996  -0.0000   0.00147300
  0.276208  -0.0000   0.00152800
  0.276262  -0.0000   0.00153200
  0.276339  -0.0000   0.00153700
  0.276456  -0.0000   0.00154500
  0.276632  -0.0000   0.00155700
  0.276898  -0.0000   0.00157400
  0.277295  -0.0000   0.00160100
  0.277886  -0.0000   0.00164100
  0.278763  -0.0000   0.00170000
  0.280058  -0.0000   0.00178900
  0.281961  -0.0000   0.00192300
  0.283830  -0.0000   0.00205800
  0.285668  -0.0000   0.00219200
  0.287476  -0.0000   0.00232600
  0.289943  -0.0000   0.00251300
  0.292355  -0.0000   0.00270000
  0.292612  -0.0000   0.00272000
  0.292870  -0.0000   0.00274000
  0.293126  -0.0000   0.00276000
  0.293462  -0.0000   0.00279000
  0.293560  -0.0000   0.00280100
  0.293706  -0.0000   0.00281800
  0.293928  -0.0000   0.00284400
  0.294150  -0.0000   0.00286900
  0.294482  -0.0000   0.00290700
  0.294977  -0.0000   0.00296400
  0.295710  -0.0000   0.00305000
  0.296796  -0.0000   0.00317800
  0.298396  -0.0000   0.00337100
  0.300274  -0.0000   0.00360200
  0.302121  -0.0000   0.00383200
  0.303937  -0.0000   0.00406200
  0.306254  -0.0000   0.00436300
  0.308523  -0.0000   0.00466300
  0.309099  -0.0000   0.00473900
  0.309672  -0.0000   0.00481600
  0.310241  -0.0000   0.00489200
  0.310473  -0.0000   0.00492400
  0.310645  -0.0000   0.00495500
  0.310807  -0.0000   0.00498600
  0.310970  -0.0000   0.00501700
  0.311134  -0.0000   0.00504900
  0.311379  -0.0000   0.00509600
  0.311745  -0.0000   0.00516600
  0.312289  -0.0000   0.00527100
  0.313096  -0.0000   0.00543000
  0.314289  -0.0000   0.00566700
  0.316046  -0.0000   0.00602300
  0.318287  -0.0000   0.00648700
  0.320484  -0.0000   0.00695100
  0.322640  -0.0000   0.00741400
  0.324755  -0.0000   0.00787800
  0.326831  -0.0000   0.00834200
  0.327547  -0.0000   0.00850300
  0.327730  -0.0000   0.00854700
  0.327867  -0.0000   0.00859000
  0.328005  -0.0000   0.00863300
  0.328214  -0.0000   0.00869900
  0.328423  -0.0000   0.00876400
  0.328735  -0.0000   0.00886100
  0.329201  -0.0000   0.00900800
  0.329892  -0.0000   0.00922800
  0.330915  -0.0000   0.00955800
  0.332425  -0.0000   0.01005000
  0.334278  -0.0000   0.01067000
  0.336100  -0.0000   0.01129000
  0.337894  -0.0000   0.01191000
  0.340155  -0.0000   0.01270000
  0.342372  -0.0000   0.01350000
  0.343841  -0.0000   0.01403000
  0.344389  -0.0000   0.01423000
  0.344923  -0.0000   0.01443000
  0.345023  -0.0000   0.01448000
  0.345173  -0.0000   0.01455000
  0.345324  -0.0000   0.01463000
  0.345475  -0.0000   0.01470000
  0.345702  -0.0000   0.01482000
  0.346040  -0.0000   0.01498000
  0.346544  -0.0000   0.01524000
  0.347292  -0.0000   0.01562000
  0.348399  -0.0000   0.01619000
  0.350032  -0.0000   0.01704000
  0.352104  -0.0000   0.01815000
  0.354139  -0.0000   0.01925000
  0.356139  -0.0000   0.02036000
  0.358106  -0.0000   0.02146000
  0.360683  -0.0000   0.02294000
  0.361025  -0.0000   0.02314000
  0.361366  -0.0000   0.02334000
  0.361706  -0.0000   0.02353000
  0.362178  -0.0000   0.02383000
  0.362320  -0.0000   0.02394000
  0.362535  -0.0000   0.02411000
  0.362751  -0.0000   0.02427000
  0.362966  -0.0000   0.02444000
  0.363287  -0.0000   0.02469000
  0.363766  -0.0000   0.02506000
  0.364478  -0.0000   0.02562000
  0.365532  -0.0000   0.02647000
  0.367087  -0.0000   0.02773000
  0.369192  -0.0000   0.02947000
  0.371259  -0.0000   0.03121000
  0.373291  -0.0000   0.03295000
  0.375288  -0.0000   0.03470000
  0.377861  -0.0000   0.03699000
  0.378209  -0.0000   0.03730000
  0.378556  -0.0000   0.03761000
  0.378902  -0.0000   0.03792000
  0.379378  -0.0000   0.03839000
  0.379525  -0.0000   0.03857000
  0.379749  -0.0000   0.03883000
  0.379972  -0.0000   0.03909000
  0.380195  -0.0000   0.03935000
  0.380528  -0.0000   0.03975000
  0.381024  -0.0000   0.04034000
  0.381760  -0.0000   0.04122000
  0.382850  -0.0000   0.04255000
  0.384459  -0.0000   0.04455000
  0.386494  -0.0000   0.04711000
  0.388495  -0.0000   0.04968000
  0.390463  -0.0000   0.05225000
  0.392399  -0.0000   0.05482000
  0.395125  -0.0000   0.05852000
  0.395440  -0.0000   0.05895000
  0.395754  -0.0000   0.05937000
  0.396067  -0.0000   0.05980000
  0.396520  -0.0000   0.06045000
  0.396554  -0.0000   0.06051000
  0.396605  -0.0000   0.06060000
  0.396681  -0.0000   0.06073000
  0.396797  -0.0000   0.06094000
  0.396971  -0.0000   0.06124000
  0.397231  -0.0000   0.06170000
  0.397620  -0.0000   0.06238000
  0.398197  -0.0000   0.06341000
  0.399054  -0.0000   0.06496000
  0.400321  -0.0000   0.06728000
  0.402187  -0.0000   0.07075000
  0.404024  -0.0000   0.07423000
  0.405833  -0.0000   0.07770000
  0.407615  -0.0000   0.08118000
  0.410187  -0.0000   0.08630000
  0.412706  -0.0000   0.09142000
  0.412951  -0.0000   0.09192000
  0.413196  -0.0000   0.09242000
  0.413440  -0.0000   0.09292000
  0.413771  -0.0000   0.09367000
  0.413879  -0.0000   0.09395000
  0.414042  -0.0000   0.09437000
  0.414287  -0.0000   0.09501000
  0.414532  -0.0000   0.09564000
  0.414896  -0.0000   0.09659000
  0.415438  -0.0000   0.09801000
  0.416244  -0.0000   0.10000000
  0.417436  -0.0000   0.10300000
  0.419194  -0.0000   0.10800000
  0.420925  -0.0000   0.11300000
  0.422631  -0.0000   0.11800000
  0.424314  -0.0000   0.12300000
  0.426788  -0.0000   0.13000000
  0.429693  -0.0000   0.13800000
  0.429972  -0.0000   0.13900000
  0.430251  -0.0000   0.14000000
  0.430530  -0.0000   0.14100000
  0.430927  -0.0000   0.14200000
  0.431051  -0.0000   0.14300000
  0.431177  -0.0000   0.14300000
  0.431303  -0.0000   0.14400000
  0.431491  -0.0000   0.14400000
  0.431773  -0.0000   0.14500000
  0.432193  -0.0000   0.14700000
  0.432818  -0.0000   0.14900000
  0.433745  -0.0000   0.15300000
  0.435115  -0.0000   0.15800000
  0.437058  -0.0000   0.16600000
  0.438971  -0.0000   0.17400000
  0.440853  -0.0000   0.18100000
  0.442707  -0.0000   0.18900000
  0.445386  -0.0000   0.20100000
  0.448010  -0.0000   0.21200000
  0.448183  -0.0000   0.21300000
  0.448345  -0.0000   0.21400000
  0.448507  -0.0000   0.21500000
  0.448750  -0.0000   0.21600000
  0.449113  -0.0000   0.21800000
  0.449653  -0.0000   0.22100000
  0.450454  -0.0000   0.22500000
  0.451640  -0.0000   0.23200000
  0.453390  -0.0000   0.24200000
  0.455114  -0.0000   0.25100000
  0.456813  -0.0000   0.26100000
  0.458490  -0.0000   0.27100000
  0.460955  -0.0000   0.28600000
  0.463830  -0.0000   0.30400000
  0.464171  -0.0000   0.30600000
  0.464510  -0.0000   0.30800000
  0.464849  -0.0000   0.31000000
  0.465338  -0.0000   0.31300000
  0.465377  -0.0000   0.31300000
  0.465436  -0.0000   0.31400000
  0.465524  -0.0000   0.31400000
  0.465656  -0.0000   0.31500000
  0.465855  -0.0000   0.31700000
  0.466151  -0.0000   0.31900000
  0.466593  -0.0000   0.32300000
  0.467250  -0.0000   0.32800000
  0.468224  -0.0000   0.33500000
  0.469665  -0.0000   0.34600000
  0.471487  -0.0000   0.36100000
  0.473281  -0.0000   0.37600000
  0.475050  -0.0000   0.39000000
  0.476795  -0.0000   0.40500000
  0.479359  -0.0000   0.42700000
  0.481614  -0.0000   0.44600000
  0.481912  -0.0000   0.44900000
  0.482209  -0.0000   0.45100000
  0.482505  -0.0000   0.45400000
  0.482684  -0.0000   0.45600000
  0.482863  -0.0000   0.45800000
  0.483042  -0.0000   0.46000000
  0.483220  -0.0000   0.46200000
  0.483487  -0.0000   0.46400000
  0.483885  -0.0000   0.46900000
  0.484478  -0.0000   0.47500000
  0.485357  -0.0000   0.48400000
  0.486659  -0.0000   0.49900000
  0.488578  -0.0000   0.52000000
  0.490468  -0.0000   0.54100000
  0.492329  -0.0000   0.56300000
  0.494163  -0.0000   0.58400000
  0.496857  -0.0000   0.61600000
  0.499092  -0.0000   0.64300000
  0.499352  -0.0000   0.64600000
  0.499612  -0.0000   0.64900000
  0.499841  -0.0000   0.65200000
  0.499923  -0.0000   0.65400000
  0.500046  -0.0000   0.65500000
  0.500231  -0.0000   0.65800000
  0.500506  -0.0000   0.66200000
  0.500918  -0.0000   0.66800000
  0.501530  -0.0000   0.67700000
  0.502438  -0.0000   0.69000000
  0.503781  -0.0000   0.71100000
  0.505663  -0.0000   0.73900000
  0.507516  -0.0000   0.76800000
  0.509341  -0.0000   0.79700000
  0.511141  -0.0000   0.82600000
  0.513787  -0.0000   0.86900000
  0.515987  -0.0000   0.90500000
  0.516314  -0.0000   0.91100000
  0.516641  -0.0000   0.91600000
  0.516962  -0.0000   0.92200000
  0.516988  -0.0000   0.92200000
  0.517026  -0.0000   0.92300000
  0.517084  -0.0000   0.92400000
  0.517172  -0.0000   0.92600000
  0.517304  -0.0000   0.92800000
  0.517501  -0.0000   0.93200000
  0.517796  -0.0000   0.93800000
  0.518235  -0.0000   0.94700000
  0.518888  -0.0000   0.96000000
  0.519858  -0.0000   0.97900000
  0.520868  -0.0000   1.00000000
  0.520500  -0.0000   1.00000000
  0.520500  -0.0000   1.00000000
  0.520500  -0.0000   1.00000000
  0.520500  -0.0000   1.00000000
  0.520500  -0.0000   1.00000000
  0.520500  -0.0000   1.00000000
  0.520500  -0.0000   1.00000000
  0.520500  -0.0000   1.00000000
  0.520500  -0.0000   1.00000000
  0.520500  -0.0000   1.00000000
  0.520499  -0.0000   1.00000000
  0.520499  -0.0000   1.00000000
  0.520498  -0.0000   1.00000000
  0.520497  -0.0000   1.00000000
