  0.000006  -0.0000   0.00000010
  0.000013  -0.0000   0.00000020
  0.000036  -0.0000   0.00000030
  0.000417  -0.0000   0.00000045
  0.006012  -0.0000   0.00000067
  0.006048  -0.0000   0.00000101
  0.006112  -0.0000   0.00000152
  0.006278  -0.0000   0.00000228
  0.006395  -0.0000   0.00000268
  0.006549  -0.0000   0.00000308
  0.006750  -0.0000   0.00000348
  0.006917  -0.0000   0.00000376
  0.007114  -0.0000   0.00000404
  0.007344  -0.0000   0.00000432
  0.007637  -0.0000   0.00000462
  0.007977  -0.0000   0.00000492
  0.008367  -0.0000   0.00000522
  0.008770  -0.0000   0.00000550
  0.009221  -0.0000   0.00000578
  0.009721  -0.0000   0.00000606
  0.010264  -0.0000   0.00000633
  0.010858  -0.0000   0.00000661
  0.011502  -0.0000   0.00000688
  0.012285  -0.0000   0.00000719
  0.013130  -0.0000   0.00000750
  0.014038  -0.0000   0.00000780
  0.015009  -0.0000   0.00000811
  0.016041  -0.0000   0.00000842
  0.017133  -0.0000   0.00000873
  0.018287  -0.0000   0.00000903
  0.019499  -0.0000   0.00000934
  0.019628  -0.0000   0.00000937
  0.019758  -0.0000   0.00000940
  0.019888  -0.0000   0.00000944
  0.020037  -0.0000   0.00000949
  0.020054  -0.0000   0.00000952
  0.020068  -0.0000   0.00000955
  0.020080  -0.0000   0.00000958
  0.020095  -0.0000   0.00000963
  0.020114  -0.0000   0.00000971
  0.020138  -0.0000   0.00000982
  0.020169  -0.0000   0.00000998
  0.020210  -0.0000   0.00001023
  0.020268  -0.0000   0.00001060
  0.020358  -0.0000   0.00001115
  0.020513  -0.0000   0.00001199
  0.020806  -0.0000   0.00001324
  0.021035  -0.0000   0.00001408
  0.021299  -0.0000   0.00001493
  0.021600  -0.0000   0.00001577
  0.022034  -0.0000   0.00001682
  0.022535  -0.0000   0.00001787
  0.023109  -0.0000   0.00001891
  0.023759  -0.0000   0.00001996
  0.024491  -0.0000   0.00002100
  0.025309  -0.0000   0.00002205
  0.026031  -0.0000   0.00002289
  0.026814  -0.0000   0.00002374
  0.027659  -0.0000   0.00002459
  0.028568  -0.0000   0.00002544
  0.029541  -0.0000   0.00002629
  0.030581  -0.0000   0.00002713
  0.031688  -0.0000   0.00002798
  0.032863  -0.0000   0.00002883
  0.034107  -0.0000   0.00002968
  0.035420  -0.0000   0.00003053
  0.036802  -0.0000   0.00003138
  0.036912  -0.0000   0.00003144
  0.037022  -0.0000   0.00003151
  0.037133  -0.0000   0.00003158
  0.037259  -0.0000   0.00003168
  0.037295  -0.0000   0.00003176
  0.037325  -0.0000   0.00003184
  0.037352  -0.0000   0.00003192
  0.037388  -0.0000   0.00003204
  0.037438  -0.0000   0.00003223
  0.037509  -0.0000   0.00003250
  0.037614  -0.0000   0.00003291
  0.037778  -0.0000   0.00003353
  0.038040  -0.0000   0.00003445
  0.038472  -0.0000   0.00003584
  0.039212  -0.0000   0.00003792
  0.040049  -0.0000   0.00004000
  0.040988  -0.0000   0.00004208
  0.042037  -0.0000   0.00004417
  0.043201  -0.0000   0.00004625
  0.044488  -0.0000   0.00004833
  0.045645  -0.0000   0.00005006
  0.046893  -0.0000   0.00005179
  0.048237  -0.0000   0.00005351
  0.049678  -0.0000   0.00005524
  0.051218  -0.0000   0.00005697
  0.052860  -0.0000   0.00005870
  0.054604  -0.0000   0.00006043
  0.054859  -0.0000   0.00006068
  0.055116  -0.0000   0.00006093
  0.055374  -0.0000   0.00006118
  0.055571  -0.0000   0.00006142
  0.055658  -0.0000   0.00006166
  0.055733  -0.0000   0.00006190
  0.055804  -0.0000   0.00006214
  0.055873  -0.0000   0.00006238
  0.055977  -0.0000   0.00006275
  0.056137  -0.0000   0.00006329
  0.056384  -0.0000   0.00006410
  0.056775  -0.0000   0.00006533
  0.057403  -0.0000   0.00006716
  0.058436  -0.0000   0.00006991
  0.059461  -0.0000   0.00007242
  0.060570  -0.0000   0.00007493
  0.061767  -0.0000   0.00007744
  0.063044  -0.0000   0.00007993
  0.064414  -0.0000   0.00008242
  0.065883  -0.0000   0.00008491
  0.067737  -0.0000   0.00008782
  0.069346  -0.0000   0.00009020
  0.071051  -0.0000   0.00009258
  0.072852  -0.0000   0.00009495
  0.073101  -0.0000   0.00009528
  0.073351  -0.0000   0.00009561
  0.073603  -0.0000   0.00009593
  0.073821  -0.0000   0.00009631
  0.073942  -0.0000   0.00009668
  0.074054  -0.0000   0.00009706
  0.074164  -0.0000   0.00009744
  0.074273  -0.0000   0.00009781
  0.074441  -0.0000   0.00009838
  0.074700  -0.0000   0.00009922
  0.075093  -0.0000   0.00010050
  0.075671  -0.0000   0.00010240
  0.076527  -0.0000   0.00010530
  0.077787  -0.0000   0.00010950
  0.079635  -0.0000   0.00011600
  0.082326  -0.0000   0.00012560
  0.084950  -0.0000   0.00013520
  0.087511  -0.0000   0.00014490
  0.090015  -0.0000   0.00015450
  0.090745  -0.0000   0.00015730
  0.091469  -0.0000   0.00016020
  0.092104  -0.0000   0.00016300
  0.092211  -0.0000   0.00016390
  0.092311  -0.0000   0.00016470
  0.092409  -0.0000   0.00016560
  0.092555  -0.0000   0.00016690
  0.092775  -0.0000   0.00016880
  0.093106  -0.0000   0.00017170
  0.093600  -0.0000   0.00017610
  0.094334  -0.0000   0.00018270
  0.095419  -0.0000   0.00019250
  0.097016  -0.0000   0.00020720
  0.099355  -0.0000   0.00022940
  0.101960  -0.0000   0.00025460
  0.104510  -0.0000   0.00027980
  0.107008  -0.0000   0.00030500
  0.110044  -0.0000   0.00033640
  0.110234  -0.0000   0.00033830
  0.110425  -0.0000   0.00034030
  0.110534  -0.0000   0.00034230
  0.110683  -0.0000   0.00034520
  0.110831  -0.0000   0.00034820
  0.110980  -0.0000   0.00035120
  0.111204  -0.0000   0.00035560
  0.111539  -0.0000   0.00036230
  0.112038  -0.0000   0.00037230
  0.112778  -0.0000   0.00038720
  0.113873  -0.0000   0.00040970
  0.115486  -0.0000   0.00044340
  0.117851  -0.0000   0.00049400
  0.120322  -0.0000   0.00054800
  0.122746  -0.0000   0.00060200
  0.125128  -0.0000   0.00065590
  0.128155  -0.0000   0.00072610
  0.128380  -0.0000   0.00073130
  0.128604  -0.0000   0.00073650
  0.128828  -0.0000   0.00074170
  0.128951  -0.0000   0.00074660
  0.129071  -0.0000   0.00075140
  0.129190  -0.0000   0.00075620
  0.129311  -0.0000   0.00076100
  0.129491  -0.0000   0.00076820
  0.129762  -0.0000   0.00077900
  0.130166  -0.0000   0.00079520
  0.130766  -0.0000   0.00081960
  0.131656  -0.0000   0.00085610
  0.132970  -0.0000   0.00091090
  0.134903  -0.0000   0.00099300
  0.137737  -0.0000   0.00111600
  0.140513  -0.0000   0.00123900
  0.143236  -0.0000   0.00136300
  0.145909  -0.0000   0.00148600
  0.146276  -0.0000   0.00150300
  0.146643  -0.0000   0.00152000
  0.147008  -0.0000   0.00153700
  0.147337  -0.0000   0.00155400
  0.147537  -0.0000   0.00156900
  0.147737  -0.0000   0.00158400
  0.147937  -0.0000   0.00159900
  0.148138  -0.0000   0.00161300
  0.148437  -0.0000   0.00163500
  0.148884  -0.0000   0.00166900
  0.149547  -0.0000   0.00171800
  0.150529  -0.0000   0.00179300
  0.151981  -0.0000   0.00190500
  0.154117  -0.0000   0.00207300
  0.156492  -0.0000   0.00226300
  0.158827  -0.0000   0.00245400
  0.161127  -0.0000   0.00264400
  0.164050  -0.0000   0.00289000
  0.164492  -0.0000   0.00292800
  0.164934  -0.0000   0.00296500
  0.165374  -0.0000   0.00300200
  0.165770  -0.0000   0.00303900
  0.165956  -0.0000   0.00306200
  0.166143  -0.0000   0.00308600
  0.166330  -0.0000   0.00311000
  0.166517  -0.0000   0.00313300
  0.166796  -0.0000   0.00316900
  0.167213  -0.0000   0.00322200
  0.167832  -0.0000   0.00330200
  0.168750  -0.0000   0.00342100
  0.170108  -0.0000   0.00360100
  0.172109  -0.0000   0.00387000
  0.174404  -0.0000   0.00418400
  0.176663  -0.0000   0.00449800
  0.178890  -0.0000   0.00481200
  0.181804  -0.0000   0.00523100
  0.182707  -0.0000   0.00536100
  0.183604  -0.0000   0.00549200
  0.184182  -0.0000   0.00557600
  0.184349  -0.0000   0.00561000
  0.184515  -0.0000   0.00564400
  0.184682  -0.0000   0.00567900
  0.184848  -0.0000   0.00571300
  0.185097  -0.0000   0.00576400
  0.185469  -0.0000   0.00584100
  0.186021  -0.0000   0.00595600
  0.186841  -0.0000   0.00613000
  0.188055  -0.0000   0.00638900
  0.189847  -0.0000   0.00677900
  0.192483  -0.0000   0.00736300
  0.195074  -0.0000   0.00794700
  0.197624  -0.0000   0.00853100
  0.200134  -0.0000   0.00911600
  0.202607  -0.0000   0.00970000
  0.202787  -0.0000   0.00975400
  0.202958  -0.0000   0.00980900
  0.203129  -0.0000   0.00986400
  0.203385  -0.0000   0.00994600
  0.203767  -0.0000   0.01007000
  0.204335  -0.0000   0.01025000
  0.205179  -0.0000   0.01053000
  0.206428  -0.0000   0.01095000
  0.208271  -0.0000   0.01157000
  0.210528  -0.0000   0.01234000
  0.212752  -0.0000   0.01312000
  0.214945  -0.0000   0.01389000
  0.217800  -0.0000   0.01492000
  0.220609  -0.0000   0.01594000
  0.220877  -0.0000   0.01604000
  0.221143  -0.0000   0.01614000
  0.221346  -0.0000   0.01624000
  0.221551  -0.0000   0.01634000
  0.221755  -0.0000   0.01643000
  0.221958  -0.0000   0.01653000
  0.222263  -0.0000   0.01668000
  0.222716  -0.0000   0.01690000
  0.223390  -0.0000   0.01723000
  0.224391  -0.0000   0.01773000
  0.225872  -0.0000   0.01847000
  0.228057  -0.0000   0.01959000
  0.230670  -0.0000   0.02095000
  0.233241  -0.0000   0.02230000
  0.235775  -0.0000   0.02366000
  0.238273  -0.0000   0.02502000
  0.238630  -0.0000   0.02521000
  0.238985  -0.0000   0.02541000
  0.239340  -0.0000   0.02560000
  0.239810  -0.0000   0.02589000
  0.240137  -0.0000   0.02612000
  0.240464  -0.0000   0.02635000
  0.240790  -0.0000   0.02658000
  0.241114  -0.0000   0.02681000
  0.241598  -0.0000   0.02715000
  0.242317  -0.0000   0.02767000
  0.243385  -0.0000   0.02844000
  0.244967  -0.0000   0.02960000
  0.247301  -0.0000   0.03134000
  0.249601  -0.0000   0.03308000
  0.251871  -0.0000   0.03482000
  0.254112  -0.0000   0.03656000
  0.257413  -0.0000   0.03917000
  0.257714  -0.0000   0.03941000
  0.258015  -0.0000   0.03965000
  0.258276  -0.0000   0.03989000
  0.258638  -0.0000   0.04024000
  0.259000  -0.0000   0.04060000
  0.259359  -0.0000   0.04096000
  0.259717  -0.0000   0.04132000
  0.260251  -0.0000   0.04186000
  0.261044  -0.0000   0.04266000
  0.262222  -0.0000   0.04387000
  0.263966  -0.0000   0.04568000
  0.266537  -0.0000   0.04840000
  0.269070  -0.0000   0.05112000
  0.271567  -0.0000   0.05384000
  0.274031  -0.0000   0.05656000
  0.274705  -0.0000   0.05731000
  0.275378  -0.0000   0.05806000
  0.276048  -0.0000   0.05880000
  0.276608  -0.0000   0.05943000
  0.276845  -0.0000   0.05975000
  0.277081  -0.0000   0.06008000
  0.277317  -0.0000   0.06040000
  0.277552  -0.0000   0.06072000
  0.277903  -0.0000   0.06121000
  0.278426  -0.0000   0.06193000
  0.279204  -0.0000   0.06302000
  0.280358  -0.0000   0.06465000
  0.282068  -0.0000   0.06710000
  0.284590  -0.0000   0.07077000
  0.287075  -0.0000   0.07444000
  0.289525  -0.0000   0.07811000
  0.291944  -0.0000   0.08178000
  0.293262  -0.0000   0.08380000
  0.294570  -0.0000   0.08581000
  0.295013  -0.0000   0.08649000
  0.295331  -0.0000   0.08706000
  0.295635  -0.0000   0.08762000
  0.295939  -0.0000   0.08818000
  0.296242  -0.0000   0.08875000
  0.296693  -0.0000   0.08959000
  0.297365  -0.0000   0.09086000
  0.298364  -0.0000   0.09276000
  0.299845  -0.0000   0.09562000
  0.302033  -0.0000   0.10000000
  0.304797  -0.0000   0.10500000
  0.307520  -0.0000   0.11100000
  0.310204  -0.0000   0.11600000
  0.312853  -0.0000   0.12200000
  0.313202  -0.0000   0.12300000
  0.313550  -0.0000   0.12300000
  0.313858  -0.0000   0.12400000
  0.314299  -0.0000   0.12500000
  0.314739  -0.0000   0.12600000
  0.315176  -0.0000   0.12700000
  0.315827  -0.0000   0.12900000
  0.316795  -0.0000   0.13100000
  0.318231  -0.0000   0.13500000
  0.320354  -0.0000   0.14100000
  0.323184  -0.0000   0.14800000
  0.325971  -0.0000   0.15600000
  0.328719  -0.0000   0.16300000
  0.331431  -0.0000   0.17100000
  0.331792  -0.0000   0.17200000
  0.332153  -0.0000   0.17200000
  0.332465  -0.0000   0.17300000
  0.332774  -0.0000   0.17400000
  0.333082  -0.0000   0.17500000
  0.333389  -0.0000   0.17600000
  0.333847  -0.0000   0.17800000
  0.334529  -0.0000   0.18000000
  0.335543  -0.0000   0.18400000
  0.337047  -0.0000   0.18900000
  0.339270  -0.0000   0.19600000
  0.342150  -0.0000   0.20600000
  0.344986  -0.0000   0.21600000
  0.347783  -0.0000   0.22600000
  0.350545  -0.0000   0.23600000
  0.350879  -0.0000   0.23700000
  0.351193  -0.0000   0.23900000
  0.351507  -0.0000   0.24000000
  0.351819  -0.0000   0.24100000
  0.352285  -0.0000   0.24300000
  0.352980  -0.0000   0.24600000
  0.354012  -0.0000   0.25100000
  0.355544  -0.0000   0.25700000
  0.357808  -0.0000   0.26700000
  0.360648  -0.0000   0.28000000
  0.363448  -0.0000   0.29300000
  0.366210  -0.0000   0.30500000
  0.368939  -0.0000   0.31800000
  0.369256  -0.0000   0.31900000
  0.369535  -0.0000   0.32100000
  0.369813  -0.0000   0.32200000
  0.370090  -0.0000   0.32400000
  0.370366  -0.0000   0.32500000
  0.370779  -0.0000   0.32800000
  0.371393  -0.0000   0.33100000
  0.372308  -0.0000   0.33600000
  0.373667  -0.0000   0.34300000
  0.375678  -0.0000   0.35400000
  0.378645  -0.0000   0.37100000
  0.381567  -0.0000   0.38800000
  0.384450  -0.0000   0.40500000
  0.387297  -0.0000   0.42200000
  0.387637  -0.0000   0.42400000
  0.387952  -0.0000   0.42600000
  0.388253  -0.0000   0.42800000
  0.388552  -0.0000   0.43000000
  0.388851  -0.0000   0.43200000
  0.389297  -0.0000   0.43500000
  0.389961  -0.0000   0.43900000
  0.390949  -0.0000   0.44600000
  0.392416  -0.0000   0.45600000
  0.394587  -0.0000   0.47100000
  0.397569  -0.0000   0.49300000
  0.400508  -0.0000   0.51400000
  0.403408  -0.0000   0.53500000
  0.406275  -0.0000   0.55700000
  0.406546  -0.0000   0.55900000
  0.406812  -0.0000   0.56100000
  0.407076  -0.0000   0.56300000
  0.407340  -0.0000   0.56500000
  0.407733  -0.0000   0.56900000
  0.408321  -0.0000   0.57400000
  0.409195  -0.0000   0.58100000
  0.410494  -0.0000   0.59200000
  0.412418  -0.0000   0.60900000
  0.415259  -0.0000   0.63400000
  0.418060  -0.0000   0.65900000
  0.420827  -0.0000   0.68500000
  0.423562  -0.0000   0.71000000
  0.424043  -0.0000   0.71400000
  0.424524  -0.0000   0.71900000
  0.424987  -0.0000   0.72300000
  0.425310  -0.0000   0.72600000
  0.425632  -0.0000   0.73000000
  0.425954  -0.0000   0.73300000
  0.426274  -0.0000   0.73600000
  0.426752  -0.0000   0.74100000
  0.427464  -0.0000   0.74900000
  0.428524  -0.0000   0.76000000
  0.430098  -0.0000   0.77700000
  0.432427  -0.0000   0.80200000
  0.435598  -0.0000   0.83700000
  0.438724  -0.0000   0.87200000
  0.441812  -0.0000   0.90700000
  0.442474  -0.0000   0.91400000
  0.443135  -0.0000   0.92200000
  0.443755  -0.0000   0.93000000
  0.444348  -0.0000   0.93700000
  0.444939  -0.0000   0.94500000
  0.445526  -0.0000   0.95200000
  0.446111  -0.0000   0.96000000
  0.446982  -0.0000   0.97100000
  0.448277  -0.0000   0.98800000
  0.449212  -0.0000   1.00000000
  0.449119  -0.0000   1.00000000
  0.449119  -0.0000   1.00000000
  0.449119  -0.0000   1.00000000
  0.449119  -0.0000   1.00000000
  0.449119  -0.0000   1.00000000
  0.449119  -0.0000   1.00000000
  0.449119  -0.0000   1.00000000
  0.449119  -0.0000   1.00000000
  0.449118  -0.0000   1.00000000
  0.449117  -0.0000   1.00000000
  0.449115  -0.0000   1.00000000
  0.449113  -0.0000   1.00000000
  0.449110  -0.0000   1.00000000
