  0.000000  -0.0000   0.00000010
  0.000001  -0.0000   0.00000020
  0.000002  -0.0000   0.00000030
  0.000023  -0.0000   0.00000045
  0.000483  -0.0000   0.00000067
  0.005972  -0.0000   0.00000101
  0.005975  -0.0000   0.00000152
  0.005980  -0.0000   0.00000228
  0.005991  -0.0000   0.00000342
  0.006015  -0.0000   0.00000513
  0.006071  -0.0000   0.00000769
  0.006210  -0.0000   0.00001153
  0.006366  -0.0000   0.00001467
  0.006568  -0.0000   0.00001781
  0.006819  -0.0000   0.00002096
  0.007126  -0.0000   0.00002413
  0.007488  -0.0000   0.00002730
  0.007907  -0.0000   0.00003047
  0.008380  -0.0000   0.00003360
  0.008911  -0.0000   0.00003674
  0.009502  -0.0000   0.00003988
  0.010170  -0.0000   0.00004308
  0.010903  -0.0000   0.00004628
  0.011701  -0.0000   0.00004949
  0.012701  -0.0000   0.00005315
  0.013787  -0.0000   0.00005681
  0.014963  -0.0000   0.00006047
  0.016228  -0.0000   0.00006413
  0.017584  -0.0000   0.00006779
  0.019032  -0.0000   0.00007145
  0.020572  -0.0000   0.00007511
  0.020986  -0.0000   0.00007608
  0.021406  -0.0000   0.00007705
  0.021756  -0.0000   0.00007802
  0.021790  -0.0000   0.00007835
  0.021821  -0.0000   0.00007867
  0.021851  -0.0000   0.00007900
  0.021894  -0.0000   0.00007949
  0.021958  -0.0000   0.00008023
  0.022054  -0.0000   0.00008133
  0.022201  -0.0000   0.00008299
  0.022426  -0.0000   0.00008548
  0.022778  -0.0000   0.00008921
  0.023339  -0.0000   0.00009481
  0.024218  -0.0000   0.00010320
  0.025144  -0.0000   0.00011230
  0.026051  -0.0000   0.00012140
  0.026942  -0.0000   0.00013060
  0.028242  -0.0000   0.00014420
  0.029515  -0.0000   0.00015780
  0.030765  -0.0000   0.00017150
  0.031995  -0.0000   0.00018510
  0.033799  -0.0000   0.00020550
  0.035566  -0.0000   0.00022600
  0.037301  -0.0000   0.00024640
  0.039006  -0.0000   0.00026690
  0.041360  -0.0000   0.00029580
  0.041877  -0.0000   0.00030210
  0.042392  -0.0000   0.00030850
  0.042904  -0.0000   0.00031490
  0.043117  -0.0000   0.00031760
  0.043265  -0.0000   0.00032020
  0.043368  -0.0000   0.00032290
  0.043518  -0.0000   0.00032690
  0.043667  -0.0000   0.00033090
  0.043888  -0.0000   0.00033690
  0.044215  -0.0000   0.00034580
  0.044696  -0.0000   0.00035930
  0.045402  -0.0000   0.00037950
  0.046436  -0.0000   0.00040980
  0.047946  -0.0000   0.00045520
  0.049421  -0.0000   0.00050060
  0.050867  -0.0000   0.00054610
  0.052290  -0.0000   0.00059150
  0.054379  -0.0000   0.00065970
  0.056883  -0.0000   0.00074310
  0.059337  -0.0000   0.00082660
  0.061749  -0.0000   0.00091010
  0.064121  -0.0000   0.00099360
  0.064547  -0.0000   0.00100900
  0.064973  -0.0000   0.00102400
  0.065397  -0.0000   0.00103900
  0.065946  -0.0000   0.00106100
  0.066226  -0.0000   0.00107700
  0.066502  -0.0000   0.00109300
  0.066776  -0.0000   0.00110800
  0.067048  -0.0000   0.00112400
  0.067452  -0.0000   0.00114800
  0.068049  -0.0000   0.00118300
  0.068931  -0.0000   0.00123600
  0.070230  -0.0000   0.00131600
  0.072133  -0.0000   0.00143500
  0.074593  -0.0000   0.00159300
  0.077004  -0.0000   0.00175100
  0.079373  -0.0000   0.00190800
  0.081704  -0.0000   0.00206600
  0.085056  -0.0000   0.00229800
  0.088346  -0.0000   0.00253000
  0.088640  -0.0000   0.00255400
  0.088893  -0.0000   0.00257800
  0.089144  -0.0000   0.00260300
  0.089516  -0.0000   0.00263900
  0.090067  -0.0000   0.00269400
  0.090883  -0.0000   0.00277600
  0.092086  -0.0000   0.00289900
  0.093854  -0.0000   0.00308400
  0.096443  -0.0000   0.00336200
  0.098982  -0.0000   0.00363900
  0.101478  -0.0000   0.00391600
  0.103937  -0.0000   0.00419300
  0.107460  -0.0000   0.00459800
  0.110921  -0.0000   0.00500300
  0.111337  -0.0000   0.00505400
  0.111679  -0.0000   0.00510500
  0.112018  -0.0000   0.00515500
  0.112522  -0.0000   0.00523100
  0.113022  -0.0000   0.00530700
  0.113763  -0.0000   0.00542100
  0.114860  -0.0000   0.00559200
  0.116479  -0.0000   0.00584800
  0.118859  -0.0000   0.00623300
  0.121893  -0.0000   0.00673400
  0.124873  -0.0000   0.00723400
  0.127807  -0.0000   0.00773500
  0.130699  -0.0000   0.00823500
  0.131984  -0.0000   0.00845900
  0.133262  -0.0000   0.00868300
  0.134450  -0.0000   0.00890700
  0.135001  -0.0000   0.00902400
  0.135547  -0.0000   0.00914100
  0.136089  -0.0000   0.00925800
  0.136626  -0.0000   0.00937600
  0.137426  -0.0000   0.00955100
  0.138611  -0.0000   0.00981500
  0.140364  -0.0000   0.01021000
  0.142947  -0.0000   0.01080000
  0.146660  -0.0000   0.01168000
  0.150307  -0.0000   0.01255000
  0.153897  -0.0000   0.01342000
  0.155793  -0.0000   0.01388000
  0.156882  -0.0000   0.01415000
  0.157315  -0.0000   0.01427000
  0.157739  -0.0000   0.01439000
  0.158162  -0.0000   0.01452000
  0.158581  -0.0000   0.01464000
  0.159206  -0.0000   0.01482000
  0.160134  -0.0000   0.01510000
  0.161510  -0.0000   0.01551000
  0.163543  -0.0000   0.01612000
  0.166539  -0.0000   0.01705000
  0.170357  -0.0000   0.01825000
  0.174113  -0.0000   0.01946000
  0.177815  -0.0000   0.02066000
  0.178744  -0.0000   0.02096000
  0.179670  -0.0000   0.02126000
  0.180158  -0.0000   0.02144000
  0.180636  -0.0000   0.02162000
  0.181111  -0.0000   0.02180000
  0.181583  -0.0000   0.02198000
  0.182286  -0.0000   0.02225000
  0.183332  -0.0000   0.02265000
  0.184881  -0.0000   0.02325000
  0.187172  -0.0000   0.02415000
  0.190549  -0.0000   0.02551000
  0.194631  -0.0000   0.02718000
  0.198651  -0.0000   0.02884000
  0.202610  -0.0000   0.03051000
  0.203164  -0.0000   0.03077000
  0.203713  -0.0000   0.03103000
  0.204259  -0.0000   0.03129000
  0.204802  -0.0000   0.03155000
  0.205611  -0.0000   0.03194000
  0.206813  -0.0000   0.03252000
  0.208596  -0.0000   0.03340000
  0.211234  -0.0000   0.03472000
  0.215125  -0.0000   0.03669000
  0.218959  -0.0000   0.03866000
  0.222746  -0.0000   0.04063000
  0.224319  -0.0000   0.04146000
  0.225843  -0.0000   0.04228000
  0.226573  -0.0000   0.04271000
  0.227297  -0.0000   0.04313000
  0.228016  -0.0000   0.04355000
  0.228731  -0.0000   0.04398000
  0.229796  -0.0000   0.04461000
  0.231379  -0.0000   0.04556000
  0.233724  -0.0000   0.04699000
  0.237191  -0.0000   0.04914000
  0.242035  -0.0000   0.05218000
  0.246808  -0.0000   0.05523000
  0.247774  -0.0000   0.05585000
  0.248700  -0.0000   0.05647000
  0.249582  -0.0000   0.05709000
  0.250890  -0.0000   0.05801000
  0.252186  -0.0000   0.05894000
  0.253472  -0.0000   0.05987000
  0.255382  -0.0000   0.06126000
  0.258212  -0.0000   0.06335000
  0.262393  -0.0000   0.06648000
  0.266520  -0.0000   0.06961000
  0.270598  -0.0000   0.07274000
  0.271424  -0.0000   0.07340000
  0.272212  -0.0000   0.07405000
  0.272993  -0.0000   0.07471000
  0.274156  -0.0000   0.07569000
  0.275310  -0.0000   0.07667000
  0.277026  -0.0000   0.07814000
  0.279571  -0.0000   0.08035000
  0.283335  -0.0000   0.08367000
  0.288095  -0.0000   0.08792000
  0.292794  -0.0000   0.09217000
  0.293895  -0.0000   0.09317000
  0.294596  -0.0000   0.09385000
  0.295288  -0.0000   0.09452000
  0.295976  -0.0000   0.09520000
  0.296660  -0.0000   0.09588000
  0.297681  -0.0000   0.09689000
  0.299199  -0.0000   0.09841000
  0.301454  -0.0000   0.10100000
  0.304795  -0.0000   0.10400000
  0.309730  -0.0000   0.10900000
  0.314600  -0.0000   0.11400000
  0.315858  -0.0000   0.11600000
  0.317094  -0.0000   0.11700000
  0.317976  -0.0000   0.11800000
  0.318851  -0.0000   0.11900000
  0.319722  -0.0000   0.12000000
  0.320588  -0.0000   0.12100000
  0.321878  -0.0000   0.12200000
  0.323798  -0.0000   0.12500000
  0.326648  -0.0000   0.12800000
  0.330868  -0.0000   0.13300000
  0.335965  -0.0000   0.13900000
  0.337928  -0.0000   0.14200000
  0.339869  -0.0000   0.14400000
  0.340332  -0.0000   0.14500000
  0.341022  -0.0000   0.14600000
  0.342050  -0.0000   0.14700000
  0.343071  -0.0000   0.14800000
  0.344592  -0.0000   0.15000000
  0.346853  -0.0000   0.15300000
  0.350206  -0.0000   0.15800000
  0.355165  -0.0000   0.16500000
  0.360064  -0.0000   0.17100000
  0.361542  -0.0000   0.17300000
  0.362992  -0.0000   0.17600000
  0.364106  -0.0000   0.17700000
  0.365213  -0.0000   0.17900000
  0.366312  -0.0000   0.18000000
  0.367406  -0.0000   0.18200000
  0.369036  -0.0000   0.18500000
  0.371461  -0.0000   0.18800000
  0.376244  -0.0000   0.19600000
  0.380970  -0.0000   0.20300000
  0.385636  -0.0000   0.21100000
  0.386498  -0.0000   0.21200000
  0.387355  -0.0000   0.21300000
  0.388207  -0.0000   0.21500000
  0.389056  -0.0000   0.21600000
  0.390322  -0.0000   0.21800000
  0.392208  -0.0000   0.22200000
  0.395011  -0.0000   0.22600000
  0.399169  -0.0000   0.23400000
  0.404959  -0.0000   0.24400000
  0.406667  -0.0000   0.24700000
  0.408369  -0.0000   0.25000000
  0.409252  -0.0000   0.25200000
  0.410130  -0.0000   0.25300000
  0.411004  -0.0000   0.25500000
  0.411874  -0.0000   0.25700000
  0.413173  -0.0000   0.25900000
  0.415107  -0.0000   0.26300000
  0.417982  -0.0000   0.26800000
  0.422246  -0.0000   0.27700000
  0.428048  -0.0000   0.28800000
  0.429711  -0.0000   0.29100000
  0.431361  -0.0000   0.29500000
  0.432406  -0.0000   0.29700000
  0.433445  -0.0000   0.29900000
  0.434479  -0.0000   0.30100000
  0.435508  -0.0000   0.30300000
  0.437042  -0.0000   0.30700000
  0.439328  -0.0000   0.31200000
  0.442724  -0.0000   0.31900000
  0.447758  -0.0000   0.33000000
  0.453605  -0.0000   0.34300000
  0.454999  -0.0000   0.34600000
  0.456369  -0.0000   0.34900000
  0.457732  -0.0000   0.35200000
  0.459086  -0.0000   0.35600000
  0.461105  -0.0000   0.36000000
  0.464107  -0.0000   0.36700000
  0.468562  -0.0000   0.37800000
  0.474550  -0.0000   0.39300000
  0.476150  -0.0000   0.39700000
  0.477710  -0.0000   0.40100000
  0.479240  -0.0000   0.40500000
  0.480759  -0.0000   0.40800000
  0.482270  -0.0000   0.41200000
  0.484520  -0.0000   0.41800000
  0.487865  -0.0000   0.42700000
  0.492827  -0.0000   0.44000000
  0.498792  -0.0000   0.45600000
  0.500508  -0.0000   0.46100000
  0.502187  -0.0000   0.46600000
  0.503856  -0.0000   0.47000000
  0.506337  -0.0000   0.47800000
  0.508802  -0.0000   0.48500000
  0.512466  -0.0000   0.49500000
  0.517900  -0.0000   0.51100000
  0.520221  -0.0000   0.51800000
  0.522526  -0.0000   0.52500000
  0.523809  -0.0000   0.52900000
  0.525083  -0.0000   0.53300000
  0.526351  -0.0000   0.53700000
  0.527614  -0.0000   0.54100000
  0.529497  -0.0000   0.54700000
  0.532301  -0.0000   0.55500000
  0.536468  -0.0000   0.56900000
  0.542644  -0.0000   0.58900000
  0.544467  -0.0000   0.59400000
  0.546247  -0.0000   0.60000000
  0.547999  -0.0000   0.60600000
  0.549739  -0.0000   0.61200000
  0.551470  -0.0000   0.61800000
  0.554047  -0.0000   0.62700000
  0.557880  -0.0000   0.64000000
  0.563563  -0.0000   0.66000000
  0.565878  -0.0000   0.66800000
  0.568173  -0.0000   0.67600000
  0.569718  -0.0000   0.68200000
  0.571253  -0.0000   0.68800000
  0.572780  -0.0000   0.69300000
  0.574301  -0.0000   0.69900000
  0.576567  -0.0000   0.70700000
  0.579941  -0.0000   0.72000000
  0.584951  -0.0000   0.73900000
  0.587666  -0.0000   0.74900000
  0.590369  -0.0000   0.76000000
  0.591779  -0.0000   0.76500000
  0.593178  -0.0000   0.77100000
  0.594570  -0.0000   0.77600000
  0.595956  -0.0000   0.78200000
  0.598022  -0.0000   0.79000000
  0.601100  -0.0000   0.80300000
  0.605672  -0.0000   0.82200000
  0.612447  -0.0000   0.85000000
  0.614512  -0.0000   0.85900000
  0.616546  -0.0000   0.86700000
  0.618566  -0.0000   0.87600000
  0.620575  -0.0000   0.88500000
  0.623567  -0.0000   0.89800000
  0.628014  -0.0000   0.91800000
  0.634604  -0.0000   0.94700000
  0.636749  -0.0000   0.95700000
  0.638853  -0.0000   0.96700000
  0.640942  -0.0000   0.97700000
  0.644051  -0.0000   0.99100000
  0.645882  -0.0000   1.00000000
  0.645877  -0.0000   1.00000000
  0.645877  -0.0000   1.00000000
  0.645877  -0.0000   1.00000000
  0.645877  -0.0000   1.00000000
  0.645877  -0.0000   1.00000000
  0.645877  -0.0000   1.00000000
  0.645877  -0.0000   1.00000000
  0.645877  -0.0000   1.00000000
  0.645877  -0.0000   1.00000000
  0.645877  -0.0000   1.00000000
  0.645876  -0.0000   1.00000000
  0.645876  -0.0000   1.00000000
  0.645875  -0.0000   1.00000000
  0.645874  -0.0000   1.00000000
  0.645872  -0.0000   1.00000000
  0.645871  -0.0000   1.00000000
