  0.000000  -0.0000   0.00000010
  0.000000  -0.0000   0.00000020
  0.000000  -0.0000   0.00000030
  0.000004  -0.0000   0.00000045
  0.000073  -0.0000   0.00000067
  0.001633  -0.0000   0.00000101
  0.005968  -0.0000   0.00000114
  0.005969  -0.0000   0.00000139
  0.005969  -0.0000   0.00000177
  0.005970  -0.0000   0.00000234
  0.005972  -0.0000   0.00000320
  0.005976  -0.0000   0.00000448
  0.005983  -0.0000   0.00000640
  0.005999  -0.0000   0.00000928
  0.006034  -0.0000   0.00001361
  0.006109  -0.0000   0.00002009
  0.006277  -0.0000   0.00002983
  0.006561  -0.0000   0.00004169
  0.006925  -0.0000   0.00005355
  0.007369  -0.0000   0.00006541
  0.007986  -0.0000   0.00007908
  0.008706  -0.0000   0.00009275
  0.009466  -0.0000   0.00010640
  0.010198  -0.0000   0.00012010
  0.010910  -0.0000   0.00013380
  0.011945  -0.0000   0.00015430
  0.013436  -0.0000   0.00018500
  0.015569  -0.0000   0.00023120
  0.017620  -0.0000   0.00027730
  0.019601  -0.0000   0.00032340
  0.021522  -0.0000   0.00036960
  0.023392  -0.0000   0.00041570
  0.025720  -0.0000   0.00047500
  0.025974  -0.0000   0.00048160
  0.026228  -0.0000   0.00048810
  0.026481  -0.0000   0.00049460
  0.026825  -0.0000   0.00050440
  0.026922  -0.0000   0.00050950
  0.027017  -0.0000   0.00051460
  0.027111  -0.0000   0.00051980
  0.027250  -0.0000   0.00052750
  0.027456  -0.0000   0.00053900
  0.027757  -0.0000   0.00055640
  0.028198  -0.0000   0.00058240
  0.028841  -0.0000   0.00062140
  0.029774  -0.0000   0.00067990
  0.030682  -0.0000   0.00073840
  0.031570  -0.0000   0.00079690
  0.032441  -0.0000   0.00085540
  0.033642  -0.0000   0.00093810
  0.034819  -0.0000   0.00102100
  0.036261  -0.0000   0.00112400
  0.037675  -0.0000   0.00122800
  0.039361  -0.0000   0.00135400
  0.041016  -0.0000   0.00148000
  0.043098  -0.0000   0.00164200
  0.045139  -0.0000   0.00180400
  0.047492  -0.0000   0.00199500
  0.049800  -0.0000   0.00218600
  0.052443  -0.0000   0.00240900
  0.055036  -0.0000   0.00263300
  0.055401  -0.0000   0.00266400
  0.055728  -0.0000   0.00269600
  0.055991  -0.0000   0.00272700
  0.056378  -0.0000   0.00277500
  0.056948  -0.0000   0.00284600
  0.057510  -0.0000   0.00291700
  0.058339  -0.0000   0.00302300
  0.059557  -0.0000   0.00318300
  0.061339  -0.0000   0.00342200
  0.063602  -0.0000   0.00373400
  0.065815  -0.0000   0.00404600
  0.067987  -0.0000   0.00435800
  0.070906  -0.0000   0.00478600
  0.073767  -0.0000   0.00521500
  0.077324  -0.0000   0.00576000
  0.080811  -0.0000   0.00630400
  0.084816  -0.0000   0.00694300
  0.085401  -0.0000   0.00703700
  0.085985  -0.0000   0.00713000
  0.086470  -0.0000   0.00722400
  0.086946  -0.0000   0.00731800
  0.087417  -0.0000   0.00741200
  0.087885  -0.0000   0.00750500
  0.088579  -0.0000   0.00764600
  0.089607  -0.0000   0.00785700
  0.091123  -0.0000   0.00817300
  0.093353  -0.0000   0.00864800
  0.096618  -0.0000   0.00936000
  0.099815  -0.0000   0.01007000
  0.102955  -0.0000   0.01078000
  0.106044  -0.0000   0.01150000
  0.110543  -0.0000   0.01255000
  0.114958  -0.0000   0.01361000
  0.115711  -0.0000   0.01379000
  0.116440  -0.0000   0.01397000
  0.117096  -0.0000   0.01415000
  0.118065  -0.0000   0.01443000
  0.119023  -0.0000   0.01470000
  0.119972  -0.0000   0.01497000
  0.121379  -0.0000   0.01538000
  0.123457  -0.0000   0.01599000
  0.126516  -0.0000   0.01690000
  0.130999  -0.0000   0.01828000
  0.135392  -0.0000   0.01965000
  0.139710  -0.0000   0.02103000
  0.143959  -0.0000   0.02240000
  0.145398  -0.0000   0.02287000
  0.146801  -0.0000   0.02334000
  0.147819  -0.0000   0.02371000
  0.148825  -0.0000   0.02408000
  0.149821  -0.0000   0.02445000
  0.150810  -0.0000   0.02482000
  0.152279  -0.0000   0.02537000
  0.154454  -0.0000   0.02620000
  0.157663  -0.0000   0.02745000
  0.162381  -0.0000   0.02931000
  0.167016  -0.0000   0.03118000
  0.171578  -0.0000   0.03305000
  0.176075  -0.0000   0.03492000
  0.176946  -0.0000   0.03529000
  0.177764  -0.0000   0.03566000
  0.178576  -0.0000   0.03603000
  0.179783  -0.0000   0.03658000
  0.180979  -0.0000   0.03714000
  0.182755  -0.0000   0.03797000
  0.185385  -0.0000   0.03921000
  0.189265  -0.0000   0.04108000
  0.194967  -0.0000   0.04389000
  0.200566  -0.0000   0.04669000
  0.206075  -0.0000   0.04950000
  0.207126  -0.0000   0.05005000
  0.208127  -0.0000   0.05059000
  0.209120  -0.0000   0.05114000
  0.210594  -0.0000   0.05196000
  0.212781  -0.0000   0.05319000
  0.216014  -0.0000   0.05503000
  0.220779  -0.0000   0.05780000
  0.226306  -0.0000   0.06106000
  0.231746  -0.0000   0.06433000
  0.237089  -0.0000   0.06760000
  0.238228  -0.0000   0.06833000
  0.239358  -0.0000   0.06907000
  0.240481  -0.0000   0.06980000
  0.242150  -0.0000   0.07090000
  0.244629  -0.0000   0.07256000
  0.248296  -0.0000   0.07504000
  0.253704  -0.0000   0.07876000
  0.260387  -0.0000   0.08345000
  0.266946  -0.0000   0.08813000
  0.268506  -0.0000   0.08930000
  0.270052  -0.0000   0.09048000
  0.271586  -0.0000   0.09165000
  0.273110  -0.0000   0.09282000
  0.275377  -0.0000   0.09458000
  0.278739  -0.0000   0.09721000
  0.283710  -0.0000   0.10100000
  0.290698  -0.0000   0.10700000
  0.294542  -0.0000   0.11000000
  0.296651  -0.0000   0.11200000
  0.298677  -0.0000   0.11300000
  0.300683  -0.0000   0.11500000
  0.302673  -0.0000   0.11700000
  0.304649  -0.0000   0.11900000
  0.307586  -0.0000   0.12100000
  0.311936  -0.0000   0.12500000
  0.318901  -0.0000   0.13200000
  0.325749  -0.0000   0.13800000
  0.327219  -0.0000   0.13900000
  0.328677  -0.0000   0.14100000
  0.330126  -0.0000   0.14200000
  0.331567  -0.0000   0.14400000
  0.333712  -0.0000   0.14600000
  0.336899  -0.0000   0.14900000
  0.341618  -0.0000   0.15400000
  0.349267  -0.0000   0.16200000
  0.352725  -0.0000   0.16600000
  0.356111  -0.0000   0.16900000
  0.359394  -0.0000   0.17300000
  0.362642  -0.0000   0.17600000
  0.365858  -0.0000   0.18000000
  0.369044  -0.0000   0.18400000
  0.373765  -0.0000   0.18900000
  0.376110  -0.0000   0.19200000
  0.379599  -0.0000   0.19600000
  0.382312  -0.0000   0.19900000
  0.384965  -0.0000   0.20200000
  0.385619  -0.0000   0.20300000
  0.386595  -0.0000   0.20400000
  0.388052  -0.0000   0.20600000
  0.390220  -0.0000   0.20900000
  0.393442  -0.0000   0.21300000
  0.398213  -0.0000   0.21900000
  0.400582  -0.0000   0.22200000
  0.404105  -0.0000   0.22700000
  0.409323  -0.0000   0.23300000
  0.411916  -0.0000   0.23700000
  0.413910  -0.0000   0.23900000
  0.415885  -0.0000   0.24200000
  0.417848  -0.0000   0.24500000
  0.419798  -0.0000   0.24800000
  0.422700  -0.0000   0.25200000
  0.427002  -0.0000   0.25800000
  0.435429  -0.0000   0.27000000
  0.438261  -0.0000   0.27400000
  0.441051  -0.0000   0.27800000
  0.443773  -0.0000   0.28200000
  0.447805  -0.0000   0.28800000
  0.451790  -0.0000   0.29500000
  0.455731  -0.0000   0.30100000
  0.463466  -0.0000   0.31300000
  0.465989  -0.0000   0.31700000
  0.469700  -0.0000   0.32300000
  0.473328  -0.0000   0.32900000
  0.476917  -0.0000   0.33500000
  0.480468  -0.0000   0.34200000
  0.487442  -0.0000   0.35400000
  0.489782  -0.0000   0.35800000
  0.493263  -0.0000   0.36400000
  0.495829  -0.0000   0.36900000
  0.498335  -0.0000   0.37300000
  0.500821  -0.0000   0.37800000
  0.505720  -0.0000   0.38700000
  0.510553  -0.0000   0.39600000
  0.512797  -0.0000   0.40000000
  0.516134  -0.0000   0.40700000
  0.522698  -0.0000   0.42000000
  0.525195  -0.0000   0.42500000
  0.527671  -0.0000   0.43000000
  0.530127  -0.0000   0.43500000
  0.532564  -0.0000   0.44000000
  0.536183  -0.0000   0.44700000
  0.543283  -0.0000   0.46200000
  0.546581  -0.0000   0.46900000
  0.550687  -0.0000   0.47800000
  0.554697  -0.0000   0.48700000
  0.558655  -0.0000   0.49600000
  0.562566  -0.0000   0.50500000
  0.566432  -0.0000   0.51400000
  0.568354  -0.0000   0.51800000
  0.571217  -0.0000   0.52500000
  0.575472  -0.0000   0.53500000
  0.577559  -0.0000   0.54000000
  0.580654  -0.0000   0.54800000
  0.583718  -0.0000   0.55500000
  0.586751  -0.0000   0.56300000
  0.591238  -0.0000   0.57400000
  0.597849  -0.0000   0.59100000
  0.601099  -0.0000   0.59900000
  0.603714  -0.0000   0.60600000
  0.606299  -0.0000   0.61300000
  0.608861  -0.0000   0.62000000
  0.611401  -0.0000   0.62700000
  0.615164  -0.0000   0.63700000
  0.617033  -0.0000   0.64200000
  0.619815  -0.0000   0.65000000
  0.623948  -0.0000   0.66100000
  0.626005  -0.0000   0.66700000
  0.629040  -0.0000   0.67600000
  0.633501  -0.0000   0.68900000
  0.637893  -0.0000   0.70200000
  0.642220  -0.0000   0.71500000
  0.644201  -0.0000   0.72100000
  0.647152  -0.0000   0.73000000
  0.651532  -0.0000   0.74300000
  0.653694  -0.0000   0.75000000
  0.656884  -0.0000   0.76000000
  0.661587  -0.0000   0.77500000
  0.666211  -0.0000   0.79100000
  0.673372  -0.0000   0.81500000
  0.677595  -0.0000   0.82900000
  0.680203  -0.0000   0.83800000
  0.682784  -0.0000   0.84700000
  0.685339  -0.0000   0.85600000
  0.687871  -0.0000   0.86500000
  0.691631  -0.0000   0.87800000
  0.697190  -0.0000   0.89900000
  0.699263  -0.0000   0.90600000
  0.702347  -0.0000   0.91800000
  0.703486  -0.0000   0.92200000
  0.705183  -0.0000   0.92800000
  0.707701  -0.0000   0.93800000
  0.711421  -0.0000   0.95200000
  0.713271  -0.0000   0.96000000
  0.716025  -0.0000   0.97000000
  0.720111  -0.0000   0.98700000
  0.723449  -0.0000   1.00000000
  0.723448  -0.0000   1.00000000
  0.723448  -0.0000   1.00000000
  0.723448  -0.0000   1.00000000
  0.723448  -0.0000   1.00000000
  0.723448  -0.0000   1.00000000
  0.723448  -0.0000   1.00000000
  0.723447  -0.0000   1.00000000
  0.723447  -0.0000   1.00000000
  0.723446  -0.0000   1.00000000
  0.723444  -0.0000   1.00000000
  0.723442  -0.0000   1.00000000
  0.723439  -0.0000   1.00000000
  0.723434  -0.0000   1.00000000
  0.723427  -0.0000   1.00000000
  0.723416  -0.0000   1.00000000
  0.723401  -0.0000   1.00000000
