  0.000004  -0.0000   0.00000010
  0.000011  -0.0000   0.00000020
  0.000032  -0.0000   0.00000030
  0.000204  -0.0000   0.00000040
  0.002173  -0.0000   0.00000050
  0.006052  -0.0000   0.00000054
  0.006085  -0.0000   0.00000059
  0.006157  -0.0000   0.00000068
  0.006269  -0.0000   0.00000076
  0.006429  -0.0000   0.00000085
  0.006648  -0.0000   0.00000094
  0.006931  -0.0000   0.00000102
  0.007211  -0.0000   0.00000109
  0.007540  -0.0000   0.00000117
  0.007919  -0.0000   0.00000124
  0.008402  -0.0000   0.00000131
  0.008947  -0.0000   0.00000139
  0.009551  -0.0000   0.00000147
  0.010215  -0.0000   0.00000155
  0.010938  -0.0000   0.00000163
  0.011723  -0.0000   0.00000171
  0.012570  -0.0000   0.00000179
  0.013482  -0.0000   0.00000186
  0.014461  -0.0000   0.00000194
  0.015507  -0.0000   0.00000202
  0.016623  -0.0000   0.00000210
  0.017808  -0.0000   0.00000218
  0.019061  -0.0000   0.00000226
  0.019565  -0.0000   0.00000229
  0.020079  -0.0000   0.00000232
  0.020157  -0.0000   0.00000233
  0.020165  -0.0000   0.00000233
  0.020171  -0.0000   0.00000233
  0.020175  -0.0000   0.00000234
  0.020179  -0.0000   0.00000234
  0.020184  -0.0000   0.00000235
  0.020191  -0.0000   0.00000236
  0.020200  -0.0000   0.00000238
  0.020213  -0.0000   0.00000240
  0.020233  -0.0000   0.00000244
  0.020264  -0.0000   0.00000249
  0.020313  -0.0000   0.00000257
  0.020391  -0.0000   0.00000269
  0.020522  -0.0000   0.00000287
  0.020753  -0.0000   0.00000314
  0.021065  -0.0000   0.00000344
  0.021440  -0.0000   0.00000374
  0.021888  -0.0000   0.00000405
  0.022418  -0.0000   0.00000435
  0.022916  -0.0000   0.00000460
  0.023480  -0.0000   0.00000484
  0.024113  -0.0000   0.00000509
  0.024906  -0.0000   0.00000537
  0.025795  -0.0000   0.00000565
  0.026783  -0.0000   0.00000592
  0.027678  -0.0000   0.00000615
  0.028646  -0.0000   0.00000638
  0.029691  -0.0000   0.00000661
  0.030813  -0.0000   0.00000684
  0.032015  -0.0000   0.00000707
  0.033296  -0.0000   0.00000730
  0.034658  -0.0000   0.00000753
  0.036098  -0.0000   0.00000776
  0.036351  -0.0000   0.00000780
  0.036607  -0.0000   0.00000784
  0.036864  -0.0000   0.00000788
  0.037051  -0.0000   0.00000791
  0.037095  -0.0000   0.00000792
  0.037113  -0.0000   0.00000794
  0.037129  -0.0000   0.00000796
  0.037152  -0.0000   0.00000798
  0.037185  -0.0000   0.00000802
  0.037237  -0.0000   0.00000807
  0.037314  -0.0000   0.00000816
  0.037431  -0.0000   0.00000828
  0.037611  -0.0000   0.00000847
  0.037891  -0.0000   0.00000875
  0.038349  -0.0000   0.00000917
  0.038947  -0.0000   0.00000966
  0.039613  -0.0000   0.00001016
  0.040358  -0.0000   0.00001065
  0.041189  -0.0000   0.00001115
  0.042116  -0.0000   0.00001164
  0.043146  -0.0000   0.00001214
  0.044286  -0.0000   0.00001263
  0.045542  -0.0000   0.00001313
  0.046677  -0.0000   0.00001354
  0.047899  -0.0000   0.00001395
  0.049212  -0.0000   0.00001437
  0.050763  -0.0000   0.00001482
  0.052425  -0.0000   0.00001527
  0.054198  -0.0000   0.00001573
  0.054347  -0.0000   0.00001577
  0.054498  -0.0000   0.00001580
  0.054573  -0.0000   0.00001584
  0.054630  -0.0000   0.00001590
  0.054688  -0.0000   0.00001596
  0.054746  -0.0000   0.00001601
  0.054833  -0.0000   0.00001610
  0.054965  -0.0000   0.00001623
  0.055165  -0.0000   0.00001642
  0.055470  -0.0000   0.00001671
  0.055946  -0.0000   0.00001714
  0.056713  -0.0000   0.00001780
  0.057461  -0.0000   0.00001839
  0.058267  -0.0000   0.00001898
  0.059136  -0.0000   0.00001957
  0.060091  -0.0000   0.00002017
  0.061121  -0.0000   0.00002077
  0.062230  -0.0000   0.00002137
  0.063367  -0.0000   0.00002195
  0.064584  -0.0000   0.00002252
  0.065881  -0.0000   0.00002310
  0.067301  -0.0000   0.00002369
  0.068809  -0.0000   0.00002428
  0.070406  -0.0000   0.00002487
  0.070968  -0.0000   0.00002508
  0.071542  -0.0000   0.00002528
  0.071982  -0.0000   0.00002545
  0.072026  -0.0000   0.00002550
  0.072069  -0.0000   0.00002554
  0.072112  -0.0000   0.00002558
  0.072177  -0.0000   0.00002565
  0.072275  -0.0000   0.00002574
  0.072423  -0.0000   0.00002589
  0.072646  -0.0000   0.00002611
  0.072985  -0.0000   0.00002643
  0.073507  -0.0000   0.00002693
  0.074331  -0.0000   0.00002766
  0.075379  -0.0000   0.00002853
  0.076504  -0.0000   0.00002941
  0.077716  -0.0000   0.00003028
  0.078997  -0.0000   0.00003114
  0.080372  -0.0000   0.00003200
  0.081846  -0.0000   0.00003286
  0.083615  -0.0000   0.00003381
  0.085514  -0.0000   0.00003477
  0.087544  -0.0000   0.00003573
  0.088689  -0.0000   0.00003625
  0.089029  -0.0000   0.00003641
  0.089368  -0.0000   0.00003656
  0.089406  -0.0000   0.00003660
  0.089461  -0.0000   0.00003666
  0.089545  -0.0000   0.00003674
  0.089629  -0.0000   0.00003683
  0.089756  -0.0000   0.00003696
  0.089947  -0.0000   0.00003716
  0.090236  -0.0000   0.00003745
  0.090674  -0.0000   0.00003789
  0.091350  -0.0000   0.00003854
  0.092417  -0.0000   0.00003953
  0.093581  -0.0000   0.00004054
  0.094817  -0.0000   0.00004156
  0.096131  -0.0000   0.00004257
  0.097502  -0.0000   0.00004357
  0.098956  -0.0000   0.00004456
  0.100495  -0.0000   0.00004556
  0.102237  -0.0000   0.00004662
  0.104079  -0.0000   0.00004769
  0.106022  -0.0000   0.00004875
  0.106238  -0.0000   0.00004887
  0.106454  -0.0000   0.00004898
  0.106672  -0.0000   0.00004910
  0.106821  -0.0000   0.00004922
  0.106928  -0.0000   0.00004933
  0.107036  -0.0000   0.00004945
  0.107145  -0.0000   0.00004957
  0.107309  -0.0000   0.00004974
  0.107556  -0.0000   0.00005000
  0.107929  -0.0000   0.00005039
  0.108496  -0.0000   0.00005098
  0.109374  -0.0000   0.00005186
  0.110765  -0.0000   0.00005319
  0.112002  -0.0000   0.00005431
  0.113303  -0.0000   0.00005543
  0.114673  -0.0000   0.00005655
  0.116211  -0.0000   0.00005774
  0.117832  -0.0000   0.00005893
  0.119538  -0.0000   0.00006012
  0.121568  -0.0000   0.00006146
  0.123706  -0.0000   0.00006280
  0.123908  -0.0000   0.00006293
  0.124111  -0.0000   0.00006305
  0.124253  -0.0000   0.00006318
  0.124295  -0.0000   0.00006323
  0.124357  -0.0000   0.00006330
  0.124452  -0.0000   0.00006340
  0.124595  -0.0000   0.00006356
  0.124810  -0.0000   0.00006380
  0.125133  -0.0000   0.00006416
  0.125622  -0.0000   0.00006470
  0.126370  -0.0000   0.00006551
  0.127533  -0.0000   0.00006672
  0.129389  -0.0000   0.00006853
  0.131369  -0.0000   0.00007035
  0.133482  -0.0000   0.00007216
  0.135735  -0.0000   0.00007398
  0.138130  -0.0000   0.00007580
  0.140668  -0.0000   0.00007761
  0.140930  -0.0000   0.00007780
  0.141193  -0.0000   0.00007798
  0.141458  -0.0000   0.00007817
  0.141731  -0.0000   0.00007841
  0.141781  -0.0000   0.00007846
  0.141830  -0.0000   0.00007852
  0.141905  -0.0000   0.00007861
  0.142018  -0.0000   0.00007874
  0.142188  -0.0000   0.00007894
  0.142443  -0.0000   0.00007924
  0.142828  -0.0000   0.00007969
  0.143411  -0.0000   0.00008036
  0.144305  -0.0000   0.00008136
  0.145698  -0.0000   0.00008287
  0.147290  -0.0000   0.00008452
  0.148960  -0.0000   0.00008616
  0.150712  -0.0000   0.00008781
  0.152718  -0.0000   0.00008960
  0.154826  -0.0000   0.00009138
  0.157038  -0.0000   0.00009317
  0.157659  -0.0000   0.00009367
  0.158287  -0.0000   0.00009416
  0.158923  -0.0000   0.00009466
  0.159139  -0.0000   0.00009482
  0.159274  -0.0000   0.00009499
  0.159410  -0.0000   0.00009516
  0.159547  -0.0000   0.00009533
  0.159684  -0.0000   0.00009549
  0.159891  -0.0000   0.00009574
  0.160201  -0.0000   0.00009612
  0.160670  -0.0000   0.00009669
  0.161382  -0.0000   0.00009754
  0.162478  -0.0000   0.00009881
  0.164143  -0.0000   0.00010070
  0.165453  -0.0000   0.00010230
  0.166735  -0.0000   0.00010380
  0.167991  -0.0000   0.00010530
  0.169825  -0.0000   0.00010770
  0.172203  -0.0000   0.00011080
  0.174507  -0.0000   0.00011390
  0.176736  -0.0000   0.00011700
  0.176759  -0.0000   0.00011700
  0.176793  -0.0000   0.00011710
  0.176845  -0.0000   0.00011720
  0.176922  -0.0000   0.00011740
  0.177038  -0.0000   0.00011760
  0.177212  -0.0000   0.00011800
  0.177469  -0.0000   0.00011850
  0.177849  -0.0000   0.00011930
  0.178409  -0.0000   0.00012060
  0.179230  -0.0000   0.00012250
  0.180430  -0.0000   0.00012520
  0.181805  -0.0000   0.00012850
  0.183149  -0.0000   0.00013180
  0.184465  -0.0000   0.00013510
  0.186209  -0.0000   0.00013960
  0.187911  -0.0000   0.00014410
  0.190101  -0.0000   0.00015000
  0.192230  -0.0000   0.00015590
  0.194301  -0.0000   0.00016190
  0.194514  -0.0000   0.00016250
  0.194667  -0.0000   0.00016310
  0.194816  -0.0000   0.00016370
  0.194965  -0.0000   0.00016430
  0.195113  -0.0000   0.00016490
  0.195333  -0.0000   0.00016580
  0.195659  -0.0000   0.00016720
  0.196140  -0.0000   0.00016930
  0.196848  -0.0000   0.00017230
  0.197886  -0.0000   0.00017700
  0.199398  -0.0000   0.00018390
  0.200872  -0.0000   0.00019090
  0.202314  -0.0000   0.00019790
  0.203726  -0.0000   0.00020480
  0.205784  -0.0000   0.00021520
  0.207787  -0.0000   0.00022570
  0.210140  -0.0000   0.00023830
  0.211137  -0.0000   0.00024370
  0.212121  -0.0000   0.00024920
  0.212289  -0.0000   0.00025030
  0.212446  -0.0000   0.00025150
  0.212603  -0.0000   0.00025270
  0.212759  -0.0000   0.00025390
  0.212992  -0.0000   0.00025570
  0.213335  -0.0000   0.00025830
  0.213843  -0.0000   0.00026240
  0.214591  -0.0000   0.00026840
  0.215686  -0.0000   0.00027740
  0.217282  -0.0000   0.00029090
  0.218839  -0.0000   0.00030440
  0.220360  -0.0000   0.00031790
  0.221849  -0.0000   0.00033150
  0.223993  -0.0000   0.00035150
  0.226080  -0.0000   0.00037150
  0.228444  -0.0000   0.00039490
  0.228932  -0.0000   0.00039970
  0.229417  -0.0000   0.00040460
  0.229898  -0.0000   0.00040940
  0.230082  -0.0000   0.00041170
  0.230257  -0.0000   0.00041410
  0.230432  -0.0000   0.00041640
  0.230606  -0.0000   0.00041870
  0.230864  -0.0000   0.00042220
  0.231246  -0.0000   0.00042750
  0.231812  -0.0000   0.00043540
  0.232644  -0.0000   0.00044720
  0.233863  -0.0000   0.00046490
  0.235526  -0.0000   0.00048980
  0.237148  -0.0000   0.00051460
  0.238734  -0.0000   0.00053950
  0.240287  -0.0000   0.00056440
  0.242550  -0.0000   0.00060170
  0.244753  -0.0000   0.00063900
  0.246902  -0.0000   0.00067630
  0.247239  -0.0000   0.00068210
  0.247575  -0.0000   0.00068800
  0.247865  -0.0000   0.00069390
  0.247963  -0.0000   0.00069610
  0.248061  -0.0000   0.00069830
  0.248159  -0.0000   0.00070050
  0.248305  -0.0000   0.00070380
  0.248523  -0.0000   0.00070880
  0.248847  -0.0000   0.00071630
  0.249325  -0.0000   0.00072740
  0.250032  -0.0000   0.00074420
  0.251069  -0.0000   0.00076930
  0.252585  -0.0000   0.00080700
  0.254066  -0.0000   0.00084470
  0.255517  -0.0000   0.00088240
  0.256938  -0.0000   0.00092010
  0.259015  -0.0000   0.00097660
  0.261477  -0.0000   0.00104600
  0.263873  -0.0000   0.00111500
  0.264470  -0.0000   0.00113200
  0.265063  -0.0000   0.00114900
  0.265621  -0.0000   0.00116700
  0.265665  -0.0000   0.00116800
  0.265732  -0.0000   0.00117100
  0.265831  -0.0000   0.00117400
  0.265980  -0.0000   0.00118000
  0.266202  -0.0000   0.00118800
  0.266532  -0.0000   0.00120000
  0.267019  -0.0000   0.00121900
  0.267739  -0.0000   0.00124700
  0.268796  -0.0000   0.00128800
  0.270340  -0.0000   0.00135100
  0.271849  -0.0000   0.00141300
  0.273327  -0.0000   0.00147500
  0.274776  -0.0000   0.00153800
  0.276892  -0.0000   0.00163100
  0.279354  -0.0000   0.00174300
  0.281753  -0.0000   0.00185500
  0.282340  -0.0000   0.00188300
  0.282923  -0.0000   0.00191000
  0.283466  -0.0000   0.00193800
  0.283511  -0.0000   0.00194100
  0.283577  -0.0000   0.00194400
  0.283678  -0.0000   0.00195000
  0.283827  -0.0000   0.00195900
  0.284050  -0.0000   0.00197200
  0.284382  -0.0000   0.00199200
  0.284872  -0.0000   0.00202100
  0.285597  -0.0000   0.00206500
  0.286662  -0.0000   0.00213100
  0.288219  -0.0000   0.00223100
  0.289741  -0.0000   0.00233000
  0.291231  -0.0000   0.00242900
  0.292693  -0.0000   0.00252900
  0.294832  -0.0000   0.00267800
  0.296921  -0.0000   0.00282600
  0.298967  -0.0000   0.00297500
  0.300975  -0.0000   0.00312400
  0.301227  -0.0000   0.00314500
  0.301285  -0.0000   0.00315000
  0.301342  -0.0000   0.00315500
  0.301400  -0.0000   0.00316000
  0.301486  -0.0000   0.00316800
  0.301614  -0.0000   0.00317900
  0.301806  -0.0000   0.00319700
  0.302091  -0.0000   0.00322300
  0.302515  -0.0000   0.00326100
  0.303141  -0.0000   0.00332000
  0.304064  -0.0000   0.00340700
  0.305416  -0.0000   0.00353800
  0.307290  -0.0000   0.00372500
  0.309118  -0.0000   0.00391200
  0.310906  -0.0000   0.00409900
  0.312657  -0.0000   0.00428500
  0.315001  -0.0000   0.00454100
  0.317293  -0.0000   0.00479800
  0.317993  -0.0000   0.00487600
  0.318690  -0.0000   0.00495500
  0.318864  -0.0000   0.00497500
  0.319090  -0.0000   0.00500400
  0.319173  -0.0000   0.00501600
  0.319297  -0.0000   0.00503200
  0.319482  -0.0000   0.00505700
  0.319757  -0.0000   0.00509500
  0.320166  -0.0000   0.00515100
  0.320771  -0.0000   0.00523500
  0.321664  -0.0000   0.00536100
  0.322973  -0.0000   0.00555100
  0.324881  -0.0000   0.00583500
  0.326743  -0.0000   0.00611900
  0.328564  -0.0000   0.00640300
  0.330349  -0.0000   0.00668700
  0.332644  -0.0000   0.00706100
  0.334891  -0.0000   0.00743500
  0.335846  -0.0000   0.00759500
  0.336776  -0.0000   0.00775500
  0.336827  -0.0000   0.00776500
  0.336877  -0.0000   0.00777500
  0.336928  -0.0000   0.00778500
  0.337005  -0.0000   0.00780000
  0.337119  -0.0000   0.00782300
  0.337289  -0.0000   0.00785700
  0.337543  -0.0000   0.00790700
  0.337920  -0.0000   0.00798300
  0.338478  -0.0000   0.00809800
  0.339303  -0.0000   0.00826900
  0.340515  -0.0000   0.00852500
  0.342286  -0.0000   0.00891000
  0.344017  -0.0000   0.00929500
  0.345712  -0.0000   0.00968000
  0.347377  -0.0000   0.01007000
  0.349804  -0.0000   0.01064000
  0.352179  -0.0000   0.01122000
  0.354508  -0.0000   0.01179000
  0.354741  -0.0000   0.01185000
  0.354969  -0.0000   0.01192000
  0.355196  -0.0000   0.01198000
  0.355422  -0.0000   0.01205000
  0.355757  -0.0000   0.01215000
  0.356255  -0.0000   0.01229000
  0.356992  -0.0000   0.01251000
  0.358076  -0.0000   0.01284000
  0.359664  -0.0000   0.01333000
  0.361730  -0.0000   0.01399000
  0.363748  -0.0000   0.01465000
  0.365725  -0.0000   0.01531000
  0.367666  -0.0000   0.01597000
  0.369575  -0.0000   0.01663000
  0.372207  -0.0000   0.01756000
  0.372456  -0.0000   0.01766000
  0.372515  -0.0000   0.01768000
  0.372575  -0.0000   0.01770000
  0.372664  -0.0000   0.01774000
  0.372798  -0.0000   0.01779000
  0.372997  -0.0000   0.01787000
  0.373293  -0.0000   0.01800000
  0.373734  -0.0000   0.01818000
  0.374386  -0.0000   0.01845000
  0.375347  -0.0000   0.01886000
  0.376758  -0.0000   0.01947000
  0.378818  -0.0000   0.02039000
  0.380829  -0.0000   0.02131000
  0.382799  -0.0000   0.02223000
  0.384734  -0.0000   0.02315000
  0.386637  -0.0000   0.02407000
  0.389193  -0.0000   0.02534000
  0.389637  -0.0000   0.02556000
  0.390079  -0.0000   0.02578000
  0.390337  -0.0000   0.02592000
  0.390591  -0.0000   0.02606000
  0.390843  -0.0000   0.02620000
  0.391095  -0.0000   0.02635000
  0.391468  -0.0000   0.02656000
  0.392022  -0.0000   0.02688000
  0.392842  -0.0000   0.02737000
  0.394047  -0.0000   0.02809000
  0.395812  -0.0000   0.02918000
  0.397964  -0.0000   0.03054000
  0.400069  -0.0000   0.03190000
  0.402135  -0.0000   0.03325000
  0.404164  -0.0000   0.03461000
  0.406161  -0.0000   0.03597000
  0.406878  -0.0000   0.03646000
  0.407591  -0.0000   0.03695000
  0.408066  -0.0000   0.03730000
  0.408094  -0.0000   0.03732000
  0.408122  -0.0000   0.03734000
  0.408164  -0.0000   0.03737000
  0.408227  -0.0000   0.03742000
  0.408321  -0.0000   0.03749000
  0.408462  -0.0000   0.03760000
  0.408672  -0.0000   0.03776000
  0.408985  -0.0000   0.03801000
  0.409449  -0.0000   0.03838000
  0.410137  -0.0000   0.03893000
  0.411151  -0.0000   0.03976000
  0.412640  -0.0000   0.04100000
  0.414477  -0.0000   0.04257000
  0.416279  -0.0000   0.04414000
  0.418049  -0.0000   0.04570000
  0.420227  -0.0000   0.04767000
  0.422367  -0.0000   0.04964000
  0.424874  -0.0000   0.05198000
  0.425306  -0.0000   0.05239000
  0.425736  -0.0000   0.05279000
  0.425760  -0.0000   0.05282000
  0.425796  -0.0000   0.05286000
  0.425851  -0.0000   0.05291000
  0.425933  -0.0000   0.05300000
  0.426056  -0.0000   0.05313000
  0.426239  -0.0000   0.05332000
  0.426512  -0.0000   0.05361000
  0.426918  -0.0000   0.05404000
  0.427520  -0.0000   0.05469000
  0.428409  -0.0000   0.05566000
  0.429715  -0.0000   0.05713000
  0.431628  -0.0000   0.05932000
  0.433501  -0.0000   0.06151000
  0.435341  -0.0000   0.06370000
  0.437151  -0.0000   0.06589000
  0.439481  -0.0000   0.06876000
  0.441771  -0.0000   0.07164000
  0.442566  -0.0000   0.07264000
  0.443356  -0.0000   0.07364000
  0.443680  -0.0000   0.07408000
  0.443699  -0.0000   0.07411000
  0.443718  -0.0000   0.07413000
  0.443747  -0.0000   0.07417000
  0.443791  -0.0000   0.07423000
  0.443856  -0.0000   0.07433000
  0.443954  -0.0000   0.07446000
  0.444100  -0.0000   0.07467000
  0.444318  -0.0000   0.07498000
  0.444643  -0.0000   0.07544000
  0.445125  -0.0000   0.07613000
  0.445840  -0.0000   0.07718000
  0.446894  -0.0000   0.07874000
  0.448441  -0.0000   0.08108000
  0.450236  -0.0000   0.08385000
  0.451999  -0.0000   0.08663000
  0.453734  -0.0000   0.08940000
  0.455991  -0.0000   0.09308000
  0.458211  -0.0000   0.09676000
  0.460758  -0.0000   0.10100000
  0.461120  -0.0000   0.10200000
  0.461468  -0.0000   0.10200000
  0.461488  -0.0000   0.10200000
  0.461519  -0.0000   0.10200000
  0.461566  -0.0000   0.10200000
  0.461636  -0.0000   0.10300000
  0.461740  -0.0000   0.10300000
  0.461896  -0.0000   0.10300000
  0.462128  -0.0000   0.10400000
  0.462475  -0.0000   0.10400000
  0.462989  -0.0000   0.10500000
  0.463750  -0.0000   0.10700000
  0.464873  -0.0000   0.10900000
  0.466521  -0.0000   0.11200000
  0.468335  -0.0000   0.11600000
  0.470119  -0.0000   0.12000000
  0.471875  -0.0000   0.12300000
  0.474171  -0.0000   0.12800000
  0.476429  -0.0000   0.13300000
  0.479031  -0.0000   0.13900000
  0.479302  -0.0000   0.14000000
  0.479368  -0.0000   0.14000000
  0.479434  -0.0000   0.14000000
  0.479499  -0.0000   0.14000000
  0.479597  -0.0000   0.14000000
  0.479744  -0.0000   0.14100000
  0.479962  -0.0000   0.14100000
  0.480288  -0.0000   0.14200000
  0.480772  -0.0000   0.14300000
  0.481489  -0.0000   0.14500000
  0.482548  -0.0000   0.14800000
  0.484104  -0.0000   0.15200000
  0.485901  -0.0000   0.15700000
  0.487668  -0.0000   0.16100000
  0.489409  -0.0000   0.16600000
  0.491698  -0.0000   0.17300000
  0.493951  -0.0000   0.17900000
  0.496560  -0.0000   0.18700000
  0.496892  -0.0000   0.18800000
  0.497204  -0.0000   0.18900000
  0.497280  -0.0000   0.18900000
  0.497357  -0.0000   0.18900000
  0.497433  -0.0000   0.18900000
  0.497548  -0.0000   0.19000000
  0.497719  -0.0000   0.19000000
  0.497974  -0.0000   0.19100000
  0.498353  -0.0000   0.19200000
  0.498917  -0.0000   0.19400000
  0.499751  -0.0000   0.19700000
  0.500981  -0.0000   0.20100000
  0.502789  -0.0000   0.20700000
  0.504565  -0.0000   0.21300000
  0.506314  -0.0000   0.22000000
  0.508039  -0.0000   0.22600000
  0.510532  -0.0000   0.23500000
  0.512986  -0.0000   0.24400000
  0.514012  -0.0000   0.24800000
  0.515007  -0.0000   0.25200000
  0.515022  -0.0000   0.25200000
  0.515044  -0.0000   0.25200000
  0.515077  -0.0000   0.25200000
  0.515127  -0.0000   0.25200000
  0.515202  -0.0000   0.25300000
  0.515313  -0.0000   0.25300000
  0.515480  -0.0000   0.25400000
  0.515730  -0.0000   0.25500000
  0.516101  -0.0000   0.25600000
  0.516652  -0.0000   0.25900000
  0.517468  -0.0000   0.26200000
  0.518672  -0.0000   0.26700000
  0.520443  -0.0000   0.27500000
  0.522716  -0.0000   0.28500000
  0.524947  -0.0000   0.29500000
  0.527142  -0.0000   0.30600000
  0.529305  -0.0000   0.31600000
  0.531438  -0.0000   0.32600000
  0.531970  -0.0000   0.32900000
  0.532500  -0.0000   0.33100000
  0.532838  -0.0000   0.33300000
  0.532880  -0.0000   0.33300000
  0.532921  -0.0000   0.33300000
  0.532983  -0.0000   0.33400000
  0.533076  -0.0000   0.33400000
  0.533215  -0.0000   0.33500000
  0.533422  -0.0000   0.33600000
  0.533731  -0.0000   0.33800000
  0.534190  -0.0000   0.34000000
  0.534871  -0.0000   0.34400000
  0.535878  -0.0000   0.34900000
  0.537363  -0.0000   0.35700000
  0.539542  -0.0000   0.37000000
  0.541682  -0.0000   0.38200000
  0.543788  -0.0000   0.39400000
  0.545863  -0.0000   0.40700000
  0.547911  -0.0000   0.41900000
  0.549456  -0.0000   0.42900000
  0.550307  -0.0000   0.43400000
  0.550600  -0.0000   0.43600000
  0.550672  -0.0000   0.43600000
  0.550743  -0.0000   0.43700000
  0.550815  -0.0000   0.43700000
  0.550922  -0.0000   0.43800000
  0.551082  -0.0000   0.43900000
  0.551321  -0.0000   0.44000000
  0.551676  -0.0000   0.44300000
  0.552205  -0.0000   0.44600000
  0.552988  -0.0000   0.45200000
  0.554146  -0.0000   0.46000000
  0.555851  -0.0000   0.47200000
  0.557779  -0.0000   0.48600000
  0.559677  -0.0000   0.49900000
  0.561550  -0.0000   0.51300000
  0.563918  -0.0000   0.53100000
  0.566252  -0.0000   0.54900000
  0.567209  -0.0000   0.55600000
  0.568161  -0.0000   0.56400000
  0.568437  -0.0000   0.56600000
  0.568505  -0.0000   0.56600000
  0.568573  -0.0000   0.56700000
  0.568640  -0.0000   0.56800000
  0.568742  -0.0000   0.56800000
  0.568894  -0.0000   0.57000000
  0.569120  -0.0000   0.57200000
  0.569458  -0.0000   0.57400000
  0.569960  -0.0000   0.57900000
  0.570704  -0.0000   0.58500000
  0.571805  -0.0000   0.59500000
  0.573428  -0.0000   0.60900000
  0.575298  -0.0000   0.62600000
  0.577140  -0.0000   0.64300000
  0.578958  -0.0000   0.65900000
  0.581361  -0.0000   0.68200000
  0.583729  -0.0000   0.70500000
  0.585030  -0.0000   0.71700000
  0.586299  -0.0000   0.73000000
  0.586318  -0.0000   0.73000000
  0.586346  -0.0000   0.73000000
  0.586389  -0.0000   0.73000000
  0.586453  -0.0000   0.73100000
  0.586549  -0.0000   0.73200000
  0.586692  -0.0000   0.73400000
  0.586906  -0.0000   0.73600000
  0.587225  -0.0000   0.73900000
  0.587699  -0.0000   0.74400000
  0.588404  -0.0000   0.75200000
  0.589446  -0.0000   0.76300000
  0.590984  -0.0000   0.78000000
  0.592910  -0.0000   0.80100000
  0.594808  -0.0000   0.82300000
  0.596680  -0.0000   0.84500000
  0.598529  -0.0000   0.86600000
  0.601257  -0.0000   0.89800000
  0.603943  -0.0000   0.93100000
  0.603953  -0.0000   0.93100000
  0.603968  -0.0000   0.93100000
  0.603990  -0.0000   0.93100000
  0.604024  -0.0000   0.93200000
  0.604074  -0.0000   0.93200000
  0.604149  -0.0000   0.93300000
  0.604261  -0.0000   0.93500000
  0.604429  -0.0000   0.93700000
  0.604680  -0.0000   0.94000000
  0.605053  -0.0000   0.94500000
  0.605608  -0.0000   0.95200000
  0.606430  -0.0000   0.96300000
  0.607647  -0.0000   0.98000000
  0.609140  -0.0000   1.00000000
  0.609093  -0.0000   1.00000000
  0.609093  -0.0000   1.00000000
  0.609093  -0.0000   1.00000000
  0.609093  -0.0000   1.00000000
  0.609093  -0.0000   1.00000000
  0.609093  -0.0000   1.00000000
  0.609093  -0.0000   1.00000000
  0.609093  -0.0000   1.00000000
  0.609093  -0.0000   1.00000000
  0.609093  -0.0000   1.00000000
  0.609093  -0.0000   1.00000000
  0.609092  -0.0000   1.00000000
  0.609092  -0.0000   1.00000000
  0.609091  -0.0000   1.00000000
  0.609091  -0.0000   1.00000000
