  0.000007  -0.0000   0.00000010
  0.000015  -0.0000   0.00000020
  0.000041  -0.0000   0.00000030
  0.000464  -0.0000   0.00000045
  0.006061  -0.0000   0.00000067
  0.006139  -0.0000   0.00000087
  0.006259  -0.0000   0.00000106
  0.006443  -0.0000   0.00000125
  0.006612  -0.0000   0.00000139
  0.006829  -0.0000   0.00000152
  0.007100  -0.0000   0.00000166
  0.007433  -0.0000   0.00000179
  0.007832  -0.0000   0.00000193
  0.008212  -0.0000   0.00000204
  0.008643  -0.0000   0.00000215
  0.009126  -0.0000   0.00000226
  0.009662  -0.0000   0.00000237
  0.010252  -0.0000   0.00000248
  0.010896  -0.0000   0.00000260
  0.011592  -0.0000   0.00000271
  0.012341  -0.0000   0.00000282
  0.013141  -0.0000   0.00000293
  0.013993  -0.0000   0.00000304
  0.014986  -0.0000   0.00000316
  0.016040  -0.0000   0.00000329
  0.017153  -0.0000   0.00000341
  0.018326  -0.0000   0.00000353
  0.019559  -0.0000   0.00000365
  0.019657  -0.0000   0.00000366
  0.019756  -0.0000   0.00000367
  0.019855  -0.0000   0.00000368
  0.019974  -0.0000   0.00000370
  0.019986  -0.0000   0.00000371
  0.019995  -0.0000   0.00000372
  0.020002  -0.0000   0.00000373
  0.020011  -0.0000   0.00000374
  0.020023  -0.0000   0.00000377
  0.020038  -0.0000   0.00000380
  0.020057  -0.0000   0.00000385
  0.020085  -0.0000   0.00000393
  0.020127  -0.0000   0.00000405
  0.020196  -0.0000   0.00000423
  0.020314  -0.0000   0.00000449
  0.020529  -0.0000   0.00000489
  0.020844  -0.0000   0.00000536
  0.021227  -0.0000   0.00000583
  0.021685  -0.0000   0.00000630
  0.022226  -0.0000   0.00000677
  0.022858  -0.0000   0.00000725
  0.023458  -0.0000   0.00000764
  0.024130  -0.0000   0.00000804
  0.024878  -0.0000   0.00000844
  0.025706  -0.0000   0.00000883
  0.026616  -0.0000   0.00000923
  0.027611  -0.0000   0.00000963
  0.028694  -0.0000   0.00001002
  0.029868  -0.0000   0.00001042
  0.030917  -0.0000   0.00001075
  0.032032  -0.0000   0.00001109
  0.033214  -0.0000   0.00001142
  0.034598  -0.0000   0.00001178
  0.036065  -0.0000   0.00001215
  0.036307  -0.0000   0.00001221
  0.036550  -0.0000   0.00001227
  0.036796  -0.0000   0.00001233
  0.037100  -0.0000   0.00001242
  0.037126  -0.0000   0.00001245
  0.037147  -0.0000   0.00001247
  0.037167  -0.0000   0.00001250
  0.037193  -0.0000   0.00001254
  0.037232  -0.0000   0.00001260
  0.037289  -0.0000   0.00001269
  0.037377  -0.0000   0.00001283
  0.037514  -0.0000   0.00001304
  0.037730  -0.0000   0.00001334
  0.038077  -0.0000   0.00001381
  0.038650  -0.0000   0.00001450
  0.039308  -0.0000   0.00001522
  0.040035  -0.0000   0.00001594
  0.040836  -0.0000   0.00001665
  0.041679  -0.0000   0.00001734
  0.042601  -0.0000   0.00001803
  0.043607  -0.0000   0.00001872
  0.044700  -0.0000   0.00001942
  0.045885  -0.0000   0.00002011
  0.047165  -0.0000   0.00002080
  0.048800  -0.0000   0.00002161
  0.050229  -0.0000   0.00002227
  0.051752  -0.0000   0.00002293
  0.053372  -0.0000   0.00002359
  0.055125  -0.0000   0.00002433
  0.055166  -0.0000   0.00002437
  0.055218  -0.0000   0.00002444
  0.055267  -0.0000   0.00002451
  0.055315  -0.0000   0.00002458
  0.055389  -0.0000   0.00002468
  0.055501  -0.0000   0.00002484
  0.055674  -0.0000   0.00002507
  0.055940  -0.0000   0.00002542
  0.056356  -0.0000   0.00002594
  0.057020  -0.0000   0.00002673
  0.058113  -0.0000   0.00002791
  0.059314  -0.0000   0.00002909
  0.060631  -0.0000   0.00003027
  0.062073  -0.0000   0.00003145
  0.063647  -0.0000   0.00003263
  0.065358  -0.0000   0.00003381
  0.067212  -0.0000   0.00003499
  0.068870  -0.0000   0.00003598
  0.070632  -0.0000   0.00003696
  0.072500  -0.0000   0.00003795
  0.072682  -0.0000   0.00003805
  0.072866  -0.0000   0.00003815
  0.073032  -0.0000   0.00003824
  0.073110  -0.0000   0.00003834
  0.073182  -0.0000   0.00003845
  0.073254  -0.0000   0.00003855
  0.073327  -0.0000   0.00003865
  0.073437  -0.0000   0.00003880
  0.073606  -0.0000   0.00003903
  0.073863  -0.0000   0.00003937
  0.074260  -0.0000   0.00003989
  0.074878  -0.0000   0.00004066
  0.075860  -0.0000   0.00004181
  0.077058  -0.0000   0.00004313
  0.078341  -0.0000   0.00004444
  0.079715  -0.0000   0.00004576
  0.081269  -0.0000   0.00004715
  0.082935  -0.0000   0.00004853
  0.084715  -0.0000   0.00004992
  0.086844  -0.0000   0.00005146
  0.089122  -0.0000   0.00005301
  0.089799  -0.0000   0.00005346
  0.090488  -0.0000   0.00005391
  0.090878  -0.0000   0.00005416
  0.090983  -0.0000   0.00005428
  0.091066  -0.0000   0.00005440
  0.091148  -0.0000   0.00005452
  0.091273  -0.0000   0.00005469
  0.091464  -0.0000   0.00005496
  0.091755  -0.0000   0.00005536
  0.092201  -0.0000   0.00005596
  0.092893  -0.0000   0.00005687
  0.093982  -0.0000   0.00005822
  0.095402  -0.0000   0.00005988
  0.096914  -0.0000   0.00006154
  0.098524  -0.0000   0.00006320
  0.100588  -0.0000   0.00006517
  0.102804  -0.0000   0.00006715
  0.105177  -0.0000   0.00006912
  0.107255  -0.0000   0.00007076
  0.108087  -0.0000   0.00007140
  0.108935  -0.0000   0.00007205
  0.109031  -0.0000   0.00007218
  0.109119  -0.0000   0.00007231
  0.109208  -0.0000   0.00007244
  0.109343  -0.0000   0.00007264
  0.109548  -0.0000   0.00007294
  0.109860  -0.0000   0.00007338
  0.110338  -0.0000   0.00007405
  0.111073  -0.0000   0.00007505
  0.112224  -0.0000   0.00007655
  0.114066  -0.0000   0.00007881
  0.116033  -0.0000   0.00008106
  0.118133  -0.0000   0.00008332
  0.120371  -0.0000   0.00008557
  0.122752  -0.0000   0.00008783
  0.125277  -0.0000   0.00009008
  0.125800  -0.0000   0.00009054
  0.126330  -0.0000   0.00009101
  0.126865  -0.0000   0.00009147
  0.127049  -0.0000   0.00009165
  0.127170  -0.0000   0.00009184
  0.127290  -0.0000   0.00009202
  0.127472  -0.0000   0.00009230
  0.127656  -0.0000   0.00009257
  0.127936  -0.0000   0.00009299
  0.128362  -0.0000   0.00009361
  0.129013  -0.0000   0.00009454
  0.130021  -0.0000   0.00009594
  0.131606  -0.0000   0.00009804
  0.134066  -0.0000   0.00010120
  0.136461  -0.0000   0.00010430
  0.138806  -0.0000   0.00010750
  0.141105  -0.0000   0.00011060
  0.143361  -0.0000   0.00011380
  0.143754  -0.0000   0.00011430
  0.144145  -0.0000   0.00011490
  0.144535  -0.0000   0.00011540
  0.145117  -0.0000   0.00011630
  0.145245  -0.0000   0.00011650
  0.145362  -0.0000   0.00011680
  0.145479  -0.0000   0.00011710
  0.145655  -0.0000   0.00011750
  0.145918  -0.0000   0.00011810
  0.146312  -0.0000   0.00011910
  0.146896  -0.0000   0.00012040
  0.147760  -0.0000   0.00012250
  0.149033  -0.0000   0.00012570
  0.150904  -0.0000   0.00013040
  0.153033  -0.0000   0.00013590
  0.155124  -0.0000   0.00014140
  0.157179  -0.0000   0.00014680
  0.159829  -0.0000   0.00015400
  0.162425  -0.0000   0.00016120
  0.162680  -0.0000   0.00016200
  0.162935  -0.0000   0.00016270
  0.163189  -0.0000   0.00016340
  0.163480  -0.0000   0.00016440
  0.163725  -0.0000   0.00016550
  0.163971  -0.0000   0.00016660
  0.164217  -0.0000   0.00016760
  0.164582  -0.0000   0.00016920
  0.165126  -0.0000   0.00017160
  0.165932  -0.0000   0.00017520
  0.167121  -0.0000   0.00018060
  0.168872  -0.0000   0.00018870
  0.170982  -0.0000   0.00019860
  0.173055  -0.0000   0.00020860
  0.175095  -0.0000   0.00021850
  0.177701  -0.0000   0.00023150
  0.180258  -0.0000   0.00024440
  0.180571  -0.0000   0.00024600
  0.180884  -0.0000   0.00024760
  0.181196  -0.0000   0.00024920
  0.181621  -0.0000   0.00025160
  0.181809  -0.0000   0.00025300
  0.181999  -0.0000   0.00025440
  0.182188  -0.0000   0.00025590
  0.182377  -0.0000   0.00025730
  0.182659  -0.0000   0.00025940
  0.183079  -0.0000   0.00026260
  0.183703  -0.0000   0.00026740
  0.184627  -0.0000   0.00027460
  0.185992  -0.0000   0.00028540
  0.187999  -0.0000   0.00030150
  0.190464  -0.0000   0.00032180
  0.192884  -0.0000   0.00034210
  0.195261  -0.0000   0.00036230
  0.197598  -0.0000   0.00038260
  0.198174  -0.0000   0.00038760
  0.198748  -0.0000   0.00039260
  0.199320  -0.0000   0.00039760
  0.199725  -0.0000   0.00040120
  0.199907  -0.0000   0.00040340
  0.200082  -0.0000   0.00040550
  0.200256  -0.0000   0.00040770
  0.200431  -0.0000   0.00040980
  0.200692  -0.0000   0.00041300
  0.201080  -0.0000   0.00041790
  0.201657  -0.0000   0.00042510
  0.202512  -0.0000   0.00043600
  0.203776  -0.0000   0.00045230
  0.205638  -0.0000   0.00047680
  0.208073  -0.0000   0.00050950
  0.210465  -0.0000   0.00054220
  0.212816  -0.0000   0.00057490
  0.215128  -0.0000   0.00060760
  0.216762  -0.0000   0.00063100
  0.217452  -0.0000   0.00064090
  0.218081  -0.0000   0.00065080
  0.218318  -0.0000   0.00065550
  0.218555  -0.0000   0.00066010
  0.218792  -0.0000   0.00066470
  0.219028  -0.0000   0.00066930
  0.219381  -0.0000   0.00067630
  0.219905  -0.0000   0.00068670
  0.220683  -0.0000   0.00070230
  0.221835  -0.0000   0.00072570
  0.223534  -0.0000   0.00076090
  0.226033  -0.0000   0.00081360
  0.228486  -0.0000   0.00086630
  0.230898  -0.0000   0.00091910
  0.233270  -0.0000   0.00097180
  0.235376  -0.0000   0.00101900
  0.235717  -0.0000   0.00102700
  0.236057  -0.0000   0.00103500
  0.236343  -0.0000   0.00104200
  0.236603  -0.0000   0.00105000
  0.236863  -0.0000   0.00105800
  0.237122  -0.0000   0.00106500
  0.237508  -0.0000   0.00107700
  0.238082  -0.0000   0.00109400
  0.238933  -0.0000   0.00112000
  0.240192  -0.0000   0.00115900
  0.242049  -0.0000   0.00121800
  0.244473  -0.0000   0.00129600
  0.246856  -0.0000   0.00137400
  0.249200  -0.0000   0.00145100
  0.251508  -0.0000   0.00152900
  0.252665  -0.0000   0.00156900
  0.253814  -0.0000   0.00160800
  0.254245  -0.0000   0.00162300
  0.254544  -0.0000   0.00163500
  0.254818  -0.0000   0.00164700
  0.255091  -0.0000   0.00165900
  0.255363  -0.0000   0.00167100
  0.255769  -0.0000   0.00168900
  0.256373  -0.0000   0.00171600
  0.257268  -0.0000   0.00175600
  0.258593  -0.0000   0.00181700
  0.260547  -0.0000   0.00190800
  0.262956  -0.0000   0.00202200
  0.265325  -0.0000   0.00213600
  0.267657  -0.0000   0.00225100
  0.269954  -0.0000   0.00236500
  0.270719  -0.0000   0.00240300
  0.271480  -0.0000   0.00244200
  0.272238  -0.0000   0.00248000
  0.272581  -0.0000   0.00249700
  0.272814  -0.0000   0.00251200
  0.273042  -0.0000   0.00252600
  0.273270  -0.0000   0.00254100
  0.273497  -0.0000   0.00255500
  0.273836  -0.0000   0.00257600
  0.274341  -0.0000   0.00260900
  0.275091  -0.0000   0.00265700
  0.276202  -0.0000   0.00273000
  0.277845  -0.0000   0.00283900
  0.280263  -0.0000   0.00300300
  0.282640  -0.0000   0.00316700
  0.284980  -0.0000   0.00333100
  0.287286  -0.0000   0.00349400
  0.290492  -0.0000   0.00372700
  0.290774  -0.0000   0.00374700
  0.291017  -0.0000   0.00376800
  0.291248  -0.0000   0.00378800
  0.291479  -0.0000   0.00380900
  0.291709  -0.0000   0.00382900
  0.292052  -0.0000   0.00386000
  0.292563  -0.0000   0.00390600
  0.293322  -0.0000   0.00397500
  0.294448  -0.0000   0.00407900
  0.296112  -0.0000   0.00423400
  0.298562  -0.0000   0.00446700
  0.300971  -0.0000   0.00470100
  0.303342  -0.0000   0.00493400
  0.305679  -0.0000   0.00516700
  0.308928  -0.0000   0.00549800
  0.309189  -0.0000   0.00552600
  0.309422  -0.0000   0.00555500
  0.309656  -0.0000   0.00558300
  0.309889  -0.0000   0.00561200
  0.310236  -0.0000   0.00565500
  0.310754  -0.0000   0.00571900
  0.311522  -0.0000   0.00581500
  0.312662  -0.0000   0.00596000
  0.314348  -0.0000   0.00617700
  0.316829  -0.0000   0.00650200
  0.319269  -0.0000   0.00682800
  0.321672  -0.0000   0.00715300
  0.324039  -0.0000   0.00747800
  0.327267  -0.0000   0.00793000
  0.327518  -0.0000   0.00796900
  0.327757  -0.0000   0.00800900
  0.327995  -0.0000   0.00804900
  0.328233  -0.0000   0.00808800
  0.328587  -0.0000   0.00814700
  0.329115  -0.0000   0.00823600
  0.329901  -0.0000   0.00837000
  0.331065  -0.0000   0.00857000
  0.332787  -0.0000   0.00887000
  0.335322  -0.0000   0.00932000
  0.337815  -0.0000   0.00977100
  0.340271  -0.0000   0.01022000
  0.342691  -0.0000   0.01067000
  0.344020  -0.0000   0.01092000
  0.345340  -0.0000   0.01117000
  0.345668  -0.0000   0.01124000
  0.345962  -0.0000   0.01130000
  0.346256  -0.0000   0.01137000
  0.346548  -0.0000   0.01143000
  0.346840  -0.0000   0.01150000
  0.347274  -0.0000   0.01159000
  0.347921  -0.0000   0.01174000
  0.348882  -0.0000   0.01196000
  0.350306  -0.0000   0.01229000
  0.352409  -0.0000   0.01278000
  0.355001  -0.0000   0.01340000
  0.357552  -0.0000   0.01402000
  0.360066  -0.0000   0.01464000
  0.362546  -0.0000   0.01526000
  0.362990  -0.0000   0.01537000
  0.363432  -0.0000   0.01548000
  0.363871  -0.0000   0.01559000
  0.364062  -0.0000   0.01564000
  0.364253  -0.0000   0.01570000
  0.364444  -0.0000   0.01576000
  0.364729  -0.0000   0.01584000
  0.365155  -0.0000   0.01596000
  0.365788  -0.0000   0.01615000
  0.366729  -0.0000   0.01643000
  0.368124  -0.0000   0.01685000
  0.370183  -0.0000   0.01748000
  0.372644  -0.0000   0.01825000
  0.375068  -0.0000   0.01902000
  0.377458  -0.0000   0.01979000
  0.379818  -0.0000   0.02056000
  0.380501  -0.0000   0.02078000
  0.381182  -0.0000   0.02100000
  0.381860  -0.0000   0.02123000
  0.382221  -0.0000   0.02135000
  0.382554  -0.0000   0.02148000
  0.382886  -0.0000   0.02160000
  0.383217  -0.0000   0.02173000
  0.383546  -0.0000   0.02185000
  0.384037  -0.0000   0.02204000
  0.384768  -0.0000   0.02232000
  0.385855  -0.0000   0.02275000
  0.387463  -0.0000   0.02338000
  0.389836  -0.0000   0.02433000
  0.392173  -0.0000   0.02529000
  0.394479  -0.0000   0.02624000
  0.396756  -0.0000   0.02719000
  0.400117  -0.0000   0.02862000
  0.400413  -0.0000   0.02875000
  0.400679  -0.0000   0.02888000
  0.400945  -0.0000   0.02901000
  0.401209  -0.0000   0.02913000
  0.401473  -0.0000   0.02926000
  0.401868  -0.0000   0.02945000
  0.402455  -0.0000   0.02974000
  0.403328  -0.0000   0.03018000
  0.404624  -0.0000   0.03083000
  0.406540  -0.0000   0.03180000
  0.409328  -0.0000   0.03324000
  0.412071  -0.0000   0.03469000
  0.414775  -0.0000   0.03613000
  0.417444  -0.0000   0.03757000
  0.417912  -0.0000   0.03783000
  0.418380  -0.0000   0.03808000
  0.418820  -0.0000   0.03834000
  0.418976  -0.0000   0.03843000
  0.419131  -0.0000   0.03853000
  0.419287  -0.0000   0.03862000
  0.419520  -0.0000   0.03877000
  0.419867  -0.0000   0.03898000
  0.420385  -0.0000   0.03930000
  0.421156  -0.0000   0.03978000
  0.422301  -0.0000   0.04051000
  0.423997  -0.0000   0.04159000
  0.426496  -0.0000   0.04322000
  0.428959  -0.0000   0.04485000
  0.431389  -0.0000   0.04648000
  0.433789  -0.0000   0.04811000
  0.435792  -0.0000   0.04948000
  0.436470  -0.0000   0.04994000
  0.437116  -0.0000   0.05041000
  0.437268  -0.0000   0.05053000
  0.437420  -0.0000   0.05064000
  0.437571  -0.0000   0.05076000
  0.437798  -0.0000   0.05093000
  0.438136  -0.0000   0.05120000
  0.438641  -0.0000   0.05159000
  0.439392  -0.0000   0.05218000
  0.440509  -0.0000   0.05306000
  0.442162  -0.0000   0.05439000
  0.444602  -0.0000   0.05638000
  0.447006  -0.0000   0.05837000
  0.449380  -0.0000   0.06036000
  0.451727  -0.0000   0.06235000
  0.455044  -0.0000   0.06521000
  0.455323  -0.0000   0.06546000
  0.455590  -0.0000   0.06572000
  0.455856  -0.0000   0.06597000
  0.456121  -0.0000   0.06623000
  0.456517  -0.0000   0.06661000
  0.457107  -0.0000   0.06718000
  0.457985  -0.0000   0.06804000
  0.459288  -0.0000   0.06933000
  0.461215  -0.0000   0.07126000
  0.464054  -0.0000   0.07416000
  0.466850  -0.0000   0.07706000
  0.469609  -0.0000   0.07996000
  0.472335  -0.0000   0.08285000
  0.472839  -0.0000   0.08339000
  0.473343  -0.0000   0.08393000
  0.473690  -0.0000   0.08433000
  0.474030  -0.0000   0.08473000
  0.474368  -0.0000   0.08513000
  0.474705  -0.0000   0.08553000
  0.475207  -0.0000   0.08613000
  0.475955  -0.0000   0.08703000
  0.477067  -0.0000   0.08838000
  0.478715  -0.0000   0.09041000
  0.481147  -0.0000   0.09344000
  0.483961  -0.0000   0.09702000
  0.486737  -0.0000   0.10100000
  0.489479  -0.0000   0.10400000
  0.490720  -0.0000   0.10600000
  0.491928  -0.0000   0.10700000
  0.491998  -0.0000   0.10800000
  0.492069  -0.0000   0.10800000
  0.492139  -0.0000   0.10800000
  0.492245  -0.0000   0.10800000
  0.492403  -0.0000   0.10800000
  0.492640  -0.0000   0.10800000
  0.492993  -0.0000   0.10900000
  0.493520  -0.0000   0.11000000
  0.494306  -0.0000   0.11100000
  0.495472  -0.0000   0.11300000
  0.497199  -0.0000   0.11500000
  0.499750  -0.0000   0.11900000
  0.502265  -0.0000   0.12300000
  0.504751  -0.0000   0.12700000
  0.507210  -0.0000   0.13100000
  0.508670  -0.0000   0.13300000
  0.510111  -0.0000   0.13600000
  0.510194  -0.0000   0.13600000
  0.510319  -0.0000   0.13600000
  0.510507  -0.0000   0.13600000
  0.510787  -0.0000   0.13700000
  0.511204  -0.0000   0.13700000
  0.511827  -0.0000   0.13900000
  0.512753  -0.0000   0.14000000
  0.514128  -0.0000   0.14300000
  0.516160  -0.0000   0.14600000
  0.518959  -0.0000   0.15200000
  0.521720  -0.0000   0.15700000
  0.524448  -0.0000   0.16200000
  0.527146  -0.0000   0.16700000
  0.527699  -0.0000   0.16800000
  0.528251  -0.0000   0.16900000
  0.528581  -0.0000   0.17000000
  0.528906  -0.0000   0.17100000
  0.529230  -0.0000   0.17200000
  0.529552  -0.0000   0.17200000
  0.530034  -0.0000   0.17300000
  0.530751  -0.0000   0.17500000
  0.531817  -0.0000   0.17700000
  0.533399  -0.0000   0.18100000
  0.535736  -0.0000   0.18600000
  0.538739  -0.0000   0.19300000
  0.541701  -0.0000   0.19900000
  0.544629  -0.0000   0.20600000
  0.545540  -0.0000   0.20800000
  0.546448  -0.0000   0.21100000
  0.546765  -0.0000   0.21100000
  0.547075  -0.0000   0.21200000
  0.547384  -0.0000   0.21300000
  0.547692  -0.0000   0.21400000
  0.548152  -0.0000   0.21500000
  0.548837  -0.0000   0.21700000
  0.549857  -0.0000   0.21900000
  0.551368  -0.0000   0.22300000
  0.553604  -0.0000   0.22900000
  0.556095  -0.0000   0.23600000
  0.558557  -0.0000   0.24300000
  0.560994  -0.0000   0.24900000
  0.564055  -0.0000   0.25800000
  0.564465  -0.0000   0.25900000
  0.564872  -0.0000   0.26000000
  0.564967  -0.0000   0.26100000
  0.565062  -0.0000   0.26100000
  0.565157  -0.0000   0.26100000
  0.565300  -0.0000   0.26200000
  0.565513  -0.0000   0.26200000
  0.565832  -0.0000   0.26300000
  0.566308  -0.0000   0.26500000
  0.567018  -0.0000   0.26700000
  0.568072  -0.0000   0.27000000
  0.569636  -0.0000   0.27500000
  0.571949  -0.0000   0.28200000
  0.574886  -0.0000   0.29200000
  0.577786  -0.0000   0.30100000
  0.580653  -0.0000   0.31100000
  0.582303  -0.0000   0.31600000
  0.582944  -0.0000   0.31800000
  0.583366  -0.0000   0.32000000
  0.583469  -0.0000   0.32000000
  0.583572  -0.0000   0.32100000
  0.583675  -0.0000   0.32100000
  0.583829  -0.0000   0.32200000
  0.584059  -0.0000   0.32200000
  0.584403  -0.0000   0.32400000
  0.584917  -0.0000   0.32500000
  0.585682  -0.0000   0.32800000
  0.586819  -0.0000   0.33200000
  0.588506  -0.0000   0.33900000
  0.591000  -0.0000   0.34800000
  0.593465  -0.0000   0.35800000
  0.595904  -0.0000   0.36700000
  0.598320  -0.0000   0.37600000
  0.600852  -0.0000   0.38600000
  0.601245  -0.0000   0.38800000
  0.601622  -0.0000   0.39000000
  0.601988  -0.0000   0.39100000
  0.602353  -0.0000   0.39300000
  0.602717  -0.0000   0.39400000
  0.603260  -0.0000   0.39700000
  0.604068  -0.0000   0.40000000
  0.605270  -0.0000   0.40500000
  0.607051  -0.0000   0.41300000
  0.609685  -0.0000   0.42500000
  0.612287  -0.0000   0.43700000
  0.614863  -0.0000   0.44800000
  0.617414  -0.0000   0.46000000
  0.618470  -0.0000   0.46500000
  0.619522  -0.0000   0.47000000
  0.619873  -0.0000   0.47200000
  0.619959  -0.0000   0.47200000
  0.620044  -0.0000   0.47200000
  0.620130  -0.0000   0.47300000
  0.620258  -0.0000   0.47400000
  0.620449  -0.0000   0.47400000
  0.620735  -0.0000   0.47600000
  0.621163  -0.0000   0.47800000
  0.621801  -0.0000   0.48100000
  0.622750  -0.0000   0.48600000
  0.624159  -0.0000   0.49300000
  0.626247  -0.0000   0.50400000
  0.628633  -0.0000   0.51700000
  0.630995  -0.0000   0.52900000
  0.633334  -0.0000   0.54200000
  0.636436  -0.0000   0.55900000
  0.637115  -0.0000   0.56200000
  0.637792  -0.0000   0.56600000
  0.638231  -0.0000   0.56800000
  0.638338  -0.0000   0.56900000
  0.638445  -0.0000   0.57000000
  0.638552  -0.0000   0.57000000
  0.638712  -0.0000   0.57100000
  0.638951  -0.0000   0.57300000
  0.639309  -0.0000   0.57500000
  0.639843  -0.0000   0.57800000
  0.640638  -0.0000   0.58300000
  0.641821  -0.0000   0.59000000
  0.643575  -0.0000   0.60000000
  0.646171  -0.0000   0.61600000
  0.648738  -0.0000   0.63200000
  0.651280  -0.0000   0.64800000
  0.653798  -0.0000   0.66400000
  0.655023  -0.0000   0.67100000
  0.656242  -0.0000   0.67900000
  0.656545  -0.0000   0.68100000
  0.656694  -0.0000   0.68200000
  0.656844  -0.0000   0.68300000
  0.657067  -0.0000   0.68500000
  0.657402  -0.0000   0.68700000
  0.657900  -0.0000   0.69000000
  0.658644  -0.0000   0.69500000
  0.659750  -0.0000   0.70300000
  0.661391  -0.0000   0.71500000
  0.663821  -0.0000   0.73200000
  0.666225  -0.0000   0.74900000
  0.668605  -0.0000   0.76600000
  0.670966  -0.0000   0.78300000
  0.674249  -0.0000   0.80800000
  0.674610  -0.0000   0.81000000
  0.674952  -0.0000   0.81300000
  0.675293  -0.0000   0.81600000
  0.675632  -0.0000   0.81800000
  0.675970  -0.0000   0.82100000
  0.676475  -0.0000   0.82500000
  0.677228  -0.0000   0.83100000
  0.678348  -0.0000   0.84000000
  0.680011  -0.0000   0.85300000
  0.682474  -0.0000   0.87400000
  0.684912  -0.0000   0.89400000
  0.687326  -0.0000   0.91400000
  0.689720  -0.0000   0.93400000
  0.692468  -0.0000   0.95800000
  0.692853  -0.0000   0.96100000
  0.693222  -0.0000   0.96400000
  0.693587  -0.0000   0.96800000
  0.693950  -0.0000   0.97100000
  0.694312  -0.0000   0.97400000
  0.694853  -0.0000   0.97900000
  0.695658  -0.0000   0.98700000
  0.696856  -0.0000   0.99800000
  0.697110  -0.0000   1.00000000
  0.697047  -0.0000   1.00000000
  0.697047  -0.0000   1.00000000
  0.697047  -0.0000   1.00000000
  0.697047  -0.0000   1.00000000
  0.697047  -0.0000   1.00000000
  0.697047  -0.0000   1.00000000
  0.697047  -0.0000   1.00000000
  0.697047  -0.0000   1.00000000
  0.697046  -0.0000   1.00000000
  0.697046  -0.0000   1.00000000
  0.697046  -0.0000   1.00000000
  0.697046  -0.0000   1.00000000
  0.697046  -0.0000   1.00000000
  0.697045  -0.0000   1.00000000
  0.697045  -0.0000   1.00000000
  0.697045  -0.0000   1.00000000
