  0.000027  -0.0000   0.00000010
  0.000076  -0.0000   0.00000020
  0.000194  -0.0000   0.00000028
  0.000566  -0.0000   0.00000032
  0.004209  -0.0000   0.00000036
  0.006321  -0.0000   0.00000037
  0.006384  -0.0000   0.00000038
  0.006508  -0.0000   0.00000041
  0.006639  -0.0000   0.00000043
  0.006804  -0.0000   0.00000045
  0.007010  -0.0000   0.00000046
  0.007212  -0.0000   0.00000048
  0.007447  -0.0000   0.00000050
  0.007717  -0.0000   0.00000051
  0.008044  -0.0000   0.00000053
  0.008411  -0.0000   0.00000055
  0.008816  -0.0000   0.00000056
  0.009409  -0.0000   0.00000058
  0.010056  -0.0000   0.00000061
  0.010747  -0.0000   0.00000063
  0.011477  -0.0000   0.00000065
  0.012238  -0.0000   0.00000067
  0.013026  -0.0000   0.00000070
  0.014217  -0.0000   0.00000073
  0.015451  -0.0000   0.00000076
  0.016728  -0.0000   0.00000079
  0.017843  -0.0000   0.00000082
  0.018995  -0.0000   0.00000085
  0.019089  -0.0000   0.00000085
  0.019183  -0.0000   0.00000085
  0.019278  -0.0000   0.00000085
  0.019420  -0.0000   0.00000086
  0.019459  -0.0000   0.00000086
  0.019464  -0.0000   0.00000086
  0.019467  -0.0000   0.00000086
  0.019471  -0.0000   0.00000086
  0.019476  -0.0000   0.00000087
  0.019481  -0.0000   0.00000087
  0.019487  -0.0000   0.00000088
  0.019495  -0.0000   0.00000090
  0.019504  -0.0000   0.00000092
  0.019515  -0.0000   0.00000095
  0.019530  -0.0000   0.00000100
  0.019552  -0.0000   0.00000106
  0.019591  -0.0000   0.00000117
  0.019679  -0.0000   0.00000132
  0.019735  -0.0000   0.00000140
  0.019805  -0.0000   0.00000148
  0.019893  -0.0000   0.00000155
  0.020072  -0.0000   0.00000167
  0.020312  -0.0000   0.00000179
  0.020558  -0.0000   0.00000188
  0.020860  -0.0000   0.00000198
  0.021224  -0.0000   0.00000207
  0.021655  -0.0000   0.00000217
  0.022155  -0.0000   0.00000226
  0.022726  -0.0000   0.00000236
  0.023371  -0.0000   0.00000245
  0.024091  -0.0000   0.00000255
  0.024887  -0.0000   0.00000264
  0.025622  -0.0000   0.00000272
  0.026417  -0.0000   0.00000280
  0.027274  -0.0000   0.00000288
  0.028196  -0.0000   0.00000296
  0.029185  -0.0000   0.00000305
  0.030243  -0.0000   0.00000313
  0.031372  -0.0000   0.00000321
  0.032573  -0.0000   0.00000329
  0.033845  -0.0000   0.00000337
  0.035188  -0.0000   0.00000345
  0.035206  -0.0000   0.00000345
  0.035214  -0.0000   0.00000346
  0.035220  -0.0000   0.00000346
  0.035228  -0.0000   0.00000347
  0.035237  -0.0000   0.00000348
  0.035249  -0.0000   0.00000349
  0.035264  -0.0000   0.00000351
  0.035283  -0.0000   0.00000354
  0.035310  -0.0000   0.00000358
  0.035348  -0.0000   0.00000365
  0.035411  -0.0000   0.00000375
  0.035520  -0.0000   0.00000390
  0.035728  -0.0000   0.00000413
  0.035968  -0.0000   0.00000433
  0.036260  -0.0000   0.00000454
  0.036613  -0.0000   0.00000475
  0.036946  -0.0000   0.00000492
  0.037329  -0.0000   0.00000509
  0.037769  -0.0000   0.00000526
  0.038219  -0.0000   0.00000542
  0.038724  -0.0000   0.00000557
  0.039287  -0.0000   0.00000573
  0.039893  -0.0000   0.00000588
  0.040561  -0.0000   0.00000603
  0.041296  -0.0000   0.00000618
  0.042081  -0.0000   0.00000632
  0.042935  -0.0000   0.00000647
  0.043861  -0.0000   0.00000662
  0.044862  -0.0000   0.00000677
  0.045939  -0.0000   0.00000691
  0.047093  -0.0000   0.00000706
  0.048446  -0.0000   0.00000722
  0.049891  -0.0000   0.00000738
  0.051427  -0.0000   0.00000754
  0.051546  -0.0000   0.00000756
  0.051665  -0.0000   0.00000757
  0.051785  -0.0000   0.00000758
  0.051855  -0.0000   0.00000760
  0.051877  -0.0000   0.00000761
  0.051895  -0.0000   0.00000762
  0.051917  -0.0000   0.00000765
  0.051945  -0.0000   0.00000768
  0.051985  -0.0000   0.00000773
  0.052044  -0.0000   0.00000780
  0.052137  -0.0000   0.00000791
  0.052290  -0.0000   0.00000807
  0.052552  -0.0000   0.00000832
  0.053026  -0.0000   0.00000869
  0.053593  -0.0000   0.00000906
  0.054100  -0.0000   0.00000935
  0.054678  -0.0000   0.00000964
  0.055336  -0.0000   0.00000993
  0.056080  -0.0000   0.00001021
  0.056918  -0.0000   0.00001050
  0.057858  -0.0000   0.00001079
  0.058735  -0.0000   0.00001104
  0.059694  -0.0000   0.00001128
  0.060741  -0.0000   0.00001152
  0.061877  -0.0000   0.00001177
  0.063107  -0.0000   0.00001201
  0.064432  -0.0000   0.00001226
  0.065852  -0.0000   0.00001250
  0.067367  -0.0000   0.00001275
  0.067696  -0.0000   0.00001280
  0.068028  -0.0000   0.00001285
  0.068365  -0.0000   0.00001290
  0.068463  -0.0000   0.00001292
  0.068492  -0.0000   0.00001294
  0.068515  -0.0000   0.00001296
  0.068544  -0.0000   0.00001299
  0.068571  -0.0000   0.00001302
  0.068610  -0.0000   0.00001306
  0.068667  -0.0000   0.00001312
  0.068755  -0.0000   0.00001321
  0.068894  -0.0000   0.00001335
  0.069116  -0.0000   0.00001356
  0.069483  -0.0000   0.00001388
  0.070117  -0.0000   0.00001435
  0.070847  -0.0000   0.00001483
  0.071535  -0.0000   0.00001522
  0.072306  -0.0000   0.00001562
  0.073168  -0.0000   0.00001602
  0.074130  -0.0000   0.00001641
  0.075200  -0.0000   0.00001681
  0.076177  -0.0000   0.00001714
  0.077240  -0.0000   0.00001748
  0.078391  -0.0000   0.00001781
  0.079633  -0.0000   0.00001814
  0.080969  -0.0000   0.00001847
  0.082400  -0.0000   0.00001881
  0.083924  -0.0000   0.00001914
  0.084275  -0.0000   0.00001922
  0.084630  -0.0000   0.00001929
  0.084991  -0.0000   0.00001937
  0.085050  -0.0000   0.00001939
  0.085080  -0.0000   0.00001941
  0.085107  -0.0000   0.00001944
  0.085142  -0.0000   0.00001947
  0.085193  -0.0000   0.00001953
  0.085269  -0.0000   0.00001960
  0.085387  -0.0000   0.00001972
  0.085571  -0.0000   0.00001990
  0.085862  -0.0000   0.00002017
  0.086336  -0.0000   0.00002057
  0.087138  -0.0000   0.00002117
  0.088043  -0.0000   0.00002177
  0.088869  -0.0000   0.00002227
  0.089781  -0.0000   0.00002277
  0.090787  -0.0000   0.00002326
  0.091895  -0.0000   0.00002376
  0.093111  -0.0000   0.00002425
  0.094441  -0.0000   0.00002475
  0.095616  -0.0000   0.00002516
  0.096873  -0.0000   0.00002557
  0.098215  -0.0000   0.00002597
  0.099806  -0.0000   0.00002643
  0.101500  -0.0000   0.00002688
  0.101617  -0.0000   0.00002691
  0.101696  -0.0000   0.00002694
  0.101735  -0.0000   0.00002697
  0.101783  -0.0000   0.00002702
  0.101851  -0.0000   0.00002709
  0.101919  -0.0000   0.00002716
  0.102022  -0.0000   0.00002726
  0.102183  -0.0000   0.00002742
  0.102433  -0.0000   0.00002766
  0.102826  -0.0000   0.00002801
  0.103464  -0.0000   0.00002855
  0.104224  -0.0000   0.00002913
  0.105053  -0.0000   0.00002971
  0.105959  -0.0000   0.00003030
  0.106904  -0.0000   0.00003086
  0.107930  -0.0000   0.00003142
  0.109044  -0.0000   0.00003198
  0.110183  -0.0000   0.00003251
  0.111408  -0.0000   0.00003304
  0.112722  -0.0000   0.00003357
  0.114129  -0.0000   0.00003410
  0.115627  -0.0000   0.00003463
  0.117218  -0.0000   0.00003516
  0.117621  -0.0000   0.00003529
  0.118029  -0.0000   0.00003543
  0.118408  -0.0000   0.00003556
  0.118466  -0.0000   0.00003561
  0.118515  -0.0000   0.00003566
  0.118563  -0.0000   0.00003571
  0.118610  -0.0000   0.00003576
  0.118682  -0.0000   0.00003583
  0.118791  -0.0000   0.00003594
  0.118960  -0.0000   0.00003611
  0.119220  -0.0000   0.00003636
  0.119627  -0.0000   0.00003674
  0.120275  -0.0000   0.00003731
  0.121346  -0.0000   0.00003816
  0.122528  -0.0000   0.00003900
  0.123603  -0.0000   0.00003971
  0.124770  -0.0000   0.00004042
  0.126035  -0.0000   0.00004113
  0.127405  -0.0000   0.00004184
  0.128883  -0.0000   0.00004255
  0.130474  -0.0000   0.00004326
  0.132178  -0.0000   0.00004397
  0.133995  -0.0000   0.00004468
  0.134301  -0.0000   0.00004480
  0.134610  -0.0000   0.00004492
  0.134923  -0.0000   0.00004504
  0.135162  -0.0000   0.00004513
  0.135221  -0.0000   0.00004518
  0.135270  -0.0000   0.00004523
  0.135317  -0.0000   0.00004528
  0.135363  -0.0000   0.00004533
  0.135433  -0.0000   0.00004540
  0.135540  -0.0000   0.00004552
  0.135704  -0.0000   0.00004568
  0.135956  -0.0000   0.00004594
  0.136346  -0.0000   0.00004632
  0.136960  -0.0000   0.00004688
  0.137952  -0.0000   0.00004773
  0.139025  -0.0000   0.00004859
  0.140188  -0.0000   0.00004944
  0.141447  -0.0000   0.00005029
  0.142809  -0.0000   0.00005114
  0.144281  -0.0000   0.00005199
  0.145865  -0.0000   0.00005284
  0.147566  -0.0000   0.00005370
  0.149385  -0.0000   0.00005455
  0.151321  -0.0000   0.00005540
  0.151490  -0.0000   0.00005547
  0.151659  -0.0000   0.00005555
  0.151829  -0.0000   0.00005562
  0.152006  -0.0000   0.00005573
  0.152109  -0.0000   0.00005584
  0.152209  -0.0000   0.00005595
  0.152310  -0.0000   0.00005606
  0.152413  -0.0000   0.00005617
  0.152570  -0.0000   0.00005634
  0.152811  -0.0000   0.00005659
  0.153181  -0.0000   0.00005696
  0.153758  -0.0000   0.00005752
  0.154678  -0.0000   0.00005836
  0.155648  -0.0000   0.00005919
  0.156682  -0.0000   0.00006002
  0.157785  -0.0000   0.00006086
  0.158986  -0.0000   0.00006170
  0.160267  -0.0000   0.00006255
  0.161631  -0.0000   0.00006340
  0.163065  -0.0000   0.00006424
  0.164584  -0.0000   0.00006508
  0.166188  -0.0000   0.00006592
  0.168141  -0.0000   0.00006688
  0.168313  -0.0000   0.00006697
  0.168486  -0.0000   0.00006705
  0.168660  -0.0000   0.00006714
  0.168836  -0.0000   0.00006727
  0.168949  -0.0000   0.00006739
  0.169061  -0.0000   0.00006752
  0.169175  -0.0000   0.00006765
  0.169349  -0.0000   0.00006784
  0.169615  -0.0000   0.00006812
  0.170025  -0.0000   0.00006855
  0.170663  -0.0000   0.00006919
  0.171678  -0.0000   0.00007016
  0.172691  -0.0000   0.00007107
  0.173765  -0.0000   0.00007198
  0.174905  -0.0000   0.00007288
  0.176200  -0.0000   0.00007385
  0.177578  -0.0000   0.00007483
  0.179040  -0.0000   0.00007580
  0.180581  -0.0000   0.00007676
  0.182210  -0.0000   0.00007773
  0.183926  -0.0000   0.00007869
  0.184797  -0.0000   0.00007917
  0.185635  -0.0000   0.00007965
  0.185713  -0.0000   0.00007973
  0.185784  -0.0000   0.00007982
  0.185856  -0.0000   0.00007990
  0.185928  -0.0000   0.00007999
  0.186038  -0.0000   0.00008011
  0.186205  -0.0000   0.00008030
  0.186461  -0.0000   0.00008059
  0.186854  -0.0000   0.00008102
  0.187462  -0.0000   0.00008166
  0.188421  -0.0000   0.00008262
  0.189593  -0.0000   0.00008373
  0.190840  -0.0000   0.00008484
  0.192165  -0.0000   0.00008594
  0.193638  -0.0000   0.00008710
  0.195205  -0.0000   0.00008825
  0.196868  -0.0000   0.00008941
  0.198630  -0.0000   0.00009056
  0.200491  -0.0000   0.00009172
  0.202448  -0.0000   0.00009287
  0.202522  -0.0000   0.00009295
  0.202586  -0.0000   0.00009303
  0.202650  -0.0000   0.00009311
  0.202746  -0.0000   0.00009322
  0.202894  -0.0000   0.00009340
  0.203120  -0.0000   0.00009366
  0.203465  -0.0000   0.00009406
  0.203997  -0.0000   0.00009465
  0.204824  -0.0000   0.00009554
  0.206144  -0.0000   0.00009687
  0.207549  -0.0000   0.00009820
  0.209046  -0.0000   0.00009953
  0.210539  -0.0000   0.00010090
  0.212407  -0.0000   0.00010260
  0.214215  -0.0000   0.00010430
  0.215966  -0.0000   0.00010610
  0.217665  -0.0000   0.00010780
  0.218133  -0.0000   0.00010830
  0.218597  -0.0000   0.00010870
  0.219058  -0.0000   0.00010920
  0.219234  -0.0000   0.00010940
  0.219337  -0.0000   0.00010960
  0.219426  -0.0000   0.00010980
  0.219514  -0.0000   0.00011000
  0.219604  -0.0000   0.00011020
  0.219738  -0.0000   0.00011040
  0.219939  -0.0000   0.00011080
  0.220238  -0.0000   0.00011150
  0.220680  -0.0000   0.00011240
  0.221328  -0.0000   0.00011380
  0.222275  -0.0000   0.00011590
  0.223650  -0.0000   0.00011910
  0.224987  -0.0000   0.00012220
  0.226291  -0.0000   0.00012540
  0.227565  -0.0000   0.00012860
  0.229416  -0.0000   0.00013330
  0.231212  -0.0000   0.00013800
  0.232954  -0.0000   0.00014280
  0.234646  -0.0000   0.00014750
  0.235008  -0.0000   0.00014850
  0.235368  -0.0000   0.00014960
  0.235726  -0.0000   0.00015060
  0.236183  -0.0000   0.00015210
  0.236256  -0.0000   0.00015250
  0.236363  -0.0000   0.00015310
  0.236471  -0.0000   0.00015370
  0.236579  -0.0000   0.00015420
  0.236741  -0.0000   0.00015510
  0.236983  -0.0000   0.00015640
  0.237341  -0.0000   0.00015830
  0.237869  -0.0000   0.00016120
  0.238643  -0.0000   0.00016560
  0.239772  -0.0000   0.00017210
  0.241403  -0.0000   0.00018190
  0.242986  -0.0000   0.00019170
  0.244527  -0.0000   0.00020150
  0.246029  -0.0000   0.00021130
  0.247495  -0.0000   0.00022110
  0.249563  -0.0000   0.00023530
  0.251561  -0.0000   0.00024960
  0.251972  -0.0000   0.00025260
  0.252379  -0.0000   0.00025550
  0.252784  -0.0000   0.00025850
  0.252976  -0.0000   0.00025990
  0.253065  -0.0000   0.00026100
  0.253151  -0.0000   0.00026210
  0.253238  -0.0000   0.00026320
  0.253326  -0.0000   0.00026440
  0.253458  -0.0000   0.00026600
  0.253655  -0.0000   0.00026850
  0.253947  -0.0000   0.00027230
  0.254379  -0.0000   0.00027800
  0.255014  -0.0000   0.00028650
  0.255943  -0.0000   0.00029920
  0.257294  -0.0000   0.00031830
  0.258611  -0.0000   0.00033740
  0.259898  -0.0000   0.00035650
  0.261158  -0.0000   0.00037560
  0.262992  -0.0000   0.00040420
  0.264773  -0.0000   0.00043290
  0.266505  -0.0000   0.00046150
  0.268188  -0.0000   0.00049020
  0.268576  -0.0000   0.00049680
  0.268962  -0.0000   0.00050350
  0.269345  -0.0000   0.00051010
  0.269844  -0.0000   0.00052010
  0.269929  -0.0000   0.00052260
  0.270058  -0.0000   0.00052630
  0.270186  -0.0000   0.00053010
  0.270315  -0.0000   0.00053380
  0.270508  -0.0000   0.00053940
  0.270794  -0.0000   0.00054790
  0.271216  -0.0000   0.00056050
  0.271838  -0.0000   0.00057940
  0.272749  -0.0000   0.00060780
  0.274076  -0.0000   0.00065050
  0.275372  -0.0000   0.00069310
  0.276639  -0.0000   0.00073570
  0.277880  -0.0000   0.00077840
  0.279688  -0.0000   0.00084230
  0.281699  -0.0000   0.00091570
  0.283647  -0.0000   0.00098910
  0.285536  -0.0000   0.00106300
  0.285832  -0.0000   0.00107400
  0.286127  -0.0000   0.00108600
  0.286420  -0.0000   0.00109700
  0.286644  -0.0000   0.00110700
  0.286684  -0.0000   0.00110900
  0.286722  -0.0000   0.00111200
  0.286780  -0.0000   0.00111600
  0.286867  -0.0000   0.00112100
  0.286999  -0.0000   0.00112900
  0.287195  -0.0000   0.00114200
  0.287487  -0.0000   0.00116000
  0.287918  -0.0000   0.00118800
  0.288552  -0.0000   0.00123000
  0.289480  -0.0000   0.00129200
  0.290833  -0.0000   0.00138600
  0.292152  -0.0000   0.00148000
  0.293443  -0.0000   0.00157300
  0.294707  -0.0000   0.00166700
  0.296550  -0.0000   0.00180800
  0.298341  -0.0000   0.00194800
  0.300083  -0.0000   0.00208900
  0.301779  -0.0000   0.00223000
  0.302149  -0.0000   0.00226100
  0.302517  -0.0000   0.00229200
  0.302883  -0.0000   0.00232300
  0.303417  -0.0000   0.00236900
  0.303452  -0.0000   0.00237300
  0.303501  -0.0000   0.00238000
  0.303576  -0.0000   0.00239000
  0.303689  -0.0000   0.00240400
  0.303858  -0.0000   0.00242600
  0.304109  -0.0000   0.00245900
  0.304482  -0.0000   0.00250900
  0.305031  -0.0000   0.00258300
  0.305838  -0.0000   0.00269500
  0.307016  -0.0000   0.00286200
  0.308167  -0.0000   0.00302900
  0.309297  -0.0000   0.00319600
  0.310405  -0.0000   0.00336400
  0.312026  -0.0000   0.00361500
  0.314042  -0.0000   0.00393700
  0.315999  -0.0000   0.00425900
  0.317898  -0.0000   0.00458100
  0.319742  -0.0000   0.00490300
  0.319915  -0.0000   0.00493300
  0.320088  -0.0000   0.00496300
  0.320247  -0.0000   0.00499400
  0.320291  -0.0000   0.00500500
  0.320356  -0.0000   0.00502200
  0.320455  -0.0000   0.00504800
  0.320603  -0.0000   0.00508600
  0.320824  -0.0000   0.00514400
  0.321152  -0.0000   0.00523000
  0.321637  -0.0000   0.00536000
  0.322348  -0.0000   0.00555500
  0.323390  -0.0000   0.00584600
  0.324706  -0.0000   0.00622500
  0.325993  -0.0000   0.00660300
  0.327253  -0.0000   0.00698200
  0.328489  -0.0000   0.00736000
  0.330293  -0.0000   0.00792800
  0.332414  -0.0000   0.00861700
  0.334469  -0.0000   0.00930700
  0.336461  -0.0000   0.00999600
  0.336652  -0.0000   0.01006000
  0.336842  -0.0000   0.01013000
  0.337024  -0.0000   0.01019000
  0.337074  -0.0000   0.01022000
  0.337148  -0.0000   0.01026000
  0.337260  -0.0000   0.01031000
  0.337427  -0.0000   0.01040000
  0.337677  -0.0000   0.01052000
  0.338047  -0.0000   0.01071000
  0.338592  -0.0000   0.01099000
  0.339393  -0.0000   0.01142000
  0.340564  -0.0000   0.01206000
  0.341710  -0.0000   0.01269000
  0.342834  -0.0000   0.01333000
  0.343938  -0.0000   0.01397000
  0.345553  -0.0000   0.01492000
  0.347581  -0.0000   0.01616000
  0.349549  -0.0000   0.01739000
  0.351461  -0.0000   0.01863000
  0.353320  -0.0000   0.01986000
  0.353502  -0.0000   0.01999000
  0.353683  -0.0000   0.02011000
  0.353848  -0.0000   0.02023000
  0.353897  -0.0000   0.02027000
  0.353969  -0.0000   0.02034000
  0.354079  -0.0000   0.02044000
  0.354243  -0.0000   0.02060000
  0.354488  -0.0000   0.02083000
  0.354850  -0.0000   0.02117000
  0.355384  -0.0000   0.02169000
  0.356170  -0.0000   0.02247000
  0.357319  -0.0000   0.02363000
  0.358445  -0.0000   0.02480000
  0.359549  -0.0000   0.02596000
  0.360635  -0.0000   0.02713000
  0.362224  -0.0000   0.02887000
  0.364263  -0.0000   0.03119000
  0.366243  -0.0000   0.03350000
  0.368166  -0.0000   0.03581000
  0.370037  -0.0000   0.03812000
  0.370231  -0.0000   0.03836000
  0.370425  -0.0000   0.03860000
  0.370618  -0.0000   0.03884000
  0.370745  -0.0000   0.03906000
  0.370872  -0.0000   0.03927000
  0.370998  -0.0000   0.03949000
  0.371124  -0.0000   0.03970000
  0.371312  -0.0000   0.04002000
  0.371591  -0.0000   0.04050000
  0.372005  -0.0000   0.04123000
  0.372615  -0.0000   0.04231000
  0.373511  -0.0000   0.04394000
  0.374822  -0.0000   0.04638000
  0.376105  -0.0000   0.04882000
  0.377362  -0.0000   0.05126000
  0.378596  -0.0000   0.05370000
  0.380397  -0.0000   0.05736000
  0.382478  -0.0000   0.06172000
  0.384498  -0.0000   0.06609000
  0.386461  -0.0000   0.07045000
  0.386738  -0.0000   0.07106000
  0.387013  -0.0000   0.07168000
  0.387287  -0.0000   0.07230000
  0.387497  -0.0000   0.07283000
  0.387541  -0.0000   0.07297000
  0.387586  -0.0000   0.07310000
  0.387653  -0.0000   0.07330000
  0.387754  -0.0000   0.07360000
  0.387904  -0.0000   0.07405000
  0.388128  -0.0000   0.07473000
  0.388460  -0.0000   0.07575000
  0.388951  -0.0000   0.07728000
  0.389674  -0.0000   0.07957000
  0.390735  -0.0000   0.08300000
  0.391993  -0.0000   0.08716000
  0.393226  -0.0000   0.09133000
  0.394435  -0.0000   0.09549000
  0.396111  -0.0000   0.10100000
  0.397747  -0.0000   0.10700000
  0.399824  -0.0000   0.11500000
  0.401842  -0.0000   0.12300000
  0.403804  -0.0000   0.13100000
  0.404006  -0.0000   0.13100000
  0.404207  -0.0000   0.13200000
  0.404371  -0.0000   0.13300000
  0.404429  -0.0000   0.13300000
  0.404515  -0.0000   0.13400000
  0.404645  -0.0000   0.13400000
  0.404839  -0.0000   0.13500000
  0.405127  -0.0000   0.13700000
  0.405553  -0.0000   0.13900000
  0.406182  -0.0000   0.14300000
  0.407106  -0.0000   0.14800000
  0.408392  -0.0000   0.15500000
  0.409651  -0.0000   0.16200000
  0.410885  -0.0000   0.17000000
  0.412097  -0.0000   0.17700000
  0.413869  -0.0000   0.18800000
  0.415979  -0.0000   0.20100000
  0.418028  -0.0000   0.21500000
  0.420022  -0.0000   0.22800000
  0.420335  -0.0000   0.23000000
  0.420646  -0.0000   0.23200000
  0.420956  -0.0000   0.23400000
  0.421160  -0.0000   0.23600000
  0.421204  -0.0000   0.23600000
  0.421249  -0.0000   0.23700000
  0.421316  -0.0000   0.23700000
  0.421417  -0.0000   0.23800000
  0.421567  -0.0000   0.24000000
  0.421792  -0.0000   0.24200000
  0.422124  -0.0000   0.24400000
  0.422616  -0.0000   0.24900000
  0.423341  -0.0000   0.25600000
  0.424406  -0.0000   0.26600000
  0.425671  -0.0000   0.27800000
  0.426910  -0.0000   0.29000000
  0.428126  -0.0000   0.30200000
  0.429829  -0.0000   0.32000000
  0.431491  -0.0000   0.33700000
  0.433593  -0.0000   0.36000000
  0.435637  -0.0000   0.38300000
  0.437629  -0.0000   0.40600000
  0.437826  -0.0000   0.40800000
  0.438001  -0.0000   0.41000000
  0.438039  -0.0000   0.41100000
  0.438098  -0.0000   0.41200000
  0.438186  -0.0000   0.41300000
  0.438318  -0.0000   0.41500000
  0.438515  -0.0000   0.41800000
  0.438807  -0.0000   0.42200000
  0.439239  -0.0000   0.42900000
  0.439878  -0.0000   0.43800000
  0.440817  -0.0000   0.45300000
  0.442107  -0.0000   0.47300000
  0.443370  -0.0000   0.49400000
  0.444609  -0.0000   0.51400000
  0.445826  -0.0000   0.53500000
  0.447606  -0.0000   0.56500000
  0.449767  -0.0000   0.60400000
  0.451868  -0.0000   0.64200000
  0.453914  -0.0000   0.68000000
  0.454188  -0.0000   0.68500000
  0.454460  -0.0000   0.69100000
  0.454732  -0.0000   0.69600000
  0.454897  -0.0000   0.70000000
  0.455058  -0.0000   0.70300000
  0.455219  -0.0000   0.70700000
  0.455379  -0.0000   0.71100000
  0.455617  -0.0000   0.71700000
  0.455971  -0.0000   0.72500000
  0.456494  -0.0000   0.73800000
  0.457267  -0.0000   0.75700000
  0.458402  -0.0000   0.78600000
  0.459744  -0.0000   0.82100000
  0.461059  -0.0000   0.85600000
  0.462348  -0.0000   0.89100000
  0.464129  -0.0000   0.94100000
  0.465867  -0.0000   0.99000000
  0.466198  -0.0000   1.00000000
  0.465826  -0.0000   1.00000000
  0.465826  -0.0000   1.00000000
  0.465826  -0.0000   1.00000000
  0.465825  -0.0000   1.00000000
  0.465825  -0.0000   1.00000000
  0.465825  -0.0000   1.00000000
  0.465825  -0.0000   1.00000000
  0.465825  -0.0000   1.00000000
  0.465824  -0.0000   1.00000000
  0.465823  -0.0000   1.00000000
  0.465822  -0.0000   1.00000000
  0.465819  -0.0000   1.00000000
  0.465816  -0.0000   1.00000000
  0.465811  -0.0000   1.00000000
  0.465807  -0.0000   1.00000000
