  0.000006  -0.0000   0.00000010
  0.000017  -0.0000   0.00000020
  0.000056  -0.0000   0.00000030
  0.000338  -0.0000   0.00000040
  0.001441  -0.0000   0.00000044
  0.006220  -0.0000   0.00000049
  0.006347  -0.0000   0.00000053
  0.006471  -0.0000   0.00000057
  0.006626  -0.0000   0.00000060
  0.006815  -0.0000   0.00000064
  0.007068  -0.0000   0.00000067
  0.007362  -0.0000   0.00000071
  0.007697  -0.0000   0.00000075
  0.008183  -0.0000   0.00000080
  0.008727  -0.0000   0.00000084
  0.009326  -0.0000   0.00000089
  0.009981  -0.0000   0.00000094
  0.010695  -0.0000   0.00000099
  0.011472  -0.0000   0.00000103
  0.012318  -0.0000   0.00000108
  0.013064  -0.0000   0.00000112
  0.013861  -0.0000   0.00000116
  0.014710  -0.0000   0.00000120
  0.015730  -0.0000   0.00000124
  0.016814  -0.0000   0.00000129
  0.017959  -0.0000   0.00000133
  0.019158  -0.0000   0.00000137
  0.019428  -0.0000   0.00000139
  0.019701  -0.0000   0.00000139
  0.019975  -0.0000   0.00000140
  0.020062  -0.0000   0.00000141
  0.020092  -0.0000   0.00000141
  0.020097  -0.0000   0.00000141
  0.020102  -0.0000   0.00000142
  0.020106  -0.0000   0.00000142
  0.020111  -0.0000   0.00000143
  0.020116  -0.0000   0.00000144
  0.020124  -0.0000   0.00000146
  0.020136  -0.0000   0.00000148
  0.020154  -0.0000   0.00000151
  0.020183  -0.0000   0.00000157
  0.020231  -0.0000   0.00000164
  0.020316  -0.0000   0.00000176
  0.020475  -0.0000   0.00000194
  0.020710  -0.0000   0.00000214
  0.021010  -0.0000   0.00000235
  0.021316  -0.0000   0.00000252
  0.021686  -0.0000   0.00000269
  0.022128  -0.0000   0.00000286
  0.022648  -0.0000   0.00000302
  0.023254  -0.0000   0.00000319
  0.023949  -0.0000   0.00000336
  0.024740  -0.0000   0.00000353
  0.025482  -0.0000   0.00000368
  0.026298  -0.0000   0.00000382
  0.027191  -0.0000   0.00000396
  0.028163  -0.0000   0.00000411
  0.029217  -0.0000   0.00000425
  0.030353  -0.0000   0.00000440
  0.031572  -0.0000   0.00000454
  0.032875  -0.0000   0.00000468
  0.034261  -0.0000   0.00000483
  0.035726  -0.0000   0.00000497
  0.035917  -0.0000   0.00000499
  0.036109  -0.0000   0.00000501
  0.036302  -0.0000   0.00000503
  0.036583  -0.0000   0.00000505
  0.036589  -0.0000   0.00000506
  0.036595  -0.0000   0.00000506
  0.036602  -0.0000   0.00000507
  0.036612  -0.0000   0.00000507
  0.036629  -0.0000   0.00000509
  0.036653  -0.0000   0.00000512
  0.036690  -0.0000   0.00000516
  0.036746  -0.0000   0.00000522
  0.036831  -0.0000   0.00000531
  0.036963  -0.0000   0.00000544
  0.037173  -0.0000   0.00000564
  0.037531  -0.0000   0.00000594
  0.037915  -0.0000   0.00000623
  0.038351  -0.0000   0.00000652
  0.038847  -0.0000   0.00000680
  0.039340  -0.0000   0.00000706
  0.039889  -0.0000   0.00000731
  0.040501  -0.0000   0.00000756
  0.041141  -0.0000   0.00000781
  0.041845  -0.0000   0.00000805
  0.042617  -0.0000   0.00000829
  0.043462  -0.0000   0.00000853
  0.044381  -0.0000   0.00000877
  0.045377  -0.0000   0.00000901
  0.046433  -0.0000   0.00000924
  0.047568  -0.0000   0.00000948
  0.048782  -0.0000   0.00000972
  0.050281  -0.0000   0.00000999
  0.051885  -0.0000   0.00001026
  0.053530  -0.0000   0.00001053
  0.053553  -0.0000   0.00001055
  0.053573  -0.0000   0.00001057
  0.053592  -0.0000   0.00001058
  0.053620  -0.0000   0.00001061
  0.053662  -0.0000   0.00001065
  0.053725  -0.0000   0.00001070
  0.053821  -0.0000   0.00001079
  0.053964  -0.0000   0.00001092
  0.054185  -0.0000   0.00001111
  0.054532  -0.0000   0.00001140
  0.055106  -0.0000   0.00001184
  0.055628  -0.0000   0.00001220
  0.056199  -0.0000   0.00001256
  0.056824  -0.0000   0.00001292
  0.057534  -0.0000   0.00001330
  0.058312  -0.0000   0.00001367
  0.059162  -0.0000   0.00001405
  0.060087  -0.0000   0.00001442
  0.061092  -0.0000   0.00001480
  0.062181  -0.0000   0.00001517
  0.063332  -0.0000   0.00001554
  0.064568  -0.0000   0.00001591
  0.065890  -0.0000   0.00001627
  0.067540  -0.0000   0.00001670
  0.069305  -0.0000   0.00001712
  0.069624  -0.0000   0.00001720
  0.069946  -0.0000   0.00001728
  0.070272  -0.0000   0.00001735
  0.070442  -0.0000   0.00001740
  0.070457  -0.0000   0.00001741
  0.070470  -0.0000   0.00001742
  0.070489  -0.0000   0.00001743
  0.070516  -0.0000   0.00001746
  0.070558  -0.0000   0.00001749
  0.070620  -0.0000   0.00001755
  0.070714  -0.0000   0.00001763
  0.070855  -0.0000   0.00001775
  0.071068  -0.0000   0.00001793
  0.071393  -0.0000   0.00001820
  0.071903  -0.0000   0.00001861
  0.072734  -0.0000   0.00001922
  0.073645  -0.0000   0.00001983
  0.074648  -0.0000   0.00002044
  0.075750  -0.0000   0.00002105
  0.076961  -0.0000   0.00002166
  0.078288  -0.0000   0.00002228
  0.079736  -0.0000   0.00002289
  0.081310  -0.0000   0.00002350
  0.083012  -0.0000   0.00002411
  0.084844  -0.0000   0.00002472
  0.086802  -0.0000   0.00002533
  0.086964  -0.0000   0.00002538
  0.087127  -0.0000   0.00002543
  0.087261  -0.0000   0.00002548
  0.087284  -0.0000   0.00002550
  0.087315  -0.0000   0.00002553
  0.087363  -0.0000   0.00002557
  0.087436  -0.0000   0.00002564
  0.087544  -0.0000   0.00002573
  0.087707  -0.0000   0.00002588
  0.087952  -0.0000   0.00002609
  0.088324  -0.0000   0.00002642
  0.088903  -0.0000   0.00002690
  0.089832  -0.0000   0.00002763
  0.090643  -0.0000   0.00002822
  0.091509  -0.0000   0.00002882
  0.092433  -0.0000   0.00002942
  0.093495  -0.0000   0.00003006
  0.094634  -0.0000   0.00003069
  0.095852  -0.0000   0.00003133
  0.097175  -0.0000   0.00003198
  0.098586  -0.0000   0.00003263
  0.100085  -0.0000   0.00003328
  0.102079  -0.0000   0.00003409
  0.104132  -0.0000   0.00003489
  0.104148  -0.0000   0.00003490
  0.104168  -0.0000   0.00003492
  0.104199  -0.0000   0.00003495
  0.104244  -0.0000   0.00003499
  0.104313  -0.0000   0.00003506
  0.104417  -0.0000   0.00003515
  0.104572  -0.0000   0.00003529
  0.104806  -0.0000   0.00003551
  0.105159  -0.0000   0.00003583
  0.105701  -0.0000   0.00003632
  0.106554  -0.0000   0.00003704
  0.107624  -0.0000   0.00003789
  0.108771  -0.0000   0.00003874
  0.110003  -0.0000   0.00003960
  0.111302  -0.0000   0.00004043
  0.112692  -0.0000   0.00004127
  0.114176  -0.0000   0.00004211
  0.116009  -0.0000   0.00004307
  0.117970  -0.0000   0.00004404
  0.120059  -0.0000   0.00004500
  0.120310  -0.0000   0.00004512
  0.120563  -0.0000   0.00004523
  0.120818  -0.0000   0.00004535
  0.121069  -0.0000   0.00004548
  0.121106  -0.0000   0.00004552
  0.121142  -0.0000   0.00004555
  0.121196  -0.0000   0.00004560
  0.121278  -0.0000   0.00004568
  0.121402  -0.0000   0.00004580
  0.121586  -0.0000   0.00004597
  0.121864  -0.0000   0.00004624
  0.122283  -0.0000   0.00004663
  0.122927  -0.0000   0.00004722
  0.123938  -0.0000   0.00004811
  0.125124  -0.0000   0.00004909
  0.126385  -0.0000   0.00005007
  0.127727  -0.0000   0.00005105
  0.129154  -0.0000   0.00005203
  0.130669  -0.0000   0.00005301
  0.132275  -0.0000   0.00005398
  0.134350  -0.0000   0.00005517
  0.136559  -0.0000   0.00005635
  0.136892  -0.0000   0.00005653
  0.137228  -0.0000   0.00005670
  0.137567  -0.0000   0.00005688
  0.137870  -0.0000   0.00005704
  0.137911  -0.0000   0.00005709
  0.137951  -0.0000   0.00005713
  0.138013  -0.0000   0.00005719
  0.138106  -0.0000   0.00005728
  0.138246  -0.0000   0.00005742
  0.138455  -0.0000   0.00005763
  0.138769  -0.0000   0.00005794
  0.139243  -0.0000   0.00005841
  0.139972  -0.0000   0.00005912
  0.141115  -0.0000   0.00006017
  0.142311  -0.0000   0.00006122
  0.143572  -0.0000   0.00006227
  0.144903  -0.0000   0.00006332
  0.146354  -0.0000   0.00006441
  0.147885  -0.0000   0.00006549
  0.149498  -0.0000   0.00006657
  0.151473  -0.0000   0.00006783
  0.153558  -0.0000   0.00006908
  0.153895  -0.0000   0.00006928
  0.154235  -0.0000   0.00006948
  0.154578  -0.0000   0.00006968
  0.154793  -0.0000   0.00006982
  0.154825  -0.0000   0.00006985
  0.154857  -0.0000   0.00006988
  0.154905  -0.0000   0.00006993
  0.154978  -0.0000   0.00007001
  0.155087  -0.0000   0.00007012
  0.155251  -0.0000   0.00007029
  0.155497  -0.0000   0.00007055
  0.155866  -0.0000   0.00007094
  0.156426  -0.0000   0.00007151
  0.157288  -0.0000   0.00007238
  0.158645  -0.0000   0.00007368
  0.159813  -0.0000   0.00007475
  0.161035  -0.0000   0.00007582
  0.162313  -0.0000   0.00007689
  0.163991  -0.0000   0.00007822
  0.165762  -0.0000   0.00007955
  0.167628  -0.0000   0.00008088
  0.170042  -0.0000   0.00008250
  0.170504  -0.0000   0.00008281
  0.170970  -0.0000   0.00008312
  0.171442  -0.0000   0.00008342
  0.171676  -0.0000   0.00008357
  0.171797  -0.0000   0.00008370
  0.171907  -0.0000   0.00008382
  0.172017  -0.0000   0.00008394
  0.172128  -0.0000   0.00008406
  0.172294  -0.0000   0.00008424
  0.172544  -0.0000   0.00008451
  0.172919  -0.0000   0.00008492
  0.173487  -0.0000   0.00008553
  0.174358  -0.0000   0.00008644
  0.175723  -0.0000   0.00008782
  0.177023  -0.0000   0.00008907
  0.178381  -0.0000   0.00009033
  0.179800  -0.0000   0.00009158
  0.181561  -0.0000   0.00009306
  0.183412  -0.0000   0.00009454
  0.185354  -0.0000   0.00009602
  0.187585  -0.0000   0.00009764
  0.187867  -0.0000   0.00009784
  0.188150  -0.0000   0.00009805
  0.188435  -0.0000   0.00009825
  0.188716  -0.0000   0.00009848
  0.188765  -0.0000   0.00009853
  0.188815  -0.0000   0.00009859
  0.188890  -0.0000   0.00009868
  0.189003  -0.0000   0.00009881
  0.189173  -0.0000   0.00009900
  0.189427  -0.0000   0.00009929
  0.189809  -0.0000   0.00009972
  0.190374  -0.0000   0.00010040
  0.191193  -0.0000   0.00010140
  0.192374  -0.0000   0.00010280
  0.193517  -0.0000   0.00010430
  0.194628  -0.0000   0.00010570
  0.195709  -0.0000   0.00010720
  0.197267  -0.0000   0.00010940
  0.198773  -0.0000   0.00011160
  0.200547  -0.0000   0.00011430
  0.202258  -0.0000   0.00011690
  0.204108  -0.0000   0.00011990
  0.205386  -0.0000   0.00012210
  0.205608  -0.0000   0.00012240
  0.205816  -0.0000   0.00012280
  0.205852  -0.0000   0.00012290
  0.205906  -0.0000   0.00012300
  0.205987  -0.0000   0.00012320
  0.206109  -0.0000   0.00012360
  0.206290  -0.0000   0.00012400
  0.206556  -0.0000   0.00012470
  0.206946  -0.0000   0.00012580
  0.207516  -0.0000   0.00012740
  0.208345  -0.0000   0.00012980
  0.209474  -0.0000   0.00013310
  0.210569  -0.0000   0.00013650
  0.211636  -0.0000   0.00013980
  0.212675  -0.0000   0.00014320
  0.214183  -0.0000   0.00014820
  0.215932  -0.0000   0.00015430
  0.217622  -0.0000   0.00016040
  0.219255  -0.0000   0.00016650
  0.220838  -0.0000   0.00017260
  0.222816  -0.0000   0.00018040
  0.223002  -0.0000   0.00018120
  0.223129  -0.0000   0.00018190
  0.223257  -0.0000   0.00018270
  0.223384  -0.0000   0.00018340
  0.223510  -0.0000   0.00018420
  0.223696  -0.0000   0.00018530
  0.223972  -0.0000   0.00018690
  0.224378  -0.0000   0.00018950
  0.224971  -0.0000   0.00019320
  0.225836  -0.0000   0.00019890
  0.227068  -0.0000   0.00020720
  0.228263  -0.0000   0.00021550
  0.229425  -0.0000   0.00022390
  0.230558  -0.0000   0.00023220
  0.232197  -0.0000   0.00024470
  0.233784  -0.0000   0.00025720
  0.235658  -0.0000   0.00027260
  0.237467  -0.0000   0.00028790
  0.239219  -0.0000   0.00030330
  0.239587  -0.0000   0.00030650
  0.239953  -0.0000   0.00030980
  0.240281  -0.0000   0.00031300
  0.240306  -0.0000   0.00031330
  0.240342  -0.0000   0.00031380
  0.240398  -0.0000   0.00031450
  0.240480  -0.0000   0.00031550
  0.240603  -0.0000   0.00031700
  0.240786  -0.0000   0.00031930
  0.241056  -0.0000   0.00032280
  0.241453  -0.0000   0.00032800
  0.242035  -0.0000   0.00033580
  0.242883  -0.0000   0.00034750
  0.244089  -0.0000   0.00036470
  0.245259  -0.0000   0.00038200
  0.246398  -0.0000   0.00039920
  0.247509  -0.0000   0.00041650
  0.249119  -0.0000   0.00044230
  0.250959  -0.0000   0.00047300
  0.252737  -0.0000   0.00050360
  0.254459  -0.0000   0.00053430
  0.256130  -0.0000   0.00056500
  0.256911  -0.0000   0.00057950
  0.257500  -0.0000   0.00059070
  0.257527  -0.0000   0.00059150
  0.257555  -0.0000   0.00059220
  0.257597  -0.0000   0.00059320
  0.257660  -0.0000   0.00059480
  0.257754  -0.0000   0.00059720
  0.257894  -0.0000   0.00060070
  0.258101  -0.0000   0.00060610
  0.258408  -0.0000   0.00061410
  0.258858  -0.0000   0.00062620
  0.259518  -0.0000   0.00064420
  0.260479  -0.0000   0.00067130
  0.261672  -0.0000   0.00070610
  0.262832  -0.0000   0.00074080
  0.263963  -0.0000   0.00077560
  0.265066  -0.0000   0.00081030
  0.266668  -0.0000   0.00086250
  0.268659  -0.0000   0.00092980
  0.270581  -0.0000   0.00099720
  0.272443  -0.0000   0.00106500
  0.274250  -0.0000   0.00113200
  0.274508  -0.0000   0.00114200
  0.274759  -0.0000   0.00115100
  0.274772  -0.0000   0.00115200
  0.274790  -0.0000   0.00115300
  0.274818  -0.0000   0.00115400
  0.274860  -0.0000   0.00115600
  0.274922  -0.0000   0.00115900
  0.275016  -0.0000   0.00116400
  0.275155  -0.0000   0.00117100
  0.275361  -0.0000   0.00118100
  0.275666  -0.0000   0.00119600
  0.276115  -0.0000   0.00122000
  0.276773  -0.0000   0.00125400
  0.277732  -0.0000   0.00130700
  0.278997  -0.0000   0.00137800
  0.280226  -0.0000   0.00144900
  0.281422  -0.0000   0.00152000
  0.282589  -0.0000   0.00159200
  0.284282  -0.0000   0.00169800
  0.286248  -0.0000   0.00182700
  0.288150  -0.0000   0.00195600
  0.289997  -0.0000   0.00208400
  0.291793  -0.0000   0.00221300
  0.292008  -0.0000   0.00222900
  0.292053  -0.0000   0.00223300
  0.292097  -0.0000   0.00223700
  0.292164  -0.0000   0.00224400
  0.292264  -0.0000   0.00225300
  0.292413  -0.0000   0.00226600
  0.292634  -0.0000   0.00228700
  0.292961  -0.0000   0.00231800
  0.293442  -0.0000   0.00236400
  0.294147  -0.0000   0.00243400
  0.295175  -0.0000   0.00253900
  0.296482  -0.0000   0.00267600
  0.297752  -0.0000   0.00281400
  0.298988  -0.0000   0.00295100
  0.300195  -0.0000   0.00308800
  0.301945  -0.0000   0.00329500
  0.303644  -0.0000   0.00350100
  0.305297  -0.0000   0.00370700
  0.306909  -0.0000   0.00391300
  0.309079  -0.0000   0.00419900
  0.309286  -0.0000   0.00423000
  0.309332  -0.0000   0.00423700
  0.309378  -0.0000   0.00424500
  0.309448  -0.0000   0.00425600
  0.309551  -0.0000   0.00427400
  0.309705  -0.0000   0.00429900
  0.309933  -0.0000   0.00433800
  0.310271  -0.0000   0.00439600
  0.310769  -0.0000   0.00448200
  0.311499  -0.0000   0.00461200
  0.312562  -0.0000   0.00480700
  0.313949  -0.0000   0.00507000
  0.315295  -0.0000   0.00533300
  0.316605  -0.0000   0.00559600
  0.317883  -0.0000   0.00585900
  0.319738  -0.0000   0.00625300
  0.321538  -0.0000   0.00664700
  0.323291  -0.0000   0.00704200
  0.325001  -0.0000   0.00743600
  0.325540  -0.0000   0.00756200
  0.326076  -0.0000   0.00768700
  0.326570  -0.0000   0.00781300
  0.326610  -0.0000   0.00782400
  0.326672  -0.0000   0.00784200
  0.326763  -0.0000   0.00786800
  0.326900  -0.0000   0.00790800
  0.327103  -0.0000   0.00796800
  0.327403  -0.0000   0.00805700
  0.327847  -0.0000   0.00819100
  0.328499  -0.0000   0.00839200
  0.329452  -0.0000   0.00869300
  0.330834  -0.0000   0.00914600
  0.332175  -0.0000   0.00959800
  0.333481  -0.0000   0.01005000
  0.334755  -0.0000   0.01050000
  0.336606  -0.0000   0.01118000
  0.338405  -0.0000   0.01186000
  0.340157  -0.0000   0.01254000
  0.341868  -0.0000   0.01322000
  0.342701  -0.0000   0.01355000
  0.343524  -0.0000   0.01388000
  0.343785  -0.0000   0.01400000
  0.343800  -0.0000   0.01401000
  0.343815  -0.0000   0.01401000
  0.343837  -0.0000   0.01402000
  0.343870  -0.0000   0.01404000
  0.343920  -0.0000   0.01406000
  0.343994  -0.0000   0.01410000
  0.344105  -0.0000   0.01416000
  0.344270  -0.0000   0.01424000
  0.344515  -0.0000   0.01436000
  0.344877  -0.0000   0.01454000
  0.345411  -0.0000   0.01482000
  0.346195  -0.0000   0.01523000
  0.347336  -0.0000   0.01585000
  0.348855  -0.0000   0.01671000
  0.350328  -0.0000   0.01756000
  0.351762  -0.0000   0.01842000
  0.353161  -0.0000   0.01927000
  0.355105  -0.0000   0.02050000
  0.356995  -0.0000   0.02172000
  0.358839  -0.0000   0.02295000
  0.360639  -0.0000   0.02417000
  0.360912  -0.0000   0.02436000
  0.361145  -0.0000   0.02454000
  0.361373  -0.0000   0.02473000
  0.361600  -0.0000   0.02492000
  0.361824  -0.0000   0.02510000
  0.362157  -0.0000   0.02538000
  0.362648  -0.0000   0.02580000
  0.363370  -0.0000   0.02643000
  0.364424  -0.0000   0.02737000
  0.365953  -0.0000   0.02879000
  0.367436  -0.0000   0.03020000
  0.368880  -0.0000   0.03161000
  0.370291  -0.0000   0.03303000
  0.372216  -0.0000   0.03502000
  0.374091  -0.0000   0.03700000
  0.375920  -0.0000   0.03899000
  0.377709  -0.0000   0.04098000
  0.378014  -0.0000   0.04132000
  0.378293  -0.0000   0.04166000
  0.378309  -0.0000   0.04168000
  0.378334  -0.0000   0.04171000
  0.378370  -0.0000   0.04176000
  0.378425  -0.0000   0.04183000
  0.378507  -0.0000   0.04194000
  0.378630  -0.0000   0.04210000
  0.378812  -0.0000   0.04234000
  0.379082  -0.0000   0.04271000
  0.379483  -0.0000   0.04325000
  0.380073  -0.0000   0.04407000
  0.380937  -0.0000   0.04529000
  0.382196  -0.0000   0.04713000
  0.383810  -0.0000   0.04957000
  0.385377  -0.0000   0.05201000
  0.386905  -0.0000   0.05445000
  0.388398  -0.0000   0.05689000
  0.390339  -0.0000   0.06015000
  0.392232  -0.0000   0.06341000
  0.394082  -0.0000   0.06667000
  0.394850  -0.0000   0.06803000
  0.395578  -0.0000   0.06940000
  0.395589  -0.0000   0.06942000
  0.395604  -0.0000   0.06945000
  0.395627  -0.0000   0.06950000
  0.395662  -0.0000   0.06957000
  0.395714  -0.0000   0.06968000
  0.395792  -0.0000   0.06984000
  0.395908  -0.0000   0.07009000
  0.396082  -0.0000   0.07045000
  0.396339  -0.0000   0.07100000
  0.396721  -0.0000   0.07182000
  0.397283  -0.0000   0.07305000
  0.398108  -0.0000   0.07490000
  0.399312  -0.0000   0.07767000
  0.401017  -0.0000   0.08174000
  0.402673  -0.0000   0.08580000
  0.404286  -0.0000   0.08987000
  0.405862  -0.0000   0.09393000
  0.407404  -0.0000   0.09800000
  0.409533  -0.0000   0.10400000
  0.411610  -0.0000   0.11000000
  0.412139  -0.0000   0.11100000
  0.412664  -0.0000   0.11200000
  0.412906  -0.0000   0.11300000
  0.412965  -0.0000   0.11300000
  0.413025  -0.0000   0.11400000
  0.413114  -0.0000   0.11400000
  0.413246  -0.0000   0.11400000
  0.413444  -0.0000   0.11500000
  0.413737  -0.0000   0.11600000
  0.414171  -0.0000   0.11700000
  0.414811  -0.0000   0.12000000
  0.415748  -0.0000   0.12300000
  0.417112  -0.0000   0.12800000
  0.418853  -0.0000   0.13400000
  0.420546  -0.0000   0.14100000
  0.422196  -0.0000   0.14700000
  0.423810  -0.0000   0.15400000
  0.425391  -0.0000   0.16000000
  0.427546  -0.0000   0.16900000
  0.429650  -0.0000   0.17800000
  0.429946  -0.0000   0.18000000
  0.429962  -0.0000   0.18000000
  0.429978  -0.0000   0.18000000
  0.430003  -0.0000   0.18000000
  0.430040  -0.0000   0.18000000
  0.430096  -0.0000   0.18000000
  0.430179  -0.0000   0.18100000
  0.430302  -0.0000   0.18100000
  0.430487  -0.0000   0.18200000
  0.430760  -0.0000   0.18400000
  0.431165  -0.0000   0.18600000
  0.431763  -0.0000   0.18900000
  0.432639  -0.0000   0.19400000
  0.433916  -0.0000   0.20000000
  0.435657  -0.0000   0.21000000
  0.437349  -0.0000   0.22000000
  0.439000  -0.0000   0.23000000
  0.440615  -0.0000   0.24000000
  0.442197  -0.0000   0.24900000
  0.444311  -0.0000   0.26300000
  0.446376  -0.0000   0.27600000
  0.446826  -0.0000   0.27900000
  0.447262  -0.0000   0.28200000
  0.447287  -0.0000   0.28200000
  0.447324  -0.0000   0.28300000
  0.447381  -0.0000   0.28300000
  0.447465  -0.0000   0.28400000
  0.447590  -0.0000   0.28500000
  0.447776  -0.0000   0.28600000
  0.448054  -0.0000   0.28800000
  0.448464  -0.0000   0.29100000
  0.449070  -0.0000   0.29600000
  0.449958  -0.0000   0.30300000
  0.451253  -0.0000   0.31400000
  0.452801  -0.0000   0.32700000
  0.454312  -0.0000   0.34000000
  0.455789  -0.0000   0.35300000
  0.457584  -0.0000   0.36900000
  0.459339  -0.0000   0.38500000
  0.461389  -0.0000   0.40400000
  0.463394  -0.0000   0.42400000
  0.463920  -0.0000   0.42900000
  0.464443  -0.0000   0.43400000
  0.464665  -0.0000   0.43600000
  0.464884  -0.0000   0.43900000
  0.465102  -0.0000   0.44100000
  0.465318  -0.0000   0.44400000
  0.465638  -0.0000   0.44700000
  0.466113  -0.0000   0.45300000
  0.466812  -0.0000   0.46100000
  0.467837  -0.0000   0.47300000
  0.469330  -0.0000   0.49100000
  0.471162  -0.0000   0.51400000
  0.472947  -0.0000   0.53700000
  0.474691  -0.0000   0.56000000
  0.476399  -0.0000   0.58300000
  0.478074  -0.0000   0.60700000
  0.480270  -0.0000   0.63800000
  0.481025  -0.0000   0.64800000
  0.481764  -0.0000   0.65900000
  0.481775  -0.0000   0.65900000
  0.481791  -0.0000   0.66000000
  0.481815  -0.0000   0.66000000
  0.481850  -0.0000   0.66000000
  0.481904  -0.0000   0.66100000
  0.481984  -0.0000   0.66300000
  0.482104  -0.0000   0.66500000
  0.482283  -0.0000   0.66700000
  0.482548  -0.0000   0.67200000
  0.482941  -0.0000   0.67800000
  0.483522  -0.0000   0.68800000
  0.484375  -0.0000   0.70200000
  0.485622  -0.0000   0.72400000
  0.487153  -0.0000   0.75200000
  0.488650  -0.0000   0.77900000
  0.490115  -0.0000   0.80700000
  0.491918  -0.0000   0.84200000
  0.493684  -0.0000   0.87600000
  0.495768  -0.0000   0.91800000
  0.497809  -0.0000   0.96000000
  0.498535  -0.0000   0.97500000
  0.499222  -0.0000   0.99000000
  0.499249  -0.0000   0.99100000
  0.499290  -0.0000   0.99200000
  0.499351  -0.0000   0.99300000
  0.499443  -0.0000   0.99500000
  0.499579  -0.0000   0.99800000
  0.499655  -0.0000   1.00000000
  0.499578  -0.0000   1.00000000
  0.499578  -0.0000   1.00000000
  0.499578  -0.0000   1.00000000
  0.499578  -0.0000   1.00000000
  0.499578  -0.0000   1.00000000
  0.499577  -0.0000   1.00000000
  0.499577  -0.0000   1.00000000
  0.499577  -0.0000   1.00000000
  0.499577  -0.0000   1.00000000
  0.499577  -0.0000   1.00000000
  0.499577  -0.0000   1.00000000
  0.499577  -0.0000   1.00000000
  0.499577  -0.0000   1.00000000
  0.499577  -0.0000   1.00000000
  0.499576  -0.0000   1.00000000
  0.499575  -0.0000   1.00000000
