  0.000001  -0.0000   0.00000010
  0.000003  -0.0000   0.00000020
  0.000009  -0.0000   0.00000030
  0.000100  -0.0000   0.00000045
  0.002096  -0.0000   0.00000067
  0.005981  -0.0000   0.00000076
  0.005985  -0.0000   0.00000089
  0.005991  -0.0000   0.00000108
  0.006001  -0.0000   0.00000136
  0.006026  -0.0000   0.00000179
  0.006089  -0.0000   0.00000243
  0.006183  -0.0000   0.00000303
  0.006326  -0.0000   0.00000363
  0.006530  -0.0000   0.00000423
  0.006754  -0.0000   0.00000474
  0.007036  -0.0000   0.00000525
  0.007384  -0.0000   0.00000576
  0.007801  -0.0000   0.00000626
  0.008200  -0.0000   0.00000669
  0.008653  -0.0000   0.00000711
  0.009160  -0.0000   0.00000753
  0.009724  -0.0000   0.00000796
  0.010344  -0.0000   0.00000838
  0.011020  -0.0000   0.00000880
  0.011754  -0.0000   0.00000923
  0.012546  -0.0000   0.00000965
  0.013394  -0.0000   0.00001008
  0.014300  -0.0000   0.00001050
  0.015264  -0.0000   0.00001092
  0.016286  -0.0000   0.00001135
  0.017458  -0.0000   0.00001180
  0.018699  -0.0000   0.00001226
  0.020007  -0.0000   0.00001272
  0.020097  -0.0000   0.00001275
  0.020187  -0.0000   0.00001278
  0.020277  -0.0000   0.00001281
  0.020317  -0.0000   0.00001286
  0.020331  -0.0000   0.00001291
  0.020342  -0.0000   0.00001295
  0.020352  -0.0000   0.00001300
  0.020366  -0.0000   0.00001307
  0.020384  -0.0000   0.00001317
  0.020411  -0.0000   0.00001333
  0.020451  -0.0000   0.00001357
  0.020515  -0.0000   0.00001393
  0.020617  -0.0000   0.00001446
  0.020784  -0.0000   0.00001526
  0.021070  -0.0000   0.00001646
  0.021585  -0.0000   0.00001827
  0.022090  -0.0000   0.00001979
  0.022671  -0.0000   0.00002132
  0.023333  -0.0000   0.00002284
  0.024083  -0.0000   0.00002436
  0.024925  -0.0000   0.00002589
  0.025864  -0.0000   0.00002741
  0.026904  -0.0000   0.00002894
  0.028049  -0.0000   0.00003046
  0.029086  -0.0000   0.00003174
  0.030202  -0.0000   0.00003302
  0.031398  -0.0000   0.00003430
  0.032675  -0.0000   0.00003558
  0.034035  -0.0000   0.00003685
  0.035478  -0.0000   0.00003813
  0.037006  -0.0000   0.00003941
  0.037244  -0.0000   0.00003961
  0.037484  -0.0000   0.00003981
  0.037725  -0.0000   0.00004001
  0.038028  -0.0000   0.00004030
  0.038062  -0.0000   0.00004040
  0.038091  -0.0000   0.00004051
  0.038118  -0.0000   0.00004061
  0.038159  -0.0000   0.00004076
  0.038220  -0.0000   0.00004099
  0.038314  -0.0000   0.00004134
  0.038456  -0.0000   0.00004186
  0.038675  -0.0000   0.00004263
  0.039016  -0.0000   0.00004380
  0.039558  -0.0000   0.00004555
  0.040450  -0.0000   0.00004817
  0.041159  -0.0000   0.00005011
  0.041916  -0.0000   0.00005206
  0.042728  -0.0000   0.00005400
  0.043830  -0.0000   0.00005642
  0.045027  -0.0000   0.00005885
  0.046322  -0.0000   0.00006127
  0.047910  -0.0000   0.00006400
  0.049635  -0.0000   0.00006673
  0.051499  -0.0000   0.00006946
  0.053507  -0.0000   0.00007219
  0.055312  -0.0000   0.00007450
  0.055695  -0.0000   0.00007498
  0.056082  -0.0000   0.00007547
  0.056473  -0.0000   0.00007595
  0.056546  -0.0000   0.00007614
  0.056602  -0.0000   0.00007634
  0.056657  -0.0000   0.00007653
  0.056740  -0.0000   0.00007682
  0.056866  -0.0000   0.00007726
  0.057057  -0.0000   0.00007791
  0.057349  -0.0000   0.00007889
  0.057798  -0.0000   0.00008036
  0.058498  -0.0000   0.00008256
  0.059621  -0.0000   0.00008587
  0.060679  -0.0000   0.00008880
  0.061805  -0.0000   0.00009174
  0.063001  -0.0000   0.00009467
  0.064438  -0.0000   0.00009797
  0.065920  -0.0000   0.00010130
  0.067364  -0.0000   0.00010460
  0.069468  -0.0000   0.00010950
  0.071689  -0.0000   0.00011490
  0.073850  -0.0000   0.00012030
  0.074170  -0.0000   0.00012110
  0.074488  -0.0000   0.00012190
  0.074805  -0.0000   0.00012270
  0.075040  -0.0000   0.00012340
  0.075170  -0.0000   0.00012410
  0.075299  -0.0000   0.00012480
  0.075428  -0.0000   0.00012550
  0.075556  -0.0000   0.00012620
  0.075747  -0.0000   0.00012730
  0.076030  -0.0000   0.00012890
  0.076447  -0.0000   0.00013130
  0.077060  -0.0000   0.00013500
  0.077955  -0.0000   0.00014040
  0.079256  -0.0000   0.00014850
  0.081133  -0.0000   0.00016070
  0.082955  -0.0000   0.00017290
  0.084730  -0.0000   0.00018510
  0.086464  -0.0000   0.00019730
  0.088161  -0.0000   0.00020940
  0.090634  -0.0000   0.00022770
  0.093038  -0.0000   0.00024600
  0.093299  -0.0000   0.00024800
  0.093559  -0.0000   0.00025000
  0.093818  -0.0000   0.00025190
  0.093930  -0.0000   0.00025350
  0.094042  -0.0000   0.00025500
  0.094153  -0.0000   0.00025660
  0.094265  -0.0000   0.00025810
  0.094431  -0.0000   0.00026040
  0.094677  -0.0000   0.00026390
  0.095040  -0.0000   0.00026910
  0.095577  -0.0000   0.00027690
  0.096363  -0.0000   0.00028860
  0.097511  -0.0000   0.00030610
  0.099181  -0.0000   0.00033240
  0.100808  -0.0000   0.00035880
  0.102399  -0.0000   0.00038510
  0.103957  -0.0000   0.00041140
  0.106231  -0.0000   0.00045080
  0.108449  -0.0000   0.00049030
  0.110616  -0.0000   0.00052980
  0.112708  -0.0000   0.00056920
  0.112849  -0.0000   0.00057340
  0.112991  -0.0000   0.00057760
  0.113132  -0.0000   0.00058180
  0.113273  -0.0000   0.00058610
  0.113482  -0.0000   0.00059240
  0.113793  -0.0000   0.00060180
  0.114252  -0.0000   0.00061610
  0.114928  -0.0000   0.00063740
  0.115921  -0.0000   0.00066940
  0.117371  -0.0000   0.00071730
  0.119195  -0.0000   0.00077930
  0.120976  -0.0000   0.00084120
  0.122719  -0.0000   0.00090320
  0.124430  -0.0000   0.00096510
  0.126904  -0.0000   0.00105700
  0.129318  -0.0000   0.00114900
  0.131667  -0.0000   0.00124100
  0.131837  -0.0000   0.00125100
  0.132007  -0.0000   0.00126000
  0.132175  -0.0000   0.00127000
  0.132343  -0.0000   0.00128000
  0.132593  -0.0000   0.00129400
  0.132963  -0.0000   0.00131600
  0.133510  -0.0000   0.00134900
  0.134317  -0.0000   0.00139700
  0.135501  -0.0000   0.00147100
  0.137231  -0.0000   0.00158100
  0.138923  -0.0000   0.00169100
  0.140581  -0.0000   0.00180100
  0.142210  -0.0000   0.00191100
  0.144592  -0.0000   0.00207600
  0.147271  -0.0000   0.00226600
  0.149885  -0.0000   0.00245600
  0.150215  -0.0000   0.00248100
  0.150544  -0.0000   0.00250500
  0.150799  -0.0000   0.00252900
  0.151040  -0.0000   0.00255300
  0.151280  -0.0000   0.00257700
  0.151518  -0.0000   0.00260100
  0.151871  -0.0000   0.00263800
  0.152394  -0.0000   0.00269200
  0.153165  -0.0000   0.00277300
  0.154299  -0.0000   0.00289500
  0.155958  -0.0000   0.00307900
  0.157952  -0.0000   0.00330500
  0.159902  -0.0000   0.00353100
  0.161813  -0.0000   0.00375700
  0.163687  -0.0000   0.00398300
  0.166428  -0.0000   0.00432200
  0.169104  -0.0000   0.00466100
  0.169700  -0.0000   0.00474600
  0.170020  -0.0000   0.00479900
  0.170337  -0.0000   0.00485200
  0.170652  -0.0000   0.00490500
  0.170964  -0.0000   0.00495800
  0.171427  -0.0000   0.00503800
  0.172113  -0.0000   0.00515700
  0.173124  -0.0000   0.00533600
  0.174608  -0.0000   0.00560500
  0.176776  -0.0000   0.00600800
  0.178893  -0.0000   0.00641100
  0.180966  -0.0000   0.00681400
  0.182999  -0.0000   0.00721700
  0.185838  -0.0000   0.00779400
  0.188161  -0.0000   0.00827500
  0.188506  -0.0000   0.00834700
  0.188787  -0.0000   0.00841900
  0.189063  -0.0000   0.00849100
  0.189336  -0.0000   0.00856300
  0.189608  -0.0000   0.00863500
  0.190011  -0.0000   0.00874200
  0.190609  -0.0000   0.00890400
  0.191493  -0.0000   0.00914700
  0.192792  -0.0000   0.00951000
  0.194694  -0.0000   0.01006000
  0.196893  -0.0000   0.01070000
  0.199044  -0.0000   0.01135000
  0.201153  -0.0000   0.01200000
  0.203225  -0.0000   0.01264000
  0.206259  -0.0000   0.01361000
  0.206749  -0.0000   0.01377000
  0.207237  -0.0000   0.01393000
  0.207686  -0.0000   0.01408000
  0.208034  -0.0000   0.01422000
  0.208379  -0.0000   0.01436000
  0.208721  -0.0000   0.01449000
  0.209061  -0.0000   0.01463000
  0.209566  -0.0000   0.01484000
  0.210314  -0.0000   0.01514000
  0.211417  -0.0000   0.01561000
  0.213037  -0.0000   0.01630000
  0.215404  -0.0000   0.01734000
  0.217718  -0.0000   0.01838000
  0.219985  -0.0000   0.01942000
  0.222211  -0.0000   0.02045000
  0.225080  -0.0000   0.02182000
  0.225667  -0.0000   0.02210000
  0.226251  -0.0000   0.02238000
  0.226790  -0.0000   0.02267000
  0.227170  -0.0000   0.02288000
  0.227546  -0.0000   0.02310000
  0.227920  -0.0000   0.02332000
  0.228291  -0.0000   0.02354000
  0.228842  -0.0000   0.02387000
  0.229659  -0.0000   0.02436000
  0.230863  -0.0000   0.02509000
  0.232632  -0.0000   0.02620000
  0.235215  -0.0000   0.02785000
  0.237741  -0.0000   0.02951000
  0.240216  -0.0000   0.03117000
  0.242647  -0.0000   0.03282000
  0.245039  -0.0000   0.03448000
  0.245430  -0.0000   0.03475000
  0.245792  -0.0000   0.03502000
  0.246126  -0.0000   0.03529000
  0.246458  -0.0000   0.03556000
  0.246788  -0.0000   0.03583000
  0.247277  -0.0000   0.03624000
  0.248003  -0.0000   0.03685000
  0.249075  -0.0000   0.03776000
  0.250651  -0.0000   0.03914000
  0.252958  -0.0000   0.04119000
  0.255217  -0.0000   0.04325000
  0.257434  -0.0000   0.04531000
  0.259615  -0.0000   0.04737000
  0.262507  -0.0000   0.05015000
  0.263499  -0.0000   0.05111000
  0.264485  -0.0000   0.05207000
  0.264853  -0.0000   0.05245000
  0.265197  -0.0000   0.05284000
  0.265539  -0.0000   0.05322000
  0.265878  -0.0000   0.05361000
  0.266383  -0.0000   0.05418000
  0.267131  -0.0000   0.05505000
  0.268236  -0.0000   0.05635000
  0.269861  -0.0000   0.05830000
  0.272242  -0.0000   0.06123000
  0.274574  -0.0000   0.06415000
  0.276866  -0.0000   0.06708000
  0.279121  -0.0000   0.07000000
  0.282028  -0.0000   0.07384000
  0.282780  -0.0000   0.07484000
  0.283529  -0.0000   0.07584000
  0.283951  -0.0000   0.07644000
  0.284052  -0.0000   0.07659000
  0.284152  -0.0000   0.07674000
  0.284252  -0.0000   0.07689000
  0.284401  -0.0000   0.07712000
  0.284625  -0.0000   0.07746000
  0.284957  -0.0000   0.07797000
  0.285452  -0.0000   0.07873000
  0.286186  -0.0000   0.07988000
  0.287271  -0.0000   0.08160000
  0.288868  -0.0000   0.08418000
  0.291211  -0.0000   0.08805000
  0.293509  -0.0000   0.09192000
  0.295769  -0.0000   0.09579000
  0.297996  -0.0000   0.10000000
  0.300982  -0.0000   0.10500000
  0.301785  -0.0000   0.10600000
  0.302585  -0.0000   0.10800000
  0.303005  -0.0000   0.10900000
  0.303404  -0.0000   0.10900000
  0.303800  -0.0000   0.11000000
  0.304193  -0.0000   0.11100000
  0.304776  -0.0000   0.11200000
  0.305642  -0.0000   0.11400000
  0.306919  -0.0000   0.11700000
  0.308799  -0.0000   0.12100000
  0.311049  -0.0000   0.12600000
  0.313261  -0.0000   0.13100000
  0.315440  -0.0000   0.13600000
  0.318257  -0.0000   0.14200000
  0.321030  -0.0000   0.14900000
  0.321507  -0.0000   0.15000000
  0.321970  -0.0000   0.15100000
  0.322077  -0.0000   0.15100000
  0.322185  -0.0000   0.15100000
  0.322292  -0.0000   0.15200000
  0.322453  -0.0000   0.15200000
  0.322693  -0.0000   0.15300000
  0.323050  -0.0000   0.15400000
  0.323581  -0.0000   0.15500000
  0.324369  -0.0000   0.15700000
  0.325535  -0.0000   0.16000000
  0.327251  -0.0000   0.16500000
  0.329772  -0.0000   0.17200000
  0.332247  -0.0000   0.17900000
  0.334683  -0.0000   0.18700000
  0.337085  -0.0000   0.19400000
  0.340107  -0.0000   0.20300000
  0.340611  -0.0000   0.20400000
  0.341097  -0.0000   0.20600000
  0.341553  -0.0000   0.20800000
  0.342006  -0.0000   0.20900000
  0.342456  -0.0000   0.21100000
  0.342902  -0.0000   0.21200000
  0.343566  -0.0000   0.21400000
  0.344551  -0.0000   0.21800000
  0.346005  -0.0000   0.22300000
  0.348147  -0.0000   0.23100000
  0.350563  -0.0000   0.24000000
  0.352943  -0.0000   0.24900000
  0.355290  -0.0000   0.25800000
  0.358312  -0.0000   0.26900000
  0.359155  -0.0000   0.27200000
  0.359995  -0.0000   0.27600000
  0.360302  -0.0000   0.27700000
  0.360607  -0.0000   0.27800000
  0.360910  -0.0000   0.28000000
  0.361211  -0.0000   0.28100000
  0.361661  -0.0000   0.28300000
  0.362329  -0.0000   0.28600000
  0.363319  -0.0000   0.29000000
  0.364783  -0.0000   0.29700000
  0.366939  -0.0000   0.30600000
  0.369382  -0.0000   0.31800000
  0.371789  -0.0000   0.32900000
  0.374163  -0.0000   0.34000000
  0.377141  -0.0000   0.35500000
  0.378122  -0.0000   0.36000000
  0.379095  -0.0000   0.36400000
  0.379152  -0.0000   0.36500000
  0.379208  -0.0000   0.36500000
  0.379265  -0.0000   0.36500000
  0.379349  -0.0000   0.36600000
  0.379476  -0.0000   0.36700000
  0.379666  -0.0000   0.36800000
  0.379948  -0.0000   0.36900000
  0.380369  -0.0000   0.37100000
  0.380996  -0.0000   0.37500000
  0.381924  -0.0000   0.38000000
  0.383298  -0.0000   0.38700000
  0.385324  -0.0000   0.39900000
  0.387685  -0.0000   0.41300000
  0.390012  -0.0000   0.42600000
  0.392310  -0.0000   0.44000000
  0.395309  -0.0000   0.45800000
  0.398258  -0.0000   0.47600000
  0.398344  -0.0000   0.47600000
  0.398430  -0.0000   0.47700000
  0.398515  -0.0000   0.47800000
  0.398644  -0.0000   0.47800000
  0.398836  -0.0000   0.48000000
  0.399122  -0.0000   0.48200000
  0.399549  -0.0000   0.48400000
  0.400184  -0.0000   0.48900000
  0.401127  -0.0000   0.49500000
  0.402522  -0.0000   0.50500000
  0.404580  -0.0000   0.51900000
  0.407012  -0.0000   0.53700000
  0.409410  -0.0000   0.55400000
  0.411778  -0.0000   0.57100000
  0.414883  -0.0000   0.59400000
  0.416299  -0.0000   0.60500000
  0.417674  -0.0000   0.61600000
  0.417756  -0.0000   0.61600000
  0.417838  -0.0000   0.61700000
  0.417920  -0.0000   0.61800000
  0.418043  -0.0000   0.61900000
  0.418226  -0.0000   0.62000000
  0.418501  -0.0000   0.62200000
  0.418910  -0.0000   0.62600000
  0.419519  -0.0000   0.63100000
  0.420423  -0.0000   0.63800000
  0.421763  -0.0000   0.65000000
  0.423743  -0.0000   0.66700000
  0.426223  -0.0000   0.68800000
  0.428669  -0.0000   0.71000000
  0.431084  -0.0000   0.73100000
  0.434145  -0.0000   0.75900000
  0.435378  -0.0000   0.77000000
  0.436585  -0.0000   0.78200000
  0.436657  -0.0000   0.78200000
  0.436729  -0.0000   0.78300000
  0.436801  -0.0000   0.78400000
  0.436908  -0.0000   0.78500000
  0.437069  -0.0000   0.78700000
  0.437310  -0.0000   0.78900000
  0.437669  -0.0000   0.79200000
  0.438204  -0.0000   0.79800000
  0.438999  -0.0000   0.80600000
  0.440178  -0.0000   0.81800000
  0.441923  -0.0000   0.83600000
  0.444496  -0.0000   0.86300000
  0.447032  -0.0000   0.89000000
  0.449536  -0.0000   0.91700000
  0.452011  -0.0000   0.94400000
  0.455457  -0.0000   0.98200000
  0.455551  -0.0000   0.98400000
  0.455644  -0.0000   0.98500000
  0.455737  -0.0000   0.98600000
  0.455876  -0.0000   0.98700000
  0.456084  -0.0000   0.99000000
  0.456395  -0.0000   0.99400000
  0.456858  -0.0000   0.99900000
  0.456933  -0.0000   1.00000000
  0.456910  -0.0000   1.00000000
  0.456910  -0.0000   1.00000000
  0.456910  -0.0000   1.00000000
  0.456910  -0.0000   1.00000000
  0.456910  -0.0000   1.00000000
  0.456910  -0.0000   1.00000000
  0.456910  -0.0000   1.00000000
  0.456910  -0.0000   1.00000000
  0.456910  -0.0000   1.00000000
  0.456910  -0.0000   1.00000000
  0.456909  -0.0000   1.00000000
  0.456909  -0.0000   1.00000000
  0.456909  -0.0000   1.00000000
  0.456908  -0.0000   1.00000000
  0.456907  -0.0000   1.00000000
  0.456907  -0.0000   1.00000000
