  0.000011  -0.0000   0.00000010
  0.000025  -0.0000   0.00000020
  0.000068  -0.0000   0.00000030
  0.000787  -0.0000   0.00000045
  0.006068  -0.0000   0.00000067
  0.006166  -0.0000   0.00000101
  0.006265  -0.0000   0.00000127
  0.006400  -0.0000   0.00000153
  0.006583  -0.0000   0.00000179
  0.006723  -0.0000   0.00000195
  0.006891  -0.0000   0.00000211
  0.007089  -0.0000   0.00000227
  0.007362  -0.0000   0.00000246
  0.007687  -0.0000   0.00000265
  0.008067  -0.0000   0.00000284
  0.008508  -0.0000   0.00000302
  0.009013  -0.0000   0.00000321
  0.009585  -0.0000   0.00000340
  0.010227  -0.0000   0.00000359
  0.010807  -0.0000   0.00000374
  0.011437  -0.0000   0.00000390
  0.012117  -0.0000   0.00000405
  0.012944  -0.0000   0.00000423
  0.013834  -0.0000   0.00000440
  0.014786  -0.0000   0.00000457
  0.015799  -0.0000   0.00000475
  0.016874  -0.0000   0.00000492
  0.018009  -0.0000   0.00000510
  0.019203  -0.0000   0.00000527
  0.019443  -0.0000   0.00000531
  0.019686  -0.0000   0.00000534
  0.019930  -0.0000   0.00000538
  0.020039  -0.0000   0.00000540
  0.020058  -0.0000   0.00000541
  0.020073  -0.0000   0.00000543
  0.020091  -0.0000   0.00000546
  0.020106  -0.0000   0.00000549
  0.020126  -0.0000   0.00000554
  0.020151  -0.0000   0.00000560
  0.020184  -0.0000   0.00000570
  0.020227  -0.0000   0.00000585
  0.020289  -0.0000   0.00000607
  0.020385  -0.0000   0.00000641
  0.020553  -0.0000   0.00000691
  0.020872  -0.0000   0.00000766
  0.021271  -0.0000   0.00000841
  0.021656  -0.0000   0.00000903
  0.022108  -0.0000   0.00000964
  0.022631  -0.0000   0.00001026
  0.023232  -0.0000   0.00001087
  0.023916  -0.0000   0.00001149
  0.024557  -0.0000   0.00001200
  0.025263  -0.0000   0.00001252
  0.026037  -0.0000   0.00001304
  0.026882  -0.0000   0.00001356
  0.027798  -0.0000   0.00001408
  0.028789  -0.0000   0.00001460
  0.029855  -0.0000   0.00001512
  0.030999  -0.0000   0.00001564
  0.032025  -0.0000   0.00001608
  0.033107  -0.0000   0.00001652
  0.034247  -0.0000   0.00001696
  0.035558  -0.0000   0.00001744
  0.036938  -0.0000   0.00001792
  0.037035  -0.0000   0.00001795
  0.037132  -0.0000   0.00001799
  0.037230  -0.0000   0.00001802
  0.037284  -0.0000   0.00001807
  0.037319  -0.0000   0.00001812
  0.037349  -0.0000   0.00001817
  0.037377  -0.0000   0.00001822
  0.037415  -0.0000   0.00001830
  0.037468  -0.0000   0.00001841
  0.037545  -0.0000   0.00001858
  0.037659  -0.0000   0.00001884
  0.037838  -0.0000   0.00001922
  0.038128  -0.0000   0.00001980
  0.038609  -0.0000   0.00002066
  0.039442  -0.0000   0.00002195
  0.040393  -0.0000   0.00002325
  0.041279  -0.0000   0.00002434
  0.042258  -0.0000   0.00002542
  0.043336  -0.0000   0.00002651
  0.044517  -0.0000   0.00002759
  0.045806  -0.0000   0.00002868
  0.047207  -0.0000   0.00002977
  0.048725  -0.0000   0.00003085
  0.050363  -0.0000   0.00003194
  0.051828  -0.0000   0.00003285
  0.053382  -0.0000   0.00003377
  0.055024  -0.0000   0.00003468
  0.055193  -0.0000   0.00003478
  0.055363  -0.0000   0.00003487
  0.055533  -0.0000   0.00003496
  0.055613  -0.0000   0.00003506
  0.055674  -0.0000   0.00003516
  0.055728  -0.0000   0.00003526
  0.055805  -0.0000   0.00003541
  0.055916  -0.0000   0.00003563
  0.056085  -0.0000   0.00003596
  0.056348  -0.0000   0.00003646
  0.056766  -0.0000   0.00003721
  0.057440  -0.0000   0.00003834
  0.058560  -0.0000   0.00004003
  0.059794  -0.0000   0.00004172
  0.061147  -0.0000   0.00004340
  0.062627  -0.0000   0.00004509
  0.064238  -0.0000   0.00004678
  0.065696  -0.0000   0.00004821
  0.067255  -0.0000   0.00004963
  0.068917  -0.0000   0.00005106
  0.070684  -0.0000   0.00005248
  0.072559  -0.0000   0.00005391
  0.072947  -0.0000   0.00005420
  0.073340  -0.0000   0.00005449
  0.073738  -0.0000   0.00005478
  0.073842  -0.0000   0.00005491
  0.073918  -0.0000   0.00005504
  0.073987  -0.0000   0.00005517
  0.074086  -0.0000   0.00005536
  0.074233  -0.0000   0.00005565
  0.074458  -0.0000   0.00005609
  0.074807  -0.0000   0.00005674
  0.075357  -0.0000   0.00005772
  0.076234  -0.0000   0.00005919
  0.077668  -0.0000   0.00006139
  0.079226  -0.0000   0.00006359
  0.080915  -0.0000   0.00006579
  0.082739  -0.0000   0.00006799
  0.084704  -0.0000   0.00007019
  0.086462  -0.0000   0.00007204
  0.088325  -0.0000   0.00007389
  0.090295  -0.0000   0.00007575
  0.091796  -0.0000   0.00007710
  0.091988  -0.0000   0.00007728
  0.092122  -0.0000   0.00007745
  0.092217  -0.0000   0.00007762
  0.092349  -0.0000   0.00007788
  0.092544  -0.0000   0.00007827
  0.092742  -0.0000   0.00007866
  0.093046  -0.0000   0.00007925
  0.093517  -0.0000   0.00008013
  0.094254  -0.0000   0.00008144
  0.095426  -0.0000   0.00008342
  0.097336  -0.0000   0.00008638
  0.099014  -0.0000   0.00008882
  0.100803  -0.0000   0.00009125
  0.102708  -0.0000   0.00009369
  0.104730  -0.0000   0.00009613
  0.106872  -0.0000   0.00009856
  0.109062  -0.0000   0.00010100
  0.109475  -0.0000   0.00010150
  0.109886  -0.0000   0.00010190
  0.110295  -0.0000   0.00010240
  0.110491  -0.0000   0.00010270
  0.110620  -0.0000   0.00010290
  0.110742  -0.0000   0.00010320
  0.110921  -0.0000   0.00010360
  0.111099  -0.0000   0.00010400
  0.111367  -0.0000   0.00010460
  0.111771  -0.0000   0.00010560
  0.112375  -0.0000   0.00010690
  0.113276  -0.0000   0.00010900
  0.114612  -0.0000   0.00011210
  0.116586  -0.0000   0.00011680
  0.119488  -0.0000   0.00012370
  0.122338  -0.0000   0.00013070
  0.125138  -0.0000   0.00013770
  0.127890  -0.0000   0.00014470
  0.128116  -0.0000   0.00014530
  0.128341  -0.0000   0.00014580
  0.128567  -0.0000   0.00014640
  0.128863  -0.0000   0.00014730
  0.129024  -0.0000   0.00014800
  0.129179  -0.0000   0.00014870
  0.129334  -0.0000   0.00014940
  0.129489  -0.0000   0.00015010
  0.129723  -0.0000   0.00015120
  0.130074  -0.0000   0.00015280
  0.130600  -0.0000   0.00015520
  0.131383  -0.0000   0.00015880
  0.132547  -0.0000   0.00016430
  0.134271  -0.0000   0.00017240
  0.136813  -0.0000   0.00018460
  0.139708  -0.0000   0.00019880
  0.142556  -0.0000   0.00021290
  0.145358  -0.0000   0.00022710
  0.145723  -0.0000   0.00022890
  0.146087  -0.0000   0.00023080
  0.146450  -0.0000   0.00023260
  0.146993  -0.0000   0.00023540
  0.147222  -0.0000   0.00023670
  0.147378  -0.0000   0.00023800
  0.147530  -0.0000   0.00023930
  0.147760  -0.0000   0.00024120
  0.147990  -0.0000   0.00024320
  0.148335  -0.0000   0.00024610
  0.148852  -0.0000   0.00025040
  0.149622  -0.0000   0.00025700
  0.150767  -0.0000   0.00026680
  0.152463  -0.0000   0.00028150
  0.154967  -0.0000   0.00030360
  0.157745  -0.0000   0.00032850
  0.160482  -0.0000   0.00035340
  0.163179  -0.0000   0.00037830
  0.163756  -0.0000   0.00038370
  0.164332  -0.0000   0.00038900
  0.164905  -0.0000   0.00039440
  0.165682  -0.0000   0.00040240
  0.165862  -0.0000   0.00040500
  0.166041  -0.0000   0.00040760
  0.166220  -0.0000   0.00041020
  0.166490  -0.0000   0.00041410
  0.166894  -0.0000   0.00042000
  0.167497  -0.0000   0.00042880
  0.168395  -0.0000   0.00044190
  0.169729  -0.0000   0.00046170
  0.171705  -0.0000   0.00049130
  0.174619  -0.0000   0.00053580
  0.177489  -0.0000   0.00058020
  0.180317  -0.0000   0.00062470
  0.183106  -0.0000   0.00066910
  0.183370  -0.0000   0.00067340
  0.183633  -0.0000   0.00067760
  0.183897  -0.0000   0.00068180
  0.184125  -0.0000   0.00068650
  0.184325  -0.0000   0.00069130
  0.184526  -0.0000   0.00069600
  0.184828  -0.0000   0.00070310
  0.185280  -0.0000   0.00071370
  0.185955  -0.0000   0.00072970
  0.186959  -0.0000   0.00075370
  0.188449  -0.0000   0.00078960
  0.190652  -0.0000   0.00084350
  0.193373  -0.0000   0.00091100
  0.196058  -0.0000   0.00097860
  0.198707  -0.0000   0.00104600
  0.201879  -0.0000   0.00112800
  0.202125  -0.0000   0.00113500
  0.202371  -0.0000   0.00114100
  0.202546  -0.0000   0.00114700
  0.202720  -0.0000   0.00115400
  0.202895  -0.0000   0.00116000
  0.203070  -0.0000   0.00116700
  0.203332  -0.0000   0.00117600
  0.203725  -0.0000   0.00119100
  0.204310  -0.0000   0.00121200
  0.205182  -0.0000   0.00124400
  0.206477  -0.0000   0.00129300
  0.208396  -0.0000   0.00136600
  0.211231  -0.0000   0.00147500
  0.214026  -0.0000   0.00158400
  0.216785  -0.0000   0.00169300
  0.219509  -0.0000   0.00180200
  0.219838  -0.0000   0.00181500
  0.220168  -0.0000   0.00182800
  0.220496  -0.0000   0.00184200
  0.220925  -0.0000   0.00186100
  0.221231  -0.0000   0.00187800
  0.221537  -0.0000   0.00189500
  0.221844  -0.0000   0.00191200
  0.222149  -0.0000   0.00192900
  0.222606  -0.0000   0.00195400
  0.223288  -0.0000   0.00199200
  0.224302  -0.0000   0.00204800
  0.225808  -0.0000   0.00213300
  0.228039  -0.0000   0.00226100
  0.230701  -0.0000   0.00241500
  0.233330  -0.0000   0.00256900
  0.235928  -0.0000   0.00272300
  0.239191  -0.0000   0.00292000
  0.239376  -0.0000   0.00293400
  0.239554  -0.0000   0.00294800
  0.239733  -0.0000   0.00296300
  0.240002  -0.0000   0.00298400
  0.240403  -0.0000   0.00301600
  0.241003  -0.0000   0.00306400
  0.241895  -0.0000   0.00313600
  0.243221  -0.0000   0.00324400
  0.245186  -0.0000   0.00340600
  0.248090  -0.0000   0.00364900
  0.250956  -0.0000   0.00389100
  0.253785  -0.0000   0.00413400
  0.256579  -0.0000   0.00437700
  0.256932  -0.0000   0.00440800
  0.257284  -0.0000   0.00443800
  0.257636  -0.0000   0.00446900
  0.257834  -0.0000   0.00449200
  0.258033  -0.0000   0.00451400
  0.258232  -0.0000   0.00453600
  0.258432  -0.0000   0.00455900
  0.258730  -0.0000   0.00459200
  0.259176  -0.0000   0.00464300
  0.259840  -0.0000   0.00471800
  0.260830  -0.0000   0.00483100
  0.262300  -0.0000   0.00500100
  0.264478  -0.0000   0.00525600
  0.267073  -0.0000   0.00556300
  0.269638  -0.0000   0.00587100
  0.272175  -0.0000   0.00617800
  0.275452  -0.0000   0.00658100
  0.275740  -0.0000   0.00661600
  0.276027  -0.0000   0.00665200
  0.276260  -0.0000   0.00668700
  0.276488  -0.0000   0.00672300
  0.276717  -0.0000   0.00675800
  0.276945  -0.0000   0.00679300
  0.277287  -0.0000   0.00684700
  0.277797  -0.0000   0.00692600
  0.278557  -0.0000   0.00704600
  0.279688  -0.0000   0.00722500
  0.281368  -0.0000   0.00749400
  0.283856  -0.0000   0.00789800
  0.286316  -0.0000   0.00830200
  0.288749  -0.0000   0.00870500
  0.291158  -0.0000   0.00910900
  0.293213  -0.0000   0.00945600
  0.293812  -0.0000   0.00955800
  0.294410  -0.0000   0.00965900
  0.294663  -0.0000   0.00971000
  0.294904  -0.0000   0.00976100
  0.295146  -0.0000   0.00981200
  0.295508  -0.0000   0.00988800
  0.296048  -0.0000   0.01000000
  0.296854  -0.0000   0.01017000
  0.298051  -0.0000   0.01043000
  0.299829  -0.0000   0.01082000
  0.302461  -0.0000   0.01139000
  0.305062  -0.0000   0.01197000
  0.307635  -0.0000   0.01255000
  0.310181  -0.0000   0.01313000
  0.310979  -0.0000   0.01331000
  0.311774  -0.0000   0.01349000
  0.312567  -0.0000   0.01367000
  0.312922  -0.0000   0.01375000
  0.313161  -0.0000   0.01382000
  0.313401  -0.0000   0.01389000
  0.313640  -0.0000   0.01395000
  0.313879  -0.0000   0.01402000
  0.314236  -0.0000   0.01412000
  0.314770  -0.0000   0.01427000
  0.315566  -0.0000   0.01450000
  0.316750  -0.0000   0.01484000
  0.318508  -0.0000   0.01534000
  0.321114  -0.0000   0.01610000
  0.323689  -0.0000   0.01686000
  0.326238  -0.0000   0.01763000
  0.328760  -0.0000   0.01839000
  0.329450  -0.0000   0.01860000
  0.330138  -0.0000   0.01880000
  0.330824  -0.0000   0.01901000
  0.331341  -0.0000   0.01917000
  0.331590  -0.0000   0.01926000
  0.331837  -0.0000   0.01935000
  0.332084  -0.0000   0.01944000
  0.332331  -0.0000   0.01953000
  0.332699  -0.0000   0.01967000
  0.333250  -0.0000   0.01987000
  0.334071  -0.0000   0.02017000
  0.335292  -0.0000   0.02063000
  0.337106  -0.0000   0.02132000
  0.339794  -0.0000   0.02234000
  0.342451  -0.0000   0.02337000
  0.345079  -0.0000   0.02440000
  0.347680  -0.0000   0.02543000
  0.348218  -0.0000   0.02564000
  0.348755  -0.0000   0.02585000
  0.349290  -0.0000   0.02607000
  0.350039  -0.0000   0.02638000
  0.350348  -0.0000   0.02653000
  0.350658  -0.0000   0.02668000
  0.350967  -0.0000   0.02682000
  0.351275  -0.0000   0.02697000
  0.351735  -0.0000   0.02719000
  0.352422  -0.0000   0.02752000
  0.353446  -0.0000   0.02801000
  0.354969  -0.0000   0.02875000
  0.357229  -0.0000   0.02986000
  0.360530  -0.0000   0.03150000
  0.363788  -0.0000   0.03315000
  0.367006  -0.0000   0.03479000
  0.367441  -0.0000   0.03501000
  0.367876  -0.0000   0.03523000
  0.368310  -0.0000   0.03546000
  0.368568  -0.0000   0.03561000
  0.368826  -0.0000   0.03577000
  0.369084  -0.0000   0.03592000
  0.369342  -0.0000   0.03608000
  0.369726  -0.0000   0.03631000
  0.370301  -0.0000   0.03666000
  0.371158  -0.0000   0.03718000
  0.372433  -0.0000   0.03796000
  0.374328  -0.0000   0.03914000
  0.377135  -0.0000   0.04090000
  0.379910  -0.0000   0.04267000
  0.382654  -0.0000   0.04443000
  0.385370  -0.0000   0.04619000
  0.385772  -0.0000   0.04646000
  0.386174  -0.0000   0.04672000
  0.386575  -0.0000   0.04698000
  0.386931  -0.0000   0.04723000
  0.387268  -0.0000   0.04749000
  0.387606  -0.0000   0.04775000
  0.387942  -0.0000   0.04800000
  0.388445  -0.0000   0.04838000
  0.389196  -0.0000   0.04896000
  0.390313  -0.0000   0.04982000
  0.391974  -0.0000   0.05111000
  0.394439  -0.0000   0.05305000
  0.397518  -0.0000   0.05551000
  0.400561  -0.0000   0.05796000
  0.403570  -0.0000   0.06042000
  0.404159  -0.0000   0.06090000
  0.404748  -0.0000   0.06138000
  0.405316  -0.0000   0.06186000
  0.405601  -0.0000   0.06213000
  0.405887  -0.0000   0.06240000
  0.406172  -0.0000   0.06267000
  0.406456  -0.0000   0.06294000
  0.406881  -0.0000   0.06334000
  0.407515  -0.0000   0.06395000
  0.408461  -0.0000   0.06485000
  0.409869  -0.0000   0.06621000
  0.411961  -0.0000   0.06825000
  0.415058  -0.0000   0.07132000
  0.418118  -0.0000   0.07438000
  0.421144  -0.0000   0.07744000
  0.422467  -0.0000   0.07879000
  0.423772  -0.0000   0.08013000
  0.424060  -0.0000   0.08047000
  0.424350  -0.0000   0.08081000
  0.424639  -0.0000   0.08114000
  0.424927  -0.0000   0.08148000
  0.425358  -0.0000   0.08199000
  0.426001  -0.0000   0.08274000
  0.426960  -0.0000   0.08388000
  0.428389  -0.0000   0.08558000
  0.430511  -0.0000   0.08814000
  0.433653  -0.0000   0.09197000
  0.436757  -0.0000   0.09581000
  0.439828  -0.0000   0.10000000
  0.440864  -0.0000   0.10100000
  0.441896  -0.0000   0.10200000
  0.442312  -0.0000   0.10300000
  0.442695  -0.0000   0.10300000
  0.443078  -0.0000   0.10400000
  0.443460  -0.0000   0.10400000
  0.443841  -0.0000   0.10500000
  0.444410  -0.0000   0.10600000
  0.445259  -0.0000   0.10700000
  0.446524  -0.0000   0.10900000
  0.448405  -0.0000   0.11200000
  0.451193  -0.0000   0.11600000
  0.454466  -0.0000   0.12100000
  0.457701  -0.0000   0.12600000
  0.459614  -0.0000   0.12900000
  0.460245  -0.0000   0.12900000
  0.460844  -0.0000   0.13000000
  0.461216  -0.0000   0.13100000
  0.461587  -0.0000   0.13200000
  0.461958  -0.0000   0.13200000
  0.462327  -0.0000   0.13300000
  0.462879  -0.0000   0.13400000
  0.463703  -0.0000   0.13500000
  0.464931  -0.0000   0.13800000
  0.466757  -0.0000   0.14100000
  0.469465  -0.0000   0.14600000
  0.472856  -0.0000   0.15200000
  0.476208  -0.0000   0.15800000
  0.477734  -0.0000   0.16100000
  0.479237  -0.0000   0.16400000
  0.479577  -0.0000   0.16400000
  0.479917  -0.0000   0.16500000
  0.480256  -0.0000   0.16600000
  0.480594  -0.0000   0.16700000
  0.481100  -0.0000   0.16800000
  0.481856  -0.0000   0.16900000
  0.482982  -0.0000   0.17200000
  0.484658  -0.0000   0.17500000
  0.487145  -0.0000   0.18100000
  0.490512  -0.0000   0.18800000
  0.493840  -0.0000   0.19500000
  0.497133  -0.0000   0.20300000
  0.497493  -0.0000   0.20300000
  0.497832  -0.0000   0.20400000
  0.498157  -0.0000   0.20500000
  0.498481  -0.0000   0.20600000
  0.498805  -0.0000   0.20700000
  0.499289  -0.0000   0.20800000
  0.500010  -0.0000   0.21000000
  0.501087  -0.0000   0.21200000
  0.502688  -0.0000   0.21700000
  0.505066  -0.0000   0.22300000
  0.508448  -0.0000   0.23100000
  0.511791  -0.0000   0.24000000
  0.515098  -0.0000   0.24900000
  0.515535  -0.0000   0.25000000
  0.515971  -0.0000   0.25100000
  0.516376  -0.0000   0.25300000
  0.516771  -0.0000   0.25400000
  0.517166  -0.0000   0.25500000
  0.517559  -0.0000   0.25600000
  0.518147  -0.0000   0.25800000
  0.519023  -0.0000   0.26000000
  0.520329  -0.0000   0.26400000
  0.522271  -0.0000   0.27000000
  0.525149  -0.0000   0.27900000
  0.527998  -0.0000   0.28800000
  0.530820  -0.0000   0.29700000
  0.533617  -0.0000   0.30600000
  0.534014  -0.0000   0.30700000
  0.534409  -0.0000   0.30800000
  0.534783  -0.0000   0.31000000
  0.535323  -0.0000   0.31100000
  0.535862  -0.0000   0.31300000
  0.536398  -0.0000   0.31500000
  0.536933  -0.0000   0.31700000
  0.537731  -0.0000   0.32000000
  0.538922  -0.0000   0.32400000
  0.540693  -0.0000   0.33000000
  0.543322  -0.0000   0.34000000
  0.546987  -0.0000   0.35300000
  0.550611  -0.0000   0.36700000
  0.551495  -0.0000   0.37000000
  0.552378  -0.0000   0.37400000
  0.553240  -0.0000   0.37700000
  0.553542  -0.0000   0.37800000
  0.553844  -0.0000   0.37900000
  0.554145  -0.0000   0.38100000
  0.554596  -0.0000   0.38200000
  0.555268  -0.0000   0.38500000
  0.556272  -0.0000   0.38900000
  0.557767  -0.0000   0.39600000
  0.559987  -0.0000   0.40500000
  0.563277  -0.0000   0.41900000
  0.566531  -0.0000   0.43300000
  0.569753  -0.0000   0.44700000
  0.570503  -0.0000   0.45100000
  0.571251  -0.0000   0.45400000
  0.571963  -0.0000   0.45700000
  0.572454  -0.0000   0.46000000
  0.572944  -0.0000   0.46200000
  0.573433  -0.0000   0.46400000
  0.573920  -0.0000   0.46700000
  0.574648  -0.0000   0.47000000
  0.575734  -0.0000   0.47500000
  0.577350  -0.0000   0.48300000
  0.579752  -0.0000   0.49500000
  0.583310  -0.0000   0.51300000
  0.586829  -0.0000   0.53100000
  0.589180  -0.0000   0.54300000
  0.589705  -0.0000   0.54600000
  0.590219  -0.0000   0.54800000
  0.590565  -0.0000   0.55000000
  0.590911  -0.0000   0.55200000
  0.591256  -0.0000   0.55400000
  0.591600  -0.0000   0.55600000
  0.592114  -0.0000   0.55900000
  0.592883  -0.0000   0.56300000
  0.594028  -0.0000   0.57000000
  0.595733  -0.0000   0.58000000
  0.598265  -0.0000   0.59400000
  0.601913  -0.0000   0.61600000
  0.605523  -0.0000   0.63700000
  0.607046  -0.0000   0.64600000
  0.608562  -0.0000   0.65500000
  0.608866  -0.0000   0.65700000
  0.609167  -0.0000   0.65900000
  0.609467  -0.0000   0.66100000
  0.609766  -0.0000   0.66300000
  0.610214  -0.0000   0.66600000
  0.610883  -0.0000   0.67000000
  0.611880  -0.0000   0.67600000
  0.613366  -0.0000   0.68600000
  0.615575  -0.0000   0.70100000
  0.618848  -0.0000   0.72300000
  0.622089  -0.0000   0.74500000
  0.625300  -0.0000   0.76700000
  0.626045  -0.0000   0.77200000
  0.626789  -0.0000   0.77700000
  0.627374  -0.0000   0.78100000
  0.627837  -0.0000   0.78500000
  0.628299  -0.0000   0.78800000
  0.628759  -0.0000   0.79200000
  0.629218  -0.0000   0.79500000
  0.629904  -0.0000   0.80000000
  0.630928  -0.0000   0.80800000
  0.632452  -0.0000   0.82000000
  0.634719  -0.0000   0.83700000
  0.638080  -0.0000   0.86300000
  0.641407  -0.0000   0.88900000
  0.644706  -0.0000   0.91500000
  0.645152  -0.0000   0.91900000
  0.645599  -0.0000   0.92200000
  0.646018  -0.0000   0.92600000
  0.646434  -0.0000   0.92900000
  0.646848  -0.0000   0.93300000
  0.647261  -0.0000   0.93600000
  0.647878  -0.0000   0.94200000
  0.649105  -0.0000   0.95200000
  0.651532  -0.0000   0.97400000
  0.654515  -0.0000   1.00000000
  0.654396  -0.0000   1.00000000
  0.654396  -0.0000   1.00000000
  0.654396  -0.0000   1.00000000
  0.654396  -0.0000   1.00000000
  0.654396  -0.0000   1.00000000
  0.654396  -0.0000   1.00000000
  0.654396  -0.0000   1.00000000
  0.654396  -0.0000   1.00000000
  0.654396  -0.0000   1.00000000
  0.654395  -0.0000   1.00000000
  0.654394  -0.0000   1.00000000
  0.654393  -0.0000   1.00000000
  0.654392  -0.0000   1.00000000
