  0.000001  -0.0000   0.00000010
  0.000002  -0.0000   0.00000020
  0.000006  -0.0000   0.00000030
  0.000071  -0.0000   0.00000045
  0.001500  -0.0000   0.00000067
  0.005980  -0.0000   0.00000101
  0.005986  -0.0000   0.00000135
  0.005991  -0.0000   0.00000169
  0.006000  -0.0000   0.00000219
  0.006017  -0.0000   0.00000295
  0.006051  -0.0000   0.00000409
  0.006123  -0.0000   0.00000580
  0.006295  -0.0000   0.00000836
  0.006432  -0.0000   0.00000997
  0.006601  -0.0000   0.00001158
  0.006805  -0.0000   0.00001319
  0.007198  -0.0000   0.00001560
  0.007566  -0.0000   0.00001751
  0.007996  -0.0000   0.00001942
  0.008490  -0.0000   0.00002132
  0.009138  -0.0000   0.00002349
  0.009733  -0.0000   0.00002527
  0.010390  -0.0000   0.00002706
  0.011111  -0.0000   0.00002885
  0.011996  -0.0000   0.00003084
  0.012964  -0.0000   0.00003283
  0.014015  -0.0000   0.00003482
  0.015152  -0.0000   0.00003682
  0.016374  -0.0000   0.00003881
  0.017684  -0.0000   0.00004080
  0.019083  -0.0000   0.00004279
  0.020571  -0.0000   0.00004479
  0.020716  -0.0000   0.00004498
  0.020862  -0.0000   0.00004517
  0.021010  -0.0000   0.00004537
  0.021103  -0.0000   0.00004566
  0.021147  -0.0000   0.00004598
  0.021186  -0.0000   0.00004630
  0.021223  -0.0000   0.00004662
  0.021274  -0.0000   0.00004710
  0.021349  -0.0000   0.00004782
  0.021462  -0.0000   0.00004889
  0.021638  -0.0000   0.00005051
  0.021918  -0.0000   0.00005293
  0.022379  -0.0000   0.00005657
  0.023166  -0.0000   0.00006202
  0.024053  -0.0000   0.00006748
  0.025045  -0.0000   0.00007293
  0.026145  -0.0000   0.00007838
  0.027358  -0.0000   0.00008384
  0.028686  -0.0000   0.00008929
  0.029865  -0.0000   0.00009380
  0.031126  -0.0000   0.00009831
  0.032399  -0.0000   0.00010280
  0.034228  -0.0000   0.00010940
  0.036027  -0.0000   0.00011610
  0.038663  -0.0000   0.00012600
  0.039206  -0.0000   0.00012810
  0.039746  -0.0000   0.00013010
  0.040283  -0.0000   0.00013220
  0.040637  -0.0000   0.00013350
  0.040905  -0.0000   0.00013490
  0.040984  -0.0000   0.00013570
  0.041058  -0.0000   0.00013650
  0.041131  -0.0000   0.00013720
  0.041238  -0.0000   0.00013840
  0.041398  -0.0000   0.00014020
  0.041637  -0.0000   0.00014280
  0.041992  -0.0000   0.00014670
  0.042517  -0.0000   0.00015260
  0.043291  -0.0000   0.00016150
  0.044430  -0.0000   0.00017480
  0.046100  -0.0000   0.00019480
  0.047739  -0.0000   0.00021470
  0.049351  -0.0000   0.00023470
  0.050940  -0.0000   0.00025460
  0.053279  -0.0000   0.00028450
  0.056267  -0.0000   0.00032360
  0.059198  -0.0000   0.00036260
  0.060733  -0.0000   0.00038330
  0.061392  -0.0000   0.00039220
  0.061956  -0.0000   0.00040110
  0.062125  -0.0000   0.00040540
  0.062291  -0.0000   0.00040970
  0.062456  -0.0000   0.00041390
  0.062621  -0.0000   0.00041820
  0.062866  -0.0000   0.00042460
  0.063230  -0.0000   0.00043420
  0.063772  -0.0000   0.00044860
  0.064572  -0.0000   0.00047030
  0.065754  -0.0000   0.00050270
  0.067495  -0.0000   0.00055140
  0.070049  -0.0000   0.00062440
  0.072559  -0.0000   0.00069740
  0.075028  -0.0000   0.00077040
  0.077463  -0.0000   0.00084340
  0.081045  -0.0000   0.00095290
  0.081514  -0.0000   0.00096730
  0.081981  -0.0000   0.00098170
  0.082448  -0.0000   0.00099600
  0.083040  -0.0000   0.00101800
  0.083332  -0.0000   0.00103200
  0.083621  -0.0000   0.00104600
  0.083908  -0.0000   0.00106000
  0.084194  -0.0000   0.00107400
  0.084620  -0.0000   0.00109500
  0.085252  -0.0000   0.00112700
  0.086189  -0.0000   0.00117500
  0.087574  -0.0000   0.00124700
  0.089617  -0.0000   0.00135400
  0.092620  -0.0000   0.00151600
  0.095572  -0.0000   0.00167700
  0.098480  -0.0000   0.00183800
  0.101347  -0.0000   0.00199900
  0.102075  -0.0000   0.00204000
  0.102801  -0.0000   0.00208100
  0.103524  -0.0000   0.00212300
  0.104006  -0.0000   0.00215100
  0.104255  -0.0000   0.00217000
  0.104501  -0.0000   0.00219000
  0.104747  -0.0000   0.00221000
  0.104991  -0.0000   0.00223000
  0.105356  -0.0000   0.00226000
  0.105898  -0.0000   0.00230500
  0.106703  -0.0000   0.00237200
  0.107896  -0.0000   0.00247200
  0.109659  -0.0000   0.00262300
  0.112257  -0.0000   0.00285000
  0.115536  -0.0000   0.00314100
  0.118763  -0.0000   0.00343200
  0.121944  -0.0000   0.00372300
  0.125083  -0.0000   0.00401400
  0.125362  -0.0000   0.00404500
  0.125620  -0.0000   0.00407700
  0.125877  -0.0000   0.00410800
  0.126260  -0.0000   0.00415600
  0.126830  -0.0000   0.00422600
  0.127676  -0.0000   0.00433300
  0.128929  -0.0000   0.00449200
  0.130782  -0.0000   0.00473100
  0.133515  -0.0000   0.00509000
  0.136773  -0.0000   0.00552500
  0.139985  -0.0000   0.00596000
  0.143153  -0.0000   0.00639600
  0.146283  -0.0000   0.00683100
  0.146607  -0.0000   0.00688400
  0.146910  -0.0000   0.00693600
  0.147212  -0.0000   0.00698900
  0.147661  -0.0000   0.00706800
  0.148330  -0.0000   0.00718700
  0.149323  -0.0000   0.00736600
  0.150794  -0.0000   0.00763300
  0.152968  -0.0000   0.00803400
  0.156175  -0.0000   0.00863600
  0.159335  -0.0000   0.00923800
  0.162454  -0.0000   0.00984000
  0.165537  -0.0000   0.01044000
  0.166191  -0.0000   0.01057000
  0.166844  -0.0000   0.01070000
  0.167496  -0.0000   0.01083000
  0.167910  -0.0000   0.01092000
  0.168301  -0.0000   0.01101000
  0.168691  -0.0000   0.01111000
  0.169271  -0.0000   0.01125000
  0.170133  -0.0000   0.01146000
  0.171413  -0.0000   0.01177000
  0.173308  -0.0000   0.01224000
  0.176107  -0.0000   0.01295000
  0.179683  -0.0000   0.01387000
  0.183210  -0.0000   0.01479000
  0.186691  -0.0000   0.01571000
  0.187638  -0.0000   0.01596000
  0.188581  -0.0000   0.01621000
  0.189184  -0.0000   0.01639000
  0.189741  -0.0000   0.01656000
  0.190293  -0.0000   0.01674000
  0.190843  -0.0000   0.01691000
  0.191389  -0.0000   0.01709000
  0.192204  -0.0000   0.01735000
  0.193415  -0.0000   0.01774000
  0.195213  -0.0000   0.01833000
  0.197874  -0.0000   0.01922000
  0.201802  -0.0000   0.02055000
  0.205675  -0.0000   0.02188000
  0.209500  -0.0000   0.02321000
  0.210010  -0.0000   0.02338000
  0.210476  -0.0000   0.02356000
  0.210917  -0.0000   0.02374000
  0.211575  -0.0000   0.02400000
  0.212228  -0.0000   0.02427000
  0.213200  -0.0000   0.02467000
  0.214644  -0.0000   0.02527000
  0.216784  -0.0000   0.02617000
  0.219948  -0.0000   0.02751000
  0.223875  -0.0000   0.02921000
  0.227751  -0.0000   0.03091000
  0.231570  -0.0000   0.03261000
  0.231966  -0.0000   0.03281000
  0.232359  -0.0000   0.03300000
  0.232751  -0.0000   0.03320000
  0.233141  -0.0000   0.03340000
  0.233723  -0.0000   0.03370000
  0.234591  -0.0000   0.03415000
  0.235883  -0.0000   0.03482000
  0.237802  -0.0000   0.03582000
  0.240644  -0.0000   0.03733000
  0.244843  -0.0000   0.03959000
  0.248988  -0.0000   0.04185000
  0.252321  -0.0000   0.04369000
  0.252857  -0.0000   0.04399000
  0.253337  -0.0000   0.04428000
  0.253815  -0.0000   0.04458000
  0.254291  -0.0000   0.04487000
  0.254765  -0.0000   0.04517000
  0.255471  -0.0000   0.04561000
  0.256524  -0.0000   0.04628000
  0.258089  -0.0000   0.04727000
  0.260412  -0.0000   0.04877000
  0.263849  -0.0000   0.05102000
  0.268364  -0.0000   0.05401000
  0.272823  -0.0000   0.05700000
  0.273483  -0.0000   0.05745000
  0.274136  -0.0000   0.05789000
  0.274596  -0.0000   0.05823000
  0.275054  -0.0000   0.05857000
  0.275510  -0.0000   0.05892000
  0.275964  -0.0000   0.05926000
  0.276642  -0.0000   0.05977000
  0.277653  -0.0000   0.06054000
  0.279156  -0.0000   0.06170000
  0.281388  -0.0000   0.06343000
  0.284695  -0.0000   0.06603000
  0.289502  -0.0000   0.06986000
  0.294250  -0.0000   0.07370000
  0.294903  -0.0000   0.07423000
  0.295540  -0.0000   0.07476000
  0.296136  -0.0000   0.07528000
  0.296728  -0.0000   0.07581000
  0.297317  -0.0000   0.07634000
  0.297904  -0.0000   0.07687000
  0.298779  -0.0000   0.07766000
  0.300083  -0.0000   0.07885000
  0.302021  -0.0000   0.08064000
  0.304897  -0.0000   0.08331000
  0.309154  -0.0000   0.08733000
  0.313363  -0.0000   0.09134000
  0.315110  -0.0000   0.09302000
  0.316834  -0.0000   0.09469000
  0.317332  -0.0000   0.09521000
  0.317829  -0.0000   0.09574000
  0.318323  -0.0000   0.09626000
  0.318815  -0.0000   0.09678000
  0.319551  -0.0000   0.09756000
  0.320647  -0.0000   0.09873000
  0.322279  -0.0000   0.10000000
  0.324703  -0.0000   0.10300000
  0.328298  -0.0000   0.10700000
  0.332522  -0.0000   0.11200000
  0.336704  -0.0000   0.11700000
  0.337488  -0.0000   0.11700000
  0.338250  -0.0000   0.11800000
  0.338974  -0.0000   0.11900000
  0.339693  -0.0000   0.12000000
  0.340409  -0.0000   0.12100000
  0.341122  -0.0000   0.12200000
  0.342186  -0.0000   0.12300000
  0.343770  -0.0000   0.12500000
  0.346125  -0.0000   0.12800000
  0.349619  -0.0000   0.13300000
  0.353782  -0.0000   0.13800000
  0.357905  -0.0000   0.14300000
  0.358754  -0.0000   0.14400000
  0.359579  -0.0000   0.14600000
  0.360367  -0.0000   0.14700000
  0.361150  -0.0000   0.14800000
  0.361930  -0.0000   0.14900000
  0.362706  -0.0000   0.15000000
  0.363863  -0.0000   0.15200000
  0.365587  -0.0000   0.15400000
  0.368150  -0.0000   0.15800000
  0.371952  -0.0000   0.16400000
  0.376273  -0.0000   0.17000000
  0.380555  -0.0000   0.17600000
  0.381105  -0.0000   0.17700000
  0.381649  -0.0000   0.17800000
  0.382191  -0.0000   0.17900000
  0.382730  -0.0000   0.18000000
  0.383536  -0.0000   0.18100000
  0.384738  -0.0000   0.18300000
  0.386527  -0.0000   0.18600000
  0.389187  -0.0000   0.19100000
  0.393132  -0.0000   0.19700000
  0.398116  -0.0000   0.20600000
  0.399870  -0.0000   0.20900000
  0.401617  -0.0000   0.21200000
  0.402282  -0.0000   0.21300000
  0.402928  -0.0000   0.21400000
  0.403571  -0.0000   0.21500000
  0.404530  -0.0000   0.21700000
  0.405484  -0.0000   0.21900000
  0.406907  -0.0000   0.22200000
  0.409024  -0.0000   0.22600000
  0.412171  -0.0000   0.23200000
  0.416837  -0.0000   0.24100000
  0.421457  -0.0000   0.25000000
  0.422515  -0.0000   0.25200000
  0.423553  -0.0000   0.25400000
  0.424272  -0.0000   0.25500000
  0.424987  -0.0000   0.25700000
  0.425699  -0.0000   0.25800000
  0.426409  -0.0000   0.26000000
  0.427468  -0.0000   0.26200000
  0.429048  -0.0000   0.26500000
  0.431399  -0.0000   0.27000000
  0.434892  -0.0000   0.27800000
  0.439238  -0.0000   0.28700000
  0.443547  -0.0000   0.29700000
  0.444414  -0.0000   0.29900000
  0.445244  -0.0000   0.30100000
  0.446061  -0.0000   0.30300000
  0.446875  -0.0000   0.30500000
  0.447685  -0.0000   0.30700000
  0.448894  -0.0000   0.30900000
  0.450695  -0.0000   0.31400000
  0.453375  -0.0000   0.32000000
  0.457356  -0.0000   0.33000000
  0.462408  -0.0000   0.34200000
  0.464051  -0.0000   0.34600000
  0.465689  -0.0000   0.35000000
  0.466387  -0.0000   0.35200000
  0.467071  -0.0000   0.35400000
  0.467753  -0.0000   0.35600000
  0.468770  -0.0000   0.35800000
  0.470286  -0.0000   0.36200000
  0.472543  -0.0000   0.36800000
  0.475896  -0.0000   0.37700000
  0.480074  -0.0000   0.38900000
  0.484218  -0.0000   0.40000000
  0.486189  -0.0000   0.40600000
  0.487646  -0.0000   0.41000000
  0.488439  -0.0000   0.41200000
  0.489230  -0.0000   0.41400000
  0.490017  -0.0000   0.41700000
  0.490801  -0.0000   0.41900000
  0.491972  -0.0000   0.42200000
  0.493719  -0.0000   0.42700000
  0.496320  -0.0000   0.43500000
  0.500186  -0.0000   0.44700000
  0.505607  -0.0000   0.46300000
  0.507012  -0.0000   0.46800000
  0.508413  -0.0000   0.47200000
  0.509157  -0.0000   0.47400000
  0.509890  -0.0000   0.47700000
  0.510620  -0.0000   0.47900000
  0.511709  -0.0000   0.48300000
  0.513333  -0.0000   0.48800000
  0.515751  -0.0000   0.49600000
  0.519344  -0.0000   0.50800000
  0.524428  -0.0000   0.52500000
  0.529466  -0.0000   0.54200000
  0.530310  -0.0000   0.54500000
  0.531129  -0.0000   0.54800000
  0.531946  -0.0000   0.55000000
  0.532759  -0.0000   0.55300000
  0.533569  -0.0000   0.55600000
  0.534779  -0.0000   0.56100000
  0.536584  -0.0000   0.56700000
  0.539273  -0.0000   0.57700000
  0.543271  -0.0000   0.59200000
  0.548692  -0.0000   0.61200000
  0.550091  -0.0000   0.61700000
  0.551480  -0.0000   0.62200000
  0.552204  -0.0000   0.62500000
  0.552925  -0.0000   0.62800000
  0.553643  -0.0000   0.63000000
  0.554359  -0.0000   0.63300000
  0.555430  -0.0000   0.63800000
  0.557027  -0.0000   0.64400000
  0.559407  -0.0000   0.65300000
  0.562948  -0.0000   0.66800000
  0.568208  -0.0000   0.68900000
  0.571026  -0.0000   0.70000000
  0.572932  -0.0000   0.70800000
  0.573721  -0.0000   0.71200000
  0.574507  -0.0000   0.71500000
  0.575290  -0.0000   0.71800000
  0.576071  -0.0000   0.72200000
  0.577238  -0.0000   0.72700000
  0.578978  -0.0000   0.73400000
  0.581572  -0.0000   0.74600000
  0.585431  -0.0000   0.76300000
  0.591095  -0.0000   0.78800000
  0.592597  -0.0000   0.79400000
  0.594094  -0.0000   0.80100000
  0.594804  -0.0000   0.80400000
  0.595512  -0.0000   0.80800000
  0.596218  -0.0000   0.81100000
  0.596922  -0.0000   0.81400000
  0.597973  -0.0000   0.81900000
  0.599543  -0.0000   0.82700000
  0.601883  -0.0000   0.83800000
  0.605366  -0.0000   0.85400000
  0.610542  -0.0000   0.87900000
  0.615664  -0.0000   0.90500000
  0.616426  -0.0000   0.90800000
  0.617184  -0.0000   0.91200000
  0.617941  -0.0000   0.91600000
  0.618695  -0.0000   0.92000000
  0.619822  -0.0000   0.92600000
  0.621504  -0.0000   0.93400000
  0.624013  -0.0000   0.94700000
  0.627747  -0.0000   0.96700000
  0.633295  -0.0000   0.99600000
  0.634036  -0.0000   1.00000000
  0.634023  -0.0000   1.00000000
  0.634023  -0.0000   1.00000000
  0.634023  -0.0000   1.00000000
  0.634023  -0.0000   1.00000000
  0.634023  -0.0000   1.00000000
  0.634023  -0.0000   1.00000000
  0.634023  -0.0000   1.00000000
  0.634023  -0.0000   1.00000000
  0.634023  -0.0000   1.00000000
  0.634023  -0.0000   1.00000000
  0.634022  -0.0000   1.00000000
  0.634022  -0.0000   1.00000000
  0.634022  -0.0000   1.00000000
  0.634021  -0.0000   1.00000000
  0.634020  -0.0000   1.00000000
