  0.000011  -0.0000   0.00000010
  0.000027  -0.0000   0.00000020
  0.000085  -0.0000   0.00000030
  0.000540  -0.0000   0.00000040
  0.003291  -0.0000   0.00000046
  0.006168  -0.0000   0.00000047
  0.006194  -0.0000   0.00000049
  0.006234  -0.0000   0.00000051
  0.006316  -0.0000   0.00000054
  0.006503  -0.0000   0.00000059
  0.006671  -0.0000   0.00000063
  0.006883  -0.0000   0.00000066
  0.007144  -0.0000   0.00000070
  0.007422  -0.0000   0.00000073
  0.007744  -0.0000   0.00000076
  0.008107  -0.0000   0.00000079
  0.008617  -0.0000   0.00000083
  0.009183  -0.0000   0.00000087
  0.009800  -0.0000   0.00000091
  0.010463  -0.0000   0.00000094
  0.011168  -0.0000   0.00000098
  0.011912  -0.0000   0.00000102
  0.012860  -0.0000   0.00000107
  0.013862  -0.0000   0.00000111
  0.014923  -0.0000   0.00000116
  0.016047  -0.0000   0.00000121
  0.016983  -0.0000   0.00000124
  0.017968  -0.0000   0.00000128
  0.019002  -0.0000   0.00000132
  0.019139  -0.0000   0.00000132
  0.019278  -0.0000   0.00000133
  0.019417  -0.0000   0.00000133
  0.019628  -0.0000   0.00000134
  0.019666  -0.0000   0.00000134
  0.019671  -0.0000   0.00000134
  0.019675  -0.0000   0.00000135
  0.019680  -0.0000   0.00000135
  0.019685  -0.0000   0.00000136
  0.019690  -0.0000   0.00000136
  0.019697  -0.0000   0.00000138
  0.019705  -0.0000   0.00000139
  0.019715  -0.0000   0.00000142
  0.019729  -0.0000   0.00000147
  0.019751  -0.0000   0.00000153
  0.019788  -0.0000   0.00000162
  0.019859  -0.0000   0.00000177
  0.020011  -0.0000   0.00000198
  0.020221  -0.0000   0.00000220
  0.020503  -0.0000   0.00000241
  0.020745  -0.0000   0.00000256
  0.021037  -0.0000   0.00000271
  0.021384  -0.0000   0.00000286
  0.021754  -0.0000   0.00000300
  0.022178  -0.0000   0.00000314
  0.022661  -0.0000   0.00000327
  0.023321  -0.0000   0.00000344
  0.023937  -0.0000   0.00000358
  0.024622  -0.0000   0.00000371
  0.025377  -0.0000   0.00000385
  0.026207  -0.0000   0.00000399
  0.027115  -0.0000   0.00000413
  0.028103  -0.0000   0.00000426
  0.029173  -0.0000   0.00000440
  0.030327  -0.0000   0.00000454
  0.031565  -0.0000   0.00000467
  0.032888  -0.0000   0.00000481
  0.034293  -0.0000   0.00000495
  0.035780  -0.0000   0.00000509
  0.035817  -0.0000   0.00000509
  0.035828  -0.0000   0.00000510
  0.035835  -0.0000   0.00000511
  0.035845  -0.0000   0.00000512
  0.035856  -0.0000   0.00000513
  0.035872  -0.0000   0.00000515
  0.035893  -0.0000   0.00000519
  0.035935  -0.0000   0.00000526
  0.036001  -0.0000   0.00000536
  0.036108  -0.0000   0.00000551
  0.036290  -0.0000   0.00000574
  0.036616  -0.0000   0.00000608
  0.036915  -0.0000   0.00000636
  0.037259  -0.0000   0.00000663
  0.037654  -0.0000   0.00000690
  0.038075  -0.0000   0.00000716
  0.038550  -0.0000   0.00000742
  0.039086  -0.0000   0.00000767
  0.039643  -0.0000   0.00000791
  0.040262  -0.0000   0.00000815
  0.040945  -0.0000   0.00000839
  0.041675  -0.0000   0.00000862
  0.042475  -0.0000   0.00000886
  0.043346  -0.0000   0.00000909
  0.044281  -0.0000   0.00000932
  0.045292  -0.0000   0.00000955
  0.046381  -0.0000   0.00000978
  0.047546  -0.0000   0.00001001
  0.048792  -0.0000   0.00001024
  0.050118  -0.0000   0.00001047
  0.051757  -0.0000   0.00001074
  0.051959  -0.0000   0.00001077
  0.052162  -0.0000   0.00001080
  0.052367  -0.0000   0.00001084
  0.052619  -0.0000   0.00001088
  0.052642  -0.0000   0.00001090
  0.052669  -0.0000   0.00001093
  0.052692  -0.0000   0.00001096
  0.052715  -0.0000   0.00001099
  0.052749  -0.0000   0.00001103
  0.052800  -0.0000   0.00001109
  0.052879  -0.0000   0.00001118
  0.053001  -0.0000   0.00001132
  0.053193  -0.0000   0.00001153
  0.053503  -0.0000   0.00001184
  0.054029  -0.0000   0.00001231
  0.054485  -0.0000   0.00001268
  0.054989  -0.0000   0.00001305
  0.055544  -0.0000   0.00001342
  0.056198  -0.0000   0.00001381
  0.056923  -0.0000   0.00001420
  0.057722  -0.0000   0.00001459
  0.058566  -0.0000   0.00001497
  0.059489  -0.0000   0.00001534
  0.060496  -0.0000   0.00001572
  0.061549  -0.0000   0.00001608
  0.062687  -0.0000   0.00001644
  0.063912  -0.0000   0.00001680
  0.065470  -0.0000   0.00001723
  0.067151  -0.0000   0.00001765
  0.068952  -0.0000   0.00001808
  0.069090  -0.0000   0.00001811
  0.069229  -0.0000   0.00001814
  0.069369  -0.0000   0.00001818
  0.069415  -0.0000   0.00001821
  0.069444  -0.0000   0.00001824
  0.069471  -0.0000   0.00001827
  0.069497  -0.0000   0.00001829
  0.069536  -0.0000   0.00001834
  0.069596  -0.0000   0.00001841
  0.069687  -0.0000   0.00001851
  0.069825  -0.0000   0.00001865
  0.070040  -0.0000   0.00001888
  0.070375  -0.0000   0.00001921
  0.070918  -0.0000   0.00001972
  0.071610  -0.0000   0.00002030
  0.072374  -0.0000   0.00002089
  0.073218  -0.0000   0.00002147
  0.074108  -0.0000   0.00002203
  0.075085  -0.0000   0.00002259
  0.076157  -0.0000   0.00002315
  0.077481  -0.0000   0.00002378
  0.078658  -0.0000   0.00002430
  0.079927  -0.0000   0.00002481
  0.081291  -0.0000   0.00002532
  0.082922  -0.0000   0.00002590
  0.084671  -0.0000   0.00002647
  0.085331  -0.0000   0.00002668
  0.086006  -0.0000   0.00002689
  0.086133  -0.0000   0.00002693
  0.086177  -0.0000   0.00002697
  0.086216  -0.0000   0.00002702
  0.086254  -0.0000   0.00002706
  0.086292  -0.0000   0.00002710
  0.086350  -0.0000   0.00002717
  0.086438  -0.0000   0.00002726
  0.086572  -0.0000   0.00002741
  0.086776  -0.0000   0.00002762
  0.087091  -0.0000   0.00002795
  0.087585  -0.0000   0.00002844
  0.088388  -0.0000   0.00002917
  0.089073  -0.0000   0.00002976
  0.089808  -0.0000   0.00003035
  0.090597  -0.0000   0.00003093
  0.091609  -0.0000   0.00003162
  0.092708  -0.0000   0.00003232
  0.093899  -0.0000   0.00003301
  0.095145  -0.0000   0.00003368
  0.096487  -0.0000   0.00003435
  0.097925  -0.0000   0.00003502
  0.099641  -0.0000   0.00003576
  0.101477  -0.0000   0.00003651
  0.102023  -0.0000   0.00003672
  0.102580  -0.0000   0.00003694
  0.102888  -0.0000   0.00003706
  0.102964  -0.0000   0.00003711
  0.103013  -0.0000   0.00003717
  0.103061  -0.0000   0.00003722
  0.103134  -0.0000   0.00003731
  0.103245  -0.0000   0.00003743
  0.103414  -0.0000   0.00003762
  0.103671  -0.0000   0.00003790
  0.104067  -0.0000   0.00003832
  0.104686  -0.0000   0.00003894
  0.105689  -0.0000   0.00003989
  0.106778  -0.0000   0.00004083
  0.107963  -0.0000   0.00004177
  0.109253  -0.0000   0.00004272
  0.110655  -0.0000   0.00004366
  0.112176  -0.0000   0.00004460
  0.113820  -0.0000   0.00004554
  0.115592  -0.0000   0.00004649
  0.117490  -0.0000   0.00004743
  0.119515  -0.0000   0.00004837
  0.119657  -0.0000   0.00004844
  0.119788  -0.0000   0.00004850
  0.119847  -0.0000   0.00004857
  0.119930  -0.0000   0.00004867
  0.120013  -0.0000   0.00004877
  0.120098  -0.0000   0.00004887
  0.120227  -0.0000   0.00004901
  0.120422  -0.0000   0.00004924
  0.120718  -0.0000   0.00004957
  0.121173  -0.0000   0.00005007
  0.121885  -0.0000   0.00005081
  0.123033  -0.0000   0.00005194
  0.124273  -0.0000   0.00005306
  0.125614  -0.0000   0.00005418
  0.127066  -0.0000   0.00005530
  0.128634  -0.0000   0.00005643
  0.130323  -0.0000   0.00005755
  0.132137  -0.0000   0.00005867
  0.134076  -0.0000   0.00005979
  0.136141  -0.0000   0.00006092
  0.136309  -0.0000   0.00006101
  0.136478  -0.0000   0.00006110
  0.136647  -0.0000   0.00006119
  0.136730  -0.0000   0.00006127
  0.136797  -0.0000   0.00006135
  0.136865  -0.0000   0.00006144
  0.136933  -0.0000   0.00006152
  0.137037  -0.0000   0.00006164
  0.137193  -0.0000   0.00006183
  0.137430  -0.0000   0.00006211
  0.137790  -0.0000   0.00006253
  0.138344  -0.0000   0.00006315
  0.139212  -0.0000   0.00006409
  0.140349  -0.0000   0.00006525
  0.141561  -0.0000   0.00006641
  0.142855  -0.0000   0.00006757
  0.144527  -0.0000   0.00006896
  0.146332  -0.0000   0.00007034
  0.147956  -0.0000   0.00007151
  0.149680  -0.0000   0.00007268
  0.151503  -0.0000   0.00007385
  0.153593  -0.0000   0.00007513
  0.153657  -0.0000   0.00007521
  0.153749  -0.0000   0.00007533
  0.153843  -0.0000   0.00007545
  0.153937  -0.0000   0.00007557
  0.154081  -0.0000   0.00007575
  0.154298  -0.0000   0.00007602
  0.154627  -0.0000   0.00007642
  0.155131  -0.0000   0.00007703
  0.155914  -0.0000   0.00007793
  0.157160  -0.0000   0.00007930
  0.158488  -0.0000   0.00008066
  0.159904  -0.0000   0.00008202
  0.161414  -0.0000   0.00008338
  0.163270  -0.0000   0.00008494
  0.165258  -0.0000   0.00008650
  0.167379  -0.0000   0.00008806
  0.169632  -0.0000   0.00008962
  0.169854  -0.0000   0.00008977
  0.170077  -0.0000   0.00008993
  0.170301  -0.0000   0.00009008
  0.170598  -0.0000   0.00009031
  0.170664  -0.0000   0.00009039
  0.170761  -0.0000   0.00009052
  0.170860  -0.0000   0.00009065
  0.170960  -0.0000   0.00009078
  0.171111  -0.0000   0.00009097
  0.171339  -0.0000   0.00009126
  0.171684  -0.0000   0.00009170
  0.172211  -0.0000   0.00009235
  0.173026  -0.0000   0.00009333
  0.174315  -0.0000   0.00009480
  0.175561  -0.0000   0.00009614
  0.176874  -0.0000   0.00009749
  0.178259  -0.0000   0.00009884
  0.180367  -0.0000   0.00010080
  0.182387  -0.0000   0.00010280
  0.184330  -0.0000   0.00010480
  0.186204  -0.0000   0.00010680
  0.186575  -0.0000   0.00010720
  0.186944  -0.0000   0.00010760
  0.187309  -0.0000   0.00010800
  0.187466  -0.0000   0.00010820
  0.187563  -0.0000   0.00010840
  0.187661  -0.0000   0.00010860
  0.187807  -0.0000   0.00010890
  0.187953  -0.0000   0.00010920
  0.188170  -0.0000   0.00010970
  0.188491  -0.0000   0.00011030
  0.188960  -0.0000   0.00011130
  0.189646  -0.0000   0.00011280
  0.190642  -0.0000   0.00011510
  0.192019  -0.0000   0.00011830
  0.193354  -0.0000   0.00012150
  0.194652  -0.0000   0.00012470
  0.195918  -0.0000   0.00012800
  0.197637  -0.0000   0.00013250
  0.199302  -0.0000   0.00013700
  0.201267  -0.0000   0.00014250
  0.203163  -0.0000   0.00014810
  0.203613  -0.0000   0.00014940
  0.204059  -0.0000   0.00015070
  0.204501  -0.0000   0.00015200
  0.204594  -0.0000   0.00015250
  0.204683  -0.0000   0.00015300
  0.204772  -0.0000   0.00015340
  0.204906  -0.0000   0.00015410
  0.205104  -0.0000   0.00015510
  0.205398  -0.0000   0.00015670
  0.205830  -0.0000   0.00015900
  0.206462  -0.0000   0.00016250
  0.207381  -0.0000   0.00016770
  0.208711  -0.0000   0.00017550
  0.210001  -0.0000   0.00018330
  0.211258  -0.0000   0.00019110
  0.212485  -0.0000   0.00019890
  0.214176  -0.0000   0.00021000
  0.215816  -0.0000   0.00022110
  0.217769  -0.0000   0.00023480
  0.219656  -0.0000   0.00024850
  0.221481  -0.0000   0.00026220
  0.221617  -0.0000   0.00026340
  0.221714  -0.0000   0.00026460
  0.221812  -0.0000   0.00026580
  0.221959  -0.0000   0.00026760
  0.222105  -0.0000   0.00026940
  0.222322  -0.0000   0.00027200
  0.222642  -0.0000   0.00027600
  0.223112  -0.0000   0.00028210
  0.223801  -0.0000   0.00029110
  0.224803  -0.0000   0.00030460
  0.226094  -0.0000   0.00032260
  0.227349  -0.0000   0.00034060
  0.228574  -0.0000   0.00035860
  0.229771  -0.0000   0.00037650
  0.231511  -0.0000   0.00040350
  0.233445  -0.0000   0.00043460
  0.235317  -0.0000   0.00046560
  0.237129  -0.0000   0.00049660
  0.237964  -0.0000   0.00051120
  0.238729  -0.0000   0.00052570
  0.238763  -0.0000   0.00052660
  0.238813  -0.0000   0.00052800
  0.238888  -0.0000   0.00053000
  0.239002  -0.0000   0.00053310
  0.239171  -0.0000   0.00053770
  0.239422  -0.0000   0.00054460
  0.239791  -0.0000   0.00055490
  0.240334  -0.0000   0.00057040
  0.241127  -0.0000   0.00059370
  0.242281  -0.0000   0.00062860
  0.243406  -0.0000   0.00066350
  0.244505  -0.0000   0.00069840
  0.245581  -0.0000   0.00073330
  0.247149  -0.0000   0.00078560
  0.249000  -0.0000   0.00084940
  0.250793  -0.0000   0.00091320
  0.252533  -0.0000   0.00097710
  0.254223  -0.0000   0.00104100
  0.254634  -0.0000   0.00105700
  0.255043  -0.0000   0.00107200
  0.255449  -0.0000   0.00108800
  0.255742  -0.0000   0.00109900
  0.255864  -0.0000   0.00110600
  0.255984  -0.0000   0.00111300
  0.256104  -0.0000   0.00112000
  0.256224  -0.0000   0.00112700
  0.256402  -0.0000   0.00113700
  0.256665  -0.0000   0.00115200
  0.257054  -0.0000   0.00117500
  0.257625  -0.0000   0.00121000
  0.258461  -0.0000   0.00126100
  0.259678  -0.0000   0.00133900
  0.260864  -0.0000   0.00141700
  0.262023  -0.0000   0.00149400
  0.263158  -0.0000   0.00157200
  0.264810  -0.0000   0.00168800
  0.266736  -0.0000   0.00182900
  0.268602  -0.0000   0.00196900
  0.270412  -0.0000   0.00210900
  0.272169  -0.0000   0.00225000
  0.272379  -0.0000   0.00226600
  0.272588  -0.0000   0.00228300
  0.272792  -0.0000   0.00230000
  0.272847  -0.0000   0.00230600
  0.272930  -0.0000   0.00231600
  0.273055  -0.0000   0.00233000
  0.273241  -0.0000   0.00235100
  0.273517  -0.0000   0.00238300
  0.273923  -0.0000   0.00243100
  0.274519  -0.0000   0.00250300
  0.275392  -0.0000   0.00261100
  0.276599  -0.0000   0.00276500
  0.277775  -0.0000   0.00291900
  0.278926  -0.0000   0.00307200
  0.280052  -0.0000   0.00322600
  0.281694  -0.0000   0.00345600
  0.283622  -0.0000   0.00373600
  0.285491  -0.0000   0.00401600
  0.287304  -0.0000   0.00429600
  0.289067  -0.0000   0.00457600
  0.289311  -0.0000   0.00461500
  0.289554  -0.0000   0.00465400
  0.289796  -0.0000   0.00469200
  0.289963  -0.0000   0.00472600
  0.290001  -0.0000   0.00473500
  0.290039  -0.0000   0.00474300
  0.290097  -0.0000   0.00475600
  0.290184  -0.0000   0.00477500
  0.290313  -0.0000   0.00480300
  0.290505  -0.0000   0.00484600
  0.290790  -0.0000   0.00491000
  0.291210  -0.0000   0.00500700
  0.291828  -0.0000   0.00515100
  0.292733  -0.0000   0.00536800
  0.294037  -0.0000   0.00568900
  0.295309  -0.0000   0.00601100
  0.296550  -0.0000   0.00633200
  0.297765  -0.0000   0.00665400
  0.299534  -0.0000   0.00713600
  0.301252  -0.0000   0.00761900
  0.303308  -0.0000   0.00821600
  0.305302  -0.0000   0.00881300
  0.306071  -0.0000   0.00904600
  0.306832  -0.0000   0.00928000
  0.307008  -0.0000   0.00934300
  0.307046  -0.0000   0.00935900
  0.307085  -0.0000   0.00937400
  0.307143  -0.0000   0.00939800
  0.307230  -0.0000   0.00943300
  0.307360  -0.0000   0.00948700
  0.307553  -0.0000   0.00956600
  0.307839  -0.0000   0.00968600
  0.308262  -0.0000   0.00986600
  0.308883  -0.0000   0.01014000
  0.309794  -0.0000   0.01054000
  0.311097  -0.0000   0.01113000
  0.312368  -0.0000   0.01173000
  0.313609  -0.0000   0.01232000
  0.314824  -0.0000   0.01292000
  0.316593  -0.0000   0.01381000
  0.318603  -0.0000   0.01486000
  0.320552  -0.0000   0.01591000
  0.322446  -0.0000   0.01696000
  0.323309  -0.0000   0.01744000
  0.324119  -0.0000   0.01792000
  0.324160  -0.0000   0.01795000
  0.324221  -0.0000   0.01800000
  0.324314  -0.0000   0.01807000
  0.324452  -0.0000   0.01817000
  0.324657  -0.0000   0.01832000
  0.324961  -0.0000   0.01855000
  0.325411  -0.0000   0.01890000
  0.326072  -0.0000   0.01941000
  0.327040  -0.0000   0.02019000
  0.328297  -0.0000   0.02122000
  0.329525  -0.0000   0.02225000
  0.330726  -0.0000   0.02329000
  0.331903  -0.0000   0.02432000
  0.333618  -0.0000   0.02587000
  0.335728  -0.0000   0.02784000
  0.337774  -0.0000   0.02982000
  0.339763  -0.0000   0.03179000
  0.340309  -0.0000   0.03234000
  0.340850  -0.0000   0.03288000
  0.341227  -0.0000   0.03329000
  0.341247  -0.0000   0.03332000
  0.341266  -0.0000   0.03334000
  0.341296  -0.0000   0.03338000
  0.341341  -0.0000   0.03344000
  0.341408  -0.0000   0.03352000
  0.341509  -0.0000   0.03365000
  0.341658  -0.0000   0.03385000
  0.341881  -0.0000   0.03414000
  0.342211  -0.0000   0.03457000
  0.342698  -0.0000   0.03523000
  0.343415  -0.0000   0.03621000
  0.344464  -0.0000   0.03768000
  0.345794  -0.0000   0.03960000
  0.347092  -0.0000   0.04152000
  0.348360  -0.0000   0.04343000
  0.349603  -0.0000   0.04535000
  0.351413  -0.0000   0.04822000
  0.353581  -0.0000   0.05178000
  0.355685  -0.0000   0.05534000
  0.357734  -0.0000   0.05890000
  0.357983  -0.0000   0.05934000
  0.358232  -0.0000   0.05977000
  0.358399  -0.0000   0.06014000
  0.358566  -0.0000   0.06050000
  0.358732  -0.0000   0.06087000
  0.358897  -0.0000   0.06123000
  0.359142  -0.0000   0.06178000
  0.359506  -0.0000   0.06261000
  0.360043  -0.0000   0.06384000
  0.360833  -0.0000   0.06569000
  0.361990  -0.0000   0.06847000
  0.363405  -0.0000   0.07196000
  0.364787  -0.0000   0.07546000
  0.366136  -0.0000   0.07895000
  0.367457  -0.0000   0.08244000
  0.369380  -0.0000   0.08768000
  0.371253  -0.0000   0.09292000
  0.373080  -0.0000   0.09817000
  0.374866  -0.0000   0.10300000
  0.375107  -0.0000   0.10400000
  0.375335  -0.0000   0.10500000
  0.375384  -0.0000   0.10500000
  0.375458  -0.0000   0.10500000
  0.375568  -0.0000   0.10600000
  0.375733  -0.0000   0.10600000
  0.375977  -0.0000   0.10700000
  0.376340  -0.0000   0.10900000
  0.376875  -0.0000   0.11100000
  0.377662  -0.0000   0.11400000
  0.378814  -0.0000   0.11800000
  0.380149  -0.0000   0.12400000
  0.381452  -0.0000   0.12900000
  0.382728  -0.0000   0.13400000
  0.384522  -0.0000   0.14200000
  0.386270  -0.0000   0.15000000
  0.388320  -0.0000   0.16000000
  0.390318  -0.0000   0.16900000
  0.392270  -0.0000   0.17900000
  0.392476  -0.0000   0.18000000
  0.392523  -0.0000   0.18000000
  0.392570  -0.0000   0.18000000
  0.392640  -0.0000   0.18100000
  0.392745  -0.0000   0.18100000
  0.392902  -0.0000   0.18200000
  0.393136  -0.0000   0.18400000
  0.393482  -0.0000   0.18600000
  0.393994  -0.0000   0.18900000
  0.394748  -0.0000   0.19400000
  0.395853  -0.0000   0.20100000
  0.397303  -0.0000   0.21000000
  0.398717  -0.0000   0.22000000
  0.400099  -0.0000   0.22900000
  0.401452  -0.0000   0.23900000
  0.403425  -0.0000   0.25300000
  0.405347  -0.0000   0.26700000
  0.407225  -0.0000   0.28200000
  0.409063  -0.0000   0.29600000
  0.409320  -0.0000   0.29800000
  0.409558  -0.0000   0.30000000
  0.409611  -0.0000   0.30100000
  0.409692  -0.0000   0.30100000
  0.409812  -0.0000   0.30300000
  0.409992  -0.0000   0.30400000
  0.410258  -0.0000   0.30700000
  0.410654  -0.0000   0.31100000
  0.411237  -0.0000   0.31600000
  0.412095  -0.0000   0.32500000
  0.413350  -0.0000   0.33800000
  0.414768  -0.0000   0.35300000
  0.416152  -0.0000   0.36800000
  0.417507  -0.0000   0.38300000
  0.419410  -0.0000   0.40400000
  0.421266  -0.0000   0.42600000
  0.423080  -0.0000   0.44700000
  0.424857  -0.0000   0.46900000
  0.425489  -0.0000   0.47700000
  0.426117  -0.0000   0.48400000
  0.426707  -0.0000   0.49200000
  0.426756  -0.0000   0.49300000
  0.426830  -0.0000   0.49400000
  0.426941  -0.0000   0.49500000
  0.427107  -0.0000   0.49800000
  0.427354  -0.0000   0.50200000
  0.427720  -0.0000   0.50700000
  0.428261  -0.0000   0.51500000
  0.429057  -0.0000   0.52800000
  0.430224  -0.0000   0.54600000
  0.431736  -0.0000   0.57100000
  0.433211  -0.0000   0.59600000
  0.434653  -0.0000   0.62100000
  0.436066  -0.0000   0.64600000
  0.438129  -0.0000   0.68300000
  0.440142  -0.0000   0.72000000
  0.442110  -0.0000   0.75700000
  0.442999  -0.0000   0.77400000
  0.443841  -0.0000   0.79100000
  0.443888  -0.0000   0.79200000
  0.443958  -0.0000   0.79400000
  0.444064  -0.0000   0.79600000
  0.444222  -0.0000   0.80000000
  0.444456  -0.0000   0.80500000
  0.444805  -0.0000   0.81300000
  0.445321  -0.0000   0.82500000
  0.446081  -0.0000   0.84300000
  0.447195  -0.0000   0.87000000
  0.448771  -0.0000   0.91000000
  0.450307  -0.0000   0.94900000
  0.451809  -0.0000   0.98900000
  0.452227  -0.0000   1.00000000
  0.452067  -0.0000   1.00000000
  0.452067  -0.0000   1.00000000
  0.452067  -0.0000   1.00000000
  0.452067  -0.0000   1.00000000
  0.452067  -0.0000   1.00000000
  0.452067  -0.0000   1.00000000
  0.452067  -0.0000   1.00000000
  0.452067  -0.0000   1.00000000
  0.452067  -0.0000   1.00000000
  0.452067  -0.0000   1.00000000
  0.452066  -0.0000   1.00000000
  0.452066  -0.0000   1.00000000
  0.452066  -0.0000   1.00000000
  0.452065  -0.0000   1.00000000
  0.452065  -0.0000   1.00000000
