  0.000011  -0.0000   0.00000010
  0.000026  -0.0000   0.00000020
  0.000077  -0.0000   0.00000030
  0.000511  -0.0000   0.00000040
  0.005541  -0.0000   0.00000050
  0.006143  -0.0000   0.00000051
  0.006158  -0.0000   0.00000052
  0.006181  -0.0000   0.00000054
  0.006225  -0.0000   0.00000058
  0.006318  -0.0000   0.00000062
  0.006448  -0.0000   0.00000067
  0.006622  -0.0000   0.00000072
  0.006851  -0.0000   0.00000076
  0.007140  -0.0000   0.00000081
  0.007433  -0.0000   0.00000085
  0.007774  -0.0000   0.00000089
  0.008166  -0.0000   0.00000093
  0.008606  -0.0000   0.00000097
  0.009093  -0.0000   0.00000101
  0.009625  -0.0000   0.00000105
  0.010197  -0.0000   0.00000109
  0.010913  -0.0000   0.00000114
  0.011674  -0.0000   0.00000118
  0.012479  -0.0000   0.00000123
  0.013324  -0.0000   0.00000128
  0.014388  -0.0000   0.00000133
  0.015510  -0.0000   0.00000139
  0.016693  -0.0000   0.00000144
  0.017707  -0.0000   0.00000149
  0.018768  -0.0000   0.00000153
  0.019082  -0.0000   0.00000154
  0.019400  -0.0000   0.00000156
  0.019627  -0.0000   0.00000157
  0.019636  -0.0000   0.00000157
  0.019641  -0.0000   0.00000157
  0.019644  -0.0000   0.00000157
  0.019648  -0.0000   0.00000158
  0.019653  -0.0000   0.00000159
  0.019659  -0.0000   0.00000159
  0.019666  -0.0000   0.00000161
  0.019675  -0.0000   0.00000163
  0.019686  -0.0000   0.00000166
  0.019701  -0.0000   0.00000171
  0.019723  -0.0000   0.00000178
  0.019761  -0.0000   0.00000189
  0.019834  -0.0000   0.00000206
  0.019987  -0.0000   0.00000230
  0.020197  -0.0000   0.00000255
  0.020479  -0.0000   0.00000279
  0.020729  -0.0000   0.00000297
  0.021032  -0.0000   0.00000315
  0.021393  -0.0000   0.00000332
  0.021817  -0.0000   0.00000350
  0.022308  -0.0000   0.00000368
  0.022872  -0.0000   0.00000386
  0.023511  -0.0000   0.00000404
  0.024230  -0.0000   0.00000422
  0.025033  -0.0000   0.00000440
  0.025759  -0.0000   0.00000454
  0.026548  -0.0000   0.00000469
  0.027403  -0.0000   0.00000484
  0.028326  -0.0000   0.00000499
  0.029318  -0.0000   0.00000513
  0.030381  -0.0000   0.00000528
  0.031516  -0.0000   0.00000543
  0.032722  -0.0000   0.00000558
  0.034001  -0.0000   0.00000573
  0.035351  -0.0000   0.00000587
  0.035456  -0.0000   0.00000588
  0.035560  -0.0000   0.00000590
  0.035665  -0.0000   0.00000591
  0.035822  -0.0000   0.00000592
  0.035836  -0.0000   0.00000593
  0.035846  -0.0000   0.00000594
  0.035854  -0.0000   0.00000595
  0.035862  -0.0000   0.00000596
  0.035871  -0.0000   0.00000597
  0.035884  -0.0000   0.00000599
  0.035902  -0.0000   0.00000602
  0.035928  -0.0000   0.00000606
  0.035966  -0.0000   0.00000613
  0.036025  -0.0000   0.00000622
  0.036121  -0.0000   0.00000637
  0.036279  -0.0000   0.00000659
  0.036552  -0.0000   0.00000692
  0.036957  -0.0000   0.00000732
  0.037438  -0.0000   0.00000773
  0.038007  -0.0000   0.00000814
  0.038558  -0.0000   0.00000848
  0.039186  -0.0000   0.00000883
  0.039901  -0.0000   0.00000917
  0.040708  -0.0000   0.00000951
  0.041614  -0.0000   0.00000986
  0.042628  -0.0000   0.00001020
  0.043754  -0.0000   0.00001054
  0.044788  -0.0000   0.00001083
  0.045910  -0.0000   0.00001112
  0.047122  -0.0000   0.00001141
  0.048425  -0.0000   0.00001170
  0.049822  -0.0000   0.00001199
  0.051312  -0.0000   0.00001228
  0.052774  -0.0000   0.00001257
  0.052797  -0.0000   0.00001259
  0.052822  -0.0000   0.00001262
  0.052845  -0.0000   0.00001264
  0.052866  -0.0000   0.00001267
  0.052896  -0.0000   0.00001271
  0.052942  -0.0000   0.00001277
  0.053013  -0.0000   0.00001286
  0.053122  -0.0000   0.00001300
  0.053294  -0.0000   0.00001321
  0.053567  -0.0000   0.00001352
  0.054022  -0.0000   0.00001398
  0.054591  -0.0000   0.00001450
  0.055230  -0.0000   0.00001502
  0.055949  -0.0000   0.00001553
  0.056680  -0.0000   0.00001601
  0.057491  -0.0000   0.00001648
  0.058387  -0.0000   0.00001695
  0.059347  -0.0000   0.00001742
  0.060397  -0.0000   0.00001788
  0.061544  -0.0000   0.00001834
  0.062791  -0.0000   0.00001880
  0.064142  -0.0000   0.00001926
  0.065598  -0.0000   0.00001972
  0.067160  -0.0000   0.00002019
  0.068828  -0.0000   0.00002065
  0.069037  -0.0000   0.00002070
  0.069248  -0.0000   0.00002076
  0.069460  -0.0000   0.00002082
  0.069686  -0.0000   0.00002091
  0.069710  -0.0000   0.00002093
  0.069739  -0.0000   0.00002096
  0.069778  -0.0000   0.00002101
  0.069837  -0.0000   0.00002108
  0.069928  -0.0000   0.00002119
  0.070067  -0.0000   0.00002135
  0.070281  -0.0000   0.00002160
  0.070618  -0.0000   0.00002197
  0.071161  -0.0000   0.00002252
  0.072071  -0.0000   0.00002335
  0.072898  -0.0000   0.00002403
  0.073810  -0.0000   0.00002471
  0.074813  -0.0000   0.00002540
  0.075915  -0.0000   0.00002608
  0.077125  -0.0000   0.00002676
  0.078447  -0.0000   0.00002745
  0.079888  -0.0000   0.00002813
  0.081451  -0.0000   0.00002881
  0.083139  -0.0000   0.00002950
  0.084954  -0.0000   0.00003018
  0.085692  -0.0000   0.00003045
  0.086449  -0.0000   0.00003072
  0.086520  -0.0000   0.00003077
  0.086560  -0.0000   0.00003081
  0.086597  -0.0000   0.00003086
  0.086651  -0.0000   0.00003092
  0.086733  -0.0000   0.00003102
  0.086859  -0.0000   0.00003117
  0.087052  -0.0000   0.00003140
  0.087349  -0.0000   0.00003174
  0.087814  -0.0000   0.00003225
  0.088560  -0.0000   0.00003301
  0.089358  -0.0000   0.00003377
  0.090218  -0.0000   0.00003453
  0.091146  -0.0000   0.00003529
  0.092160  -0.0000   0.00003606
  0.093255  -0.0000   0.00003683
  0.094435  -0.0000   0.00003760
  0.095669  -0.0000   0.00003835
  0.096990  -0.0000   0.00003910
  0.098402  -0.0000   0.00003985
  0.099938  -0.0000   0.00004061
  0.101570  -0.0000   0.00004138
  0.103296  -0.0000   0.00004214
  0.103425  -0.0000   0.00004220
  0.103477  -0.0000   0.00004226
  0.103523  -0.0000   0.00004231
  0.103592  -0.0000   0.00004240
  0.103661  -0.0000   0.00004249
  0.103767  -0.0000   0.00004262
  0.103928  -0.0000   0.00004281
  0.104175  -0.0000   0.00004311
  0.104554  -0.0000   0.00004354
  0.105146  -0.0000   0.00004420
  0.106095  -0.0000   0.00004519
  0.106939  -0.0000   0.00004602
  0.107836  -0.0000   0.00004685
  0.108791  -0.0000   0.00004767
  0.110018  -0.0000   0.00004866
  0.111338  -0.0000   0.00004965
  0.112755  -0.0000   0.00005063
  0.114531  -0.0000   0.00005178
  0.116077  -0.0000   0.00005271
  0.117716  -0.0000   0.00005364
  0.119450  -0.0000   0.00005458
  0.119689  -0.0000   0.00005471
  0.119930  -0.0000   0.00005483
  0.120173  -0.0000   0.00005496
  0.120462  -0.0000   0.00005515
  0.120503  -0.0000   0.00005520
  0.120558  -0.0000   0.00005527
  0.120642  -0.0000   0.00005538
  0.120769  -0.0000   0.00005554
  0.120964  -0.0000   0.00005579
  0.121261  -0.0000   0.00005615
  0.121717  -0.0000   0.00005670
  0.122429  -0.0000   0.00005752
  0.123570  -0.0000   0.00005875
  0.124795  -0.0000   0.00005998
  0.126112  -0.0000   0.00006121
  0.127527  -0.0000   0.00006244
  0.129046  -0.0000   0.00006367
  0.130675  -0.0000   0.00006490
  0.132415  -0.0000   0.00006613
  0.134270  -0.0000   0.00006736
  0.136238  -0.0000   0.00006859
  0.136566  -0.0000   0.00006879
  0.136897  -0.0000   0.00006899
  0.137231  -0.0000   0.00006920
  0.137459  -0.0000   0.00006934
  0.137489  -0.0000   0.00006937
  0.137517  -0.0000   0.00006941
  0.137556  -0.0000   0.00006946
  0.137615  -0.0000   0.00006954
  0.137704  -0.0000   0.00006966
  0.137840  -0.0000   0.00006984
  0.138047  -0.0000   0.00007011
  0.138363  -0.0000   0.00007051
  0.138846  -0.0000   0.00007112
  0.139598  -0.0000   0.00007202
  0.140793  -0.0000   0.00007338
  0.142067  -0.0000   0.00007474
  0.143425  -0.0000   0.00007610
  0.144874  -0.0000   0.00007746
  0.146698  -0.0000   0.00007905
  0.148657  -0.0000   0.00008064
  0.150400  -0.0000   0.00008197
  0.152240  -0.0000   0.00008331
  0.154178  -0.0000   0.00008464
  0.154336  -0.0000   0.00008475
  0.154494  -0.0000   0.00008486
  0.154577  -0.0000   0.00008497
  0.154654  -0.0000   0.00008507
  0.154732  -0.0000   0.00008518
  0.154810  -0.0000   0.00008529
  0.154930  -0.0000   0.00008545
  0.155111  -0.0000   0.00008570
  0.155385  -0.0000   0.00008606
  0.155803  -0.0000   0.00008661
  0.156445  -0.0000   0.00008743
  0.157451  -0.0000   0.00008866
  0.158742  -0.0000   0.00009016
  0.160112  -0.0000   0.00009166
  0.161564  -0.0000   0.00009316
  0.163482  -0.0000   0.00009500
  0.165538  -0.0000   0.00009684
  0.167345  -0.0000   0.00009837
  0.169250  -0.0000   0.00009990
  0.171094  -0.0000   0.00010140
  0.171598  -0.0000   0.00010190
  0.171705  -0.0000   0.00010210
  0.171811  -0.0000   0.00010220
  0.171918  -0.0000   0.00010240
  0.172025  -0.0000   0.00010260
  0.172185  -0.0000   0.00010280
  0.172423  -0.0000   0.00010320
  0.172774  -0.0000   0.00010380
  0.173291  -0.0000   0.00010470
  0.174048  -0.0000   0.00010600
  0.175148  -0.0000   0.00010800
  0.176740  -0.0000   0.00011100
  0.178284  -0.0000   0.00011390
  0.179785  -0.0000   0.00011690
  0.181249  -0.0000   0.00011980
  0.182677  -0.0000   0.00012280
  0.184747  -0.0000   0.00012730
  0.186749  -0.0000   0.00013170
  0.188686  -0.0000   0.00013610
  0.188807  -0.0000   0.00013650
  0.188903  -0.0000   0.00013690
  0.188999  -0.0000   0.00013730
  0.189144  -0.0000   0.00013790
  0.189360  -0.0000   0.00013880
  0.189680  -0.0000   0.00014010
  0.190151  -0.0000   0.00014210
  0.190841  -0.0000   0.00014510
  0.191846  -0.0000   0.00014960
  0.193303  -0.0000   0.00015630
  0.194718  -0.0000   0.00016300
  0.196098  -0.0000   0.00016970
  0.197446  -0.0000   0.00017640
  0.199283  -0.0000   0.00018590
  0.201067  -0.0000   0.00019530
  0.203176  -0.0000   0.00020680
  0.205215  -0.0000   0.00021840
  0.205424  -0.0000   0.00021960
  0.205632  -0.0000   0.00022080
  0.205840  -0.0000   0.00022190
  0.205973  -0.0000   0.00022300
  0.206087  -0.0000   0.00022410
  0.206201  -0.0000   0.00022520
  0.206372  -0.0000   0.00022680
  0.206627  -0.0000   0.00022930
  0.207003  -0.0000   0.00023290
  0.207556  -0.0000   0.00023840
  0.208364  -0.0000   0.00024670
  0.209542  -0.0000   0.00025900
  0.210942  -0.0000   0.00027420
  0.212306  -0.0000   0.00028930
  0.213639  -0.0000   0.00030450
  0.214943  -0.0000   0.00031960
  0.216841  -0.0000   0.00034240
  0.218964  -0.0000   0.00036860
  0.221019  -0.0000   0.00039490
  0.223010  -0.0000   0.00042120
  0.223133  -0.0000   0.00042330
  0.223234  -0.0000   0.00042550
  0.223337  -0.0000   0.00042760
  0.223491  -0.0000   0.00043080
  0.223720  -0.0000   0.00043560
  0.224059  -0.0000   0.00044270
  0.224558  -0.0000   0.00045350
  0.225290  -0.0000   0.00046970
  0.226357  -0.0000   0.00049390
  0.227762  -0.0000   0.00052680
  0.229132  -0.0000   0.00055960
  0.230470  -0.0000   0.00059250
  0.231780  -0.0000   0.00062530
  0.233687  -0.0000   0.00067460
  0.235540  -0.0000   0.00072390
  0.237342  -0.0000   0.00077320
  0.239096  -0.0000   0.00082250
  0.239357  -0.0000   0.00082980
  0.239616  -0.0000   0.00083720
  0.239875  -0.0000   0.00084450
  0.240252  -0.0000   0.00085560
  0.240277  -0.0000   0.00085660
  0.240313  -0.0000   0.00085820
  0.240367  -0.0000   0.00086050
  0.240449  -0.0000   0.00086400
  0.240572  -0.0000   0.00086920
  0.240755  -0.0000   0.00087710
  0.241026  -0.0000   0.00088890
  0.241427  -0.0000   0.00090660
  0.242017  -0.0000   0.00093310
  0.242881  -0.0000   0.00097290
  0.244140  -0.0000   0.00103300
  0.245370  -0.0000   0.00109200
  0.246575  -0.0000   0.00115200
  0.247755  -0.0000   0.00121200
  0.249479  -0.0000   0.00130100
  0.251501  -0.0000   0.00141000
  0.253464  -0.0000   0.00151800
  0.255372  -0.0000   0.00162600
  0.257228  -0.0000   0.00173500
  0.257405  -0.0000   0.00174500
  0.257531  -0.0000   0.00175600
  0.257654  -0.0000   0.00176600
  0.257778  -0.0000   0.00177600
  0.257901  -0.0000   0.00178700
  0.258084  -0.0000   0.00180200
  0.258356  -0.0000   0.00182600
  0.258759  -0.0000   0.00186100
  0.259351  -0.0000   0.00191300
  0.260221  -0.0000   0.00199200
  0.261490  -0.0000   0.00211000
  0.262730  -0.0000   0.00222800
  0.263945  -0.0000   0.00234700
  0.265137  -0.0000   0.00246500
  0.266876  -0.0000   0.00264200
  0.268977  -0.0000   0.00286300
  0.271015  -0.0000   0.00308400
  0.272995  -0.0000   0.00330500
  0.273680  -0.0000   0.00338200
  0.274358  -0.0000   0.00345900
  0.274583  -0.0000   0.00348600
  0.274624  -0.0000   0.00349200
  0.274666  -0.0000   0.00349900
  0.274729  -0.0000   0.00350900
  0.274824  -0.0000   0.00352400
  0.274965  -0.0000   0.00354600
  0.275176  -0.0000   0.00358000
  0.275488  -0.0000   0.00363100
  0.275949  -0.0000   0.00370600
  0.276627  -0.0000   0.00382000
  0.277621  -0.0000   0.00399000
  0.278984  -0.0000   0.00423000
  0.280316  -0.0000   0.00447000
  0.281620  -0.0000   0.00471100
  0.282898  -0.0000   0.00495100
  0.284762  -0.0000   0.00531100
  0.286871  -0.0000   0.00573100
  0.288920  -0.0000   0.00615200
  0.290911  -0.0000   0.00657200
  0.291187  -0.0000   0.00663100
  0.291462  -0.0000   0.00668900
  0.291735  -0.0000   0.00674700
  0.291881  -0.0000   0.00678900
  0.292025  -0.0000   0.00683000
  0.292169  -0.0000   0.00687100
  0.292312  -0.0000   0.00691300
  0.292524  -0.0000   0.00697500
  0.292840  -0.0000   0.00706800
  0.293306  -0.0000   0.00720700
  0.293993  -0.0000   0.00741700
  0.295001  -0.0000   0.00773100
  0.296462  -0.0000   0.00819900
  0.297888  -0.0000   0.00866600
  0.299282  -0.0000   0.00913400
  0.300648  -0.0000   0.00960200
  0.302629  -0.0000   0.01030000
  0.304555  -0.0000   0.01100000
  0.306753  -0.0000   0.01182000
  0.308889  -0.0000   0.01264000
  0.309042  -0.0000   0.01271000
  0.309188  -0.0000   0.01279000
  0.309334  -0.0000   0.01286000
  0.309551  -0.0000   0.01297000
  0.309873  -0.0000   0.01314000
  0.310349  -0.0000   0.01339000
  0.311050  -0.0000   0.01376000
  0.312078  -0.0000   0.01432000
  0.313451  -0.0000   0.01509000
  0.314794  -0.0000   0.01586000
  0.316109  -0.0000   0.01662000
  0.317398  -0.0000   0.01739000
  0.319280  -0.0000   0.01854000
  0.321492  -0.0000   0.01994000
  0.323641  -0.0000   0.02133000
  0.325733  -0.0000   0.02273000
  0.325958  -0.0000   0.02288000
  0.326169  -0.0000   0.02303000
  0.326212  -0.0000   0.02307000
  0.326278  -0.0000   0.02313000
  0.326377  -0.0000   0.02321000
  0.326525  -0.0000   0.02334000
  0.326744  -0.0000   0.02353000
  0.327070  -0.0000   0.02382000
  0.327552  -0.0000   0.02424000
  0.328262  -0.0000   0.02489000
  0.329304  -0.0000   0.02586000
  0.330685  -0.0000   0.02717000
  0.332034  -0.0000   0.02848000
  0.333356  -0.0000   0.02979000
  0.334652  -0.0000   0.03111000
  0.336545  -0.0000   0.03307000
  0.338804  -0.0000   0.03550000
  0.340999  -0.0000   0.03792000
  0.343138  -0.0000   0.04034000
  0.343350  -0.0000   0.04059000
  0.343393  -0.0000   0.04065000
  0.343436  -0.0000   0.04071000
  0.343500  -0.0000   0.04080000
  0.343597  -0.0000   0.04094000
  0.343741  -0.0000   0.04115000
  0.343956  -0.0000   0.04146000
  0.344276  -0.0000   0.04192000
  0.344748  -0.0000   0.04262000
  0.345444  -0.0000   0.04367000
  0.346467  -0.0000   0.04524000
  0.347895  -0.0000   0.04749000
  0.349291  -0.0000   0.04974000
  0.350658  -0.0000   0.05199000
  0.351998  -0.0000   0.05423000
  0.353954  -0.0000   0.05761000
  0.356204  -0.0000   0.06161000
  0.358393  -0.0000   0.06560000
  0.360530  -0.0000   0.06960000
  0.360706  -0.0000   0.07001000
  0.360882  -0.0000   0.07042000
  0.361057  -0.0000   0.07082000
  0.361231  -0.0000   0.07123000
  0.361490  -0.0000   0.07184000
  0.361873  -0.0000   0.07276000
  0.362441  -0.0000   0.07413000
  0.363278  -0.0000   0.07619000
  0.364505  -0.0000   0.07928000
  0.366032  -0.0000   0.08323000
  0.367524  -0.0000   0.08718000
  0.368985  -0.0000   0.09112000
  0.370417  -0.0000   0.09507000
  0.372506  -0.0000   0.10100000
  0.374543  -0.0000   0.10700000
  0.376535  -0.0000   0.11300000
  0.376999  -0.0000   0.11400000
  0.377461  -0.0000   0.11600000
  0.377874  -0.0000   0.11700000
  0.377969  -0.0000   0.11700000
  0.378039  -0.0000   0.11800000
  0.378110  -0.0000   0.11800000
  0.378216  -0.0000   0.11800000
  0.378374  -0.0000   0.11900000
  0.378609  -0.0000   0.12000000
  0.378958  -0.0000   0.12100000
  0.379475  -0.0000   0.12300000
  0.380239  -0.0000   0.12600000
  0.381360  -0.0000   0.13000000
  0.382977  -0.0000   0.13700000
  0.384555  -0.0000   0.14400000
  0.386098  -0.0000   0.15000000
  0.387610  -0.0000   0.15700000
  0.389768  -0.0000   0.16600000
  0.391874  -0.0000   0.17600000
  0.393932  -0.0000   0.18600000
  0.394323  -0.0000   0.18800000
  0.394713  -0.0000   0.18900000
  0.395067  -0.0000   0.19100000
  0.395097  -0.0000   0.19100000
  0.395142  -0.0000   0.19200000
  0.395211  -0.0000   0.19200000
  0.395313  -0.0000   0.19300000
  0.395465  -0.0000   0.19400000
  0.395693  -0.0000   0.19500000
  0.396031  -0.0000   0.19700000
  0.396531  -0.0000   0.20000000
  0.397270  -0.0000   0.20400000
  0.398356  -0.0000   0.21100000
  0.399942  -0.0000   0.22100000
  0.401491  -0.0000   0.23100000
  0.403006  -0.0000   0.24100000
  0.404491  -0.0000   0.25100000
  0.406660  -0.0000   0.26600000
  0.408776  -0.0000   0.28100000
  0.410846  -0.0000   0.29600000
  0.411384  -0.0000   0.30000000
  0.411919  -0.0000   0.30300000
  0.412245  -0.0000   0.30600000
  0.412319  -0.0000   0.30700000
  0.412375  -0.0000   0.30700000
  0.412431  -0.0000   0.30800000
  0.412514  -0.0000   0.30800000
  0.412639  -0.0000   0.30900000
  0.412825  -0.0000   0.31100000
  0.413102  -0.0000   0.31400000
  0.413513  -0.0000   0.31700000
  0.414121  -0.0000   0.32300000
  0.415017  -0.0000   0.33100000
  0.416332  -0.0000   0.34300000
  0.417952  -0.0000   0.35900000
  0.419535  -0.0000   0.37500000
  0.421085  -0.0000   0.39000000
  0.422605  -0.0000   0.40600000
  0.424828  -0.0000   0.43000000
  0.427001  -0.0000   0.45300000
  0.429127  -0.0000   0.47700000
  0.429375  -0.0000   0.48000000
  0.429429  -0.0000   0.48000000
  0.429470  -0.0000   0.48100000
  0.429511  -0.0000   0.48100000
  0.429573  -0.0000   0.48200000
  0.429665  -0.0000   0.48300000
  0.429802  -0.0000   0.48500000
  0.430006  -0.0000   0.48800000
  0.430311  -0.0000   0.49200000
  0.430762  -0.0000   0.49800000
  0.431429  -0.0000   0.50700000
  0.432412  -0.0000   0.52100000
  0.433850  -0.0000   0.54100000
  0.435435  -0.0000   0.56400000
  0.436984  -0.0000   0.58700000
  0.438504  -0.0000   0.61000000
  0.440610  -0.0000   0.64300000
  0.442670  -0.0000   0.67600000
  0.444688  -0.0000   0.70900000
  0.446295  -0.0000   0.73500000
  0.446564  -0.0000   0.74000000
  0.446622  -0.0000   0.74100000
  0.446666  -0.0000   0.74200000
  0.446711  -0.0000   0.74300000
  0.446777  -0.0000   0.74400000
  0.446876  -0.0000   0.74600000
  0.447024  -0.0000   0.74900000
  0.447245  -0.0000   0.75300000
  0.447573  -0.0000   0.75900000
  0.448060  -0.0000   0.76900000
  0.448780  -0.0000   0.78400000
  0.449839  -0.0000   0.80500000
  0.451387  -0.0000   0.83800000
  0.452902  -0.0000   0.87000000
  0.454385  -0.0000   0.90300000
  0.455842  -0.0000   0.93600000
  0.457975  -0.0000   0.98500000
  0.458640  -0.0000   1.00000000
  0.458481  -0.0000   1.00000000
  0.458481  -0.0000   1.00000000
  0.458481  -0.0000   1.00000000
  0.458481  -0.0000   1.00000000
  0.458481  -0.0000   1.00000000
  0.458481  -0.0000   1.00000000
  0.458481  -0.0000   1.00000000
  0.458481  -0.0000   1.00000000
  0.458480  -0.0000   1.00000000
  0.458480  -0.0000   1.00000000
  0.458479  -0.0000   1.00000000
  0.458479  -0.0000   1.00000000
  0.458477  -0.0000   1.00000000
  0.458475  -0.0000   1.00000000
