  0.000032  -0.0000   0.00000010
  0.000076  -0.0000   0.00000020
  0.000229  -0.0000   0.00000030
  0.001510  -0.0000   0.00000040
  0.006306  -0.0000   0.00000045
  0.006436  -0.0000   0.00000049
  0.006594  -0.0000   0.00000054
  0.006696  -0.0000   0.00000056
  0.006819  -0.0000   0.00000059
  0.006967  -0.0000   0.00000061
  0.007254  -0.0000   0.00000065
  0.007513  -0.0000   0.00000068
  0.007819  -0.0000   0.00000070
  0.008174  -0.0000   0.00000073
  0.008581  -0.0000   0.00000076
  0.009041  -0.0000   0.00000079
  0.009553  -0.0000   0.00000082
  0.010116  -0.0000   0.00000084
  0.010727  -0.0000   0.00000087
  0.011383  -0.0000   0.00000090
  0.012079  -0.0000   0.00000093
  0.012812  -0.0000   0.00000096
  0.013724  -0.0000   0.00000099
  0.014674  -0.0000   0.00000102
  0.015658  -0.0000   0.00000106
  0.016671  -0.0000   0.00000109
  0.018147  -0.0000   0.00000113
  0.018905  -0.0000   0.00000116
  0.019199  -0.0000   0.00000117
  0.019494  -0.0000   0.00000117
  0.019517  -0.0000   0.00000118
  0.019522  -0.0000   0.00000118
  0.019526  -0.0000   0.00000118
  0.019530  -0.0000   0.00000119
  0.019536  -0.0000   0.00000119
  0.019542  -0.0000   0.00000120
  0.019550  -0.0000   0.00000121
  0.019560  -0.0000   0.00000123
  0.019572  -0.0000   0.00000125
  0.019588  -0.0000   0.00000129
  0.019608  -0.0000   0.00000135
  0.019637  -0.0000   0.00000143
  0.019681  -0.0000   0.00000156
  0.019769  -0.0000   0.00000176
  0.019864  -0.0000   0.00000192
  0.019994  -0.0000   0.00000207
  0.020168  -0.0000   0.00000223
  0.020311  -0.0000   0.00000234
  0.020483  -0.0000   0.00000244
  0.020687  -0.0000   0.00000255
  0.020953  -0.0000   0.00000267
  0.021269  -0.0000   0.00000279
  0.021637  -0.0000   0.00000290
  0.022021  -0.0000   0.00000301
  0.022455  -0.0000   0.00000311
  0.022942  -0.0000   0.00000322
  0.023465  -0.0000   0.00000332
  0.024040  -0.0000   0.00000343
  0.024669  -0.0000   0.00000353
  0.025429  -0.0000   0.00000364
  0.026257  -0.0000   0.00000376
  0.027151  -0.0000   0.00000387
  0.028114  -0.0000   0.00000399
  0.029146  -0.0000   0.00000410
  0.030248  -0.0000   0.00000421
  0.031421  -0.0000   0.00000433
  0.032666  -0.0000   0.00000444
  0.033769  -0.0000   0.00000454
  0.034925  -0.0000   0.00000463
  0.035021  -0.0000   0.00000464
  0.035117  -0.0000   0.00000465
  0.035214  -0.0000   0.00000466
  0.035345  -0.0000   0.00000467
  0.035360  -0.0000   0.00000468
  0.035371  -0.0000   0.00000468
  0.035381  -0.0000   0.00000469
  0.035392  -0.0000   0.00000470
  0.035407  -0.0000   0.00000471
  0.035426  -0.0000   0.00000474
  0.035450  -0.0000   0.00000477
  0.035483  -0.0000   0.00000482
  0.035529  -0.0000   0.00000490
  0.035597  -0.0000   0.00000501
  0.035711  -0.0000   0.00000518
  0.035917  -0.0000   0.00000544
  0.036209  -0.0000   0.00000573
  0.036565  -0.0000   0.00000603
  0.036991  -0.0000   0.00000632
  0.037498  -0.0000   0.00000662
  0.038094  -0.0000   0.00000691
  0.038635  -0.0000   0.00000715
  0.039245  -0.0000   0.00000738
  0.039928  -0.0000   0.00000762
  0.040689  -0.0000   0.00000786
  0.041533  -0.0000   0.00000809
  0.042465  -0.0000   0.00000833
  0.043489  -0.0000   0.00000857
  0.044610  -0.0000   0.00000880
  0.045830  -0.0000   0.00000904
  0.046908  -0.0000   0.00000923
  0.048056  -0.0000   0.00000943
  0.049277  -0.0000   0.00000962
  0.050733  -0.0000   0.00000984
  0.052279  -0.0000   0.00001006
  0.052355  -0.0000   0.00001007
  0.052379  -0.0000   0.00001009
  0.052398  -0.0000   0.00001010
  0.052422  -0.0000   0.00001012
  0.052451  -0.0000   0.00001015
  0.052490  -0.0000   0.00001019
  0.052543  -0.0000   0.00001026
  0.052621  -0.0000   0.00001036
  0.052742  -0.0000   0.00001052
  0.052941  -0.0000   0.00001074
  0.053284  -0.0000   0.00001109
  0.053783  -0.0000   0.00001151
  0.054360  -0.0000   0.00001194
  0.055023  -0.0000   0.00001237
  0.055779  -0.0000   0.00001280
  0.056639  -0.0000   0.00001322
  0.057404  -0.0000   0.00001357
  0.058247  -0.0000   0.00001391
  0.059171  -0.0000   0.00001426
  0.060181  -0.0000   0.00001460
  0.061282  -0.0000   0.00001495
  0.062476  -0.0000   0.00001529
  0.063768  -0.0000   0.00001564
  0.065161  -0.0000   0.00001598
  0.066655  -0.0000   0.00001633
  0.068251  -0.0000   0.00001667
  0.068530  -0.0000   0.00001673
  0.068812  -0.0000   0.00001679
  0.069097  -0.0000   0.00001685
  0.069295  -0.0000   0.00001689
  0.069338  -0.0000   0.00001692
  0.069370  -0.0000   0.00001695
  0.069398  -0.0000   0.00001697
  0.069423  -0.0000   0.00001700
  0.069458  -0.0000   0.00001704
  0.069508  -0.0000   0.00001710
  0.069582  -0.0000   0.00001719
  0.069694  -0.0000   0.00001732
  0.069873  -0.0000   0.00001752
  0.070163  -0.0000   0.00001782
  0.070645  -0.0000   0.00001826
  0.071303  -0.0000   0.00001880
  0.072040  -0.0000   0.00001935
  0.072862  -0.0000   0.00001989
  0.073777  -0.0000   0.00002043
  0.074791  -0.0000   0.00002097
  0.075911  -0.0000   0.00002151
  0.077145  -0.0000   0.00002205
  0.078227  -0.0000   0.00002249
  0.079390  -0.0000   0.00002293
  0.080638  -0.0000   0.00002337
  0.082131  -0.0000   0.00002386
  0.083734  -0.0000   0.00002435
  0.085448  -0.0000   0.00002484
  0.085629  -0.0000   0.00002489
  0.085811  -0.0000   0.00002494
  0.085995  -0.0000   0.00002499
  0.086220  -0.0000   0.00002507
  0.086275  -0.0000   0.00002511
  0.086320  -0.0000   0.00002516
  0.086361  -0.0000   0.00002520
  0.086420  -0.0000   0.00002527
  0.086506  -0.0000   0.00002537
  0.086638  -0.0000   0.00002552
  0.086845  -0.0000   0.00002575
  0.087178  -0.0000   0.00002609
  0.087720  -0.0000   0.00002661
  0.088632  -0.0000   0.00002738
  0.089653  -0.0000   0.00002815
  0.090602  -0.0000   0.00002880
  0.091641  -0.0000   0.00002945
  0.092774  -0.0000   0.00003011
  0.094008  -0.0000   0.00003076
  0.095349  -0.0000   0.00003141
  0.096800  -0.0000   0.00003207
  0.098367  -0.0000   0.00003272
  0.099765  -0.0000   0.00003327
  0.101248  -0.0000   0.00003382
  0.102815  -0.0000   0.00003437
  0.102958  -0.0000   0.00003442
  0.103102  -0.0000   0.00003447
  0.103225  -0.0000   0.00003452
  0.103294  -0.0000   0.00003458
  0.103352  -0.0000   0.00003464
  0.103406  -0.0000   0.00003470
  0.103458  -0.0000   0.00003476
  0.103536  -0.0000   0.00003485
  0.103655  -0.0000   0.00003499
  0.103841  -0.0000   0.00003520
  0.104132  -0.0000   0.00003551
  0.104595  -0.0000   0.00003598
  0.105347  -0.0000   0.00003668
  0.106275  -0.0000   0.00003747
  0.107284  -0.0000   0.00003826
  0.108380  -0.0000   0.00003905
  0.109512  -0.0000   0.00003981
  0.110734  -0.0000   0.00004057
  0.112049  -0.0000   0.00004132
  0.113462  -0.0000   0.00004208
  0.114976  -0.0000   0.00004284
  0.116594  -0.0000   0.00004360
  0.118317  -0.0000   0.00004435
  0.120146  -0.0000   0.00004511
  0.120275  -0.0000   0.00004516
  0.120340  -0.0000   0.00004522
  0.120392  -0.0000   0.00004527
  0.120461  -0.0000   0.00004535
  0.120528  -0.0000   0.00004543
  0.120628  -0.0000   0.00004555
  0.120781  -0.0000   0.00004573
  0.121019  -0.0000   0.00004600
  0.121393  -0.0000   0.00004640
  0.121986  -0.0000   0.00004701
  0.122948  -0.0000   0.00004792
  0.124015  -0.0000   0.00004885
  0.125166  -0.0000   0.00004978
  0.126407  -0.0000   0.00005071
  0.127681  -0.0000   0.00005160
  0.129047  -0.0000   0.00005249
  0.130508  -0.0000   0.00005339
  0.132067  -0.0000   0.00005428
  0.133727  -0.0000   0.00005517
  0.135488  -0.0000   0.00005606
  0.137352  -0.0000   0.00005695
  0.137440  -0.0000   0.00005701
  0.137498  -0.0000   0.00005707
  0.137552  -0.0000   0.00005714
  0.137628  -0.0000   0.00005723
  0.137740  -0.0000   0.00005737
  0.137914  -0.0000   0.00005758
  0.138183  -0.0000   0.00005789
  0.138604  -0.0000   0.00005836
  0.139270  -0.0000   0.00005906
  0.140344  -0.0000   0.00006012
  0.141561  -0.0000   0.00006123
  0.142871  -0.0000   0.00006234
  0.144278  -0.0000   0.00006345
  0.145788  -0.0000   0.00006456
  0.147406  -0.0000   0.00006567
  0.149135  -0.0000   0.00006678
  0.150979  -0.0000   0.00006789
  0.152938  -0.0000   0.00006900
  0.153605  -0.0000   0.00006937
  0.154284  -0.0000   0.00006974
  0.154490  -0.0000   0.00006985
  0.154616  -0.0000   0.00006997
  0.154709  -0.0000   0.00007008
  0.154798  -0.0000   0.00007019
  0.154886  -0.0000   0.00007030
  0.155020  -0.0000   0.00007047
  0.155227  -0.0000   0.00007072
  0.155548  -0.0000   0.00007110
  0.156047  -0.0000   0.00007166
  0.156834  -0.0000   0.00007251
  0.158102  -0.0000   0.00007378
  0.159461  -0.0000   0.00007505
  0.160917  -0.0000   0.00007633
  0.162476  -0.0000   0.00007760
  0.164141  -0.0000   0.00007887
  0.165917  -0.0000   0.00008014
  0.167806  -0.0000   0.00008141
  0.169809  -0.0000   0.00008269
  0.171786  -0.0000   0.00008396
  0.171858  -0.0000   0.00008404
  0.171952  -0.0000   0.00008416
  0.172043  -0.0000   0.00008428
  0.172134  -0.0000   0.00008440
  0.172272  -0.0000   0.00008458
  0.172486  -0.0000   0.00008484
  0.172816  -0.0000   0.00008525
  0.173329  -0.0000   0.00008585
  0.174135  -0.0000   0.00008676
  0.175426  -0.0000   0.00008811
  0.176673  -0.0000   0.00008935
  0.177993  -0.0000   0.00009059
  0.179390  -0.0000   0.00009182
  0.180873  -0.0000   0.00009307
  0.182439  -0.0000   0.00009431
  0.184088  -0.0000   0.00009555
  0.185867  -0.0000   0.00009682
  0.187735  -0.0000   0.00009809
  0.188065  -0.0000   0.00009832
  0.188397  -0.0000   0.00009854
  0.188731  -0.0000   0.00009876
  0.188910  -0.0000   0.00009890
  0.189018  -0.0000   0.00009903
  0.189118  -0.0000   0.00009916
  0.189217  -0.0000   0.00009930
  0.189317  -0.0000   0.00009943
  0.189470  -0.0000   0.00009963
  0.189705  -0.0000   0.00009993
  0.190054  -0.0000   0.00010040
  0.190573  -0.0000   0.00010110
  0.191340  -0.0000   0.00010210
  0.192470  -0.0000   0.00010360
  0.194122  -0.0000   0.00010590
  0.196059  -0.0000   0.00010860
  0.197950  -0.0000   0.00011140
  0.199799  -0.0000   0.00011410
  0.202107  -0.0000   0.00011760
  0.204352  -0.0000   0.00012120
  0.204754  -0.0000   0.00012180
  0.205152  -0.0000   0.00012240
  0.205549  -0.0000   0.00012310
  0.205891  -0.0000   0.00012360
  0.205994  -0.0000   0.00012390
  0.206080  -0.0000   0.00012410
  0.206163  -0.0000   0.00012440
  0.206289  -0.0000   0.00012480
  0.206479  -0.0000   0.00012540
  0.206765  -0.0000   0.00012630
  0.207194  -0.0000   0.00012760
  0.207831  -0.0000   0.00012960
  0.208773  -0.0000   0.00013260
  0.210155  -0.0000   0.00013700
  0.212174  -0.0000   0.00014370
  0.214145  -0.0000   0.00015040
  0.216071  -0.0000   0.00015720
  0.217955  -0.0000   0.00016390
  0.220325  -0.0000   0.00017250
  0.222630  -0.0000   0.00018120
  0.222792  -0.0000   0.00018180
  0.222954  -0.0000   0.00018240
  0.223072  -0.0000   0.00018300
  0.223205  -0.0000   0.00018400
  0.223337  -0.0000   0.00018490
  0.223470  -0.0000   0.00018580
  0.223671  -0.0000   0.00018720
  0.223973  -0.0000   0.00018920
  0.224424  -0.0000   0.00019230
  0.225093  -0.0000   0.00019700
  0.226080  -0.0000   0.00020390
  0.227531  -0.0000   0.00021440
  0.229649  -0.0000   0.00023000
  0.231716  -0.0000   0.00024570
  0.233737  -0.0000   0.00026140
  0.235713  -0.0000   0.00027700
  0.237647  -0.0000   0.00029270
  0.240098  -0.0000   0.00031320
  0.240191  -0.0000   0.00031440
  0.240278  -0.0000   0.00031570
  0.240366  -0.0000   0.00031700
  0.240454  -0.0000   0.00031830
  0.240587  -0.0000   0.00032020
  0.240787  -0.0000   0.00032310
  0.241087  -0.0000   0.00032740
  0.241535  -0.0000   0.00033390
  0.242200  -0.0000   0.00034360
  0.243184  -0.0000   0.00035820
  0.244632  -0.0000   0.00038000
  0.246698  -0.0000   0.00041200
  0.248719  -0.0000   0.00044400
  0.250696  -0.0000   0.00047590
  0.252633  -0.0000   0.00050790
  0.254529  -0.0000   0.00053980
  0.256959  -0.0000   0.00058190
  0.257119  -0.0000   0.00058470
  0.257248  -0.0000   0.00058750
  0.257346  -0.0000   0.00059030
  0.257491  -0.0000   0.00059450
  0.257712  -0.0000   0.00060070
  0.257933  -0.0000   0.00060700
  0.258265  -0.0000   0.00061640
  0.258758  -0.0000   0.00063050
  0.259489  -0.0000   0.00065170
  0.260567  -0.0000   0.00068340
  0.262152  -0.0000   0.00073100
  0.264009  -0.0000   0.00078800
  0.265830  -0.0000   0.00084500
  0.267616  -0.0000   0.00090210
  0.269843  -0.0000   0.00097480
  0.272018  -0.0000   0.00104800
  0.274138  -0.0000   0.00112000
  0.274223  -0.0000   0.00112500
  0.274347  -0.0000   0.00113200
  0.274471  -0.0000   0.00113900
  0.274597  -0.0000   0.00114500
  0.274786  -0.0000   0.00115600
  0.275068  -0.0000   0.00117100
  0.275490  -0.0000   0.00119400
  0.276117  -0.0000   0.00122900
  0.277044  -0.0000   0.00128000
  0.278411  -0.0000   0.00135800
  0.280374  -0.0000   0.00147200
  0.282297  -0.0000   0.00158600
  0.284182  -0.0000   0.00170000
  0.286031  -0.0000   0.00181400
  0.288282  -0.0000   0.00195700
  0.290479  -0.0000   0.00209900
  0.290685  -0.0000   0.00211200
  0.290891  -0.0000   0.00212600
  0.291096  -0.0000   0.00213900
  0.291347  -0.0000   0.00215900
  0.291547  -0.0000   0.00217900
  0.291750  -0.0000   0.00219900
  0.291953  -0.0000   0.00221900
  0.292156  -0.0000   0.00223900
  0.292459  -0.0000   0.00226900
  0.292911  -0.0000   0.00231400
  0.293580  -0.0000   0.00238200
  0.294570  -0.0000   0.00248400
  0.296028  -0.0000   0.00263600
  0.298163  -0.0000   0.00286400
  0.300252  -0.0000   0.00309300
  0.302298  -0.0000   0.00332100
  0.304302  -0.0000   0.00354900
  0.306265  -0.0000   0.00377800
  0.306838  -0.0000   0.00384500
  0.307406  -0.0000   0.00391200
  0.307971  -0.0000   0.00397900
  0.308179  -0.0000   0.00400400
  0.308328  -0.0000   0.00402800
  0.308468  -0.0000   0.00405300
  0.308609  -0.0000   0.00407800
  0.308751  -0.0000   0.00410300
  0.308964  -0.0000   0.00414000
  0.309281  -0.0000   0.00419500
  0.309754  -0.0000   0.00427900
  0.310454  -0.0000   0.00440400
  0.311489  -0.0000   0.00459200
  0.313011  -0.0000   0.00487300
  0.314812  -0.0000   0.00521400
  0.316581  -0.0000   0.00555400
  0.318318  -0.0000   0.00589400
  0.320481  -0.0000   0.00632600
  0.322597  -0.0000   0.00675900
  0.325090  -0.0000   0.00728200
  0.325259  -0.0000   0.00731700
  0.325383  -0.0000   0.00735300
  0.325500  -0.0000   0.00738900
  0.325678  -0.0000   0.00744200
  0.325857  -0.0000   0.00749600
  0.326124  -0.0000   0.00757600
  0.326522  -0.0000   0.00769700
  0.327113  -0.0000   0.00787700
  0.327988  -0.0000   0.00814800
  0.329277  -0.0000   0.00855400
  0.331170  -0.0000   0.00916400
  0.333026  -0.0000   0.00977400
  0.334849  -0.0000   0.01038000
  0.336640  -0.0000   0.01099000
  0.338913  -0.0000   0.01178000
  0.341135  -0.0000   0.01258000
  0.341396  -0.0000   0.01267000
  0.341656  -0.0000   0.01276000
  0.341916  -0.0000   0.01286000
  0.342304  -0.0000   0.01300000
  0.342439  -0.0000   0.01306000
  0.342565  -0.0000   0.01312000
  0.342692  -0.0000   0.01319000
  0.342883  -0.0000   0.01328000
  0.343169  -0.0000   0.01343000
  0.343595  -0.0000   0.01364000
  0.344227  -0.0000   0.01397000
  0.345161  -0.0000   0.01445000
  0.346538  -0.0000   0.01518000
  0.348558  -0.0000   0.01627000
  0.350537  -0.0000   0.01736000
  0.352480  -0.0000   0.01845000
  0.354386  -0.0000   0.01954000
  0.356258  -0.0000   0.02064000
  0.358895  -0.0000   0.02222000
  0.359087  -0.0000   0.02233000
  0.359279  -0.0000   0.02245000
  0.359451  -0.0000   0.02256000
  0.359503  -0.0000   0.02261000
  0.359581  -0.0000   0.02267000
  0.359700  -0.0000   0.02277000
  0.359879  -0.0000   0.02291000
  0.360146  -0.0000   0.02313000
  0.360544  -0.0000   0.02346000
  0.361135  -0.0000   0.02395000
  0.362011  -0.0000   0.02469000
  0.363302  -0.0000   0.02580000
  0.365198  -0.0000   0.02747000
  0.367059  -0.0000   0.02913000
  0.368887  -0.0000   0.03080000
  0.370683  -0.0000   0.03246000
  0.372972  -0.0000   0.03463000
  0.375211  -0.0000   0.03680000
  0.375476  -0.0000   0.03705000
  0.375741  -0.0000   0.03731000
  0.376005  -0.0000   0.03757000
  0.376399  -0.0000   0.03796000
  0.376552  -0.0000   0.03814000
  0.376692  -0.0000   0.03833000
  0.376833  -0.0000   0.03851000
  0.377044  -0.0000   0.03879000
  0.377360  -0.0000   0.03920000
  0.377831  -0.0000   0.03982000
  0.378528  -0.0000   0.04076000
  0.379559  -0.0000   0.04215000
  0.381078  -0.0000   0.04425000
  0.382876  -0.0000   0.04679000
  0.384644  -0.0000   0.04932000
  0.386382  -0.0000   0.05185000
  0.388092  -0.0000   0.05439000
  0.390597  -0.0000   0.05819000
  0.393043  -0.0000   0.06199000
  0.393236  -0.0000   0.06229000
  0.393429  -0.0000   0.06259000
  0.393593  -0.0000   0.06289000
  0.393648  -0.0000   0.06300000
  0.393730  -0.0000   0.06317000
  0.393855  -0.0000   0.06343000
  0.394041  -0.0000   0.06381000
  0.394320  -0.0000   0.06438000
  0.394736  -0.0000   0.06523000
  0.395353  -0.0000   0.06652000
  0.396266  -0.0000   0.06845000
  0.397613  -0.0000   0.07134000
  0.399432  -0.0000   0.07532000
  0.401219  -0.0000   0.07930000
  0.402976  -0.0000   0.08329000
  0.404704  -0.0000   0.08727000
  0.407172  -0.0000   0.09309000
  0.409585  -0.0000   0.09891000
  0.409823  -0.0000   0.09948000
  0.410060  -0.0000   0.10000000
  0.410297  -0.0000   0.10100000
  0.410630  -0.0000   0.10100000
  0.410732  -0.0000   0.10200000
  0.410886  -0.0000   0.10200000
  0.411119  -0.0000   0.10300000
  0.411351  -0.0000   0.10400000
  0.411696  -0.0000   0.10500000
  0.412210  -0.0000   0.10600000
  0.412972  -0.0000   0.10900000
  0.414099  -0.0000   0.11300000
  0.415759  -0.0000   0.11800000
  0.417391  -0.0000   0.12400000
  0.418998  -0.0000   0.12900000
  0.420582  -0.0000   0.13500000
  0.422906  -0.0000   0.14300000
  0.425588  -0.0000   0.15300000
  0.426209  -0.0000   0.15500000
  0.426826  -0.0000   0.15700000
  0.427440  -0.0000   0.16000000
  0.427655  -0.0000   0.16100000
  0.427697  -0.0000   0.16100000
  0.427739  -0.0000   0.16100000
  0.427803  -0.0000   0.16100000
  0.427899  -0.0000   0.16200000
  0.428044  -0.0000   0.16200000
  0.428260  -0.0000   0.16300000
  0.428583  -0.0000   0.16500000
  0.429063  -0.0000   0.16700000
  0.429775  -0.0000   0.17100000
  0.430828  -0.0000   0.17600000
  0.432381  -0.0000   0.18400000
  0.433909  -0.0000   0.19100000
  0.435416  -0.0000   0.19900000
  0.436901  -0.0000   0.20700000
  0.439085  -0.0000   0.21900000
  0.441758  -0.0000   0.23300000
  0.444368  -0.0000   0.24800000
  0.444568  -0.0000   0.24900000
  0.444754  -0.0000   0.25000000
  0.444794  -0.0000   0.25000000
  0.444853  -0.0000   0.25100000
  0.444943  -0.0000   0.25100000
  0.445079  -0.0000   0.25200000
  0.445281  -0.0000   0.25400000
  0.445584  -0.0000   0.25600000
  0.446033  -0.0000   0.25900000
  0.446701  -0.0000   0.26400000
  0.447690  -0.0000   0.27100000
  0.449148  -0.0000   0.28200000
  0.450813  -0.0000   0.29400000
  0.452452  -0.0000   0.30700000
  0.454066  -0.0000   0.31900000
  0.456297  -0.0000   0.33700000
  0.458484  -0.0000   0.35500000
  0.461213  -0.0000   0.37700000
  0.461430  -0.0000   0.37900000
  0.461646  -0.0000   0.38100000
  0.461843  -0.0000   0.38300000
  0.461908  -0.0000   0.38300000
  0.462007  -0.0000   0.38400000
  0.462155  -0.0000   0.38600000
  0.462377  -0.0000   0.38800000
  0.462707  -0.0000   0.39200000
  0.463200  -0.0000   0.39700000
  0.463930  -0.0000   0.40400000
  0.465010  -0.0000   0.41600000
  0.466603  -0.0000   0.43300000
  0.468170  -0.0000   0.45100000
  0.469715  -0.0000   0.46800000
  0.471238  -0.0000   0.48500000
  0.473477  -0.0000   0.51100000
  0.476148  -0.0000   0.54300000
  0.478759  -0.0000   0.57400000
  0.478954  -0.0000   0.57700000
  0.478999  -0.0000   0.57800000
  0.479044  -0.0000   0.57800000
  0.479112  -0.0000   0.57900000
  0.479214  -0.0000   0.58100000
  0.479366  -0.0000   0.58300000
  0.479595  -0.0000   0.58700000
  0.479935  -0.0000   0.59200000
  0.480441  -0.0000   0.59900000
  0.481192  -0.0000   0.61100000
  0.482303  -0.0000   0.62800000
  0.483941  -0.0000   0.65400000
  0.485553  -0.0000   0.67900000
  0.487142  -0.0000   0.70500000
  0.488707  -0.0000   0.73100000
  0.491008  -0.0000   0.76900000
  0.493721  -0.0000   0.81600000
  0.494487  -0.0000   0.82900000
  0.495247  -0.0000   0.84200000
  0.495985  -0.0000   0.85600000
  0.496043  -0.0000   0.85700000
  0.496131  -0.0000   0.85900000
  0.496263  -0.0000   0.86200000
  0.496461  -0.0000   0.86600000
  0.496757  -0.0000   0.87200000
  0.497198  -0.0000   0.88100000
  0.497853  -0.0000   0.89600000
  0.498823  -0.0000   0.91700000
  0.500254  -0.0000   0.94900000
  0.501828  -0.0000   0.98400000
  0.502525  -0.0000   1.00000000
  0.502105  -0.0000   1.00000000
  0.502105  -0.0000   1.00000000
  0.502105  -0.0000   1.00000000
  0.502105  -0.0000   1.00000000
  0.502105  -0.0000   1.00000000
  0.502105  -0.0000   1.00000000
  0.502105  -0.0000   1.00000000
  0.502105  -0.0000   1.00000000
  0.502105  -0.0000   1.00000000
  0.502104  -0.0000   1.00000000
  0.502104  -0.0000   1.00000000
  0.502103  -0.0000   1.00000000
  0.502102  -0.0000   1.00000000
  0.502101  -0.0000   1.00000000
