  0.000033  -0.0000   0.00000010
  0.000082  -0.0000   0.00000020
  0.000261  -0.0000   0.00000030
  0.000777  -0.0000   0.00000034
  0.006043  -0.0000   0.00000039
  0.006329  -0.0000   0.00000040
  0.006375  -0.0000   0.00000042
  0.006466  -0.0000   0.00000044
  0.006615  -0.0000   0.00000047
  0.006822  -0.0000   0.00000050
  0.007031  -0.0000   0.00000052
  0.007292  -0.0000   0.00000055
  0.007611  -0.0000   0.00000057
  0.007993  -0.0000   0.00000059
  0.008364  -0.0000   0.00000061
  0.008783  -0.0000   0.00000063
  0.009247  -0.0000   0.00000065
  0.009809  -0.0000   0.00000068
  0.010419  -0.0000   0.00000070
  0.011070  -0.0000   0.00000072
  0.011758  -0.0000   0.00000074
  0.012476  -0.0000   0.00000076
  0.013447  -0.0000   0.00000079
  0.014450  -0.0000   0.00000082
  0.015683  -0.0000   0.00000085
  0.016948  -0.0000   0.00000089
  0.018169  -0.0000   0.00000092
  0.019416  -0.0000   0.00000095
  0.019449  -0.0000   0.00000095
  0.019453  -0.0000   0.00000095
  0.019456  -0.0000   0.00000096
  0.019460  -0.0000   0.00000096
  0.019463  -0.0000   0.00000096
  0.019468  -0.0000   0.00000097
  0.019474  -0.0000   0.00000097
  0.019480  -0.0000   0.00000099
  0.019489  -0.0000   0.00000100
  0.019500  -0.0000   0.00000103
  0.019513  -0.0000   0.00000107
  0.019531  -0.0000   0.00000112
  0.019557  -0.0000   0.00000121
  0.019599  -0.0000   0.00000134
  0.019692  -0.0000   0.00000153
  0.019745  -0.0000   0.00000162
  0.019813  -0.0000   0.00000172
  0.019900  -0.0000   0.00000181
  0.020081  -0.0000   0.00000194
  0.020266  -0.0000   0.00000205
  0.020501  -0.0000   0.00000216
  0.020793  -0.0000   0.00000226
  0.021150  -0.0000   0.00000237
  0.021502  -0.0000   0.00000246
  0.021909  -0.0000   0.00000255
  0.022372  -0.0000   0.00000264
  0.022892  -0.0000   0.00000273
  0.023472  -0.0000   0.00000282
  0.024111  -0.0000   0.00000291
  0.024809  -0.0000   0.00000300
  0.025568  -0.0000   0.00000310
  0.026388  -0.0000   0.00000318
  0.027269  -0.0000   0.00000328
  0.028213  -0.0000   0.00000337
  0.029221  -0.0000   0.00000346
  0.030296  -0.0000   0.00000355
  0.031438  -0.0000   0.00000364
  0.032649  -0.0000   0.00000373
  0.033930  -0.0000   0.00000382
  0.034433  -0.0000   0.00000385
  0.034946  -0.0000   0.00000389
  0.035025  -0.0000   0.00000389
  0.035063  -0.0000   0.00000390
  0.035074  -0.0000   0.00000390
  0.035086  -0.0000   0.00000391
  0.035096  -0.0000   0.00000392
  0.035107  -0.0000   0.00000393
  0.035122  -0.0000   0.00000395
  0.035140  -0.0000   0.00000398
  0.035164  -0.0000   0.00000402
  0.035197  -0.0000   0.00000408
  0.035244  -0.0000   0.00000417
  0.035321  -0.0000   0.00000431
  0.035460  -0.0000   0.00000452
  0.035742  -0.0000   0.00000483
  0.036034  -0.0000   0.00000508
  0.036396  -0.0000   0.00000534
  0.036838  -0.0000   0.00000559
  0.037258  -0.0000   0.00000580
  0.037743  -0.0000   0.00000600
  0.038301  -0.0000   0.00000621
  0.038938  -0.0000   0.00000642
  0.039660  -0.0000   0.00000662
  0.040473  -0.0000   0.00000683
  0.041218  -0.0000   0.00000700
  0.042033  -0.0000   0.00000717
  0.042923  -0.0000   0.00000735
  0.043890  -0.0000   0.00000752
  0.044938  -0.0000   0.00000769
  0.046067  -0.0000   0.00000786
  0.047281  -0.0000   0.00000804
  0.048580  -0.0000   0.00000821
  0.049963  -0.0000   0.00000838
  0.051431  -0.0000   0.00000855
  0.051544  -0.0000   0.00000856
  0.051658  -0.0000   0.00000858
  0.051772  -0.0000   0.00000859
  0.051818  -0.0000   0.00000860
  0.051839  -0.0000   0.00000862
  0.051856  -0.0000   0.00000863
  0.051876  -0.0000   0.00000865
  0.051902  -0.0000   0.00000868
  0.051937  -0.0000   0.00000873
  0.051986  -0.0000   0.00000880
  0.052059  -0.0000   0.00000890
  0.052175  -0.0000   0.00000906
  0.052373  -0.0000   0.00000930
  0.052727  -0.0000   0.00000965
  0.053062  -0.0000   0.00000994
  0.053445  -0.0000   0.00001023
  0.053879  -0.0000   0.00001052
  0.054343  -0.0000   0.00001080
  0.054861  -0.0000   0.00001107
  0.055439  -0.0000   0.00001135
  0.056043  -0.0000   0.00001161
  0.056708  -0.0000   0.00001187
  0.057439  -0.0000   0.00001213
  0.058217  -0.0000   0.00001239
  0.059064  -0.0000   0.00001264
  0.059983  -0.0000   0.00001290
  0.060968  -0.0000   0.00001315
  0.062030  -0.0000   0.00001340
  0.063170  -0.0000   0.00001365
  0.064523  -0.0000   0.00001393
  0.065974  -0.0000   0.00001421
  0.067523  -0.0000   0.00001448
  0.067765  -0.0000   0.00001453
  0.068009  -0.0000   0.00001457
  0.068255  -0.0000   0.00001461
  0.068502  -0.0000   0.00001466
  0.068535  -0.0000   0.00001468
  0.068560  -0.0000   0.00001470
  0.068582  -0.0000   0.00001472
  0.068611  -0.0000   0.00001475
  0.068650  -0.0000   0.00001480
  0.068706  -0.0000   0.00001487
  0.068789  -0.0000   0.00001498
  0.068921  -0.0000   0.00001514
  0.069134  -0.0000   0.00001538
  0.069493  -0.0000   0.00001574
  0.070122  -0.0000   0.00001628
  0.070719  -0.0000   0.00001673
  0.071393  -0.0000   0.00001718
  0.072152  -0.0000   0.00001763
  0.073004  -0.0000   0.00001808
  0.073957  -0.0000   0.00001853
  0.074841  -0.0000   0.00001891
  0.075809  -0.0000   0.00001930
  0.076862  -0.0000   0.00001968
  0.078007  -0.0000   0.00002006
  0.079246  -0.0000   0.00002044
  0.080583  -0.0000   0.00002083
  0.082019  -0.0000   0.00002121
  0.083555  -0.0000   0.00002159
  0.085145  -0.0000   0.00002197
  0.085180  -0.0000   0.00002200
  0.085219  -0.0000   0.00002203
  0.085253  -0.0000   0.00002207
  0.085284  -0.0000   0.00002210
  0.085329  -0.0000   0.00002216
  0.085393  -0.0000   0.00002224
  0.085492  -0.0000   0.00002236
  0.085647  -0.0000   0.00002254
  0.085894  -0.0000   0.00002281
  0.086299  -0.0000   0.00002322
  0.086986  -0.0000   0.00002383
  0.087760  -0.0000   0.00002445
  0.088629  -0.0000   0.00002506
  0.089603  -0.0000   0.00002567
  0.090486  -0.0000   0.00002618
  0.091451  -0.0000   0.00002668
  0.092503  -0.0000   0.00002719
  0.093647  -0.0000   0.00002770
  0.094887  -0.0000   0.00002820
  0.096228  -0.0000   0.00002871
  0.097672  -0.0000   0.00002922
  0.099220  -0.0000   0.00002972
  0.100873  -0.0000   0.00003023
  0.101124  -0.0000   0.00003031
  0.101377  -0.0000   0.00003038
  0.101633  -0.0000   0.00003046
  0.101879  -0.0000   0.00003054
  0.101930  -0.0000   0.00003058
  0.101972  -0.0000   0.00003063
  0.102010  -0.0000   0.00003067
  0.102046  -0.0000   0.00003071
  0.102099  -0.0000   0.00003078
  0.102178  -0.0000   0.00003087
  0.102299  -0.0000   0.00003101
  0.102489  -0.0000   0.00003123
  0.102790  -0.0000   0.00003155
  0.103274  -0.0000   0.00003204
  0.104079  -0.0000   0.00003276
  0.104828  -0.0000   0.00003338
  0.105644  -0.0000   0.00003400
  0.106532  -0.0000   0.00003462
  0.107443  -0.0000   0.00003521
  0.108427  -0.0000   0.00003580
  0.109489  -0.0000   0.00003638
  0.110591  -0.0000   0.00003695
  0.111772  -0.0000   0.00003752
  0.113035  -0.0000   0.00003809
  0.114604  -0.0000   0.00003874
  0.116016  -0.0000   0.00003930
  0.117509  -0.0000   0.00003986
  0.117932  -0.0000   0.00004001
  0.118362  -0.0000   0.00004017
  0.118645  -0.0000   0.00004027
  0.118701  -0.0000   0.00004032
  0.118748  -0.0000   0.00004038
  0.118790  -0.0000   0.00004043
  0.118852  -0.0000   0.00004050
  0.118944  -0.0000   0.00004061
  0.119085  -0.0000   0.00004078
  0.119306  -0.0000   0.00004104
  0.119654  -0.0000   0.00004142
  0.120210  -0.0000   0.00004199
  0.121125  -0.0000   0.00004284
  0.122127  -0.0000   0.00004370
  0.123225  -0.0000   0.00004455
  0.124426  -0.0000   0.00004541
  0.125738  -0.0000   0.00004627
  0.126936  -0.0000   0.00004699
  0.128222  -0.0000   0.00004772
  0.129601  -0.0000   0.00004845
  0.131073  -0.0000   0.00004918
  0.132642  -0.0000   0.00004990
  0.134306  -0.0000   0.00005063
  0.134692  -0.0000   0.00005080
  0.135083  -0.0000   0.00005096
  0.135478  -0.0000   0.00005113
  0.135549  -0.0000   0.00005118
  0.135599  -0.0000   0.00005123
  0.135645  -0.0000   0.00005129
  0.135709  -0.0000   0.00005137
  0.135804  -0.0000   0.00005149
  0.135951  -0.0000   0.00005167
  0.136178  -0.0000   0.00005193
  0.136535  -0.0000   0.00005234
  0.137099  -0.0000   0.00005294
  0.138013  -0.0000   0.00005385
  0.139015  -0.0000   0.00005476
  0.140098  -0.0000   0.00005568
  0.141268  -0.0000   0.00005660
  0.142463  -0.0000   0.00005747
  0.143746  -0.0000   0.00005834
  0.145122  -0.0000   0.00005922
  0.146593  -0.0000   0.00006009
  0.148162  -0.0000   0.00006096
  0.149831  -0.0000   0.00006183
  0.151600  -0.0000   0.00006270
  0.151802  -0.0000   0.00006280
  0.152006  -0.0000   0.00006290
  0.152211  -0.0000   0.00006300
  0.152445  -0.0000   0.00006315
  0.152538  -0.0000   0.00006326
  0.152623  -0.0000   0.00006337
  0.152708  -0.0000   0.00006347
  0.152793  -0.0000   0.00006358
  0.152923  -0.0000   0.00006374
  0.153123  -0.0000   0.00006399
  0.153434  -0.0000   0.00006435
  0.153920  -0.0000   0.00006490
  0.154690  -0.0000   0.00006571
  0.155950  -0.0000   0.00006694
  0.157323  -0.0000   0.00006817
  0.158818  -0.0000   0.00006940
  0.160086  -0.0000   0.00007037
  0.161440  -0.0000   0.00007135
  0.162883  -0.0000   0.00007232
  0.164620  -0.0000   0.00007342
  0.166475  -0.0000   0.00007451
  0.168448  -0.0000   0.00007561
  0.168651  -0.0000   0.00007572
  0.168855  -0.0000   0.00007583
  0.169060  -0.0000   0.00007594
  0.169337  -0.0000   0.00007611
  0.169414  -0.0000   0.00007620
  0.169483  -0.0000   0.00007629
  0.169550  -0.0000   0.00007638
  0.169650  -0.0000   0.00007651
  0.169804  -0.0000   0.00007671
  0.170042  -0.0000   0.00007701
  0.170410  -0.0000   0.00007745
  0.170986  -0.0000   0.00007812
  0.171904  -0.0000   0.00007913
  0.172999  -0.0000   0.00008025
  0.174169  -0.0000   0.00008137
  0.175419  -0.0000   0.00008250
  0.176738  -0.0000   0.00008361
  0.178143  -0.0000   0.00008472
  0.179637  -0.0000   0.00008583
  0.181456  -0.0000   0.00008709
  0.183063  -0.0000   0.00008815
  0.184756  -0.0000   0.00008921
  0.185651  -0.0000   0.00008976
  0.185980  -0.0000   0.00008996
  0.186262  -0.0000   0.00009016
  0.186355  -0.0000   0.00009027
  0.186440  -0.0000   0.00009039
  0.186524  -0.0000   0.00009050
  0.186609  -0.0000   0.00009061
  0.186739  -0.0000   0.00009079
  0.186938  -0.0000   0.00009105
  0.187245  -0.0000   0.00009143
  0.187721  -0.0000   0.00009201
  0.188466  -0.0000   0.00009288
  0.189659  -0.0000   0.00009419
  0.190823  -0.0000   0.00009539
  0.192060  -0.0000   0.00009659
  0.193372  -0.0000   0.00009779
  0.194741  -0.0000   0.00009898
  0.196171  -0.0000   0.00010020
  0.197552  -0.0000   0.00010130
  0.199553  -0.0000   0.00010310
  0.201488  -0.0000   0.00010490
  0.202175  -0.0000   0.00010550
  0.202854  -0.0000   0.00010620
  0.203054  -0.0000   0.00010630
  0.203186  -0.0000   0.00010650
  0.203281  -0.0000   0.00010670
  0.203373  -0.0000   0.00010690
  0.203464  -0.0000   0.00010710
  0.203601  -0.0000   0.00010740
  0.203809  -0.0000   0.00010780
  0.204120  -0.0000   0.00010840
  0.204581  -0.0000   0.00010940
  0.205260  -0.0000   0.00011080
  0.206256  -0.0000   0.00011300
  0.207704  -0.0000   0.00011620
  0.209350  -0.0000   0.00011990
  0.210952  -0.0000   0.00012370
  0.212514  -0.0000   0.00012750
  0.214490  -0.0000   0.00013240
  0.216407  -0.0000   0.00013730
  0.218268  -0.0000   0.00014220
  0.219711  -0.0000   0.00014610
  0.219864  -0.0000   0.00014660
  0.220006  -0.0000   0.00014700
  0.220089  -0.0000   0.00014740
  0.220203  -0.0000   0.00014800
  0.220316  -0.0000   0.00014860
  0.220430  -0.0000   0.00014930
  0.220602  -0.0000   0.00015020
  0.220860  -0.0000   0.00015160
  0.221244  -0.0000   0.00015370
  0.221812  -0.0000   0.00015690
  0.222646  -0.0000   0.00016170
  0.223864  -0.0000   0.00016880
  0.225633  -0.0000   0.00017950
  0.227352  -0.0000   0.00019020
  0.229026  -0.0000   0.00020090
  0.230658  -0.0000   0.00021160
  0.232678  -0.0000   0.00022530
  0.234637  -0.0000   0.00023890
  0.236538  -0.0000   0.00025260
  0.236689  -0.0000   0.00025370
  0.236839  -0.0000   0.00025470
  0.236926  -0.0000   0.00025580
  0.237006  -0.0000   0.00025690
  0.237085  -0.0000   0.00025800
  0.237164  -0.0000   0.00025910
  0.237284  -0.0000   0.00026070
  0.237465  -0.0000   0.00026320
  0.237735  -0.0000   0.00026680
  0.238135  -0.0000   0.00027230
  0.238727  -0.0000   0.00028060
  0.239597  -0.0000   0.00029300
  0.240867  -0.0000   0.00031150
  0.242712  -0.0000   0.00033940
  0.244504  -0.0000   0.00036730
  0.246249  -0.0000   0.00039510
  0.247952  -0.0000   0.00042300
  0.249612  -0.0000   0.00045080
  0.251749  -0.0000   0.00048780
  0.252866  -0.0000   0.00050750
  0.253302  -0.0000   0.00051530
  0.253703  -0.0000   0.00052300
  0.253767  -0.0000   0.00052490
  0.253857  -0.0000   0.00052780
  0.253992  -0.0000   0.00053220
  0.254129  -0.0000   0.00053660
  0.254335  -0.0000   0.00054310
  0.254641  -0.0000   0.00055290
  0.255096  -0.0000   0.00056760
  0.255766  -0.0000   0.00058960
  0.256751  -0.0000   0.00062270
  0.258187  -0.0000   0.00067230
  0.259929  -0.0000   0.00073410
  0.261626  -0.0000   0.00079600
  0.263282  -0.0000   0.00085790
  0.264900  -0.0000   0.00091980
  0.266937  -0.0000   0.00100000
  0.268914  -0.0000   0.00108000
  0.269532  -0.0000   0.00110500
  0.270145  -0.0000   0.00113100
  0.270464  -0.0000   0.00114400
  0.270579  -0.0000   0.00115100
  0.270677  -0.0000   0.00115800
  0.270775  -0.0000   0.00116500
  0.270924  -0.0000   0.00117500
  0.271147  -0.0000   0.00119100
  0.271480  -0.0000   0.00121500
  0.271972  -0.0000   0.00125000
  0.272697  -0.0000   0.00130300
  0.273759  -0.0000   0.00138200
  0.275309  -0.0000   0.00150100
  0.276822  -0.0000   0.00162000
  0.278301  -0.0000   0.00173900
  0.279750  -0.0000   0.00185800
  0.281776  -0.0000   0.00202900
  0.283745  -0.0000   0.00220100
  0.285661  -0.0000   0.00237200
  0.286512  -0.0000   0.00244900
  0.287330  -0.0000   0.00252600
  0.287429  -0.0000   0.00254100
  0.287528  -0.0000   0.00255600
  0.287628  -0.0000   0.00257100
  0.287728  -0.0000   0.00258600
  0.287879  -0.0000   0.00260800
  0.288104  -0.0000   0.00264200
  0.288438  -0.0000   0.00269200
  0.288934  -0.0000   0.00276800
  0.289664  -0.0000   0.00288100
  0.290737  -0.0000   0.00305200
  0.292303  -0.0000   0.00330700
  0.293833  -0.0000   0.00356200
  0.295330  -0.0000   0.00381700
  0.296797  -0.0000   0.00407300
  0.298784  -0.0000   0.00442800
  0.300717  -0.0000   0.00478400
  0.302599  -0.0000   0.00513900
  0.303297  -0.0000   0.00527200
  0.303987  -0.0000   0.00540500
  0.304159  -0.0000   0.00544000
  0.304274  -0.0000   0.00547500
  0.304389  -0.0000   0.00551000
  0.304506  -0.0000   0.00554500
  0.304622  -0.0000   0.00558000
  0.304797  -0.0000   0.00563300
  0.305057  -0.0000   0.00571200
  0.305443  -0.0000   0.00583000
  0.306014  -0.0000   0.00600800
  0.306855  -0.0000   0.00627400
  0.308087  -0.0000   0.00667300
  0.309757  -0.0000   0.00722900
  0.311388  -0.0000   0.00778500
  0.312982  -0.0000   0.00834100
  0.314543  -0.0000   0.00889700
  0.316545  -0.0000   0.00962900
  0.318493  -0.0000   0.01036000
  0.320749  -0.0000   0.01124000
  0.320904  -0.0000   0.01130000
  0.321010  -0.0000   0.01136000
  0.321112  -0.0000   0.01142000
  0.321266  -0.0000   0.01151000
  0.321421  -0.0000   0.01160000
  0.321651  -0.0000   0.01174000
  0.321994  -0.0000   0.01194000
  0.322502  -0.0000   0.01225000
  0.323250  -0.0000   0.01270000
  0.324347  -0.0000   0.01339000
  0.325950  -0.0000   0.01442000
  0.327516  -0.0000   0.01545000
  0.329049  -0.0000   0.01649000
  0.330551  -0.0000   0.01752000
  0.332524  -0.0000   0.01891000
  0.334445  -0.0000   0.02030000
  0.336704  -0.0000   0.02199000
  0.336946  -0.0000   0.02217000
  0.337188  -0.0000   0.02235000
  0.337429  -0.0000   0.02253000
  0.337765  -0.0000   0.02280000
  0.337856  -0.0000   0.02291000
  0.337993  -0.0000   0.02306000
  0.338132  -0.0000   0.02321000
  0.338270  -0.0000   0.02337000
  0.338476  -0.0000   0.02360000
  0.338784  -0.0000   0.02394000
  0.339239  -0.0000   0.02446000
  0.339911  -0.0000   0.02524000
  0.340900  -0.0000   0.02640000
  0.342347  -0.0000   0.02815000
  0.343764  -0.0000   0.02990000
  0.345154  -0.0000   0.03164000
  0.346518  -0.0000   0.03339000
  0.348512  -0.0000   0.03601000
  0.350454  -0.0000   0.03863000
  0.352694  -0.0000   0.04175000
  0.353456  -0.0000   0.04282000
  0.354209  -0.0000   0.04389000
  0.354468  -0.0000   0.04426000
  0.354669  -0.0000   0.04463000
  0.354851  -0.0000   0.04500000
  0.355033  -0.0000   0.04537000
  0.355215  -0.0000   0.04574000
  0.355486  -0.0000   0.04630000
  0.355888  -0.0000   0.04713000
  0.356483  -0.0000   0.04838000
  0.357359  -0.0000   0.05026000
  0.358644  -0.0000   0.05307000
  0.360133  -0.0000   0.05641000
  0.361593  -0.0000   0.05975000
  0.363025  -0.0000   0.06309000
  0.364881  -0.0000   0.06752000
  0.366693  -0.0000   0.07195000
  0.368983  -0.0000   0.07773000
  0.371206  -0.0000   0.08351000
  0.371369  -0.0000   0.08393000
  0.371486  -0.0000   0.08436000
  0.371603  -0.0000   0.08479000
  0.371721  -0.0000   0.08521000
  0.371839  -0.0000   0.08564000
  0.372015  -0.0000   0.08628000
  0.372278  -0.0000   0.08723000
  0.372667  -0.0000   0.08867000
  0.373243  -0.0000   0.09082000
  0.374091  -0.0000   0.09406000
  0.375337  -0.0000   0.09891000
  0.376819  -0.0000   0.10500000
  0.378271  -0.0000   0.11100000
  0.379695  -0.0000   0.11700000
  0.381094  -0.0000   0.12200000
  0.383137  -0.0000   0.13100000
  0.385536  -0.0000   0.14200000
  0.387863  -0.0000   0.15300000
  0.388037  -0.0000   0.15400000
  0.388203  -0.0000   0.15400000
  0.388236  -0.0000   0.15500000
  0.388283  -0.0000   0.15500000
  0.388355  -0.0000   0.15500000
  0.388463  -0.0000   0.15600000
  0.388626  -0.0000   0.15700000
  0.388868  -0.0000   0.15900000
  0.389228  -0.0000   0.16100000
  0.389761  -0.0000   0.16400000
  0.390546  -0.0000   0.16900000
  0.391700  -0.0000   0.17700000
  0.393085  -0.0000   0.18700000
  0.394443  -0.0000   0.19600000
  0.395777  -0.0000   0.20600000
  0.397560  -0.0000   0.21900000
  0.399303  -0.0000   0.23200000
  0.401559  -0.0000   0.24900000
  0.403751  -0.0000   0.26600000
  0.404070  -0.0000   0.26900000
  0.404389  -0.0000   0.27100000
  0.404706  -0.0000   0.27400000
  0.405073  -0.0000   0.27700000
  0.405148  -0.0000   0.27800000
  0.405223  -0.0000   0.27900000
  0.405335  -0.0000   0.28000000
  0.405504  -0.0000   0.28200000
  0.405756  -0.0000   0.28400000
  0.406130  -0.0000   0.28800000
  0.406683  -0.0000   0.29500000
  0.407498  -0.0000   0.30400000
  0.408697  -0.0000   0.31700000
  0.410040  -0.0000   0.33300000
  0.411359  -0.0000   0.34900000
  0.412655  -0.0000   0.36400000
  0.414511  -0.0000   0.38700000
  0.416325  -0.0000   0.41000000
  0.418559  -0.0000   0.43900000
  0.420733  -0.0000   0.46800000
  0.421020  -0.0000   0.47200000
  0.421306  -0.0000   0.47600000
  0.421590  -0.0000   0.48000000
  0.421964  -0.0000   0.48600000
  0.422045  -0.0000   0.48700000
  0.422167  -0.0000   0.48900000
  0.422351  -0.0000   0.49300000
  0.422624  -0.0000   0.49700000
  0.423029  -0.0000   0.50500000
  0.423629  -0.0000   0.51600000
  0.424512  -0.0000   0.53200000
  0.425810  -0.0000   0.55700000
  0.427084  -0.0000   0.58200000
  0.428335  -0.0000   0.60600000
  0.429567  -0.0000   0.63100000
  0.431372  -0.0000   0.66800000
  0.433587  -0.0000   0.71500000
  0.435742  -0.0000   0.76200000
  0.437841  -0.0000   0.80800000
  0.438085  -0.0000   0.81400000
  0.438329  -0.0000   0.81900000
  0.438572  -0.0000   0.82500000
  0.438766  -0.0000   0.83000000
  0.438810  -0.0000   0.83100000
  0.438854  -0.0000   0.83200000
  0.438921  -0.0000   0.83400000
  0.439020  -0.0000   0.83700000
  0.439169  -0.0000   0.84200000
  0.439391  -0.0000   0.84800000
  0.439721  -0.0000   0.85800000
  0.440210  -0.0000   0.87200000
  0.440933  -0.0000   0.89400000
  0.441997  -0.0000   0.92700000
  0.443403  -0.0000   0.97100000
  0.444325  -0.0000   1.00000000
  0.443841  -0.0000   1.00000000
  0.443841  -0.0000   1.00000000
  0.443841  -0.0000   1.00000000
  0.443841  -0.0000   1.00000000
  0.443841  -0.0000   1.00000000
  0.443840  -0.0000   1.00000000
  0.443839  -0.0000   1.00000000
  0.443836  -0.0000   1.00000000
  0.443831  -0.0000   1.00000000
  0.443823  -0.0000   1.00000000
  0.443812  -0.0000   1.00000000
  0.443794  -0.0000   1.00000000
  0.443768  -0.0000   1.00000000
  0.443760  -0.0000   1.00000000
