  0.000013  -0.0000   0.00000010
  0.000028  -0.0000   0.00000020
  0.000075  -0.0000   0.00000030
  0.000868  -0.0000   0.00000045
  0.006063  -0.0000   0.00000067
  0.006119  -0.0000   0.00000101
  0.006199  -0.0000   0.00000152
  0.006332  -0.0000   0.00000228
  0.006574  -0.0000   0.00000342
  0.006770  -0.0000   0.00000421
  0.007000  -0.0000   0.00000501
  0.007266  -0.0000   0.00000581
  0.007580  -0.0000   0.00000661
  0.007942  -0.0000   0.00000742
  0.008357  -0.0000   0.00000823
  0.008765  -0.0000   0.00000893
  0.009220  -0.0000   0.00000964
  0.009727  -0.0000   0.00001034
  0.010244  -0.0000   0.00001099
  0.010809  -0.0000   0.00001165
  0.011425  -0.0000   0.00001231
  0.012075  -0.0000   0.00001294
  0.012777  -0.0000   0.00001358
  0.013530  -0.0000   0.00001422
  0.014347  -0.0000   0.00001487
  0.015219  -0.0000   0.00001551
  0.016148  -0.0000   0.00001616
  0.017241  -0.0000   0.00001687
  0.018404  -0.0000   0.00001758
  0.019640  -0.0000   0.00001829
  0.020626  -0.0000   0.00001884
  0.020672  -0.0000   0.00001893
  0.020704  -0.0000   0.00001902
  0.020735  -0.0000   0.00001911
  0.020777  -0.0000   0.00001925
  0.020836  -0.0000   0.00001946
  0.020915  -0.0000   0.00001978
  0.020995  -0.0000   0.00002012
  0.021070  -0.0000   0.00002047
  0.021142  -0.0000   0.00002081
  0.021244  -0.0000   0.00002133
  0.021391  -0.0000   0.00002211
  0.021573  -0.0000   0.00002308
  0.021757  -0.0000   0.00002405
  0.022044  -0.0000   0.00002551
  0.022352  -0.0000   0.00002697
  0.022869  -0.0000   0.00002916
  0.023327  -0.0000   0.00003091
  0.023830  -0.0000   0.00003267
  0.024382  -0.0000   0.00003442
  0.025042  -0.0000   0.00003633
  0.025767  -0.0000   0.00003823
  0.026559  -0.0000   0.00004014
  0.027338  -0.0000   0.00004187
  0.028178  -0.0000   0.00004360
  0.029079  -0.0000   0.00004534
  0.029995  -0.0000   0.00004699
  0.030970  -0.0000   0.00004864
  0.032005  -0.0000   0.00005030
  0.033266  -0.0000   0.00005218
  0.034365  -0.0000   0.00005375
  0.035520  -0.0000   0.00005531
  0.036730  -0.0000   0.00005687
  0.038143  -0.0000   0.00005860
  0.038530  -0.0000   0.00005907
  0.038922  -0.0000   0.00005954
  0.039195  -0.0000   0.00006001
  0.039286  -0.0000   0.00006032
  0.039371  -0.0000   0.00006062
  0.039451  -0.0000   0.00006093
  0.039564  -0.0000   0.00006139
  0.039723  -0.0000   0.00006208
  0.039951  -0.0000   0.00006310
  0.040174  -0.0000   0.00006413
  0.040512  -0.0000   0.00006567
  0.041040  -0.0000   0.00006797
  0.041905  -0.0000   0.00007144
  0.042852  -0.0000   0.00007490
  0.043884  -0.0000   0.00007836
  0.045004  -0.0000   0.00008182
  0.046216  -0.0000   0.00008528
  0.047774  -0.0000   0.00008936
  0.049154  -0.0000   0.00009273
  0.050628  -0.0000   0.00009610
  0.052198  -0.0000   0.00009947
  0.053707  -0.0000   0.00010280
  0.055184  -0.0000   0.00010620
  0.056643  -0.0000   0.00010960
  0.057494  -0.0000   0.00011160
  0.058339  -0.0000   0.00011350
  0.058514  -0.0000   0.00011410
  0.058626  -0.0000   0.00011470
  0.058731  -0.0000   0.00011520
  0.058877  -0.0000   0.00011610
  0.059080  -0.0000   0.00011740
  0.059368  -0.0000   0.00011930
  0.059770  -0.0000   0.00012210
  0.060167  -0.0000   0.00012480
  0.060758  -0.0000   0.00012900
  0.061641  -0.0000   0.00013520
  0.062961  -0.0000   0.00014450
  0.064924  -0.0000   0.00015860
  0.066869  -0.0000   0.00017260
  0.069745  -0.0000   0.00019360
  0.073030  -0.0000   0.00021800
  0.076262  -0.0000   0.00024240
  0.076527  -0.0000   0.00024440
  0.076791  -0.0000   0.00024640
  0.077055  -0.0000   0.00024840
  0.077449  -0.0000   0.00025140
  0.077591  -0.0000   0.00025330
  0.077721  -0.0000   0.00025520
  0.077845  -0.0000   0.00025710
  0.078022  -0.0000   0.00026000
  0.078280  -0.0000   0.00026440
  0.078663  -0.0000   0.00027090
  0.079235  -0.0000   0.00028060
  0.080092  -0.0000   0.00029520
  0.081374  -0.0000   0.00031710
  0.083282  -0.0000   0.00035000
  0.086111  -0.0000   0.00039930
  0.089649  -0.0000   0.00046190
  0.093137  -0.0000   0.00052450
  0.096575  -0.0000   0.00058700
  0.096718  -0.0000   0.00059070
  0.096837  -0.0000   0.00059440
  0.096951  -0.0000   0.00059810
  0.097116  -0.0000   0.00060360
  0.097359  -0.0000   0.00061200
  0.097722  -0.0000   0.00062440
  0.098267  -0.0000   0.00064310
  0.099083  -0.0000   0.00067110
  0.100303  -0.0000   0.00071310
  0.102121  -0.0000   0.00077620
  0.104818  -0.0000   0.00087080
  0.108807  -0.0000   0.00101300
  0.112740  -0.0000   0.00115500
  0.113728  -0.0000   0.00119000
  0.114712  -0.0000   0.00122600
  0.115692  -0.0000   0.00126200
  0.115940  -0.0000   0.00127200
  0.116109  -0.0000   0.00128100
  0.116271  -0.0000   0.00129100
  0.116508  -0.0000   0.00130500
  0.116745  -0.0000   0.00132000
  0.117100  -0.0000   0.00134200
  0.117632  -0.0000   0.00137400
  0.118430  -0.0000   0.00142300
  0.119621  -0.0000   0.00149700
  0.121396  -0.0000   0.00160700
  0.124033  -0.0000   0.00177200
  0.127938  -0.0000   0.00202000
  0.131794  -0.0000   0.00226700
  0.133606  -0.0000   0.00238400
  0.135334  -0.0000   0.00250100
  0.135517  -0.0000   0.00251900
  0.135695  -0.0000   0.00253700
  0.135871  -0.0000   0.00255500
  0.136134  -0.0000   0.00258100
  0.136530  -0.0000   0.00262100
  0.137124  -0.0000   0.00268100
  0.138013  -0.0000   0.00277100
  0.139339  -0.0000   0.00290500
  0.141316  -0.0000   0.00310700
  0.144253  -0.0000   0.00341000
  0.148603  -0.0000   0.00386400
  0.152898  -0.0000   0.00431800
  0.153271  -0.0000   0.00435800
  0.153644  -0.0000   0.00439700
  0.154016  -0.0000   0.00443700
  0.154573  -0.0000   0.00449600
  0.154782  -0.0000   0.00452600
  0.154979  -0.0000   0.00455700
  0.155176  -0.0000   0.00458700
  0.155470  -0.0000   0.00463300
  0.155913  -0.0000   0.00470100
  0.156575  -0.0000   0.00480300
  0.157565  -0.0000   0.00495700
  0.159041  -0.0000   0.00518800
  0.161238  -0.0000   0.00553400
  0.164499  -0.0000   0.00605300
  0.168400  -0.0000   0.00668000
  0.172260  -0.0000   0.00730800
  0.172677  -0.0000   0.00737600
  0.173093  -0.0000   0.00744400
  0.173509  -0.0000   0.00751200
  0.174071  -0.0000   0.00761400
  0.174370  -0.0000   0.00768100
  0.174668  -0.0000   0.00774900
  0.174967  -0.0000   0.00781700
  0.175414  -0.0000   0.00791800
  0.176085  -0.0000   0.00807100
  0.177085  -0.0000   0.00829900
  0.178578  -0.0000   0.00864200
  0.180800  -0.0000   0.00915600
  0.184101  -0.0000   0.00992800
  0.187916  -0.0000   0.01083000
  0.191695  -0.0000   0.01173000
  0.192139  -0.0000   0.01184000
  0.192583  -0.0000   0.01194000
  0.193026  -0.0000   0.01205000
  0.193527  -0.0000   0.01218000
  0.193948  -0.0000   0.01232000
  0.194369  -0.0000   0.01245000
  0.194791  -0.0000   0.01259000
  0.195212  -0.0000   0.01272000
  0.195842  -0.0000   0.01293000
  0.196783  -0.0000   0.01323000
  0.198187  -0.0000   0.01368000
  0.200279  -0.0000   0.01437000
  0.203388  -0.0000   0.01539000
  0.207999  -0.0000   0.01693000
  0.212558  -0.0000   0.01847000
  0.212834  -0.0000   0.01857000
  0.213061  -0.0000   0.01867000
  0.213289  -0.0000   0.01877000
  0.213630  -0.0000   0.01892000
  0.213971  -0.0000   0.01907000
  0.214481  -0.0000   0.01929000
  0.215245  -0.0000   0.01962000
  0.216385  -0.0000   0.02013000
  0.218084  -0.0000   0.02088000
  0.220613  -0.0000   0.02202000
  0.224369  -0.0000   0.02372000
  0.227943  -0.0000   0.02535000
  0.231487  -0.0000   0.02698000
  0.231837  -0.0000   0.02714000
  0.232186  -0.0000   0.02730000
  0.232462  -0.0000   0.02746000
  0.232738  -0.0000   0.02762000
  0.233015  -0.0000   0.02778000
  0.233292  -0.0000   0.02794000
  0.233706  -0.0000   0.02819000
  0.234326  -0.0000   0.02855000
  0.235252  -0.0000   0.02909000
  0.236633  -0.0000   0.02991000
  0.238692  -0.0000   0.03113000
  0.241753  -0.0000   0.03297000
  0.245562  -0.0000   0.03527000
  0.249337  -0.0000   0.03757000
  0.250027  -0.0000   0.03799000
  0.250716  -0.0000   0.03841000
  0.251403  -0.0000   0.03884000
  0.251746  -0.0000   0.03907000
  0.252054  -0.0000   0.03930000
  0.252362  -0.0000   0.03954000
  0.252823  -0.0000   0.03989000
  0.253284  -0.0000   0.04024000
  0.253974  -0.0000   0.04076000
  0.255003  -0.0000   0.04155000
  0.256540  -0.0000   0.04274000
  0.258828  -0.0000   0.04451000
  0.262231  -0.0000   0.04717000
  0.265790  -0.0000   0.04998000
  0.269322  -0.0000   0.05279000
  0.269882  -0.0000   0.05323000
  0.270442  -0.0000   0.05368000
  0.271001  -0.0000   0.05413000
  0.271299  -0.0000   0.05441000
  0.271590  -0.0000   0.05469000
  0.271881  -0.0000   0.05497000
  0.272317  -0.0000   0.05540000
  0.272970  -0.0000   0.05603000
  0.273945  -0.0000   0.05699000
  0.275400  -0.0000   0.05841000
  0.277568  -0.0000   0.06056000
  0.280793  -0.0000   0.06377000
  0.284382  -0.0000   0.06738000
  0.287943  -0.0000   0.07099000
  0.288916  -0.0000   0.07198000
  0.289887  -0.0000   0.07297000
  0.290642  -0.0000   0.07378000
  0.291001  -0.0000   0.07421000
  0.291359  -0.0000   0.07465000
  0.291718  -0.0000   0.07509000
  0.292255  -0.0000   0.07575000
  0.293057  -0.0000   0.07673000
  0.294256  -0.0000   0.07821000
  0.296043  -0.0000   0.08042000
  0.298704  -0.0000   0.08375000
  0.302661  -0.0000   0.08873000
  0.306585  -0.0000   0.09372000
  0.308330  -0.0000   0.09594000
  0.310047  -0.0000   0.09817000
  0.310354  -0.0000   0.09863000
  0.310662  -0.0000   0.09910000
  0.310970  -0.0000   0.10000000
  0.311431  -0.0000   0.10000000
  0.312121  -0.0000   0.10100000
  0.313152  -0.0000   0.10300000
  0.314691  -0.0000   0.10500000
  0.316984  -0.0000   0.10900000
  0.320398  -0.0000   0.11400000
  0.323921  -0.0000   0.12000000
  0.327419  -0.0000   0.12500000
  0.328148  -0.0000   0.12600000
  0.328876  -0.0000   0.12700000
  0.329572  -0.0000   0.12900000
  0.329925  -0.0000   0.12900000
  0.330278  -0.0000   0.13000000
  0.330630  -0.0000   0.13100000
  0.331158  -0.0000   0.13200000
  0.331947  -0.0000   0.13300000
  0.333126  -0.0000   0.13500000
  0.334885  -0.0000   0.13800000
  0.337505  -0.0000   0.14300000
  0.341402  -0.0000   0.15100000
  0.345268  -0.0000   0.15800000
  0.348403  -0.0000   0.16400000
  0.348803  -0.0000   0.16500000
  0.349154  -0.0000   0.16600000
  0.349500  -0.0000   0.16700000
  0.349846  -0.0000   0.16700000
  0.350192  -0.0000   0.16800000
  0.350709  -0.0000   0.16900000
  0.351483  -0.0000   0.17100000
  0.352638  -0.0000   0.17400000
  0.354362  -0.0000   0.17800000
  0.356931  -0.0000   0.18400000
  0.360753  -0.0000   0.19200000
  0.364545  -0.0000   0.20100000
  0.368311  -0.0000   0.21000000
  0.368597  -0.0000   0.21100000
  0.368885  -0.0000   0.21100000
  0.369172  -0.0000   0.21200000
  0.369603  -0.0000   0.21300000
  0.370246  -0.0000   0.21500000
  0.371208  -0.0000   0.21800000
  0.372644  -0.0000   0.22200000
  0.374785  -0.0000   0.22700000
  0.377973  -0.0000   0.23600000
  0.381606  -0.0000   0.24600000
  0.385213  -0.0000   0.25600000
  0.386289  -0.0000   0.25900000
  0.387363  -0.0000   0.26200000
  0.387914  -0.0000   0.26400000
  0.388321  -0.0000   0.26500000
  0.388728  -0.0000   0.26600000
  0.389134  -0.0000   0.26800000
  0.389540  -0.0000   0.26900000
  0.390148  -0.0000   0.27100000
  0.391056  -0.0000   0.27400000
  0.392412  -0.0000   0.27800000
  0.394436  -0.0000   0.28500000
  0.397451  -0.0000   0.29500000
  0.401261  -0.0000   0.30700000
  0.405044  -0.0000   0.32000000
  0.405874  -0.0000   0.32200000
  0.406704  -0.0000   0.32500000
  0.407497  -0.0000   0.32800000
  0.407893  -0.0000   0.32900000
  0.408289  -0.0000   0.33100000
  0.408684  -0.0000   0.33200000
  0.409078  -0.0000   0.33400000
  0.409669  -0.0000   0.33600000
  0.410552  -0.0000   0.33900000
  0.411871  -0.0000   0.34400000
  0.413840  -0.0000   0.35200000
  0.416773  -0.0000   0.36300000
  0.421137  -0.0000   0.38000000
  0.425466  -0.0000   0.39700000
  0.425977  -0.0000   0.39900000
  0.426487  -0.0000   0.40100000
  0.426969  -0.0000   0.40300000
  0.427440  -0.0000   0.40500000
  0.427911  -0.0000   0.40700000
  0.428382  -0.0000   0.40900000
  0.428851  -0.0000   0.41100000
  0.429553  -0.0000   0.41400000
  0.430602  -0.0000   0.41900000
  0.432169  -0.0000   0.42600000
  0.434506  -0.0000   0.43600000
  0.437986  -0.0000   0.45200000
  0.442636  -0.0000   0.47300000
  0.443929  -0.0000   0.47900000
  0.445219  -0.0000   0.48400000
  0.446474  -0.0000   0.49000000
  0.446836  -0.0000   0.49200000
  0.447198  -0.0000   0.49400000
  0.447559  -0.0000   0.49600000
  0.448100  -0.0000   0.49900000
  0.448909  -0.0000   0.50300000
  0.450118  -0.0000   0.50900000
  0.451922  -0.0000   0.51800000
  0.454613  -0.0000   0.53200000
  0.458617  -0.0000   0.55300000
  0.462592  -0.0000   0.57400000
  0.464078  -0.0000   0.58200000
  0.465560  -0.0000   0.59000000
  0.465973  -0.0000   0.59200000
  0.466369  -0.0000   0.59400000
  0.466764  -0.0000   0.59600000
  0.467356  -0.0000   0.60000000
  0.467946  -0.0000   0.60300000
  0.468829  -0.0000   0.60900000
  0.470148  -0.0000   0.61600000
  0.472116  -0.0000   0.62800000
  0.475050  -0.0000   0.64600000
  0.479416  -0.0000   0.67200000
  0.483748  -0.0000   0.69800000
  0.484308  -0.0000   0.70200000
  0.484866  -0.0000   0.70500000
  0.485406  -0.0000   0.70800000
  0.485840  -0.0000   0.71100000
  0.486274  -0.0000   0.71400000
  0.486707  -0.0000   0.71700000
  0.487140  -0.0000   0.72000000
  0.487787  -0.0000   0.72400000
  0.488754  -0.0000   0.73100000
  0.490200  -0.0000   0.74100000
  0.492357  -0.0000   0.75500000
  0.495571  -0.0000   0.77700000
  0.499565  -0.0000   0.80500000
  0.503532  -0.0000   0.83300000
  0.504063  -0.0000   0.83600000
  0.504593  -0.0000   0.84000000
  0.505090  -0.0000   0.84400000
  0.505816  -0.0000   0.84900000
  0.506540  -0.0000   0.85500000
  0.507262  -0.0000   0.86000000
  0.507983  -0.0000   0.86600000
  0.509060  -0.0000   0.87400000
  0.510670  -0.0000   0.88700000
  0.513071  -0.0000   0.90500000
  0.516649  -0.0000   0.93300000
  0.521424  -0.0000   0.97100000
  0.522886  -0.0000   0.98300000
  0.524338  -0.0000   0.99400000
  0.524709  -0.0000   0.99800000
  0.524988  -0.0000   1.00000000
  0.524819  -0.0000   1.00000000
  0.524819  -0.0000   1.00000000
  0.524819  -0.0000   1.00000000
  0.524819  -0.0000   1.00000000
  0.524819  -0.0000   1.00000000
  0.524819  -0.0000   1.00000000
  0.524819  -0.0000   1.00000000
  0.524819  -0.0000   1.00000000
  0.524819  -0.0000   1.00000000
  0.524819  -0.0000   1.00000000
  0.524818  -0.0000   1.00000000
  0.524818  -0.0000   1.00000000
  0.524817  -0.0000   1.00000000
