  0.000007  -0.0000   0.00000010
  0.000016  -0.0000   0.00000020
  0.000045  -0.0000   0.00000030
  0.000486  -0.0000   0.00000045
  0.006104  -0.0000   0.00000067
  0.006154  -0.0000   0.00000076
  0.006214  -0.0000   0.00000085
  0.006292  -0.0000   0.00000094
  0.006461  -0.0000   0.00000107
  0.006583  -0.0000   0.00000115
  0.006729  -0.0000   0.00000123
  0.006903  -0.0000   0.00000131
  0.007232  -0.0000   0.00000143
  0.007537  -0.0000   0.00000152
  0.007891  -0.0000   0.00000161
  0.008297  -0.0000   0.00000171
  0.008824  -0.0000   0.00000181
  0.009420  -0.0000   0.00000192
  0.009975  -0.0000   0.00000201
  0.010579  -0.0000   0.00000210
  0.011233  -0.0000   0.00000218
  0.012023  -0.0000   0.00000229
  0.012872  -0.0000   0.00000238
  0.013780  -0.0000   0.00000248
  0.014747  -0.0000   0.00000258
  0.015771  -0.0000   0.00000268
  0.016854  -0.0000   0.00000278
  0.017995  -0.0000   0.00000288
  0.019196  -0.0000   0.00000298
  0.019381  -0.0000   0.00000300
  0.019567  -0.0000   0.00000301
  0.019754  -0.0000   0.00000303
  0.019984  -0.0000   0.00000305
  0.019995  -0.0000   0.00000306
  0.020007  -0.0000   0.00000307
  0.020017  -0.0000   0.00000308
  0.020025  -0.0000   0.00000310
  0.020035  -0.0000   0.00000312
  0.020049  -0.0000   0.00000314
  0.020068  -0.0000   0.00000319
  0.020096  -0.0000   0.00000325
  0.020140  -0.0000   0.00000335
  0.020212  -0.0000   0.00000350
  0.020334  -0.0000   0.00000372
  0.020555  -0.0000   0.00000405
  0.020894  -0.0000   0.00000446
  0.021307  -0.0000   0.00000487
  0.021803  -0.0000   0.00000528
  0.022285  -0.0000   0.00000562
  0.022836  -0.0000   0.00000596
  0.023462  -0.0000   0.00000631
  0.024168  -0.0000   0.00000665
  0.024956  -0.0000   0.00000699
  0.025832  -0.0000   0.00000734
  0.026799  -0.0000   0.00000768
  0.027860  -0.0000   0.00000802
  0.028805  -0.0000   0.00000831
  0.029818  -0.0000   0.00000859
  0.030900  -0.0000   0.00000888
  0.032185  -0.0000   0.00000919
  0.033559  -0.0000   0.00000951
  0.035021  -0.0000   0.00000982
  0.036572  -0.0000   0.00001013
  0.036684  -0.0000   0.00001016
  0.036796  -0.0000   0.00001018
  0.036909  -0.0000   0.00001020
  0.037074  -0.0000   0.00001024
  0.037097  -0.0000   0.00001025
  0.037115  -0.0000   0.00001027
  0.037131  -0.0000   0.00001029
  0.037153  -0.0000   0.00001032
  0.037184  -0.0000   0.00001036
  0.037230  -0.0000   0.00001042
  0.037301  -0.0000   0.00001051
  0.037410  -0.0000   0.00001065
  0.037580  -0.0000   0.00001086
  0.037848  -0.0000   0.00001117
  0.038283  -0.0000   0.00001164
  0.039017  -0.0000   0.00001234
  0.039840  -0.0000   0.00001304
  0.040765  -0.0000   0.00001374
  0.041800  -0.0000   0.00001444
  0.042954  -0.0000   0.00001514
  0.044018  -0.0000   0.00001573
  0.045178  -0.0000   0.00001632
  0.046436  -0.0000   0.00001691
  0.047945  -0.0000   0.00001756
  0.049584  -0.0000   0.00001821
  0.051356  -0.0000   0.00001886
  0.052939  -0.0000   0.00001940
  0.054617  -0.0000   0.00001995
  0.054770  -0.0000   0.00002000
  0.054924  -0.0000   0.00002005
  0.055009  -0.0000   0.00002010
  0.055075  -0.0000   0.00002017
  0.055138  -0.0000   0.00002024
  0.055201  -0.0000   0.00002032
  0.055297  -0.0000   0.00002043
  0.055444  -0.0000   0.00002060
  0.055670  -0.0000   0.00002085
  0.056020  -0.0000   0.00002122
  0.056572  -0.0000   0.00002179
  0.057466  -0.0000   0.00002264
  0.058316  -0.0000   0.00002339
  0.059228  -0.0000   0.00002414
  0.060206  -0.0000   0.00002489
  0.061323  -0.0000   0.00002568
  0.062523  -0.0000   0.00002648
  0.063810  -0.0000   0.00002727
  0.065188  -0.0000   0.00002807
  0.066660  -0.0000   0.00002886
  0.068229  -0.0000   0.00002966
  0.069954  -0.0000   0.00003048
  0.071785  -0.0000   0.00003130
  0.072091  -0.0000   0.00003144
  0.072399  -0.0000   0.00003157
  0.072710  -0.0000   0.00003171
  0.072854  -0.0000   0.00003179
  0.072928  -0.0000   0.00003187
  0.072999  -0.0000   0.00003196
  0.073105  -0.0000   0.00003208
  0.073214  -0.0000   0.00003221
  0.073379  -0.0000   0.00003239
  0.073630  -0.0000   0.00003267
  0.074017  -0.0000   0.00003309
  0.074617  -0.0000   0.00003373
  0.075570  -0.0000   0.00003467
  0.076743  -0.0000   0.00003576
  0.077999  -0.0000   0.00003685
  0.079345  -0.0000   0.00003794
  0.081162  -0.0000   0.00003930
  0.082807  -0.0000   0.00004044
  0.084565  -0.0000   0.00004159
  0.086440  -0.0000   0.00004273
  0.088434  -0.0000   0.00004388
  0.090547  -0.0000   0.00004502
  0.090700  -0.0000   0.00004511
  0.090777  -0.0000   0.00004520
  0.090850  -0.0000   0.00004528
  0.090959  -0.0000   0.00004542
  0.091070  -0.0000   0.00004555
  0.091240  -0.0000   0.00004575
  0.091497  -0.0000   0.00004604
  0.091889  -0.0000   0.00004649
  0.092494  -0.0000   0.00004716
  0.093441  -0.0000   0.00004817
  0.094960  -0.0000   0.00004967
  0.096588  -0.0000   0.00005118
  0.098331  -0.0000   0.00005269
  0.100197  -0.0000   0.00005419
  0.102190  -0.0000   0.00005570
  0.104313  -0.0000   0.00005721
  0.106570  -0.0000   0.00005871
  0.108163  -0.0000   0.00005974
  0.108383  -0.0000   0.00005988
  0.108604  -0.0000   0.00006002
  0.108725  -0.0000   0.00006016
  0.108837  -0.0000   0.00006030
  0.108951  -0.0000   0.00006044
  0.109065  -0.0000   0.00006058
  0.109239  -0.0000   0.00006079
  0.109502  -0.0000   0.00006110
  0.109902  -0.0000   0.00006158
  0.110516  -0.0000   0.00006229
  0.111469  -0.0000   0.00006335
  0.112977  -0.0000   0.00006495
  0.114352  -0.0000   0.00006634
  0.115796  -0.0000   0.00006773
  0.117312  -0.0000   0.00006912
  0.119251  -0.0000   0.00007079
  0.121303  -0.0000   0.00007247
  0.123469  -0.0000   0.00007414
  0.126135  -0.0000   0.00007609
  0.126337  -0.0000   0.00007623
  0.126539  -0.0000   0.00007638
  0.126671  -0.0000   0.00007653
  0.126840  -0.0000   0.00007674
  0.127012  -0.0000   0.00007696
  0.127185  -0.0000   0.00007718
  0.127449  -0.0000   0.00007751
  0.127848  -0.0000   0.00007800
  0.128458  -0.0000   0.00007874
  0.129399  -0.0000   0.00007985
  0.130875  -0.0000   0.00008152
  0.132523  -0.0000   0.00008329
  0.134255  -0.0000   0.00008505
  0.136075  -0.0000   0.00008682
  0.138194  -0.0000   0.00008878
  0.140427  -0.0000   0.00009073
  0.142774  -0.0000   0.00009268
  0.143266  -0.0000   0.00009309
  0.143764  -0.0000   0.00009349
  0.144266  -0.0000   0.00009390
  0.144562  -0.0000   0.00009414
  0.144695  -0.0000   0.00009431
  0.144821  -0.0000   0.00009448
  0.144949  -0.0000   0.00009465
  0.145077  -0.0000   0.00009481
  0.145272  -0.0000   0.00009507
  0.145567  -0.0000   0.00009545
  0.146015  -0.0000   0.00009602
  0.146697  -0.0000   0.00009688
  0.147748  -0.0000   0.00009817
  0.149388  -0.0000   0.00010010
  0.151774  -0.0000   0.00010300
  0.154107  -0.0000   0.00010590
  0.156393  -0.0000   0.00010880
  0.158637  -0.0000   0.00011170
  0.160839  -0.0000   0.00011460
  0.161248  -0.0000   0.00011510
  0.161655  -0.0000   0.00011560
  0.162061  -0.0000   0.00011620
  0.162656  -0.0000   0.00011700
  0.162784  -0.0000   0.00011730
  0.162912  -0.0000   0.00011750
  0.163041  -0.0000   0.00011780
  0.163170  -0.0000   0.00011810
  0.163363  -0.0000   0.00011850
  0.163651  -0.0000   0.00011910
  0.164080  -0.0000   0.00012000
  0.164716  -0.0000   0.00012140
  0.165658  -0.0000   0.00012340
  0.167046  -0.0000   0.00012650
  0.169083  -0.0000   0.00013110
  0.171083  -0.0000   0.00013570
  0.173050  -0.0000   0.00014030
  0.174985  -0.0000   0.00014500
  0.177779  -0.0000   0.00015180
  0.180513  -0.0000   0.00015860
  0.180726  -0.0000   0.00015910
  0.180887  -0.0000   0.00015960
  0.181030  -0.0000   0.00016020
  0.181245  -0.0000   0.00016100
  0.181461  -0.0000   0.00016180
  0.181782  -0.0000   0.00016300
  0.182260  -0.0000   0.00016480
  0.182968  -0.0000   0.00016740
  0.184015  -0.0000   0.00017150
  0.185557  -0.0000   0.00017750
  0.187818  -0.0000   0.00018660
  0.190037  -0.0000   0.00019570
  0.192216  -0.0000   0.00020470
  0.194360  -0.0000   0.00021380
  0.197079  -0.0000   0.00022560
  0.197598  -0.0000   0.00022780
  0.198114  -0.0000   0.00023010
  0.198628  -0.0000   0.00023230
  0.198917  -0.0000   0.00023360
  0.199090  -0.0000   0.00023470
  0.199263  -0.0000   0.00023580
  0.199437  -0.0000   0.00023690
  0.199611  -0.0000   0.00023790
  0.199870  -0.0000   0.00023960
  0.200256  -0.0000   0.00024200
  0.200829  -0.0000   0.00024560
  0.201678  -0.0000   0.00025110
  0.202933  -0.0000   0.00025920
  0.204780  -0.0000   0.00027150
  0.207173  -0.0000   0.00028770
  0.209521  -0.0000   0.00030400
  0.211829  -0.0000   0.00032020
  0.214097  -0.0000   0.00033640
  0.217057  -0.0000   0.00035810
  0.217192  -0.0000   0.00035950
  0.217327  -0.0000   0.00036080
  0.217462  -0.0000   0.00036220
  0.217665  -0.0000   0.00036420
  0.217968  -0.0000   0.00036730
  0.218418  -0.0000   0.00037180
  0.219088  -0.0000   0.00037870
  0.220080  -0.0000   0.00038900
  0.221544  -0.0000   0.00040440
  0.223699  -0.0000   0.00042760
  0.225818  -0.0000   0.00045070
  0.227903  -0.0000   0.00047380
  0.229957  -0.0000   0.00049700
  0.232770  -0.0000   0.00052930
  0.234100  -0.0000   0.00054480
  0.235369  -0.0000   0.00056020
  0.235567  -0.0000   0.00056330
  0.235767  -0.0000   0.00056640
  0.235966  -0.0000   0.00056950
  0.236164  -0.0000   0.00057250
  0.236460  -0.0000   0.00057710
  0.236901  -0.0000   0.00058410
  0.237557  -0.0000   0.00059440
  0.238529  -0.0000   0.00061000
  0.239965  -0.0000   0.00063340
  0.242080  -0.0000   0.00066840
  0.244160  -0.0000   0.00070340
  0.246208  -0.0000   0.00073850
  0.248227  -0.0000   0.00077350
  0.251192  -0.0000   0.00082600
  0.251833  -0.0000   0.00083750
  0.252472  -0.0000   0.00084890
  0.253107  -0.0000   0.00086030
  0.253371  -0.0000   0.00086540
  0.253592  -0.0000   0.00087050
  0.253813  -0.0000   0.00087560
  0.254034  -0.0000   0.00088070
  0.254364  -0.0000   0.00088840
  0.254854  -0.0000   0.00089980
  0.255581  -0.0000   0.00091710
  0.256658  -0.0000   0.00094290
  0.258248  -0.0000   0.00098160
  0.260587  -0.0000   0.00104000
  0.262884  -0.0000   0.00109800
  0.265143  -0.0000   0.00115600
  0.267368  -0.0000   0.00121400
  0.270360  -0.0000   0.00129400
  0.270701  -0.0000   0.00130300
  0.271040  -0.0000   0.00131200
  0.271379  -0.0000   0.00132100
  0.271602  -0.0000   0.00132800
  0.271818  -0.0000   0.00133600
  0.272034  -0.0000   0.00134300
  0.272249  -0.0000   0.00135000
  0.272570  -0.0000   0.00136100
  0.273048  -0.0000   0.00137700
  0.273758  -0.0000   0.00140200
  0.274810  -0.0000   0.00143900
  0.276365  -0.0000   0.00149400
  0.278652  -0.0000   0.00157700
  0.280901  -0.0000   0.00165900
  0.283115  -0.0000   0.00174200
  0.285295  -0.0000   0.00182500
  0.288402  -0.0000   0.00194500
  0.288769  -0.0000   0.00195900
  0.289134  -0.0000   0.00197400
  0.289499  -0.0000   0.00198800
  0.289750  -0.0000   0.00199900
  0.289989  -0.0000   0.00201100
  0.290228  -0.0000   0.00202200
  0.290466  -0.0000   0.00203400
  0.290822  -0.0000   0.00205100
  0.291351  -0.0000   0.00207700
  0.292136  -0.0000   0.00211600
  0.293299  -0.0000   0.00217400
  0.295017  -0.0000   0.00226100
  0.297466  -0.0000   0.00238800
  0.299872  -0.0000   0.00251400
  0.302239  -0.0000   0.00264100
  0.304570  -0.0000   0.00276800
  0.307724  -0.0000   0.00294300
  0.307948  -0.0000   0.00295800
  0.308168  -0.0000   0.00297200
  0.308388  -0.0000   0.00298700
  0.308607  -0.0000   0.00300200
  0.308933  -0.0000   0.00302400
  0.309420  -0.0000   0.00305700
  0.310143  -0.0000   0.00310700
  0.311215  -0.0000   0.00318100
  0.312799  -0.0000   0.00329300
  0.315132  -0.0000   0.00346000
  0.317427  -0.0000   0.00362800
  0.319686  -0.0000   0.00379600
  0.321912  -0.0000   0.00396300
  0.325108  -0.0000   0.00420900
  0.325449  -0.0000   0.00423500
  0.325789  -0.0000   0.00426100
  0.326093  -0.0000   0.00428700
  0.326521  -0.0000   0.00432700
  0.326947  -0.0000   0.00436600
  0.327371  -0.0000   0.00440600
  0.327792  -0.0000   0.00444500
  0.328418  -0.0000   0.00450400
  0.329349  -0.0000   0.00459300
  0.330728  -0.0000   0.00472500
  0.332763  -0.0000   0.00492500
  0.335336  -0.0000   0.00518100
  0.337865  -0.0000   0.00543800
  0.340354  -0.0000   0.00569400
  0.342806  -0.0000   0.00595100
  0.343227  -0.0000   0.00599500
  0.343646  -0.0000   0.00603900
  0.344064  -0.0000   0.00608300
  0.344323  -0.0000   0.00611500
  0.344578  -0.0000   0.00614600
  0.344832  -0.0000   0.00617800
  0.345085  -0.0000   0.00620900
  0.345463  -0.0000   0.00625700
  0.346026  -0.0000   0.00632800
  0.346862  -0.0000   0.00643400
  0.348101  -0.0000   0.00659300
  0.349932  -0.0000   0.00683300
  0.352458  -0.0000   0.00716900
  0.354942  -0.0000   0.00750600
  0.357387  -0.0000   0.00784200
  0.359797  -0.0000   0.00817900
  0.360635  -0.0000   0.00829600
  0.361468  -0.0000   0.00841400
  0.362293  -0.0000   0.00853100
  0.362360  -0.0000   0.00854200
  0.362427  -0.0000   0.00855300
  0.362494  -0.0000   0.00856400
  0.362595  -0.0000   0.00858100
  0.362746  -0.0000   0.00860600
  0.362972  -0.0000   0.00864300
  0.363309  -0.0000   0.00869900
  0.363811  -0.0000   0.00878200
  0.364557  -0.0000   0.00890800
  0.365665  -0.0000   0.00909600
  0.367303  -0.0000   0.00937800
  0.369715  -0.0000   0.00980200
  0.372088  -0.0000   0.01023000
  0.374426  -0.0000   0.01065000
  0.376732  -0.0000   0.01107000
  0.379924  -0.0000   0.01167000
  0.380263  -0.0000   0.01173000
  0.380586  -0.0000   0.01180000
  0.380660  -0.0000   0.01181000
  0.380734  -0.0000   0.01183000
  0.380808  -0.0000   0.01184000
  0.380919  -0.0000   0.01187000
  0.381085  -0.0000   0.01190000
  0.381333  -0.0000   0.01196000
  0.381703  -0.0000   0.01204000
  0.382254  -0.0000   0.01216000
  0.383074  -0.0000   0.01234000
  0.384290  -0.0000   0.01261000
  0.386086  -0.0000   0.01302000
  0.388643  -0.0000   0.01361000
  0.391158  -0.0000   0.01420000
  0.393636  -0.0000   0.01479000
  0.396080  -0.0000   0.01538000
  0.397070  -0.0000   0.01562000
  0.398056  -0.0000   0.01586000
  0.398738  -0.0000   0.01603000
  0.398892  -0.0000   0.01607000
  0.399046  -0.0000   0.01611000
  0.399199  -0.0000   0.01616000
  0.399429  -0.0000   0.01622000
  0.399772  -0.0000   0.01632000
  0.400283  -0.0000   0.01646000
  0.401044  -0.0000   0.01668000
  0.402172  -0.0000   0.01700000
  0.403842  -0.0000   0.01749000
  0.406302  -0.0000   0.01822000
  0.408723  -0.0000   0.01895000
  0.411109  -0.0000   0.01968000
  0.413465  -0.0000   0.02041000
  0.416663  -0.0000   0.02142000
  0.416944  -0.0000   0.02151000
  0.417009  -0.0000   0.02154000
  0.417074  -0.0000   0.02156000
  0.417139  -0.0000   0.02158000
  0.417237  -0.0000   0.02162000
  0.417384  -0.0000   0.02167000
  0.417603  -0.0000   0.02175000
  0.417930  -0.0000   0.02186000
  0.418418  -0.0000   0.02204000
  0.419144  -0.0000   0.02230000
  0.420222  -0.0000   0.02270000
  0.421817  -0.0000   0.02329000
  0.424169  -0.0000   0.02418000
  0.426485  -0.0000   0.02507000
  0.428770  -0.0000   0.02596000
  0.431027  -0.0000   0.02685000
  0.434288  -0.0000   0.02816000
  0.434654  -0.0000   0.02831000
  0.435019  -0.0000   0.02846000
  0.435282  -0.0000   0.02857000
  0.435544  -0.0000   0.02869000
  0.435806  -0.0000   0.02881000
  0.436066  -0.0000   0.02893000
  0.436455  -0.0000   0.02911000
  0.437035  -0.0000   0.02937000
  0.437896  -0.0000   0.02977000
  0.439175  -0.0000   0.03037000
  0.441065  -0.0000   0.03126000
  0.443847  -0.0000   0.03261000
  0.446584  -0.0000   0.03395000
  0.449283  -0.0000   0.03530000
  0.451947  -0.0000   0.03664000
  0.452505  -0.0000   0.03693000
  0.453062  -0.0000   0.03721000
  0.453423  -0.0000   0.03741000
  0.453772  -0.0000   0.03760000
  0.454120  -0.0000   0.03780000
  0.454467  -0.0000   0.03800000
  0.454984  -0.0000   0.03829000
  0.455753  -0.0000   0.03874000
  0.456895  -0.0000   0.03941000
  0.458586  -0.0000   0.04041000
  0.461078  -0.0000   0.04191000
  0.463533  -0.0000   0.04341000
  0.465956  -0.0000   0.04491000
  0.468351  -0.0000   0.04641000
  0.471452  -0.0000   0.04838000
  0.471496  -0.0000   0.04841000
  0.471540  -0.0000   0.04844000
  0.471584  -0.0000   0.04847000
  0.471650  -0.0000   0.04852000
  0.471749  -0.0000   0.04859000
  0.471897  -0.0000   0.04869000
  0.472118  -0.0000   0.04885000
  0.472449  -0.0000   0.04909000
  0.472942  -0.0000   0.04944000
  0.473676  -0.0000   0.04996000
  0.474767  -0.0000   0.05076000
  0.476381  -0.0000   0.05194000
  0.478764  -0.0000   0.05372000
  0.481114  -0.0000   0.05550000
  0.483435  -0.0000   0.05728000
  0.485730  -0.0000   0.05906000
  0.489053  -0.0000   0.06167000
  0.489421  -0.0000   0.06196000
  0.489781  -0.0000   0.06225000
  0.489865  -0.0000   0.06233000
  0.489949  -0.0000   0.06240000
  0.490033  -0.0000   0.06247000
  0.490158  -0.0000   0.06258000
  0.490346  -0.0000   0.06274000
  0.490627  -0.0000   0.06299000
  0.491047  -0.0000   0.06335000
  0.491672  -0.0000   0.06390000
  0.492601  -0.0000   0.06473000
  0.493979  -0.0000   0.06597000
  0.496016  -0.0000   0.06783000
  0.498805  -0.0000   0.07041000
  0.501553  -0.0000   0.07300000
  0.504266  -0.0000   0.07559000
  0.506948  -0.0000   0.07818000
  0.507381  -0.0000   0.07860000
  0.507811  -0.0000   0.07901000
  0.507910  -0.0000   0.07912000
  0.508010  -0.0000   0.07922000
  0.508109  -0.0000   0.07933000
  0.508257  -0.0000   0.07949000
  0.508479  -0.0000   0.07972000
  0.508810  -0.0000   0.08007000
  0.509305  -0.0000   0.08060000
  0.510041  -0.0000   0.08140000
  0.511134  -0.0000   0.08259000
  0.512752  -0.0000   0.08438000
  0.515142  -0.0000   0.08706000
  0.517834  -0.0000   0.09013000
  0.520491  -0.0000   0.09320000
  0.523116  -0.0000   0.09626000
  0.525714  -0.0000   0.09933000
  0.526029  -0.0000   0.10000000
  0.526102  -0.0000   0.10000000
  0.526175  -0.0000   0.10000000
  0.526249  -0.0000   0.10000000
  0.526358  -0.0000   0.10000000
  0.526522  -0.0000   0.10000000
  0.526768  -0.0000   0.10100000
  0.527134  -0.0000   0.10100000
  0.527680  -0.0000   0.10200000
  0.528494  -0.0000   0.10300000
  0.529701  -0.0000   0.10500000
  0.531487  -0.0000   0.10700000
  0.534124  -0.0000   0.11100000
  0.536723  -0.0000   0.11400000
  0.539291  -0.0000   0.11800000
  0.541830  -0.0000   0.12100000
  0.544329  -0.0000   0.12500000
  0.544365  -0.0000   0.12500000
  0.544401  -0.0000   0.12500000
  0.544437  -0.0000   0.12500000
  0.544492  -0.0000   0.12500000
  0.544574  -0.0000   0.12500000
  0.544696  -0.0000   0.12600000
  0.544879  -0.0000   0.12600000
  0.545152  -0.0000   0.12600000
  0.545561  -0.0000   0.12700000
  0.546170  -0.0000   0.12800000
  0.547076  -0.0000   0.12900000
  0.548420  -0.0000   0.13100000
  0.550409  -0.0000   0.13500000
  0.553301  -0.0000   0.14000000
  0.556153  -0.0000   0.14400000
  0.558971  -0.0000   0.14900000
  0.561758  -0.0000   0.15400000
  0.562168  -0.0000   0.15500000
  0.562570  -0.0000   0.15500000
  0.562665  -0.0000   0.15600000
  0.562760  -0.0000   0.15600000
  0.562855  -0.0000   0.15600000
  0.562998  -0.0000   0.15600000
  0.563211  -0.0000   0.15700000
  0.563529  -0.0000   0.15700000
  0.564005  -0.0000   0.15800000
  0.564713  -0.0000   0.15900000
  0.565765  -0.0000   0.16100000
  0.567324  -0.0000   0.16400000
  0.569630  -0.0000   0.16900000
  0.572503  -0.0000   0.17500000
  0.575339  -0.0000   0.18000000
  0.578143  -0.0000   0.18600000
  0.579852  -0.0000   0.19000000
  0.580402  -0.0000   0.19100000
  0.580924  -0.0000   0.19200000
  0.581052  -0.0000   0.19200000
  0.581179  -0.0000   0.19300000
  0.581307  -0.0000   0.19300000
  0.581498  -0.0000   0.19300000
  0.581783  -0.0000   0.19400000
  0.582209  -0.0000   0.19500000
  0.582844  -0.0000   0.19600000
  0.583788  -0.0000   0.19800000
  0.585190  -0.0000   0.20200000
  0.587264  -0.0000   0.20700000
  0.589607  -0.0000   0.21200000
  0.591923  -0.0000   0.21800000
  0.594217  -0.0000   0.22300000
  0.597259  -0.0000   0.23100000
  0.597915  -0.0000   0.23200000
  0.598570  -0.0000   0.23400000
  0.599028  -0.0000   0.23500000
  0.599139  -0.0000   0.23500000
  0.599251  -0.0000   0.23600000
  0.599362  -0.0000   0.23600000
  0.599528  -0.0000   0.23600000
  0.599777  -0.0000   0.23700000
  0.600148  -0.0000   0.23800000
  0.600703  -0.0000   0.24000000
  0.601528  -0.0000   0.24200000
  0.602754  -0.0000   0.24500000
  0.604570  -0.0000   0.25000000
  0.607253  -0.0000   0.25800000
  0.609903  -0.0000   0.26500000
  0.612524  -0.0000   0.27300000
  0.615118  -0.0000   0.28000000
  0.616262  -0.0000   0.28400000
  0.617197  -0.0000   0.28600000
  0.617252  -0.0000   0.28600000
  0.617308  -0.0000   0.28700000
  0.617364  -0.0000   0.28700000
  0.617448  -0.0000   0.28700000
  0.617573  -0.0000   0.28700000
  0.617760  -0.0000   0.28800000
  0.618040  -0.0000   0.28900000
  0.618459  -0.0000   0.29000000
  0.619082  -0.0000   0.29200000
  0.620010  -0.0000   0.29500000
  0.621388  -0.0000   0.30000000
  0.623428  -0.0000   0.30600000
  0.625775  -0.0000   0.31400000
  0.628097  -0.0000   0.32200000
  0.630397  -0.0000   0.33000000
  0.633425  -0.0000   0.34000000
  0.634269  -0.0000   0.34300000
  0.635110  -0.0000   0.34600000
  0.635448  -0.0000   0.34700000
  0.635530  -0.0000   0.34700000
  0.635613  -0.0000   0.34800000
  0.635696  -0.0000   0.34800000
  0.635820  -0.0000   0.34800000
  0.636006  -0.0000   0.34900000
  0.636283  -0.0000   0.35000000
  0.636697  -0.0000   0.35200000
  0.637315  -0.0000   0.35400000
  0.638234  -0.0000   0.35700000
  0.639600  -0.0000   0.36300000
  0.641622  -0.0000   0.37000000
  0.643964  -0.0000   0.37900000
  0.646280  -0.0000   0.38800000
  0.648575  -0.0000   0.39800000
  0.651591  -0.0000   0.41000000
  0.652466  -0.0000   0.41300000
  0.653338  -0.0000   0.41700000
  0.653655  -0.0000   0.41800000
  0.653733  -0.0000   0.41800000
  0.653812  -0.0000   0.41900000
  0.653890  -0.0000   0.41900000
  0.654007  -0.0000   0.42000000
  0.654182  -0.0000   0.42000000
  0.654443  -0.0000   0.42100000
  0.654835  -0.0000   0.42300000
  0.655418  -0.0000   0.42600000
  0.656287  -0.0000   0.42900000
  0.657577  -0.0000   0.43500000
  0.659490  -0.0000   0.44400000
  0.661876  -0.0000   0.45500000
  0.664237  -0.0000   0.46500000
  0.666576  -0.0000   0.47600000
  0.669493  -0.0000   0.49000000
  0.670677  -0.0000   0.49500000
  0.671842  -0.0000   0.50100000
  0.671911  -0.0000   0.50100000
  0.671981  -0.0000   0.50200000
  0.672051  -0.0000   0.50200000
  0.672155  -0.0000   0.50300000
  0.672311  -0.0000   0.50300000
  0.672545  -0.0000   0.50500000
  0.672895  -0.0000   0.50600000
  0.673416  -0.0000   0.50900000
  0.674193  -0.0000   0.51300000
  0.675348  -0.0000   0.51900000
  0.677062  -0.0000   0.52800000
  0.679599  -0.0000   0.54100000
  0.682107  -0.0000   0.55400000
  0.684590  -0.0000   0.56800000
  0.687051  -0.0000   0.58100000
  0.688918  -0.0000   0.59100000
  0.689637  -0.0000   0.59500000
  0.690143  -0.0000   0.59800000
  0.690174  -0.0000   0.59800000
  0.690205  -0.0000   0.59900000
  0.690251  -0.0000   0.59900000
  0.690321  -0.0000   0.59900000
  0.690425  -0.0000   0.60000000
  0.690580  -0.0000   0.60100000
  0.690813  -0.0000   0.60200000
  0.691162  -0.0000   0.60400000
  0.691682  -0.0000   0.60700000
  0.692456  -0.0000   0.61200000
  0.693608  -0.0000   0.61900000
  0.695317  -0.0000   0.62900000
  0.697848  -0.0000   0.64400000
  0.700351  -0.0000   0.66000000
  0.702829  -0.0000   0.67500000
  0.705285  -0.0000   0.69100000
  0.707087  -0.0000   0.70200000
  0.707888  -0.0000   0.70700000
  0.708319  -0.0000   0.71000000
  0.708371  -0.0000   0.71000000
  0.708424  -0.0000   0.71100000
  0.708503  -0.0000   0.71100000
  0.708621  -0.0000   0.71200000
  0.708798  -0.0000   0.71300000
  0.709063  -0.0000   0.71500000
  0.709458  -0.0000   0.71800000
  0.710047  -0.0000   0.72200000
  0.710925  -0.0000   0.72800000
  0.712230  -0.0000   0.73700000
  0.714166  -0.0000   0.75000000
  0.716549  -0.0000   0.76700000
  0.718909  -0.0000   0.78400000
  0.721248  -0.0000   0.80100000
  0.724216  -0.0000   0.82200000
  0.725415  -0.0000   0.83100000
  0.726594  -0.0000   0.84000000
  0.726612  -0.0000   0.84000000
  0.726638  -0.0000   0.84000000
  0.726678  -0.0000   0.84100000
  0.726738  -0.0000   0.84100000
  0.726828  -0.0000   0.84200000
  0.726963  -0.0000   0.84300000
  0.727164  -0.0000   0.84400000
  0.727465  -0.0000   0.84700000
  0.727915  -0.0000   0.85000000
  0.728586  -0.0000   0.85500000
  0.729584  -0.0000   0.86300000
  0.731067  -0.0000   0.87500000
  0.733265  -0.0000   0.89300000
  0.735712  -0.0000   0.91300000
  0.738135  -0.0000   0.93300000
  0.740537  -0.0000   0.95300000
  0.743670  -0.0000   0.97900000
  0.744233  -0.0000   0.98400000
  0.744788  -0.0000   0.98900000
  0.744821  -0.0000   0.98900000
  0.744871  -0.0000   0.99000000
  0.744947  -0.0000   0.99000000
  0.745060  -0.0000   0.99100000
  0.745229  -0.0000   0.99300000
  0.745482  -0.0000   0.99500000
  0.745861  -0.0000   0.99800000
  0.746049  -0.0000   1.00000000
  0.745988  -0.0000   1.00000000
  0.745988  -0.0000   1.00000000
  0.745988  -0.0000   1.00000000
  0.745988  -0.0000   1.00000000
  0.745988  -0.0000   1.00000000
  0.745988  -0.0000   1.00000000
  0.745988  -0.0000   1.00000000
  0.745988  -0.0000   1.00000000
  0.745988  -0.0000   1.00000000
  0.745988  -0.0000   1.00000000
  0.745988  -0.0000   1.00000000
  0.745987  -0.0000   1.00000000
  0.745987  -0.0000   1.00000000
  0.745986  -0.0000   1.00000000
  0.745985  -0.0000   1.00000000
