  0.000010  -0.0000   0.00000010
  0.000022  -0.0000   0.00000020
  0.000059  -0.0000   0.00000030
  0.000683  -0.0000   0.00000045
  0.006041  -0.0000   0.00000067
  0.006086  -0.0000   0.00000101
  0.006148  -0.0000   0.00000152
  0.006246  -0.0000   0.00000228
  0.006411  -0.0000   0.00000342
  0.006711  -0.0000   0.00000513
  0.006934  -0.0000   0.00000624
  0.007188  -0.0000   0.00000735
  0.007478  -0.0000   0.00000846
  0.007879  -0.0000   0.00000979
  0.008340  -0.0000   0.00001112
  0.008867  -0.0000   0.00001245
  0.009465  -0.0000   0.00001377
  0.010137  -0.0000   0.00001510
  0.010889  -0.0000   0.00001643
  0.011579  -0.0000   0.00001754
  0.012330  -0.0000   0.00001866
  0.013143  -0.0000   0.00001977
  0.014021  -0.0000   0.00002088
  0.014964  -0.0000   0.00002200
  0.015974  -0.0000   0.00002311
  0.017053  -0.0000   0.00002423
  0.018202  -0.0000   0.00002534
  0.019422  -0.0000   0.00002646
  0.020715  -0.0000   0.00002757
  0.020881  -0.0000   0.00002776
  0.020927  -0.0000   0.00002795
  0.020972  -0.0000   0.00002813
  0.021034  -0.0000   0.00002841
  0.021121  -0.0000   0.00002883
  0.021234  -0.0000   0.00002941
  0.021340  -0.0000   0.00003000
  0.021442  -0.0000   0.00003058
  0.021541  -0.0000   0.00003117
  0.021685  -0.0000   0.00003204
  0.021892  -0.0000   0.00003333
  0.022131  -0.0000   0.00003481
  0.022375  -0.0000   0.00003628
  0.022762  -0.0000   0.00003850
  0.023406  -0.0000   0.00004182
  0.023939  -0.0000   0.00004435
  0.024518  -0.0000   0.00004688
  0.025146  -0.0000   0.00004941
  0.025981  -0.0000   0.00005247
  0.026896  -0.0000   0.00005554
  0.027894  -0.0000   0.00005860
  0.028976  -0.0000   0.00006166
  0.030147  -0.0000   0.00006472
  0.031407  -0.0000   0.00006778
  0.032510  -0.0000   0.00007031
  0.033676  -0.0000   0.00007284
  0.034906  -0.0000   0.00007537
  0.036200  -0.0000   0.00007790
  0.037560  -0.0000   0.00008043
  0.038984  -0.0000   0.00008296
  0.039763  -0.0000   0.00008431
  0.040093  -0.0000   0.00008487
  0.040243  -0.0000   0.00008544
  0.040369  -0.0000   0.00008601
  0.040489  -0.0000   0.00008657
  0.040604  -0.0000   0.00008714
  0.040770  -0.0000   0.00008799
  0.041011  -0.0000   0.00008926
  0.041330  -0.0000   0.00009098
  0.041650  -0.0000   0.00009269
  0.042143  -0.0000   0.00009526
  0.042923  -0.0000   0.00009912
  0.044018  -0.0000   0.00010490
  0.045089  -0.0000   0.00011070
  0.046152  -0.0000   0.00011650
  0.047732  -0.0000   0.00012520
  0.050074  -0.0000   0.00013820
  0.053530  -0.0000   0.00015770
  0.056602  -0.0000   0.00017530
  0.059628  -0.0000   0.00019300
  0.059813  -0.0000   0.00019400
  0.059946  -0.0000   0.00019510
  0.060041  -0.0000   0.00019620
  0.060174  -0.0000   0.00019780
  0.060361  -0.0000   0.00020030
  0.060628  -0.0000   0.00020390
  0.060996  -0.0000   0.00020910
  0.061359  -0.0000   0.00021430
  0.061901  -0.0000   0.00022220
  0.062712  -0.0000   0.00023390
  0.063923  -0.0000   0.00025150
  0.065727  -0.0000   0.00027790
  0.068407  -0.0000   0.00031760
  0.072371  -0.0000   0.00037700
  0.076278  -0.0000   0.00043650
  0.077811  -0.0000   0.00045990
  0.079335  -0.0000   0.00048340
  0.079624  -0.0000   0.00048790
  0.079828  -0.0000   0.00049230
  0.079991  -0.0000   0.00049680
  0.080223  -0.0000   0.00050350
  0.080561  -0.0000   0.00051350
  0.080897  -0.0000   0.00052350
  0.081399  -0.0000   0.00053850
  0.082151  -0.0000   0.00056110
  0.083276  -0.0000   0.00059490
  0.084952  -0.0000   0.00064570
  0.087444  -0.0000   0.00072180
  0.091138  -0.0000   0.00083590
  0.094689  -0.0000   0.00094680
  0.098202  -0.0000   0.00105800
  0.098572  -0.0000   0.00106900
  0.098941  -0.0000   0.00108100
  0.099310  -0.0000   0.00109300
  0.099795  -0.0000   0.00111000
  0.100034  -0.0000   0.00112300
  0.100267  -0.0000   0.00113500
  0.100497  -0.0000   0.00114700
  0.100840  -0.0000   0.00116500
  0.101355  -0.0000   0.00119300
  0.102126  -0.0000   0.00123400
  0.103277  -0.0000   0.00129600
  0.104995  -0.0000   0.00138900
  0.107549  -0.0000   0.00152800
  0.111340  -0.0000   0.00173600
  0.115209  -0.0000   0.00195100
  0.119038  -0.0000   0.00216600
  0.119338  -0.0000   0.00218300
  0.119639  -0.0000   0.00220000
  0.119885  -0.0000   0.00221700
  0.120185  -0.0000   0.00224200
  0.120627  -0.0000   0.00228000
  0.121070  -0.0000   0.00231800
  0.121512  -0.0000   0.00235600
  0.122173  -0.0000   0.00241400
  0.123162  -0.0000   0.00249900
  0.124637  -0.0000   0.00262700
  0.126835  -0.0000   0.00282000
  0.130101  -0.0000   0.00310900
  0.134943  -0.0000   0.00354200
  0.139730  -0.0000   0.00397500
  0.139967  -0.0000   0.00400000
  0.140167  -0.0000   0.00402600
  0.140364  -0.0000   0.00405100
  0.140658  -0.0000   0.00408900
  0.141100  -0.0000   0.00414600
  0.141761  -0.0000   0.00423200
  0.142750  -0.0000   0.00436000
  0.144224  -0.0000   0.00455300
  0.146420  -0.0000   0.00484200
  0.149686  -0.0000   0.00527500
  0.154531  -0.0000   0.00592600
  0.159324  -0.0000   0.00657600
  0.159652  -0.0000   0.00662100
  0.159979  -0.0000   0.00666500
  0.160230  -0.0000   0.00671000
  0.160592  -0.0000   0.00677600
  0.160953  -0.0000   0.00684300
  0.161315  -0.0000   0.00691000
  0.161857  -0.0000   0.00701000
  0.162667  -0.0000   0.00716000
  0.163876  -0.0000   0.00738600
  0.165679  -0.0000   0.00772400
  0.168364  -0.0000   0.00823100
  0.172354  -0.0000   0.00899100
  0.176440  -0.0000   0.00977700
  0.179203  -0.0000   0.01031000
  0.179648  -0.0000   0.01040000
  0.180092  -0.0000   0.01048000
  0.180447  -0.0000   0.01057000
  0.180787  -0.0000   0.01066000
  0.181128  -0.0000   0.01074000
  0.181468  -0.0000   0.01083000
  0.181977  -0.0000   0.01096000
  0.182738  -0.0000   0.01115000
  0.183875  -0.0000   0.01144000
  0.185572  -0.0000   0.01188000
  0.188099  -0.0000   0.01253000
  0.191858  -0.0000   0.01351000
  0.196106  -0.0000   0.01463000
  0.200318  -0.0000   0.01575000
  0.200585  -0.0000   0.01584000
  0.200847  -0.0000   0.01593000
  0.201109  -0.0000   0.01601000
  0.201502  -0.0000   0.01615000
  0.202090  -0.0000   0.01634000
  0.202969  -0.0000   0.01664000
  0.204281  -0.0000   0.01709000
  0.206237  -0.0000   0.01776000
  0.209151  -0.0000   0.01876000
  0.213482  -0.0000   0.02026000
  0.217551  -0.0000   0.02169000
  0.218649  -0.0000   0.02208000
  0.219745  -0.0000   0.02246000
  0.220767  -0.0000   0.02285000
  0.221166  -0.0000   0.02302000
  0.221565  -0.0000   0.02319000
  0.221964  -0.0000   0.02337000
  0.222561  -0.0000   0.02363000
  0.223454  -0.0000   0.02402000
  0.224787  -0.0000   0.02461000
  0.226776  -0.0000   0.02549000
  0.229739  -0.0000   0.02681000
  0.234146  -0.0000   0.02879000
  0.238519  -0.0000   0.03078000
  0.239175  -0.0000   0.03107000
  0.239831  -0.0000   0.03137000
  0.240487  -0.0000   0.03167000
  0.240928  -0.0000   0.03189000
  0.241329  -0.0000   0.03211000
  0.241731  -0.0000   0.03233000
  0.242331  -0.0000   0.03267000
  0.242931  -0.0000   0.03300000
  0.243827  -0.0000   0.03350000
  0.245165  -0.0000   0.03424000
  0.247162  -0.0000   0.03536000
  0.250138  -0.0000   0.03704000
  0.254564  -0.0000   0.03957000
  0.258957  -0.0000   0.04209000
  0.259567  -0.0000   0.04244000
  0.260177  -0.0000   0.04279000
  0.260786  -0.0000   0.04314000
  0.261184  -0.0000   0.04340000
  0.261564  -0.0000   0.04366000
  0.261943  -0.0000   0.04392000
  0.262511  -0.0000   0.04431000
  0.263360  -0.0000   0.04489000
  0.264629  -0.0000   0.04577000
  0.266521  -0.0000   0.04709000
  0.269341  -0.0000   0.04906000
  0.273537  -0.0000   0.05203000
  0.277723  -0.0000   0.05500000
  0.279342  -0.0000   0.05616000
  0.280958  -0.0000   0.05731000
  0.281351  -0.0000   0.05762000
  0.281721  -0.0000   0.05794000
  0.282092  -0.0000   0.05825000
  0.282648  -0.0000   0.05871000
  0.283478  -0.0000   0.05941000
  0.284718  -0.0000   0.06046000
  0.286569  -0.0000   0.06204000
  0.289328  -0.0000   0.06440000
  0.293435  -0.0000   0.06795000
  0.297625  -0.0000   0.07159000
  0.300178  -0.0000   0.07382000
  0.300853  -0.0000   0.07441000
  0.301499  -0.0000   0.07500000
  0.301947  -0.0000   0.07545000
  0.302396  -0.0000   0.07591000
  0.302844  -0.0000   0.07636000
  0.303291  -0.0000   0.07682000
  0.303960  -0.0000   0.07750000
  0.304961  -0.0000   0.07852000
  0.306455  -0.0000   0.08006000
  0.308685  -0.0000   0.08236000
  0.312009  -0.0000   0.08581000
  0.316956  -0.0000   0.09099000
  0.320930  -0.0000   0.09518000
  0.321404  -0.0000   0.09568000
  0.321838  -0.0000   0.09618000
  0.322252  -0.0000   0.09668000
  0.322872  -0.0000   0.09743000
  0.323491  -0.0000   0.09818000
  0.324109  -0.0000   0.09894000
  0.325032  -0.0000   0.10000000
  0.326412  -0.0000   0.10200000
  0.328472  -0.0000   0.10400000
  0.331544  -0.0000   0.10800000
  0.336117  -0.0000   0.11400000
  0.340659  -0.0000   0.11900000
  0.341193  -0.0000   0.12000000
  0.341726  -0.0000   0.12100000
  0.342203  -0.0000   0.12100000
  0.342673  -0.0000   0.12200000
  0.343142  -0.0000   0.12300000
  0.343610  -0.0000   0.12400000
  0.344311  -0.0000   0.12500000
  0.345358  -0.0000   0.12600000
  0.346923  -0.0000   0.12800000
  0.349258  -0.0000   0.13200000
  0.352738  -0.0000   0.13700000
  0.357052  -0.0000   0.14300000
  0.361339  -0.0000   0.14900000
  0.361810  -0.0000   0.15000000
  0.362250  -0.0000   0.15100000
  0.362668  -0.0000   0.15200000
  0.363294  -0.0000   0.15300000
  0.363919  -0.0000   0.15400000
  0.364542  -0.0000   0.15500000
  0.365475  -0.0000   0.15600000
  0.366868  -0.0000   0.15900000
  0.368948  -0.0000   0.16200000
  0.372051  -0.0000   0.16700000
  0.376671  -0.0000   0.17500000
  0.381262  -0.0000   0.18300000
  0.381777  -0.0000   0.18400000
  0.382292  -0.0000   0.18500000
  0.382753  -0.0000   0.18600000
  0.383214  -0.0000   0.18700000
  0.383674  -0.0000   0.18800000
  0.384133  -0.0000   0.18900000
  0.384821  -0.0000   0.19000000
  0.385850  -0.0000   0.19200000
  0.387386  -0.0000   0.19500000
  0.389680  -0.0000   0.20000000
  0.393100  -0.0000   0.20600000
  0.398193  -0.0000   0.21700000
  0.400292  -0.0000   0.22100000
  0.402385  -0.0000   0.22500000
  0.402794  -0.0000   0.22600000
  0.403191  -0.0000   0.22700000
  0.403588  -0.0000   0.22800000
  0.404181  -0.0000   0.22900000
  0.405069  -0.0000   0.23100000
  0.406395  -0.0000   0.23400000
  0.408375  -0.0000   0.23800000
  0.411328  -0.0000   0.24500000
  0.415728  -0.0000   0.25500000
  0.420101  -0.0000   0.26500000
  0.421204  -0.0000   0.26800000
  0.422306  -0.0000   0.27000000
  0.423068  -0.0000   0.27200000
  0.423621  -0.0000   0.27400000
  0.424173  -0.0000   0.27500000
  0.424725  -0.0000   0.27600000
  0.425275  -0.0000   0.27800000
  0.426099  -0.0000   0.28000000
  0.427331  -0.0000   0.28300000
  0.429171  -0.0000   0.28800000
  0.431918  -0.0000   0.29500000
  0.436012  -0.0000   0.30600000
  0.441481  -0.0000   0.32000000
  0.442060  -0.0000   0.32200000
  0.442638  -0.0000   0.32300000
  0.443201  -0.0000   0.32500000
  0.443679  -0.0000   0.32600000
  0.444157  -0.0000   0.32700000
  0.444634  -0.0000   0.32900000
  0.445110  -0.0000   0.33000000
  0.445822  -0.0000   0.33200000
  0.446888  -0.0000   0.33500000
  0.448481  -0.0000   0.34000000
  0.450859  -0.0000   0.34700000
  0.454406  -0.0000   0.35800000
  0.459689  -0.0000   0.37300000
  0.460953  -0.0000   0.37700000
  0.462215  -0.0000   0.38100000
  0.463461  -0.0000   0.38500000
  0.463874  -0.0000   0.38600000
  0.464287  -0.0000   0.38700000
  0.464700  -0.0000   0.38900000
  0.465318  -0.0000   0.39100000
  0.466243  -0.0000   0.39400000
  0.467625  -0.0000   0.39800000
  0.469689  -0.0000   0.40500000
  0.472769  -0.0000   0.41600000
  0.477359  -0.0000   0.43100000
  0.481923  -0.0000   0.44600000
  0.482603  -0.0000   0.44900000
  0.483282  -0.0000   0.45100000
  0.483932  -0.0000   0.45300000
  0.484567  -0.0000   0.45600000
  0.485202  -0.0000   0.45800000
  0.485835  -0.0000   0.46000000
  0.486467  -0.0000   0.46300000
  0.487412  -0.0000   0.46600000
  0.488826  -0.0000   0.47200000
  0.490938  -0.0000   0.47900000
  0.494090  -0.0000   0.49100000
  0.498788  -0.0000   0.50900000
  0.503459  -0.0000   0.52700000
  0.503908  -0.0000   0.52900000
  0.504325  -0.0000   0.53000000
  0.504741  -0.0000   0.53200000
  0.505157  -0.0000   0.53400000
  0.505572  -0.0000   0.53500000
  0.506193  -0.0000   0.53800000
  0.507123  -0.0000   0.54200000
  0.508512  -0.0000   0.54800000
  0.510588  -0.0000   0.55600000
  0.513687  -0.0000   0.56900000
  0.518306  -0.0000   0.58900000
  0.522899  -0.0000   0.60800000
  0.523487  -0.0000   0.61100000
  0.524075  -0.0000   0.61300000
  0.524627  -0.0000   0.61600000
  0.525172  -0.0000   0.61800000
  0.525716  -0.0000   0.62100000
  0.526260  -0.0000   0.62300000
  0.527073  -0.0000   0.62700000
  0.528289  -0.0000   0.63300000
  0.530106  -0.0000   0.64100000
  0.532819  -0.0000   0.65400000
  0.536865  -0.0000   0.67300000
  0.542292  -0.0000   0.69900000
  0.543011  -0.0000   0.70200000
  0.543730  -0.0000   0.70500000
  0.544447  -0.0000   0.70900000
  0.544885  -0.0000   0.71100000
  0.545320  -0.0000   0.71300000
  0.545755  -0.0000   0.71500000
  0.546406  -0.0000   0.71900000
  0.547379  -0.0000   0.72400000
  0.548834  -0.0000   0.73100000
  0.551007  -0.0000   0.74200000
  0.554250  -0.0000   0.75900000
  0.559084  -0.0000   0.78400000
  0.563890  -0.0000   0.81000000
  0.564412  -0.0000   0.81200000
  0.564924  -0.0000   0.81500000
  0.565411  -0.0000   0.81800000
  0.565899  -0.0000   0.82100000
  0.566385  -0.0000   0.82300000
  0.566871  -0.0000   0.82600000
  0.567598  -0.0000   0.83000000
  0.568685  -0.0000   0.83600000
  0.570311  -0.0000   0.84600000
  0.572739  -0.0000   0.86000000
  0.576363  -0.0000   0.88000000
  0.581764  -0.0000   0.91200000
  0.582921  -0.0000   0.91800000
  0.584076  -0.0000   0.92500000
  0.585221  -0.0000   0.93200000
  0.585667  -0.0000   0.93500000
  0.586113  -0.0000   0.93700000
  0.586558  -0.0000   0.94000000
  0.587003  -0.0000   0.94300000
  0.587669  -0.0000   0.94700000
  0.588665  -0.0000   0.95300000
  0.590154  -0.0000   0.96300000
  0.592380  -0.0000   0.97700000
  0.595702  -0.0000   0.99800000
  0.596083  -0.0000   1.00000000
  0.595962  -0.0000   1.00000000
  0.595962  -0.0000   1.00000000
  0.595962  -0.0000   1.00000000
  0.595962  -0.0000   1.00000000
  0.595962  -0.0000   1.00000000
  0.595962  -0.0000   1.00000000
  0.595961  -0.0000   1.00000000
  0.595961  -0.0000   1.00000000
  0.595961  -0.0000   1.00000000
  0.595961  -0.0000   1.00000000
  0.595961  -0.0000   1.00000000
  0.595960  -0.0000   1.00000000
  0.595960  -0.0000   1.00000000
