  0.000030  -0.0000   0.00000010
  0.000065  -0.0000   0.00000015
  0.000174  -0.0000   0.00000021
  0.000288  -0.0000   0.00000022
  0.001180  -0.0000   0.00000024
  0.006287  -0.0000   0.00000026
  0.006430  -0.0000   0.00000027
  0.006625  -0.0000   0.00000029
  0.006826  -0.0000   0.00000031
  0.007077  -0.0000   0.00000032
  0.007381  -0.0000   0.00000034
  0.007740  -0.0000   0.00000036
  0.008150  -0.0000   0.00000037
  0.008610  -0.0000   0.00000039
  0.009113  -0.0000   0.00000040
  0.009656  -0.0000   0.00000042
  0.010234  -0.0000   0.00000043
  0.011017  -0.0000   0.00000045
  0.011843  -0.0000   0.00000047
  0.012711  -0.0000   0.00000049
  0.013619  -0.0000   0.00000051
  0.014786  -0.0000   0.00000053
  0.015670  -0.0000   0.00000055
  0.016597  -0.0000   0.00000057
  0.017571  -0.0000   0.00000058
  0.018596  -0.0000   0.00000060
  0.019605  -0.0000   0.00000062
  0.019610  -0.0000   0.00000062
  0.019615  -0.0000   0.00000062
  0.019619  -0.0000   0.00000062
  0.019622  -0.0000   0.00000063
  0.019626  -0.0000   0.00000063
  0.019631  -0.0000   0.00000063
  0.019636  -0.0000   0.00000064
  0.019643  -0.0000   0.00000064
  0.019651  -0.0000   0.00000066
  0.019661  -0.0000   0.00000068
  0.019677  -0.0000   0.00000070
  0.019702  -0.0000   0.00000074
  0.019750  -0.0000   0.00000081
  0.019855  -0.0000   0.00000090
  0.020000  -0.0000   0.00000099
  0.020197  -0.0000   0.00000108
  0.020457  -0.0000   0.00000118
  0.020714  -0.0000   0.00000125
  0.021027  -0.0000   0.00000132
  0.021406  -0.0000   0.00000140
  0.021857  -0.0000   0.00000147
  0.022385  -0.0000   0.00000155
  0.022995  -0.0000   0.00000162
  0.023694  -0.0000   0.00000169
  0.024327  -0.0000   0.00000175
  0.025025  -0.0000   0.00000181
  0.025793  -0.0000   0.00000188
  0.026632  -0.0000   0.00000194
  0.027545  -0.0000   0.00000200
  0.028534  -0.0000   0.00000206
  0.029600  -0.0000   0.00000212
  0.030743  -0.0000   0.00000218
  0.031964  -0.0000   0.00000224
  0.033261  -0.0000   0.00000230
  0.034633  -0.0000   0.00000236
  0.034852  -0.0000   0.00000237
  0.035073  -0.0000   0.00000238
  0.035295  -0.0000   0.00000239
  0.035591  -0.0000   0.00000240
  0.035603  -0.0000   0.00000241
  0.035612  -0.0000   0.00000241
  0.035619  -0.0000   0.00000241
  0.035625  -0.0000   0.00000242
  0.035632  -0.0000   0.00000242
  0.035643  -0.0000   0.00000243
  0.035657  -0.0000   0.00000244
  0.035677  -0.0000   0.00000246
  0.035716  -0.0000   0.00000250
  0.035778  -0.0000   0.00000256
  0.035884  -0.0000   0.00000265
  0.036071  -0.0000   0.00000278
  0.036430  -0.0000   0.00000297
  0.036789  -0.0000   0.00000313
  0.037223  -0.0000   0.00000329
  0.037746  -0.0000   0.00000345
  0.038239  -0.0000   0.00000358
  0.038806  -0.0000   0.00000372
  0.039453  -0.0000   0.00000385
  0.040188  -0.0000   0.00000398
  0.041016  -0.0000   0.00000411
  0.041944  -0.0000   0.00000424
  0.042977  -0.0000   0.00000437
  0.044122  -0.0000   0.00000450
  0.045157  -0.0000   0.00000461
  0.046274  -0.0000   0.00000472
  0.047475  -0.0000   0.00000483
  0.048890  -0.0000   0.00000495
  0.050407  -0.0000   0.00000507
  0.052020  -0.0000   0.00000519
  0.052129  -0.0000   0.00000519
  0.052229  -0.0000   0.00000520
  0.052250  -0.0000   0.00000521
  0.052266  -0.0000   0.00000522
  0.052279  -0.0000   0.00000522
  0.052298  -0.0000   0.00000524
  0.052323  -0.0000   0.00000525
  0.052361  -0.0000   0.00000528
  0.052419  -0.0000   0.00000532
  0.052509  -0.0000   0.00000538
  0.052652  -0.0000   0.00000548
  0.052883  -0.0000   0.00000561
  0.053277  -0.0000   0.00000582
  0.053723  -0.0000   0.00000602
  0.054232  -0.0000   0.00000623
  0.054809  -0.0000   0.00000643
  0.055383  -0.0000   0.00000662
  0.056022  -0.0000   0.00000680
  0.056734  -0.0000   0.00000698
  0.057474  -0.0000   0.00000715
  0.058287  -0.0000   0.00000732
  0.059178  -0.0000   0.00000749
  0.060128  -0.0000   0.00000766
  0.061159  -0.0000   0.00000783
  0.062276  -0.0000   0.00000800
  0.063700  -0.0000   0.00000819
  0.064984  -0.0000   0.00000836
  0.066353  -0.0000   0.00000852
  0.067806  -0.0000   0.00000869
  0.068077  -0.0000   0.00000872
  0.068352  -0.0000   0.00000875
  0.068629  -0.0000   0.00000878
  0.068832  -0.0000   0.00000880
  0.068864  -0.0000   0.00000881
  0.068887  -0.0000   0.00000883
  0.068908  -0.0000   0.00000884
  0.068928  -0.0000   0.00000885
  0.068958  -0.0000   0.00000887
  0.069002  -0.0000   0.00000890
  0.069070  -0.0000   0.00000894
  0.069174  -0.0000   0.00000900
  0.069335  -0.0000   0.00000910
  0.069586  -0.0000   0.00000924
  0.069992  -0.0000   0.00000946
  0.070677  -0.0000   0.00000978
  0.071452  -0.0000   0.00001010
  0.072332  -0.0000   0.00001042
  0.073146  -0.0000   0.00001069
  0.074049  -0.0000   0.00001095
  0.075047  -0.0000   0.00001122
  0.076148  -0.0000   0.00001149
  0.077357  -0.0000   0.00001176
  0.078680  -0.0000   0.00001202
  0.080120  -0.0000   0.00001229
  0.081680  -0.0000   0.00001256
  0.083360  -0.0000   0.00001283
  0.085156  -0.0000   0.00001309
  0.085282  -0.0000   0.00001311
  0.085407  -0.0000   0.00001313
  0.085463  -0.0000   0.00001315
  0.085511  -0.0000   0.00001318
  0.085556  -0.0000   0.00001320
  0.085601  -0.0000   0.00001323
  0.085669  -0.0000   0.00001327
  0.085773  -0.0000   0.00001334
  0.085932  -0.0000   0.00001343
  0.086177  -0.0000   0.00001357
  0.086561  -0.0000   0.00001378
  0.087181  -0.0000   0.00001410
  0.087858  -0.0000   0.00001442
  0.088596  -0.0000   0.00001474
  0.089401  -0.0000   0.00001506
  0.090261  -0.0000   0.00001537
  0.091198  -0.0000   0.00001568
  0.092216  -0.0000   0.00001599
  0.093275  -0.0000   0.00001629
  0.094418  -0.0000   0.00001659
  0.095647  -0.0000   0.00001689
  0.096972  -0.0000   0.00001719
  0.098389  -0.0000   0.00001750
  0.099896  -0.0000   0.00001780
  0.101651  -0.0000   0.00001813
  0.101795  -0.0000   0.00001815
  0.101941  -0.0000   0.00001818
  0.102078  -0.0000   0.00001821
  0.102100  -0.0000   0.00001822
  0.102127  -0.0000   0.00001823
  0.102164  -0.0000   0.00001826
  0.102218  -0.0000   0.00001829
  0.102301  -0.0000   0.00001834
  0.102428  -0.0000   0.00001842
  0.102621  -0.0000   0.00001853
  0.102917  -0.0000   0.00001871
  0.103378  -0.0000   0.00001897
  0.104118  -0.0000   0.00001936
  0.104861  -0.0000   0.00001972
  0.105659  -0.0000   0.00002008
  0.106519  -0.0000   0.00002045
  0.107470  -0.0000   0.00002082
  0.108497  -0.0000   0.00002119
  0.109603  -0.0000   0.00002157
  0.110757  -0.0000   0.00002193
  0.111993  -0.0000   0.00002229
  0.113313  -0.0000   0.00002265
  0.114772  -0.0000   0.00002303
  0.116322  -0.0000   0.00002340
  0.117964  -0.0000   0.00002378
  0.118164  -0.0000   0.00002382
  0.118365  -0.0000   0.00002387
  0.118567  -0.0000   0.00002392
  0.118802  -0.0000   0.00002398
  0.118833  -0.0000   0.00002400
  0.118874  -0.0000   0.00002403
  0.118934  -0.0000   0.00002406
  0.119025  -0.0000   0.00002412
  0.119164  -0.0000   0.00002421
  0.119376  -0.0000   0.00002434
  0.119699  -0.0000   0.00002453
  0.120200  -0.0000   0.00002482
  0.120996  -0.0000   0.00002526
  0.121850  -0.0000   0.00002570
  0.122765  -0.0000   0.00002614
  0.123745  -0.0000   0.00002658
  0.124844  -0.0000   0.00002703
  0.126025  -0.0000   0.00002749
  0.127293  -0.0000   0.00002795
  0.128632  -0.0000   0.00002840
  0.130060  -0.0000   0.00002885
  0.131579  -0.0000   0.00002930
  0.133432  -0.0000   0.00002982
  0.135401  -0.0000   0.00003033
  0.135531  -0.0000   0.00003037
  0.135596  -0.0000   0.00003041
  0.135658  -0.0000   0.00003046
  0.135753  -0.0000   0.00003052
  0.135850  -0.0000   0.00003058
  0.135996  -0.0000   0.00003067
  0.136217  -0.0000   0.00003081
  0.136553  -0.0000   0.00003102
  0.137073  -0.0000   0.00003134
  0.137892  -0.0000   0.00003181
  0.138883  -0.0000   0.00003234
  0.139943  -0.0000   0.00003288
  0.141078  -0.0000   0.00003341
  0.142339  -0.0000   0.00003397
  0.143690  -0.0000   0.00003452
  0.145137  -0.0000   0.00003507
  0.146917  -0.0000   0.00003571
  0.148826  -0.0000   0.00003634
  0.150863  -0.0000   0.00003697
  0.151251  -0.0000   0.00003709
  0.151643  -0.0000   0.00003721
  0.152040  -0.0000   0.00003733
  0.152242  -0.0000   0.00003739
  0.152332  -0.0000   0.00003744
  0.152402  -0.0000   0.00003748
  0.152473  -0.0000   0.00003753
  0.152544  -0.0000   0.00003758
  0.152653  -0.0000   0.00003765
  0.152816  -0.0000   0.00003776
  0.153065  -0.0000   0.00003792
  0.153442  -0.0000   0.00003817
  0.154024  -0.0000   0.00003853
  0.154941  -0.0000   0.00003908
  0.155998  -0.0000   0.00003968
  0.157123  -0.0000   0.00004027
  0.158320  -0.0000   0.00004087
  0.159638  -0.0000   0.00004148
  0.161042  -0.0000   0.00004210
  0.162535  -0.0000   0.00004271
  0.164156  -0.0000   0.00004334
  0.165872  -0.0000   0.00004397
  0.167683  -0.0000   0.00004460
  0.168072  -0.0000   0.00004473
  0.168465  -0.0000   0.00004486
  0.168862  -0.0000   0.00004500
  0.169050  -0.0000   0.00004506
  0.169127  -0.0000   0.00004511
  0.169197  -0.0000   0.00004516
  0.169267  -0.0000   0.00004521
  0.169339  -0.0000   0.00004526
  0.169448  -0.0000   0.00004533
  0.169611  -0.0000   0.00004545
  0.169859  -0.0000   0.00004561
  0.170236  -0.0000   0.00004587
  0.170814  -0.0000   0.00004625
  0.171718  -0.0000   0.00004682
  0.172921  -0.0000   0.00004753
  0.174200  -0.0000   0.00004824
  0.175562  -0.0000   0.00004896
  0.177281  -0.0000   0.00004979
  0.179127  -0.0000   0.00005063
  0.181103  -0.0000   0.00005147
  0.183210  -0.0000   0.00005230
  0.185446  -0.0000   0.00005314
  0.185604  -0.0000   0.00005320
  0.185763  -0.0000   0.00005326
  0.185896  -0.0000   0.00005332
  0.186015  -0.0000   0.00005341
  0.186136  -0.0000   0.00005349
  0.186259  -0.0000   0.00005358
  0.186382  -0.0000   0.00005367
  0.186569  -0.0000   0.00005380
  0.186851  -0.0000   0.00005400
  0.187280  -0.0000   0.00005430
  0.187941  -0.0000   0.00005475
  0.188976  -0.0000   0.00005542
  0.190218  -0.0000   0.00005619
  0.191533  -0.0000   0.00005695
  0.192926  -0.0000   0.00005771
  0.194507  -0.0000   0.00005853
  0.196185  -0.0000   0.00005934
  0.197961  -0.0000   0.00006016
  0.200050  -0.0000   0.00006106
  0.202257  -0.0000   0.00006197
  0.202419  -0.0000   0.00006203
  0.202582  -0.0000   0.00006210
  0.202718  -0.0000   0.00006217
  0.202847  -0.0000   0.00006227
  0.202978  -0.0000   0.00006237
  0.203111  -0.0000   0.00006246
  0.203245  -0.0000   0.00006256
  0.203447  -0.0000   0.00006271
  0.203752  -0.0000   0.00006294
  0.204217  -0.0000   0.00006327
  0.204932  -0.0000   0.00006377
  0.206052  -0.0000   0.00006453
  0.207363  -0.0000   0.00006536
  0.208747  -0.0000   0.00006620
  0.210208  -0.0000   0.00006704
  0.211907  -0.0000   0.00006796
  0.213706  -0.0000   0.00006888
  0.215605  -0.0000   0.00006980
  0.217604  -0.0000   0.00007071
  0.219593  -0.0000   0.00007163
  0.219666  -0.0000   0.00007169
  0.219774  -0.0000   0.00007178
  0.219884  -0.0000   0.00007186
  0.219995  -0.0000   0.00007195
  0.220162  -0.0000   0.00007208
  0.220415  -0.0000   0.00007227
  0.220799  -0.0000   0.00007256
  0.221385  -0.0000   0.00007300
  0.222293  -0.0000   0.00007365
  0.223728  -0.0000   0.00007463
  0.225001  -0.0000   0.00007546
  0.226335  -0.0000   0.00007629
  0.227733  -0.0000   0.00007712
  0.229512  -0.0000   0.00007812
  0.231388  -0.0000   0.00007912
  0.233360  -0.0000   0.00008012
  0.235672  -0.0000   0.00008123
  0.235863  -0.0000   0.00008132
  0.236056  -0.0000   0.00008141
  0.236248  -0.0000   0.00008150
  0.236469  -0.0000   0.00008164
  0.236638  -0.0000   0.00008178
  0.236809  -0.0000   0.00008192
  0.236983  -0.0000   0.00008205
  0.237157  -0.0000   0.00008219
  0.237420  -0.0000   0.00008240
  0.237819  -0.0000   0.00008271
  0.238427  -0.0000   0.00008317
  0.239366  -0.0000   0.00008386
  0.240846  -0.0000   0.00008491
  0.242249  -0.0000   0.00008585
  0.243720  -0.0000   0.00008680
  0.245261  -0.0000   0.00008774
  0.247038  -0.0000   0.00008878
  0.248903  -0.0000   0.00008981
  0.250853  -0.0000   0.00009085
  0.253239  -0.0000   0.00009211
  0.253332  -0.0000   0.00009219
  0.253425  -0.0000   0.00009227
  0.253519  -0.0000   0.00009235
  0.253614  -0.0000   0.00009243
  0.253758  -0.0000   0.00009255
  0.253975  -0.0000   0.00009273
  0.254302  -0.0000   0.00009300
  0.254800  -0.0000   0.00009340
  0.255562  -0.0000   0.00009400
  0.256749  -0.0000   0.00009490
  0.258639  -0.0000   0.00009625
  0.260646  -0.0000   0.00009761
  0.262775  -0.0000   0.00009896
  0.264980  -0.0000   0.00010030
  0.267100  -0.0000   0.00010170
  0.269147  -0.0000   0.00010300
  0.269379  -0.0000   0.00010320
  0.269610  -0.0000   0.00010330
  0.269840  -0.0000   0.00010350
  0.270126  -0.0000   0.00010370
  0.270179  -0.0000   0.00010380
  0.270258  -0.0000   0.00010390
  0.270378  -0.0000   0.00010400
  0.270558  -0.0000   0.00010420
  0.270825  -0.0000   0.00010450
  0.271220  -0.0000   0.00010490
  0.271802  -0.0000   0.00010560
  0.272655  -0.0000   0.00010660
  0.273899  -0.0000   0.00010800
  0.275114  -0.0000   0.00010950
  0.276303  -0.0000   0.00011100
  0.277469  -0.0000   0.00011250
  0.279171  -0.0000   0.00011470
  0.281195  -0.0000   0.00011740
  0.283158  -0.0000   0.00012020
  0.285062  -0.0000   0.00012290
  0.286871  -0.0000   0.00012560
  0.286945  -0.0000   0.00012580
  0.287055  -0.0000   0.00012600
  0.287165  -0.0000   0.00012630
  0.287276  -0.0000   0.00012650
  0.287442  -0.0000   0.00012690
  0.287688  -0.0000   0.00012750
  0.288053  -0.0000   0.00012840
  0.288591  -0.0000   0.00012970
  0.289382  -0.0000   0.00013160
  0.290539  -0.0000   0.00013450
  0.291671  -0.0000   0.00013740
  0.292781  -0.0000   0.00014030
  0.293871  -0.0000   0.00014320
  0.295466  -0.0000   0.00014760
  0.297441  -0.0000   0.00015320
  0.299358  -0.0000   0.00015880
  0.301220  -0.0000   0.00016430
  0.303029  -0.0000   0.00016990
  0.303224  -0.0000   0.00017050
  0.303418  -0.0000   0.00017110
  0.303612  -0.0000   0.00017170
  0.303850  -0.0000   0.00017260
  0.303922  -0.0000   0.00017300
  0.304031  -0.0000   0.00017350
  0.304195  -0.0000   0.00017420
  0.304439  -0.0000   0.00017540
  0.304800  -0.0000   0.00017710
  0.305332  -0.0000   0.00017970
  0.306114  -0.0000   0.00018350
  0.307256  -0.0000   0.00018930
  0.308375  -0.0000   0.00019510
  0.309471  -0.0000   0.00020090
  0.310549  -0.0000   0.00020670
  0.312125  -0.0000   0.00021530
  0.314173  -0.0000   0.00022700
  0.316160  -0.0000   0.00023860
  0.318090  -0.0000   0.00025020
  0.319963  -0.0000   0.00026190
  0.320149  -0.0000   0.00026300
  0.320334  -0.0000   0.00026420
  0.320519  -0.0000   0.00026530
  0.320659  -0.0000   0.00026650
  0.320788  -0.0000   0.00026770
  0.320917  -0.0000   0.00026890
  0.321111  -0.0000   0.00027060
  0.321398  -0.0000   0.00027330
  0.321822  -0.0000   0.00027720
  0.322447  -0.0000   0.00028320
  0.323364  -0.0000   0.00029210
  0.324702  -0.0000   0.00030550
  0.326009  -0.0000   0.00031890
  0.327289  -0.0000   0.00033230
  0.328544  -0.0000   0.00034570
  0.330374  -0.0000   0.00036570
  0.332157  -0.0000   0.00038580
  0.334294  -0.0000   0.00041070
  0.336364  -0.0000   0.00043550
  0.336648  -0.0000   0.00043900
  0.336930  -0.0000   0.00044240
  0.337212  -0.0000   0.00044580
  0.337511  -0.0000   0.00044990
  0.337570  -0.0000   0.00045090
  0.337629  -0.0000   0.00045190
  0.337718  -0.0000   0.00045350
  0.337852  -0.0000   0.00045580
  0.338052  -0.0000   0.00045920
  0.338348  -0.0000   0.00046440
  0.338786  -0.0000   0.00047220
  0.339431  -0.0000   0.00048380
  0.340377  -0.0000   0.00050130
  0.341719  -0.0000   0.00052670
  0.343031  -0.0000   0.00055220
  0.344316  -0.0000   0.00057760
  0.345577  -0.0000   0.00060310
  0.347416  -0.0000   0.00064120
  0.349477  -0.0000   0.00068530
  0.351477  -0.0000   0.00072940
  0.353420  -0.0000   0.00077340
  0.353684  -0.0000   0.00077940
  0.353947  -0.0000   0.00078540
  0.354209  -0.0000   0.00079150
  0.354409  -0.0000   0.00079680
  0.354451  -0.0000   0.00079810
  0.354493  -0.0000   0.00079950
  0.354557  -0.0000   0.00080150
  0.354652  -0.0000   0.00080450
  0.354795  -0.0000   0.00080890
  0.355007  -0.0000   0.00081570
  0.355321  -0.0000   0.00082580
  0.355787  -0.0000   0.00084100
  0.356472  -0.0000   0.00086380
  0.357477  -0.0000   0.00089790
  0.358792  -0.0000   0.00094370
  0.360079  -0.0000   0.00098950
  0.361341  -0.0000   0.00103500
  0.362579  -0.0000   0.00108100
  0.364388  -0.0000   0.00115000
  0.366532  -0.0000   0.00123400
  0.368612  -0.0000   0.00131800
  0.370633  -0.0000   0.00140200
  0.370840  -0.0000   0.00141100
  0.371047  -0.0000   0.00141900
  0.371242  -0.0000   0.00142800
  0.371299  -0.0000   0.00143100
  0.371385  -0.0000   0.00143600
  0.371515  -0.0000   0.00144300
  0.371709  -0.0000   0.00145400
  0.371998  -0.0000   0.00147100
  0.372424  -0.0000   0.00149500
  0.373052  -0.0000   0.00153200
  0.373975  -0.0000   0.00158800
  0.375241  -0.0000   0.00166600
  0.376481  -0.0000   0.00174400
  0.377697  -0.0000   0.00182200
  0.378891  -0.0000   0.00190000
  0.380636  -0.0000   0.00201700
  0.382727  -0.0000   0.00216100
  0.384757  -0.0000   0.00230500
  0.386731  -0.0000   0.00244900
  0.387167  -0.0000   0.00248100
  0.387599  -0.0000   0.00251400
  0.388030  -0.0000   0.00254600
  0.388180  -0.0000   0.00255900
  0.388320  -0.0000   0.00257300
  0.388461  -0.0000   0.00258700
  0.388670  -0.0000   0.00260700
  0.388981  -0.0000   0.00263800
  0.389441  -0.0000   0.00268500
  0.390120  -0.0000   0.00275500
  0.391115  -0.0000   0.00285900
  0.392380  -0.0000   0.00299500
  0.393618  -0.0000   0.00313000
  0.394833  -0.0000   0.00326600
  0.396027  -0.0000   0.00340200
  0.397772  -0.0000   0.00360500
  0.399961  -0.0000   0.00386900
  0.402085  -0.0000   0.00413200
  0.404149  -0.0000   0.00439500
  0.404398  -0.0000   0.00442700
  0.404647  -0.0000   0.00445900
  0.404895  -0.0000   0.00449100
  0.405066  -0.0000   0.00451800
  0.405227  -0.0000   0.00454500
  0.405388  -0.0000   0.00457200
  0.405627  -0.0000   0.00461200
  0.405982  -0.0000   0.00467200
  0.406506  -0.0000   0.00476200
  0.407278  -0.0000   0.00489800
  0.408411  -0.0000   0.00510100
  0.409639  -0.0000   0.00532700
  0.410844  -0.0000   0.00555200
  0.412028  -0.0000   0.00577700
  0.413759  -0.0000   0.00611500
  0.415748  -0.0000   0.00651500
  0.417684  -0.0000   0.00691400
  0.419570  -0.0000   0.00731400
  0.421411  -0.0000   0.00771300
  0.421617  -0.0000   0.00775800
  0.421822  -0.0000   0.00780300
  0.421987  -0.0000   0.00784800
  0.422148  -0.0000   0.00789200
  0.422310  -0.0000   0.00793700
  0.422470  -0.0000   0.00798200
  0.422709  -0.0000   0.00804900
  0.423064  -0.0000   0.00815000
  0.423588  -0.0000   0.00830100
  0.424362  -0.0000   0.00852800
  0.425499  -0.0000   0.00886900
  0.426846  -0.0000   0.00928100
  0.428165  -0.0000   0.00969400
  0.429460  -0.0000   0.01011000
  0.431231  -0.0000   0.01069000
  0.432961  -0.0000   0.01126000
  0.435134  -0.0000   0.01201000
  0.437249  -0.0000   0.01276000
  0.437728  -0.0000   0.01294000
  0.438204  -0.0000   0.01311000
  0.438677  -0.0000   0.01328000
  0.438839  -0.0000   0.01335000
  0.438996  -0.0000   0.01342000
  0.439152  -0.0000   0.01349000
  0.439385  -0.0000   0.01360000
  0.439731  -0.0000   0.01376000
  0.440243  -0.0000   0.01400000
  0.440997  -0.0000   0.01435000
  0.442105  -0.0000   0.01489000
  0.443374  -0.0000   0.01552000
  0.444619  -0.0000   0.01615000
  0.445840  -0.0000   0.01678000
  0.447617  -0.0000   0.01772000
  0.449351  -0.0000   0.01866000
  0.451484  -0.0000   0.01985000
  0.453560  -0.0000   0.02104000
  0.455587  -0.0000   0.02223000
  0.455744  -0.0000   0.02234000
  0.455898  -0.0000   0.02245000
  0.456052  -0.0000   0.02256000
  0.456281  -0.0000   0.02273000
  0.456622  -0.0000   0.02298000
  0.457126  -0.0000   0.02336000
  0.457869  -0.0000   0.02392000
  0.458961  -0.0000   0.02477000
  0.460260  -0.0000   0.02580000
  0.461533  -0.0000   0.02683000
  0.462783  -0.0000   0.02786000
  0.464546  -0.0000   0.02936000
  0.466268  -0.0000   0.03085000
  0.468414  -0.0000   0.03276000
  0.470505  -0.0000   0.03467000
  0.472537  -0.0000   0.03658000
  0.472562  -0.0000   0.03661000
  0.472601  -0.0000   0.03666000
  0.472660  -0.0000   0.03673000
  0.472748  -0.0000   0.03683000
  0.472880  -0.0000   0.03698000
  0.473077  -0.0000   0.03721000
  0.473369  -0.0000   0.03755000
  0.473803  -0.0000   0.03806000
  0.474443  -0.0000   0.03882000
  0.475387  -0.0000   0.03997000
  0.476606  -0.0000   0.04149000
  0.477803  -0.0000   0.04300000
  0.478978  -0.0000   0.04452000
  0.480581  -0.0000   0.04664000
  0.482149  -0.0000   0.04875000
  0.484263  -0.0000   0.05168000
  0.486325  -0.0000   0.05461000
  0.488341  -0.0000   0.05755000
  0.488744  -0.0000   0.05814000
  0.489146  -0.0000   0.05872000
  0.489534  -0.0000   0.05931000
  0.489565  -0.0000   0.05937000
  0.489612  -0.0000   0.05945000
  0.489682  -0.0000   0.05958000
  0.489787  -0.0000   0.05976000
  0.489944  -0.0000   0.06004000
  0.490178  -0.0000   0.06046000
  0.490526  -0.0000   0.06109000
  0.491041  -0.0000   0.06204000
  0.492050  -0.0000   0.06392000
  0.493371  -0.0000   0.06645000
  0.494664  -0.0000   0.06898000
  0.495933  -0.0000   0.07151000
  0.497180  -0.0000   0.07403000
  0.499004  -0.0000   0.07783000
  0.501184  -0.0000   0.08249000
  0.503310  -0.0000   0.08715000
  0.505387  -0.0000   0.09181000
  0.505702  -0.0000   0.09252000
  0.506016  -0.0000   0.09323000
  0.506318  -0.0000   0.09394000
  0.506342  -0.0000   0.09400000
  0.506379  -0.0000   0.09410000
  0.506435  -0.0000   0.09425000
  0.506518  -0.0000   0.09448000
  0.506642  -0.0000   0.09481000
  0.506828  -0.0000   0.09532000
  0.507104  -0.0000   0.09608000
  0.507513  -0.0000   0.09721000
  0.508119  -0.0000   0.09892000
  0.509013  -0.0000   0.10100000
  0.510324  -0.0000   0.10500000
  0.511609  -0.0000   0.10900000
  0.512870  -0.0000   0.11300000
  0.514109  -0.0000   0.11700000
  0.515923  -0.0000   0.12300000
  0.518191  -0.0000   0.13000000
  0.520403  -0.0000   0.13700000
  0.522564  -0.0000   0.14500000
  0.522826  -0.0000   0.14600000
  0.523087  -0.0000   0.14700000
  0.523313  -0.0000   0.14700000
  0.523368  -0.0000   0.14800000
  0.523451  -0.0000   0.14800000
  0.523574  -0.0000   0.14900000
  0.523759  -0.0000   0.14900000
  0.524034  -0.0000   0.15000000
  0.524442  -0.0000   0.15200000
  0.525046  -0.0000   0.15500000
  0.525937  -0.0000   0.15900000
  0.527245  -0.0000   0.16400000
  0.528528  -0.0000   0.17000000
  0.529787  -0.0000   0.17600000
  0.531024  -0.0000   0.18200000
  0.532836  -0.0000   0.19000000
  0.534758  -0.0000   0.20000000
  0.536640  -0.0000   0.20900000
  0.538486  -0.0000   0.21800000
  0.539005  -0.0000   0.22100000
  0.539522  -0.0000   0.22400000
  0.540029  -0.0000   0.22600000
  0.540070  -0.0000   0.22700000
  0.540132  -0.0000   0.22700000
  0.540224  -0.0000   0.22800000
  0.540362  -0.0000   0.22800000
  0.540569  -0.0000   0.23000000
  0.540876  -0.0000   0.23200000
  0.541331  -0.0000   0.23400000
  0.542005  -0.0000   0.23900000
  0.542997  -0.0000   0.24500000
  0.544405  -0.0000   0.25400000
  0.545785  -0.0000   0.26400000
  0.547138  -0.0000   0.27300000
  0.548468  -0.0000   0.28200000
  0.550413  -0.0000   0.29600000
  0.552703  -0.0000   0.31300000
  0.554939  -0.0000   0.33000000
  0.556194  -0.0000   0.33900000
  0.556638  -0.0000   0.34300000
  0.557050  -0.0000   0.34600000
  0.557073  -0.0000   0.34600000
  0.557109  -0.0000   0.34700000
  0.557162  -0.0000   0.34700000
  0.557243  -0.0000   0.34800000
  0.557363  -0.0000   0.34900000
  0.557542  -0.0000   0.35100000
  0.557809  -0.0000   0.35300000
  0.558205  -0.0000   0.35700000
  0.558792  -0.0000   0.36200000
  0.559659  -0.0000   0.37000000
  0.560933  -0.0000   0.38200000
  0.562428  -0.0000   0.39700000
  0.563893  -0.0000   0.41200000
  0.565329  -0.0000   0.42700000
  0.567308  -0.0000   0.44700000
  0.569245  -0.0000   0.46800000
  0.571144  -0.0000   0.48900000
  0.573008  -0.0000   0.51000000
  0.573297  -0.0000   0.51300000
  0.573586  -0.0000   0.51600000
  0.573859  -0.0000   0.51900000
  0.573882  -0.0000   0.52000000
  0.573917  -0.0000   0.52000000
  0.573970  -0.0000   0.52100000
  0.574049  -0.0000   0.52200000
  0.574167  -0.0000   0.52300000
  0.574343  -0.0000   0.52600000
  0.574606  -0.0000   0.52900000
  0.574996  -0.0000   0.53400000
  0.575574  -0.0000   0.54200000
  0.576428  -0.0000   0.55400000
  0.577682  -0.0000   0.57100000
  0.579178  -0.0000   0.59300000
  0.580643  -0.0000   0.61400000
  0.582080  -0.0000   0.63500000
  0.584054  -0.0000   0.66500000
  0.585987  -0.0000   0.69500000
  0.588258  -0.0000   0.73100000
  0.590481  -0.0000   0.76800000
  0.590711  -0.0000   0.77100000
  0.590763  -0.0000   0.77200000
  0.590815  -0.0000   0.77300000
  0.590893  -0.0000   0.77500000
  0.591010  -0.0000   0.77700000
  0.591184  -0.0000   0.78000000
  0.591444  -0.0000   0.78500000
  0.591829  -0.0000   0.79300000
  0.592401  -0.0000   0.80400000
  0.593246  -0.0000   0.82000000
  0.594487  -0.0000   0.84500000
  0.595991  -0.0000   0.87600000
  0.597465  -0.0000   0.90700000
  0.598911  -0.0000   0.93700000
  0.600888  -0.0000   0.98100000
  0.601770  -0.0000   1.00000000
  0.601505  -0.0000   1.00000000
  0.601505  -0.0000   1.00000000
  0.601505  -0.0000   1.00000000
  0.601505  -0.0000   1.00000000
  0.601505  -0.0000   1.00000000
  0.601505  -0.0000   1.00000000
  0.601505  -0.0000   1.00000000
  0.601505  -0.0000   1.00000000
  0.601505  -0.0000   1.00000000
  0.601505  -0.0000   1.00000000
  0.601505  -0.0000   1.00000000
  0.601504  -0.0000   1.00000000
  0.601504  -0.0000   1.00000000
  0.601503  -0.0000   1.00000000
  0.601502  -0.0000   1.00000000
  0.601502  -0.0000   1.00000000
