  0.000021  -0.0000   0.00000010
  0.000051  -0.0000   0.00000020
  0.000157  -0.0000   0.00000030
  0.000999  -0.0000   0.00000040
  0.004234  -0.0000   0.00000044
  0.006255  -0.0000   0.00000045
  0.006277  -0.0000   0.00000046
  0.006307  -0.0000   0.00000047
  0.006362  -0.0000   0.00000050
  0.006473  -0.0000   0.00000053
  0.006624  -0.0000   0.00000056
  0.006821  -0.0000   0.00000060
  0.007072  -0.0000   0.00000063
  0.007384  -0.0000   0.00000066
  0.007695  -0.0000   0.00000069
  0.008054  -0.0000   0.00000072
  0.008465  -0.0000   0.00000075
  0.008924  -0.0000   0.00000078
  0.009432  -0.0000   0.00000081
  0.009984  -0.0000   0.00000083
  0.010578  -0.0000   0.00000086
  0.011211  -0.0000   0.00000089
  0.012013  -0.0000   0.00000093
  0.012857  -0.0000   0.00000096
  0.013739  -0.0000   0.00000099
  0.014655  -0.0000   0.00000103
  0.015891  -0.0000   0.00000107
  0.017180  -0.0000   0.00000111
  0.018521  -0.0000   0.00000116
  0.018742  -0.0000   0.00000117
  0.018965  -0.0000   0.00000117
  0.019190  -0.0000   0.00000118
  0.019520  -0.0000   0.00000119
  0.019526  -0.0000   0.00000119
  0.019530  -0.0000   0.00000120
  0.019534  -0.0000   0.00000120
  0.019537  -0.0000   0.00000120
  0.019541  -0.0000   0.00000120
  0.019545  -0.0000   0.00000121
  0.019551  -0.0000   0.00000122
  0.019558  -0.0000   0.00000123
  0.019567  -0.0000   0.00000125
  0.019578  -0.0000   0.00000128
  0.019593  -0.0000   0.00000132
  0.019613  -0.0000   0.00000139
  0.019645  -0.0000   0.00000148
  0.019706  -0.0000   0.00000162
  0.019847  -0.0000   0.00000184
  0.019969  -0.0000   0.00000198
  0.020127  -0.0000   0.00000212
  0.020328  -0.0000   0.00000227
  0.020550  -0.0000   0.00000239
  0.020819  -0.0000   0.00000252
  0.021140  -0.0000   0.00000265
  0.021471  -0.0000   0.00000276
  0.021851  -0.0000   0.00000288
  0.022282  -0.0000   0.00000299
  0.022794  -0.0000   0.00000311
  0.023367  -0.0000   0.00000323
  0.024003  -0.0000   0.00000335
  0.024704  -0.0000   0.00000347
  0.025472  -0.0000   0.00000359
  0.026308  -0.0000   0.00000371
  0.027215  -0.0000   0.00000382
  0.028196  -0.0000   0.00000395
  0.029253  -0.0000   0.00000406
  0.030388  -0.0000   0.00000418
  0.031401  -0.0000   0.00000428
  0.032471  -0.0000   0.00000438
  0.033599  -0.0000   0.00000449
  0.034901  -0.0000   0.00000460
  0.035018  -0.0000   0.00000460
  0.035136  -0.0000   0.00000461
  0.035254  -0.0000   0.00000462
  0.035432  -0.0000   0.00000464
  0.035497  -0.0000   0.00000465
  0.035511  -0.0000   0.00000465
  0.035522  -0.0000   0.00000466
  0.035534  -0.0000   0.00000467
  0.035545  -0.0000   0.00000468
  0.035559  -0.0000   0.00000470
  0.035577  -0.0000   0.00000472
  0.035601  -0.0000   0.00000476
  0.035637  -0.0000   0.00000482
  0.035690  -0.0000   0.00000490
  0.035809  -0.0000   0.00000507
  0.036107  -0.0000   0.00000540
  0.036475  -0.0000   0.00000574
  0.036925  -0.0000   0.00000607
  0.037469  -0.0000   0.00000640
  0.037946  -0.0000   0.00000666
  0.038492  -0.0000   0.00000691
  0.039114  -0.0000   0.00000717
  0.039817  -0.0000   0.00000742
  0.040608  -0.0000   0.00000768
  0.041493  -0.0000   0.00000793
  0.042479  -0.0000   0.00000819
  0.043571  -0.0000   0.00000844
  0.044545  -0.0000   0.00000865
  0.045597  -0.0000   0.00000886
  0.046730  -0.0000   0.00000907
  0.048089  -0.0000   0.00000931
  0.049550  -0.0000   0.00000954
  0.051113  -0.0000   0.00000977
  0.051612  -0.0000   0.00000985
  0.052121  -0.0000   0.00000992
  0.052321  -0.0000   0.00000995
  0.052408  -0.0000   0.00000997
  0.052437  -0.0000   0.00000999
  0.052461  -0.0000   0.00001001
  0.052491  -0.0000   0.00001005
  0.052519  -0.0000   0.00001008
  0.052560  -0.0000   0.00001013
  0.052622  -0.0000   0.00001021
  0.052719  -0.0000   0.00001032
  0.052873  -0.0000   0.00001049
  0.053125  -0.0000   0.00001074
  0.053554  -0.0000   0.00001112
  0.054071  -0.0000   0.00001152
  0.054657  -0.0000   0.00001192
  0.055321  -0.0000   0.00001233
  0.055991  -0.0000   0.00001269
  0.056736  -0.0000   0.00001306
  0.057561  -0.0000   0.00001342
  0.058426  -0.0000   0.00001377
  0.059374  -0.0000   0.00001412
  0.060410  -0.0000   0.00001447
  0.061537  -0.0000   0.00001481
  0.062760  -0.0000   0.00001516
  0.064082  -0.0000   0.00001551
  0.065505  -0.0000   0.00001586
  0.067030  -0.0000   0.00001621
  0.068657  -0.0000   0.00001655
  0.068815  -0.0000   0.00001659
  0.068974  -0.0000   0.00001662
  0.069134  -0.0000   0.00001665
  0.069289  -0.0000   0.00001670
  0.069345  -0.0000   0.00001675
  0.069393  -0.0000   0.00001681
  0.069438  -0.0000   0.00001686
  0.069484  -0.0000   0.00001691
  0.069552  -0.0000   0.00001698
  0.069659  -0.0000   0.00001710
  0.069825  -0.0000   0.00001727
  0.070088  -0.0000   0.00001752
  0.070513  -0.0000   0.00001790
  0.071226  -0.0000   0.00001848
  0.071812  -0.0000   0.00001891
  0.072449  -0.0000   0.00001935
  0.073142  -0.0000   0.00001978
  0.074004  -0.0000   0.00002027
  0.074950  -0.0000   0.00002076
  0.075983  -0.0000   0.00002125
  0.077052  -0.0000   0.00002172
  0.078211  -0.0000   0.00002219
  0.079463  -0.0000   0.00002266
  0.080811  -0.0000   0.00002313
  0.082257  -0.0000   0.00002359
  0.083804  -0.0000   0.00002406
  0.085450  -0.0000   0.00002453
  0.085622  -0.0000   0.00002458
  0.085795  -0.0000   0.00002463
  0.085970  -0.0000   0.00002468
  0.086120  -0.0000   0.00002474
  0.086184  -0.0000   0.00002480
  0.086241  -0.0000   0.00002486
  0.086295  -0.0000   0.00002492
  0.086350  -0.0000   0.00002498
  0.086435  -0.0000   0.00002507
  0.086564  -0.0000   0.00002521
  0.086766  -0.0000   0.00002541
  0.087080  -0.0000   0.00002571
  0.087582  -0.0000   0.00002617
  0.088407  -0.0000   0.00002686
  0.089101  -0.0000   0.00002740
  0.089847  -0.0000   0.00002794
  0.090649  -0.0000   0.00002847
  0.091679  -0.0000   0.00002911
  0.092798  -0.0000   0.00002974
  0.094013  -0.0000   0.00003037
  0.095327  -0.0000   0.00003101
  0.096746  -0.0000   0.00003164
  0.098273  -0.0000   0.00003227
  0.099909  -0.0000   0.00003291
  0.101656  -0.0000   0.00003354
  0.102142  -0.0000   0.00003371
  0.102636  -0.0000   0.00003389
  0.103047  -0.0000   0.00003406
  0.103095  -0.0000   0.00003410
  0.103156  -0.0000   0.00003417
  0.103214  -0.0000   0.00003423
  0.103273  -0.0000   0.00003430
  0.103362  -0.0000   0.00003440
  0.103499  -0.0000   0.00003454
  0.103711  -0.0000   0.00003476
  0.104040  -0.0000   0.00003509
  0.104557  -0.0000   0.00003559
  0.105392  -0.0000   0.00003633
  0.106246  -0.0000   0.00003703
  0.107163  -0.0000   0.00003774
  0.108148  -0.0000   0.00003844
  0.109221  -0.0000   0.00003916
  0.110373  -0.0000   0.00003987
  0.111608  -0.0000   0.00004059
  0.112892  -0.0000   0.00004128
  0.114259  -0.0000   0.00004198
  0.115713  -0.0000   0.00004267
  0.117583  -0.0000   0.00004351
  0.119260  -0.0000   0.00004422
  0.119465  -0.0000   0.00004430
  0.119672  -0.0000   0.00004439
  0.119880  -0.0000   0.00004448
  0.120028  -0.0000   0.00004456
  0.120107  -0.0000   0.00004464
  0.120180  -0.0000   0.00004472
  0.120291  -0.0000   0.00004485
  0.120403  -0.0000   0.00004497
  0.120576  -0.0000   0.00004516
  0.120842  -0.0000   0.00004544
  0.121254  -0.0000   0.00004586
  0.121901  -0.0000   0.00004649
  0.122945  -0.0000   0.00004744
  0.123874  -0.0000   0.00004823
  0.124863  -0.0000   0.00004902
  0.125916  -0.0000   0.00004981
  0.127185  -0.0000   0.00005070
  0.128544  -0.0000   0.00005159
  0.129997  -0.0000   0.00005248
  0.131506  -0.0000   0.00005334
  0.133109  -0.0000   0.00005421
  0.134807  -0.0000   0.00005508
  0.136599  -0.0000   0.00005595
  0.136757  -0.0000   0.00005602
  0.136916  -0.0000   0.00005610
  0.137038  -0.0000   0.00005618
  0.137140  -0.0000   0.00005629
  0.137237  -0.0000   0.00005640
  0.137336  -0.0000   0.00005652
  0.137436  -0.0000   0.00005663
  0.137590  -0.0000   0.00005680
  0.137824  -0.0000   0.00005706
  0.138185  -0.0000   0.00005745
  0.138744  -0.0000   0.00005803
  0.139628  -0.0000   0.00005890
  0.140782  -0.0000   0.00005996
  0.142015  -0.0000   0.00006102
  0.143335  -0.0000   0.00006208
  0.145039  -0.0000   0.00006334
  0.146528  -0.0000   0.00006438
  0.148112  -0.0000   0.00006541
  0.149794  -0.0000   0.00006645
  0.151575  -0.0000   0.00006748
  0.153454  -0.0000   0.00006852
  0.153638  -0.0000   0.00006862
  0.153822  -0.0000   0.00006872
  0.154008  -0.0000   0.00006882
  0.154118  -0.0000   0.00006892
  0.154198  -0.0000   0.00006901
  0.154275  -0.0000   0.00006911
  0.154393  -0.0000   0.00006925
  0.154575  -0.0000   0.00006946
  0.154853  -0.0000   0.00006978
  0.155281  -0.0000   0.00007026
  0.155946  -0.0000   0.00007097
  0.157000  -0.0000   0.00007205
  0.158140  -0.0000   0.00007315
  0.159349  -0.0000   0.00007425
  0.160630  -0.0000   0.00007534
  0.162106  -0.0000   0.00007654
  0.163676  -0.0000   0.00007773
  0.165341  -0.0000   0.00007892
  0.167398  -0.0000   0.00008029
  0.169208  -0.0000   0.00008145
  0.171110  -0.0000   0.00008260
  0.171190  -0.0000   0.00008268
  0.171257  -0.0000   0.00008276
  0.171324  -0.0000   0.00008285
  0.171424  -0.0000   0.00008297
  0.171579  -0.0000   0.00008316
  0.171815  -0.0000   0.00008344
  0.172177  -0.0000   0.00008387
  0.172734  -0.0000   0.00008450
  0.173603  -0.0000   0.00008546
  0.174990  -0.0000   0.00008689
  0.176467  -0.0000   0.00008832
  0.178041  -0.0000   0.00008975
  0.179717  -0.0000   0.00009118
  0.181500  -0.0000   0.00009261
  0.183391  -0.0000   0.00009404
  0.185393  -0.0000   0.00009547
  0.187505  -0.0000   0.00009690
  0.187699  -0.0000   0.00009703
  0.187895  -0.0000   0.00009716
  0.188091  -0.0000   0.00009729
  0.188260  -0.0000   0.00009744
  0.188378  -0.0000   0.00009760
  0.188495  -0.0000   0.00009775
  0.188674  -0.0000   0.00009797
  0.188857  -0.0000   0.00009820
  0.189136  -0.0000   0.00009854
  0.189561  -0.0000   0.00009906
  0.190218  -0.0000   0.00009982
  0.191181  -0.0000   0.00010100
  0.192581  -0.0000   0.00010270
  0.194285  -0.0000   0.00010490
  0.195945  -0.0000   0.00010700
  0.197565  -0.0000   0.00010920
  0.199538  -0.0000   0.00011190
  0.201457  -0.0000   0.00011460
  0.203641  -0.0000   0.00011780
  0.204150  -0.0000   0.00011860
  0.204654  -0.0000   0.00011930
  0.205154  -0.0000   0.00012010
  0.205310  -0.0000   0.00012030
  0.205404  -0.0000   0.00012060
  0.205495  -0.0000   0.00012080
  0.205633  -0.0000   0.00012120
  0.205772  -0.0000   0.00012160
  0.205980  -0.0000   0.00012220
  0.206290  -0.0000   0.00012300
  0.206751  -0.0000   0.00012430
  0.207429  -0.0000   0.00012620
  0.208424  -0.0000   0.00012910
  0.209877  -0.0000   0.00013350
  0.211831  -0.0000   0.00013950
  0.213731  -0.0000   0.00014550
  0.215582  -0.0000   0.00015160
  0.217388  -0.0000   0.00015760
  0.219150  -0.0000   0.00016360
  0.221412  -0.0000   0.00017160
  0.221642  -0.0000   0.00017240
  0.221871  -0.0000   0.00017320
  0.222099  -0.0000   0.00017400
  0.222413  -0.0000   0.00017520
  0.222488  -0.0000   0.00017570
  0.222597  -0.0000   0.00017640
  0.222708  -0.0000   0.00017710
  0.222819  -0.0000   0.00017780
  0.222986  -0.0000   0.00017880
  0.223235  -0.0000   0.00018030
  0.223605  -0.0000   0.00018270
  0.224153  -0.0000   0.00018610
  0.224959  -0.0000   0.00019130
  0.226140  -0.0000   0.00019920
  0.227862  -0.0000   0.00021090
  0.229541  -0.0000   0.00022260
  0.231183  -0.0000   0.00023440
  0.232788  -0.0000   0.00024610
  0.234863  -0.0000   0.00026170
  0.236882  -0.0000   0.00027730
  0.239144  -0.0000   0.00029530
  0.239310  -0.0000   0.00029660
  0.239472  -0.0000   0.00029790
  0.239572  -0.0000   0.00029920
  0.239672  -0.0000   0.00030060
  0.239772  -0.0000   0.00030190
  0.239873  -0.0000   0.00030320
  0.240025  -0.0000   0.00030520
  0.240251  -0.0000   0.00030820
  0.240588  -0.0000   0.00031260
  0.241087  -0.0000   0.00031930
  0.241821  -0.0000   0.00032930
  0.242900  -0.0000   0.00034440
  0.244475  -0.0000   0.00036690
  0.246014  -0.0000   0.00038950
  0.247522  -0.0000   0.00041210
  0.248999  -0.0000   0.00043460
  0.251127  -0.0000   0.00046800
  0.253198  -0.0000   0.00050140
  0.255214  -0.0000   0.00053480
  0.255600  -0.0000   0.00054130
  0.255984  -0.0000   0.00054770
  0.256366  -0.0000   0.00055410
  0.256549  -0.0000   0.00055750
  0.256677  -0.0000   0.00056090
  0.256805  -0.0000   0.00056430
  0.256935  -0.0000   0.00056770
  0.257064  -0.0000   0.00057120
  0.257258  -0.0000   0.00057630
  0.257546  -0.0000   0.00058390
  0.257973  -0.0000   0.00059540
  0.258604  -0.0000   0.00061270
  0.259532  -0.0000   0.00063860
  0.260892  -0.0000   0.00067740
  0.262646  -0.0000   0.00072890
  0.264360  -0.0000   0.00078030
  0.266037  -0.0000   0.00083170
  0.267679  -0.0000   0.00088320
  0.269829  -0.0000   0.00095240
  0.271921  -0.0000   0.00102200
  0.272329  -0.0000   0.00103500
  0.272734  -0.0000   0.00104900
  0.273137  -0.0000   0.00106200
  0.273672  -0.0000   0.00108300
  0.273770  -0.0000   0.00108800
  0.273920  -0.0000   0.00109500
  0.274069  -0.0000   0.00110300
  0.274219  -0.0000   0.00111100
  0.274443  -0.0000   0.00112200
  0.274775  -0.0000   0.00113900
  0.275267  -0.0000   0.00116500
  0.275993  -0.0000   0.00120400
  0.277061  -0.0000   0.00126100
  0.278623  -0.0000   0.00134800
  0.280152  -0.0000   0.00143500
  0.281651  -0.0000   0.00152200
  0.283122  -0.0000   0.00160900
  0.285264  -0.0000   0.00173900
  0.287351  -0.0000   0.00186900
  0.289385  -0.0000   0.00199900
  0.289764  -0.0000   0.00202300
  0.290141  -0.0000   0.00204700
  0.290517  -0.0000   0.00207200
  0.290703  -0.0000   0.00208500
  0.290845  -0.0000   0.00209900
  0.290988  -0.0000   0.00211200
  0.291132  -0.0000   0.00212600
  0.291346  -0.0000   0.00214600
  0.291666  -0.0000   0.00217700
  0.292139  -0.0000   0.00222200
  0.292837  -0.0000   0.00229100
  0.293864  -0.0000   0.00239300
  0.295368  -0.0000   0.00254700
  0.296841  -0.0000   0.00270200
  0.298286  -0.0000   0.00285600
  0.299705  -0.0000   0.00301000
  0.301780  -0.0000   0.00324100
  0.303803  -0.0000   0.00347200
  0.306209  -0.0000   0.00375500
  0.306584  -0.0000   0.00379900
  0.306957  -0.0000   0.00384300
  0.307328  -0.0000   0.00388800
  0.307757  -0.0000   0.00394300
  0.307838  -0.0000   0.00395700
  0.307920  -0.0000   0.00397100
  0.308043  -0.0000   0.00399200
  0.308227  -0.0000   0.00402300
  0.308501  -0.0000   0.00406900
  0.308909  -0.0000   0.00413900
  0.309511  -0.0000   0.00424400
  0.310399  -0.0000   0.00440200
  0.311702  -0.0000   0.00463800
  0.313207  -0.0000   0.00491800
  0.314684  -0.0000   0.00519700
  0.316134  -0.0000   0.00547600
  0.318048  -0.0000   0.00585400
  0.319918  -0.0000   0.00623100
  0.322301  -0.0000   0.00672600
  0.324617  -0.0000   0.00722100
  0.324793  -0.0000   0.00725900
  0.324825  -0.0000   0.00726800
  0.324857  -0.0000   0.00727800
  0.324905  -0.0000   0.00729200
  0.324977  -0.0000   0.00731300
  0.325086  -0.0000   0.00734500
  0.325249  -0.0000   0.00739300
  0.325493  -0.0000   0.00746400
  0.325854  -0.0000   0.00757200
  0.326389  -0.0000   0.00773300
  0.327179  -0.0000   0.00797500
  0.328339  -0.0000   0.00833800
  0.329889  -0.0000   0.00883400
  0.331408  -0.0000   0.00933000
  0.332899  -0.0000   0.00982600
  0.334363  -0.0000   0.01032000
  0.336504  -0.0000   0.01107000
  0.338592  -0.0000   0.01181000
  0.341062  -0.0000   0.01272000
  0.341286  -0.0000   0.01280000
  0.341510  -0.0000   0.01288000
  0.341733  -0.0000   0.01296000
  0.341929  -0.0000   0.01305000
  0.341972  -0.0000   0.01307000
  0.342017  -0.0000   0.01310000
  0.342083  -0.0000   0.01313000
  0.342183  -0.0000   0.01318000
  0.342332  -0.0000   0.01325000
  0.342555  -0.0000   0.01336000
  0.342886  -0.0000   0.01353000
  0.343377  -0.0000   0.01378000
  0.344103  -0.0000   0.01415000
  0.345170  -0.0000   0.01472000
  0.346735  -0.0000   0.01556000
  0.348268  -0.0000   0.01640000
  0.349773  -0.0000   0.01724000
  0.351251  -0.0000   0.01809000
  0.353409  -0.0000   0.01935000
  0.355515  -0.0000   0.02061000
  0.357571  -0.0000   0.02187000
  0.357985  -0.0000   0.02213000
  0.358398  -0.0000   0.02239000
  0.358809  -0.0000   0.02264000
  0.358977  -0.0000   0.02277000
  0.359130  -0.0000   0.02289000
  0.359283  -0.0000   0.02302000
  0.359512  -0.0000   0.02321000
  0.359853  -0.0000   0.02349000
  0.360357  -0.0000   0.02391000
  0.361102  -0.0000   0.02454000
  0.362199  -0.0000   0.02549000
  0.363711  -0.0000   0.02683000
  0.365193  -0.0000   0.02817000
  0.366648  -0.0000   0.02951000
  0.368079  -0.0000   0.03084000
  0.370173  -0.0000   0.03285000
  0.372546  -0.0000   0.03519000
  0.374858  -0.0000   0.03753000
  0.375159  -0.0000   0.03783000
  0.375459  -0.0000   0.03814000
  0.375758  -0.0000   0.03845000
  0.376047  -0.0000   0.03877000
  0.376108  -0.0000   0.03885000
  0.376170  -0.0000   0.03893000
  0.376263  -0.0000   0.03906000
  0.376402  -0.0000   0.03924000
  0.376610  -0.0000   0.03951000
  0.376919  -0.0000   0.03993000
  0.377378  -0.0000   0.04054000
  0.378056  -0.0000   0.04147000
  0.379056  -0.0000   0.04286000
  0.380524  -0.0000   0.04495000
  0.381965  -0.0000   0.04703000
  0.383380  -0.0000   0.04912000
  0.384772  -0.0000   0.05120000
  0.386810  -0.0000   0.05433000
  0.389173  -0.0000   0.05805000
  0.391475  -0.0000   0.06177000
  0.391961  -0.0000   0.06256000
  0.392443  -0.0000   0.06335000
  0.392924  -0.0000   0.06414000
  0.393124  -0.0000   0.06451000
  0.393167  -0.0000   0.06460000
  0.393211  -0.0000   0.06469000
  0.393277  -0.0000   0.06483000
  0.393376  -0.0000   0.06503000
  0.393524  -0.0000   0.06534000
  0.393745  -0.0000   0.06580000
  0.394073  -0.0000   0.06649000
  0.394560  -0.0000   0.06753000
  0.395281  -0.0000   0.06909000
  0.396342  -0.0000   0.07142000
  0.397899  -0.0000   0.07492000
  0.399425  -0.0000   0.07841000
  0.400923  -0.0000   0.08191000
  0.402395  -0.0000   0.08541000
  0.404550  -0.0000   0.09065000
  0.406655  -0.0000   0.09590000
  0.409080  -0.0000   0.10200000
  0.409378  -0.0000   0.10300000
  0.409675  -0.0000   0.10400000
  0.409971  -0.0000   0.10400000
  0.410234  -0.0000   0.10500000
  0.410293  -0.0000   0.10500000
  0.410351  -0.0000   0.10600000
  0.410440  -0.0000   0.10600000
  0.410572  -0.0000   0.10600000
  0.410770  -0.0000   0.10700000
  0.411064  -0.0000   0.10800000
  0.411501  -0.0000   0.10900000
  0.412148  -0.0000   0.11100000
  0.413103  -0.0000   0.11500000
  0.414506  -0.0000   0.12000000
  0.415885  -0.0000   0.12400000
  0.417240  -0.0000   0.12900000
  0.418574  -0.0000   0.13400000
  0.420531  -0.0000   0.14100000
  0.422959  -0.0000   0.15100000
  0.425327  -0.0000   0.16000000
  0.426095  -0.0000   0.16300000
  0.426858  -0.0000   0.16600000
  0.427207  -0.0000   0.16700000
  0.427389  -0.0000   0.16800000
  0.427568  -0.0000   0.16900000
  0.427747  -0.0000   0.17000000
  0.427926  -0.0000   0.17100000
  0.428191  -0.0000   0.17200000
  0.428586  -0.0000   0.17400000
  0.429172  -0.0000   0.17700000
  0.430038  -0.0000   0.18200000
  0.431312  -0.0000   0.18800000
  0.432904  -0.0000   0.19700000
  0.434465  -0.0000   0.20500000
  0.435999  -0.0000   0.21400000
  0.437506  -0.0000   0.22200000
  0.439713  -0.0000   0.23500000
  0.441871  -0.0000   0.24800000
  0.443984  -0.0000   0.26000000
  0.444213  -0.0000   0.26200000
  0.444417  -0.0000   0.26300000
  0.444464  -0.0000   0.26400000
  0.444535  -0.0000   0.26400000
  0.444642  -0.0000   0.26500000
  0.444801  -0.0000   0.26600000
  0.445038  -0.0000   0.26800000
  0.445392  -0.0000   0.27000000
  0.445916  -0.0000   0.27400000
  0.446691  -0.0000   0.28000000
  0.447834  -0.0000   0.28900000
  0.449392  -0.0000   0.30100000
  0.450921  -0.0000   0.31400000
  0.452423  -0.0000   0.32600000
  0.453900  -0.0000   0.33900000
  0.456063  -0.0000   0.35700000
  0.458550  -0.0000   0.37900000
  0.460979  -0.0000   0.40100000
  0.461221  -0.0000   0.40300000
  0.461458  -0.0000   0.40500000
  0.461507  -0.0000   0.40600000
  0.461583  -0.0000   0.40600000
  0.461696  -0.0000   0.40800000
  0.461866  -0.0000   0.41000000
  0.462119  -0.0000   0.41200000
  0.462496  -0.0000   0.41600000
  0.463054  -0.0000   0.42300000
  0.463880  -0.0000   0.43200000
  0.465097  -0.0000   0.44600000
  0.466598  -0.0000   0.46300000
  0.468072  -0.0000   0.48100000
  0.469522  -0.0000   0.49900000
  0.471483  -0.0000   0.52300000
  0.473405  -0.0000   0.54700000
  0.475821  -0.0000   0.57800000
  0.478185  -0.0000   0.61000000
  0.478426  -0.0000   0.61300000
  0.478643  -0.0000   0.61600000
  0.478693  -0.0000   0.61700000
  0.478769  -0.0000   0.61800000
  0.478883  -0.0000   0.62000000
  0.479054  -0.0000   0.62300000
  0.479308  -0.0000   0.62700000
  0.479686  -0.0000   0.63300000
  0.480248  -0.0000   0.64200000
  0.481078  -0.0000   0.65500000
  0.482302  -0.0000   0.67600000
  0.483891  -0.0000   0.70300000
  0.485450  -0.0000   0.73000000
  0.486982  -0.0000   0.75700000
  0.488488  -0.0000   0.78400000
  0.490697  -0.0000   0.82500000
  0.492860  -0.0000   0.86500000
  0.494982  -0.0000   0.90600000
  0.495273  -0.0000   0.91200000
  0.495563  -0.0000   0.91700000
  0.495816  -0.0000   0.92300000
  0.495877  -0.0000   0.92400000
  0.495970  -0.0000   0.92600000
  0.496108  -0.0000   0.92900000
  0.496315  -0.0000   0.93400000
  0.496623  -0.0000   0.94100000
  0.497081  -0.0000   0.95200000
  0.497760  -0.0000   0.96800000
  0.498763  -0.0000   0.99100000
  0.499123  -0.0000   1.00000000
  0.498854  -0.0000   1.00000000
  0.498854  -0.0000   1.00000000
  0.498854  -0.0000   1.00000000
  0.498854  -0.0000   1.00000000
  0.498854  -0.0000   1.00000000
  0.498854  -0.0000   1.00000000
  0.498854  -0.0000   1.00000000
  0.498854  -0.0000   1.00000000
  0.498854  -0.0000   1.00000000
  0.498854  -0.0000   1.00000000
  0.498854  -0.0000   1.00000000
  0.498853  -0.0000   1.00000000
  0.498853  -0.0000   1.00000000
  0.498852  -0.0000   1.00000000
  0.498851  -0.0000   1.00000000
