  0.000007  -0.0000   0.00000010
  0.000016  -0.0000   0.00000020
  0.000043  -0.0000   0.00000030
  0.000501  -0.0000   0.00000045
  0.006021  -0.0000   0.00000067
  0.006060  -0.0000   0.00000101
  0.006123  -0.0000   0.00000152
  0.006264  -0.0000   0.00000228
  0.006358  -0.0000   0.00000268
  0.006474  -0.0000   0.00000309
  0.006618  -0.0000   0.00000349
  0.006848  -0.0000   0.00000399
  0.007141  -0.0000   0.00000450
  0.007507  -0.0000   0.00000500
  0.007825  -0.0000   0.00000538
  0.008192  -0.0000   0.00000575
  0.008613  -0.0000   0.00000613
  0.009046  -0.0000   0.00000647
  0.009528  -0.0000   0.00000682
  0.010062  -0.0000   0.00000716
  0.010749  -0.0000   0.00000756
  0.011370  -0.0000   0.00000789
  0.012042  -0.0000   0.00000822
  0.012764  -0.0000   0.00000855
  0.013638  -0.0000   0.00000892
  0.014576  -0.0000   0.00000929
  0.015578  -0.0000   0.00000966
  0.016645  -0.0000   0.00001003
  0.017776  -0.0000   0.00001040
  0.018970  -0.0000   0.00001077
  0.020159  -0.0000   0.00001114
  0.020180  -0.0000   0.00001118
  0.020197  -0.0000   0.00001122
  0.020213  -0.0000   0.00001126
  0.020232  -0.0000   0.00001132
  0.020257  -0.0000   0.00001141
  0.020289  -0.0000   0.00001154
  0.020331  -0.0000   0.00001174
  0.020368  -0.0000   0.00001194
  0.020420  -0.0000   0.00001225
  0.020495  -0.0000   0.00001270
  0.020611  -0.0000   0.00001338
  0.020808  -0.0000   0.00001440
  0.021174  -0.0000   0.00001593
  0.021624  -0.0000   0.00001746
  0.022054  -0.0000   0.00001872
  0.022552  -0.0000   0.00001997
  0.023124  -0.0000   0.00002122
  0.023776  -0.0000   0.00002247
  0.024512  -0.0000   0.00002372
  0.025338  -0.0000   0.00002498
  0.026061  -0.0000   0.00002598
  0.026847  -0.0000   0.00002699
  0.027697  -0.0000   0.00002799
  0.028612  -0.0000   0.00002900
  0.029595  -0.0000   0.00003000
  0.030647  -0.0000   0.00003101
  0.031768  -0.0000   0.00003201
  0.032960  -0.0000   0.00003302
  0.034224  -0.0000   0.00003402
  0.035559  -0.0000   0.00003503
  0.036966  -0.0000   0.00003603
  0.037105  -0.0000   0.00003613
  0.037245  -0.0000   0.00003623
  0.037386  -0.0000   0.00003633
  0.037589  -0.0000   0.00003648
  0.037624  -0.0000   0.00003656
  0.037655  -0.0000   0.00003664
  0.037683  -0.0000   0.00003672
  0.037720  -0.0000   0.00003683
  0.037770  -0.0000   0.00003701
  0.037840  -0.0000   0.00003728
  0.037938  -0.0000   0.00003767
  0.038084  -0.0000   0.00003827
  0.038312  -0.0000   0.00003916
  0.038683  -0.0000   0.00004050
  0.039305  -0.0000   0.00004252
  0.040200  -0.0000   0.00004505
  0.041212  -0.0000   0.00004759
  0.042347  -0.0000   0.00005013
  0.043363  -0.0000   0.00005221
  0.044469  -0.0000   0.00005429
  0.045670  -0.0000   0.00005636
  0.046969  -0.0000   0.00005844
  0.048369  -0.0000   0.00006052
  0.049873  -0.0000   0.00006260
  0.051484  -0.0000   0.00006467
  0.053203  -0.0000   0.00006675
  0.055032  -0.0000   0.00006883
  0.055338  -0.0000   0.00006917
  0.055646  -0.0000   0.00006952
  0.055957  -0.0000   0.00006986
  0.056145  -0.0000   0.00007012
  0.056235  -0.0000   0.00007038
  0.056315  -0.0000   0.00007064
  0.056424  -0.0000   0.00007103
  0.056530  -0.0000   0.00007141
  0.056688  -0.0000   0.00007200
  0.056930  -0.0000   0.00007287
  0.057312  -0.0000   0.00007418
  0.057923  -0.0000   0.00007614
  0.058924  -0.0000   0.00007909
  0.060222  -0.0000   0.00008255
  0.061645  -0.0000   0.00008601
  0.063199  -0.0000   0.00008948
  0.064889  -0.0000   0.00009294
  0.066379  -0.0000   0.00009579
  0.067968  -0.0000   0.00009865
  0.069577  -0.0000   0.00010150
  0.071786  -0.0000   0.00010550
  0.073950  -0.0000   0.00010960
  0.074123  -0.0000   0.00010990
  0.074295  -0.0000   0.00011020
  0.074467  -0.0000   0.00011050
  0.074637  -0.0000   0.00011100
  0.074799  -0.0000   0.00011180
  0.074949  -0.0000   0.00011250
  0.075095  -0.0000   0.00011320
  0.075240  -0.0000   0.00011390
  0.075458  -0.0000   0.00011500
  0.075785  -0.0000   0.00011670
  0.076275  -0.0000   0.00011910
  0.077006  -0.0000   0.00012280
  0.078090  -0.0000   0.00012830
  0.079690  -0.0000   0.00013660
  0.082040  -0.0000   0.00014900
  0.084709  -0.0000   0.00016340
  0.087325  -0.0000   0.00017790
  0.089890  -0.0000   0.00019230
  0.093055  -0.0000   0.00021060
  0.093145  -0.0000   0.00021150
  0.093227  -0.0000   0.00021250
  0.093305  -0.0000   0.00021340
  0.093420  -0.0000   0.00021490
  0.093591  -0.0000   0.00021700
  0.093848  -0.0000   0.00022020
  0.094235  -0.0000   0.00022500
  0.094814  -0.0000   0.00023220
  0.095676  -0.0000   0.00024310
  0.096957  -0.0000   0.00025930
  0.098849  -0.0000   0.00028370
  0.101632  -0.0000   0.00032020
  0.105106  -0.0000   0.00036690
  0.108505  -0.0000   0.00041360
  0.110468  -0.0000   0.00044100
  0.110885  -0.0000   0.00044680
  0.111301  -0.0000   0.00045260
  0.111685  -0.0000   0.00045840
  0.111821  -0.0000   0.00046180
  0.111952  -0.0000   0.00046520
  0.112081  -0.0000   0.00046860
  0.112276  -0.0000   0.00047370
  0.112570  -0.0000   0.00048140
  0.113009  -0.0000   0.00049280
  0.113664  -0.0000   0.00051000
  0.114637  -0.0000   0.00053580
  0.116077  -0.0000   0.00057450
  0.118202  -0.0000   0.00063250
  0.121322  -0.0000   0.00071960
  0.124383  -0.0000   0.00080660
  0.127388  -0.0000   0.00089370
  0.129530  -0.0000   0.00095650
  0.129791  -0.0000   0.00096420
  0.130051  -0.0000   0.00097180
  0.130254  -0.0000   0.00097950
  0.130486  -0.0000   0.00099100
  0.130718  -0.0000   0.00100200
  0.130951  -0.0000   0.00101400
  0.131184  -0.0000   0.00102500
  0.131532  -0.0000   0.00104300
  0.132051  -0.0000   0.00106900
  0.132824  -0.0000   0.00110700
  0.133971  -0.0000   0.00116500
  0.135667  -0.0000   0.00125300
  0.138167  -0.0000   0.00138400
  0.140814  -0.0000   0.00152400
  0.143421  -0.0000   0.00166500
  0.145991  -0.0000   0.00180600
  0.146901  -0.0000   0.00185600
  0.147806  -0.0000   0.00190600
  0.148707  -0.0000   0.00195700
  0.148892  -0.0000   0.00196900
  0.149039  -0.0000   0.00198200
  0.149185  -0.0000   0.00199500
  0.149406  -0.0000   0.00201400
  0.149736  -0.0000   0.00204200
  0.150229  -0.0000   0.00208500
  0.150964  -0.0000   0.00214900
  0.152053  -0.0000   0.00224600
  0.153666  -0.0000   0.00239000
  0.156046  -0.0000   0.00260700
  0.158593  -0.0000   0.00284200
  0.161105  -0.0000   0.00307800
  0.163584  -0.0000   0.00331400
  0.166910  -0.0000   0.00363600
  0.167161  -0.0000   0.00366000
  0.167413  -0.0000   0.00368500
  0.167605  -0.0000   0.00370900
  0.167862  -0.0000   0.00374600
  0.168120  -0.0000   0.00378200
  0.168378  -0.0000   0.00381900
  0.168763  -0.0000   0.00387400
  0.169338  -0.0000   0.00395600
  0.170192  -0.0000   0.00407900
  0.171459  -0.0000   0.00426500
  0.173333  -0.0000   0.00454300
  0.176098  -0.0000   0.00495900
  0.178821  -0.0000   0.00537600
  0.181506  -0.0000   0.00579300
  0.184154  -0.0000   0.00621000
  0.184654  -0.0000   0.00628900
  0.185153  -0.0000   0.00636700
  0.185650  -0.0000   0.00644600
  0.186310  -0.0000   0.00656500
  0.186576  -0.0000   0.00662400
  0.186843  -0.0000   0.00668300
  0.187110  -0.0000   0.00674300
  0.187377  -0.0000   0.00680200
  0.187775  -0.0000   0.00689100
  0.188368  -0.0000   0.00702500
  0.189251  -0.0000   0.00722500
  0.190561  -0.0000   0.00752500
  0.192501  -0.0000   0.00797600
  0.195365  -0.0000   0.00865200
  0.198187  -0.0000   0.00932800
  0.200970  -0.0000   0.01000000
  0.203716  -0.0000   0.01068000
  0.204088  -0.0000   0.01077000
  0.204459  -0.0000   0.01086000
  0.204829  -0.0000   0.01096000
  0.205027  -0.0000   0.01102000
  0.205222  -0.0000   0.01109000
  0.205417  -0.0000   0.01115000
  0.205613  -0.0000   0.01122000
  0.205905  -0.0000   0.01131000
  0.206341  -0.0000   0.01146000
  0.206990  -0.0000   0.01168000
  0.207956  -0.0000   0.01201000
  0.209388  -0.0000   0.01250000
  0.211507  -0.0000   0.01324000
  0.214070  -0.0000   0.01414000
  0.216600  -0.0000   0.01505000
  0.219100  -0.0000   0.01596000
  0.222298  -0.0000   0.01713000
  0.223095  -0.0000   0.01743000
  0.223448  -0.0000   0.01756000
  0.223728  -0.0000   0.01769000
  0.224000  -0.0000   0.01782000
  0.224271  -0.0000   0.01795000
  0.224542  -0.0000   0.01808000
  0.224947  -0.0000   0.01828000
  0.225550  -0.0000   0.01857000
  0.226447  -0.0000   0.01902000
  0.227779  -0.0000   0.01968000
  0.229753  -0.0000   0.02067000
  0.232667  -0.0000   0.02216000
  0.235540  -0.0000   0.02365000
  0.238375  -0.0000   0.02515000
  0.241175  -0.0000   0.02664000
  0.241547  -0.0000   0.02684000
  0.241919  -0.0000   0.02703000
  0.242265  -0.0000   0.02723000
  0.242553  -0.0000   0.02743000
  0.242840  -0.0000   0.02762000
  0.243128  -0.0000   0.02782000
  0.243414  -0.0000   0.02802000
  0.243842  -0.0000   0.02831000
  0.244480  -0.0000   0.02875000
  0.245428  -0.0000   0.02941000
  0.246838  -0.0000   0.03040000
  0.248926  -0.0000   0.03188000
  0.252009  -0.0000   0.03411000
  0.255048  -0.0000   0.03634000
  0.258047  -0.0000   0.03856000
  0.260979  -0.0000   0.04079000
  0.261213  -0.0000   0.04101000
  0.261447  -0.0000   0.04123000
  0.261682  -0.0000   0.04145000
  0.261916  -0.0000   0.04167000
  0.262265  -0.0000   0.04200000
  0.262787  -0.0000   0.04250000
  0.263566  -0.0000   0.04324000
  0.264723  -0.0000   0.04435000
  0.266442  -0.0000   0.04602000
  0.268987  -0.0000   0.04853000
  0.271995  -0.0000   0.05153000
  0.274963  -0.0000   0.05453000
  0.277894  -0.0000   0.05753000
  0.278528  -0.0000   0.05819000
  0.279160  -0.0000   0.05884000
  0.279766  -0.0000   0.05949000
  0.280041  -0.0000   0.05983000
  0.280316  -0.0000   0.06018000
  0.280590  -0.0000   0.06053000
  0.280864  -0.0000   0.06087000
  0.281273  -0.0000   0.06139000
  0.281883  -0.0000   0.06217000
  0.282792  -0.0000   0.06333000
  0.284143  -0.0000   0.06508000
  0.286145  -0.0000   0.06770000
  0.289107  -0.0000   0.07164000
  0.292029  -0.0000   0.07557000
  0.294914  -0.0000   0.07951000
  0.297766  -0.0000   0.08344000
  0.298084  -0.0000   0.08388000
  0.298379  -0.0000   0.08432000
  0.298645  -0.0000   0.08476000
  0.298911  -0.0000   0.08520000
  0.299176  -0.0000   0.08564000
  0.299573  -0.0000   0.08630000
  0.300164  -0.0000   0.08729000
  0.301044  -0.0000   0.08878000
  0.302353  -0.0000   0.09101000
  0.304293  -0.0000   0.09435000
  0.307163  -0.0000   0.09937000
  0.309997  -0.0000   0.10400000
  0.312796  -0.0000   0.10900000
  0.315564  -0.0000   0.11400000
  0.315980  -0.0000   0.11500000
  0.316396  -0.0000   0.11600000
  0.316811  -0.0000   0.11700000
  0.317172  -0.0000   0.11700000
  0.317511  -0.0000   0.11800000
  0.317850  -0.0000   0.11900000
  0.318188  -0.0000   0.12000000
  0.318692  -0.0000   0.12100000
  0.319444  -0.0000   0.12200000
  0.320562  -0.0000   0.12500000
  0.322223  -0.0000   0.12900000
  0.324684  -0.0000   0.13400000
  0.327741  -0.0000   0.14100000
  0.330759  -0.0000   0.14800000
  0.333740  -0.0000   0.15500000
  0.334484  -0.0000   0.15700000
  0.335226  -0.0000   0.15900000
  0.335921  -0.0000   0.16000000
  0.336267  -0.0000   0.16100000
  0.336613  -0.0000   0.16200000
  0.336957  -0.0000   0.16300000
  0.337300  -0.0000   0.16400000
  0.337813  -0.0000   0.16600000
  0.338578  -0.0000   0.16800000
  0.339716  -0.0000   0.17100000
  0.341408  -0.0000   0.17600000
  0.343914  -0.0000   0.18300000
  0.347223  -0.0000   0.19300000
  0.350488  -0.0000   0.20200000
  0.353713  -0.0000   0.21200000
  0.354095  -0.0000   0.21300000
  0.354475  -0.0000   0.21400000
  0.354806  -0.0000   0.21600000
  0.355137  -0.0000   0.21700000
  0.355467  -0.0000   0.21800000
  0.355797  -0.0000   0.21900000
  0.356288  -0.0000   0.22100000
  0.357022  -0.0000   0.22300000
  0.358114  -0.0000   0.22700000
  0.359738  -0.0000   0.23300000
  0.362144  -0.0000   0.24200000
  0.365452  -0.0000   0.25400000
  0.368717  -0.0000   0.26600000
  0.371942  -0.0000   0.27900000
  0.372434  -0.0000   0.28000000
  0.372926  -0.0000   0.28200000
  0.373383  -0.0000   0.28400000
  0.373809  -0.0000   0.28600000
  0.374234  -0.0000   0.28800000
  0.374657  -0.0000   0.29000000
  0.375079  -0.0000   0.29200000
  0.375709  -0.0000   0.29400000
  0.376648  -0.0000   0.29900000
  0.378046  -0.0000   0.30500000
  0.380119  -0.0000   0.31400000
  0.383188  -0.0000   0.32800000
  0.386219  -0.0000   0.34200000
  0.389216  -0.0000   0.35600000
  0.391074  -0.0000   0.36500000
  0.391640  -0.0000   0.36800000
  0.392165  -0.0000   0.37100000
  0.392664  -0.0000   0.37300000
  0.393161  -0.0000   0.37600000
  0.393656  -0.0000   0.37900000
  0.394149  -0.0000   0.38100000
  0.394885  -0.0000   0.38500000
  0.395982  -0.0000   0.39100000
  0.397612  -0.0000   0.40000000
  0.400030  -0.0000   0.41400000
  0.403604  -0.0000   0.43400000
  0.407130  -0.0000   0.45500000
  0.410614  -0.0000   0.47500000
  0.410894  -0.0000   0.47700000
  0.411169  -0.0000   0.47900000
  0.411443  -0.0000   0.48100000
  0.411854  -0.0000   0.48300000
  0.412466  -0.0000   0.48700000
  0.413379  -0.0000   0.49300000
  0.414736  -0.0000   0.50300000
  0.416751  -0.0000   0.51600000
  0.419733  -0.0000   0.53700000
  0.422680  -0.0000   0.55700000
  0.425595  -0.0000   0.57800000
  0.428481  -0.0000   0.59900000
  0.428879  -0.0000   0.60100000
  0.429276  -0.0000   0.60400000
  0.429642  -0.0000   0.60700000
  0.430176  -0.0000   0.61100000
  0.430707  -0.0000   0.61600000
  0.431236  -0.0000   0.62000000
  0.432026  -0.0000   0.62600000
  0.433201  -0.0000   0.63600000
  0.434949  -0.0000   0.65000000
  0.437539  -0.0000   0.67200000
  0.440948  -0.0000   0.70100000
  0.444315  -0.0000   0.72900000
  0.447646  -0.0000   0.75800000
  0.448012  -0.0000   0.76100000
  0.448353  -0.0000   0.76500000
  0.448683  -0.0000   0.76800000
  0.449012  -0.0000   0.77100000
  0.449340  -0.0000   0.77400000
  0.449831  -0.0000   0.77900000
  0.450562  -0.0000   0.78600000
  0.451653  -0.0000   0.79700000
  0.453274  -0.0000   0.81300000
  0.455679  -0.0000   0.83700000
  0.459196  -0.0000   0.87200000
  0.462669  -0.0000   0.90800000
  0.466104  -0.0000   0.94300000
  0.466515  -0.0000   0.94800000
  0.466923  -0.0000   0.95200000
  0.467227  -0.0000   0.95500000
  0.467530  -0.0000   0.95900000
  0.467832  -0.0000   0.96200000
  0.468134  -0.0000   0.96600000
  0.468585  -0.0000   0.97100000
  0.469258  -0.0000   0.97900000
  0.470262  -0.0000   0.99100000
  0.471065  -0.0000   1.00000000
  0.470958  -0.0000   1.00000000
  0.470958  -0.0000   1.00000000
  0.470958  -0.0000   1.00000000
  0.470958  -0.0000   1.00000000
  0.470958  -0.0000   1.00000000
  0.470958  -0.0000   1.00000000
  0.470958  -0.0000   1.00000000
  0.470957  -0.0000   1.00000000
  0.470957  -0.0000   1.00000000
  0.470956  -0.0000   1.00000000
  0.470955  -0.0000   1.00000000
  0.470952  -0.0000   1.00000000
  0.470952  -0.0000   1.00000000
