  0.000002  -0.0000   0.00000010
  0.000004  -0.0000   0.00000020
  0.000012  -0.0000   0.00000030
  0.000141  -0.0000   0.00000045
  0.002983  -0.0000   0.00000067
  0.005985  -0.0000   0.00000076
  0.005989  -0.0000   0.00000089
  0.005994  -0.0000   0.00000108
  0.006002  -0.0000   0.00000136
  0.006015  -0.0000   0.00000179
  0.006037  -0.0000   0.00000243
  0.006078  -0.0000   0.00000339
  0.006161  -0.0000   0.00000483
  0.006349  -0.0000   0.00000699
  0.006486  -0.0000   0.00000827
  0.006652  -0.0000   0.00000955
  0.006851  -0.0000   0.00001082
  0.007229  -0.0000   0.00001274
  0.007594  -0.0000   0.00001429
  0.008021  -0.0000   0.00001584
  0.008513  -0.0000   0.00001740
  0.009074  -0.0000   0.00001895
  0.009706  -0.0000   0.00002050
  0.010413  -0.0000   0.00002205
  0.011197  -0.0000   0.00002360
  0.012058  -0.0000   0.00002515
  0.013000  -0.0000   0.00002671
  0.014023  -0.0000   0.00002826
  0.015129  -0.0000   0.00002981
  0.016319  -0.0000   0.00003136
  0.017596  -0.0000   0.00003291
  0.018959  -0.0000   0.00003446
  0.020409  -0.0000   0.00003602
  0.020559  -0.0000   0.00003618
  0.020710  -0.0000   0.00003634
  0.020861  -0.0000   0.00003650
  0.020908  -0.0000   0.00003673
  0.020948  -0.0000   0.00003697
  0.020984  -0.0000   0.00003721
  0.021017  -0.0000   0.00003745
  0.021062  -0.0000   0.00003781
  0.021127  -0.0000   0.00003835
  0.021219  -0.0000   0.00003916
  0.021356  -0.0000   0.00004038
  0.021498  -0.0000   0.00004159
  0.021724  -0.0000   0.00004341
  0.022095  -0.0000   0.00004614
  0.022730  -0.0000   0.00005024
  0.023282  -0.0000   0.00005347
  0.023888  -0.0000   0.00005670
  0.024549  -0.0000   0.00005993
  0.025357  -0.0000   0.00006354
  0.026239  -0.0000   0.00006714
  0.027196  -0.0000   0.00007074
  0.028185  -0.0000   0.00007420
  0.029247  -0.0000   0.00007766
  0.030383  -0.0000   0.00008112
  0.031783  -0.0000   0.00008508
  0.033005  -0.0000   0.00008834
  0.034295  -0.0000   0.00009161
  0.035655  -0.0000   0.00009487
  0.037254  -0.0000   0.00009851
  0.038862  -0.0000   0.00010210
  0.039361  -0.0000   0.00010330
  0.039857  -0.0000   0.00010440
  0.040161  -0.0000   0.00010510
  0.040223  -0.0000   0.00010550
  0.040278  -0.0000   0.00010580
  0.040330  -0.0000   0.00010620
  0.040404  -0.0000   0.00010670
  0.040511  -0.0000   0.00010750
  0.040666  -0.0000   0.00010870
  0.040896  -0.0000   0.00011040
  0.041240  -0.0000   0.00011310
  0.041751  -0.0000   0.00011700
  0.042510  -0.0000   0.00012300
  0.043633  -0.0000   0.00013190
  0.045288  -0.0000   0.00014530
  0.047635  -0.0000   0.00016470
  0.049941  -0.0000   0.00018410
  0.052210  -0.0000   0.00020350
  0.054446  -0.0000   0.00022290
  0.057733  -0.0000   0.00025200
  0.058713  -0.0000   0.00026080
  0.059687  -0.0000   0.00026950
  0.060598  -0.0000   0.00027820
  0.060705  -0.0000   0.00028010
  0.060807  -0.0000   0.00028200
  0.060906  -0.0000   0.00028390
  0.061054  -0.0000   0.00028670
  0.061275  -0.0000   0.00029100
  0.061606  -0.0000   0.00029730
  0.062098  -0.0000   0.00030690
  0.062829  -0.0000   0.00032120
  0.063911  -0.0000   0.00034270
  0.065511  -0.0000   0.00037490
  0.067867  -0.0000   0.00042320
  0.070749  -0.0000   0.00048350
  0.073587  -0.0000   0.00054370
  0.076384  -0.0000   0.00060390
  0.079143  -0.0000   0.00066410
  0.079507  -0.0000   0.00067200
  0.079869  -0.0000   0.00068000
  0.080231  -0.0000   0.00068790
  0.080772  -0.0000   0.00069980
  0.081036  -0.0000   0.00070660
  0.081218  -0.0000   0.00071340
  0.081399  -0.0000   0.00072020
  0.081669  -0.0000   0.00073040
  0.081938  -0.0000   0.00074060
  0.082339  -0.0000   0.00075590
  0.082935  -0.0000   0.00077880
  0.083821  -0.0000   0.00081320
  0.085133  -0.0000   0.00086480
  0.087073  -0.0000   0.00094210
  0.089933  -0.0000   0.00105800
  0.093648  -0.0000   0.00121200
  0.097303  -0.0000   0.00136500
  0.100901  -0.0000   0.00151900
  0.101200  -0.0000   0.00153200
  0.101499  -0.0000   0.00154500
  0.101705  -0.0000   0.00155700
  0.101903  -0.0000   0.00157000
  0.102100  -0.0000   0.00158300
  0.102297  -0.0000   0.00159600
  0.102591  -0.0000   0.00161500
  0.103030  -0.0000   0.00164400
  0.103683  -0.0000   0.00168700
  0.104653  -0.0000   0.00175100
  0.106091  -0.0000   0.00184800
  0.108218  -0.0000   0.00199400
  0.111356  -0.0000   0.00221200
  0.114451  -0.0000   0.00243000
  0.117507  -0.0000   0.00264900
  0.120527  -0.0000   0.00286700
  0.120954  -0.0000   0.00289800
  0.121380  -0.0000   0.00292900
  0.121805  -0.0000   0.00296000
  0.122349  -0.0000   0.00300600
  0.122806  -0.0000   0.00305200
  0.123260  -0.0000   0.00309900
  0.123712  -0.0000   0.00314500
  0.124162  -0.0000   0.00319100
  0.124832  -0.0000   0.00326100
  0.125828  -0.0000   0.00336500
  0.127308  -0.0000   0.00352200
  0.129500  -0.0000   0.00375600
  0.132739  -0.0000   0.00410900
  0.135936  -0.0000   0.00446100
  0.139095  -0.0000   0.00481300
  0.142219  -0.0000   0.00516500
  0.142573  -0.0000   0.00520500
  0.142895  -0.0000   0.00524400
  0.143164  -0.0000   0.00528400
  0.143566  -0.0000   0.00534400
  0.143966  -0.0000   0.00540400
  0.144365  -0.0000   0.00546400
  0.144959  -0.0000   0.00555400
  0.145843  -0.0000   0.00568900
  0.147157  -0.0000   0.00589100
  0.149105  -0.0000   0.00619400
  0.151988  -0.0000   0.00664900
  0.155939  -0.0000   0.00728100
  0.159835  -0.0000   0.00791400
  0.162974  -0.0000   0.00843000
  0.163376  -0.0000   0.00849600
  0.163715  -0.0000   0.00856200
  0.164033  -0.0000   0.00862800
  0.164508  -0.0000   0.00872700
  0.164980  -0.0000   0.00882600
  0.165685  -0.0000   0.00897400
  0.166732  -0.0000   0.00919700
  0.168287  -0.0000   0.00953100
  0.170593  -0.0000   0.01003000
  0.174002  -0.0000   0.01078000
  0.177369  -0.0000   0.01154000
  0.180699  -0.0000   0.01229000
  0.183994  -0.0000   0.01304000
  0.184328  -0.0000   0.01313000
  0.184632  -0.0000   0.01321000
  0.184935  -0.0000   0.01330000
  0.185388  -0.0000   0.01342000
  0.186062  -0.0000   0.01361000
  0.187066  -0.0000   0.01390000
  0.188558  -0.0000   0.01433000
  0.190769  -0.0000   0.01497000
  0.194042  -0.0000   0.01594000
  0.197277  -0.0000   0.01690000
  0.200479  -0.0000   0.01787000
  0.203649  -0.0000   0.01883000
  0.204158  -0.0000   0.01899000
  0.204666  -0.0000   0.01914000
  0.205121  -0.0000   0.01930000
  0.205758  -0.0000   0.01953000
  0.206391  -0.0000   0.01976000
  0.207021  -0.0000   0.02000000
  0.207648  -0.0000   0.02023000
  0.208583  -0.0000   0.02058000
  0.209973  -0.0000   0.02110000
  0.212040  -0.0000   0.02189000
  0.215103  -0.0000   0.02306000
  0.219579  -0.0000   0.02481000
  0.223997  -0.0000   0.02656000
  0.224622  -0.0000   0.02680000
  0.225246  -0.0000   0.02705000
  0.225827  -0.0000   0.02730000
  0.226333  -0.0000   0.02753000
  0.226836  -0.0000   0.02777000
  0.227337  -0.0000   0.02800000
  0.227836  -0.0000   0.02824000
  0.228581  -0.0000   0.02859000
  0.229691  -0.0000   0.02912000
  0.231343  -0.0000   0.02991000
  0.233795  -0.0000   0.03110000
  0.237428  -0.0000   0.03288000
  0.241769  -0.0000   0.03504000
  0.246058  -0.0000   0.03720000
  0.246457  -0.0000   0.03741000
  0.246820  -0.0000   0.03762000
  0.247183  -0.0000   0.03783000
  0.247724  -0.0000   0.03814000
  0.248263  -0.0000   0.03846000
  0.249067  -0.0000   0.03893000
  0.250264  -0.0000   0.03964000
  0.252044  -0.0000   0.04070000
  0.254687  -0.0000   0.04230000
  0.258601  -0.0000   0.04469000
  0.262471  -0.0000   0.04708000
  0.266302  -0.0000   0.04948000
  0.266804  -0.0000   0.04979000
  0.267275  -0.0000   0.05011000
  0.267718  -0.0000   0.05042000
  0.268379  -0.0000   0.05089000
  0.269037  -0.0000   0.05136000
  0.269691  -0.0000   0.05183000
  0.270668  -0.0000   0.05254000
  0.272122  -0.0000   0.05360000
  0.274284  -0.0000   0.05519000
  0.277492  -0.0000   0.05758000
  0.282238  -0.0000   0.06116000
  0.286928  -0.0000   0.06474000
  0.287433  -0.0000   0.06512000
  0.287923  -0.0000   0.06551000
  0.288373  -0.0000   0.06589000
  0.288822  -0.0000   0.06628000
  0.289269  -0.0000   0.06667000
  0.289715  -0.0000   0.06705000
  0.290381  -0.0000   0.06763000
  0.291374  -0.0000   0.06850000
  0.292853  -0.0000   0.06980000
  0.295052  -0.0000   0.07175000
  0.298315  -0.0000   0.07468000
  0.303146  -0.0000   0.07907000
  0.307922  -0.0000   0.08347000
  0.308405  -0.0000   0.08391000
  0.308856  -0.0000   0.08436000
  0.309291  -0.0000   0.08480000
  0.309941  -0.0000   0.08547000
  0.310588  -0.0000   0.08614000
  0.311553  -0.0000   0.08714000
  0.312989  -0.0000   0.08864000
  0.315126  -0.0000   0.09089000
  0.318297  -0.0000   0.09427000
  0.322993  -0.0000   0.09934000
  0.327636  -0.0000   0.10400000
  0.328313  -0.0000   0.10500000
  0.328989  -0.0000   0.10600000
  0.329630  -0.0000   0.10700000
  0.330329  -0.0000   0.10700000
  0.331025  -0.0000   0.10800000
  0.331718  -0.0000   0.10900000
  0.332408  -0.0000   0.11000000
  0.333439  -0.0000   0.11100000
  0.334974  -0.0000   0.11300000
  0.337259  -0.0000   0.11600000
  0.340651  -0.0000   0.12000000
  0.345677  -0.0000   0.12700000
  0.347836  -0.0000   0.13000000
  0.349986  -0.0000   0.13200000
  0.350406  -0.0000   0.13300000
  0.350820  -0.0000   0.13300000
  0.351232  -0.0000   0.13400000
  0.351848  -0.0000   0.13500000
  0.352767  -0.0000   0.13600000
  0.354137  -0.0000   0.13800000
  0.356175  -0.0000   0.14100000
  0.359202  -0.0000   0.14600000
  0.363689  -0.0000   0.15200000
  0.368131  -0.0000   0.15900000
  0.369258  -0.0000   0.16100000
  0.370381  -0.0000   0.16200000
  0.371122  -0.0000   0.16300000
  0.371829  -0.0000   0.16500000
  0.372533  -0.0000   0.16600000
  0.373234  -0.0000   0.16700000
  0.373933  -0.0000   0.16800000
  0.374976  -0.0000   0.17000000
  0.376531  -0.0000   0.17200000
  0.378846  -0.0000   0.17600000
  0.382284  -0.0000   0.18200000
  0.387383  -0.0000   0.19100000
  0.389233  -0.0000   0.19400000
  0.391076  -0.0000   0.19700000
  0.391714  -0.0000   0.19800000
  0.392314  -0.0000   0.19900000
  0.392912  -0.0000   0.20100000
  0.393508  -0.0000   0.20200000
  0.394103  -0.0000   0.20300000
  0.394990  -0.0000   0.20500000
  0.396313  -0.0000   0.20700000
  0.398285  -0.0000   0.21100000
  0.401217  -0.0000   0.21700000
  0.405569  -0.0000   0.22500000
  0.409882  -0.0000   0.23400000
  0.411009  -0.0000   0.23600000
  0.412132  -0.0000   0.23800000
  0.412711  -0.0000   0.23900000
  0.413274  -0.0000   0.24100000
  0.413835  -0.0000   0.24200000
  0.414673  -0.0000   0.24400000
  0.415923  -0.0000   0.24600000
  0.417783  -0.0000   0.25000000
  0.420550  -0.0000   0.25600000
  0.424657  -0.0000   0.26600000
  0.429519  -0.0000   0.27700000
  0.431073  -0.0000   0.28000000
  0.432623  -0.0000   0.28400000
  0.433350  -0.0000   0.28500000
  0.434045  -0.0000   0.28700000
  0.434737  -0.0000   0.28900000
  0.435426  -0.0000   0.29000000
  0.436113  -0.0000   0.29200000
  0.437139  -0.0000   0.29400000
  0.438669  -0.0000   0.29800000
  0.440948  -0.0000   0.30400000
  0.444337  -0.0000   0.31200000
  0.449367  -0.0000   0.32500000
  0.452257  -0.0000   0.33300000
  0.453466  -0.0000   0.33600000
  0.454275  -0.0000   0.33800000
  0.455056  -0.0000   0.34000000
  0.455833  -0.0000   0.34200000
  0.456607  -0.0000   0.34400000
  0.457378  -0.0000   0.34600000
  0.458530  -0.0000   0.35000000
  0.460248  -0.0000   0.35400000
  0.462807  -0.0000   0.36200000
  0.466611  -0.0000   0.37200000
  0.471004  -0.0000   0.38500000
  0.473315  -0.0000   0.39200000
  0.474635  -0.0000   0.39600000
  0.474951  -0.0000   0.39600000
  0.475262  -0.0000   0.39700000
  0.475728  -0.0000   0.39900000
  0.476424  -0.0000   0.40100000
  0.477463  -0.0000   0.40400000
  0.479012  -0.0000   0.40900000
  0.481317  -0.0000   0.41600000
  0.484745  -0.0000   0.42700000
  0.488991  -0.0000   0.44100000
  0.493203  -0.0000   0.45400000
  0.494397  -0.0000   0.45800000
  0.495584  -0.0000   0.46200000
  0.496092  -0.0000   0.46400000
  0.496599  -0.0000   0.46500000
  0.497105  -0.0000   0.46700000
  0.497610  -0.0000   0.46900000
  0.498364  -0.0000   0.47100000
  0.499490  -0.0000   0.47500000
  0.501170  -0.0000   0.48100000
  0.503672  -0.0000   0.49000000
  0.507393  -0.0000   0.50300000
  0.511785  -0.0000   0.51900000
  0.516145  -0.0000   0.53500000
  0.516699  -0.0000   0.53700000
  0.517241  -0.0000   0.53900000
  0.517782  -0.0000   0.54100000
  0.518590  -0.0000   0.54400000
  0.519797  -0.0000   0.54800000
  0.521595  -0.0000   0.55500000
  0.524272  -0.0000   0.56600000
  0.528252  -0.0000   0.58200000
  0.533379  -0.0000   0.60200000
  0.535025  -0.0000   0.60800000
  0.536666  -0.0000   0.61500000
  0.537416  -0.0000   0.61800000
  0.538142  -0.0000   0.62100000
  0.538866  -0.0000   0.62400000
  0.539588  -0.0000   0.62700000
  0.540307  -0.0000   0.63000000
  0.541382  -0.0000   0.63500000
  0.542986  -0.0000   0.64200000
  0.545377  -0.0000   0.65200000
  0.548936  -0.0000   0.66700000
  0.554225  -0.0000   0.69100000
  0.555790  -0.0000   0.69800000
  0.557352  -0.0000   0.70400000
  0.558240  -0.0000   0.70800000
  0.559100  -0.0000   0.71200000
  0.559957  -0.0000   0.71600000
  0.560811  -0.0000   0.72000000
  0.561661  -0.0000   0.72400000
  0.562932  -0.0000   0.73000000
  0.564829  -0.0000   0.73900000
  0.567654  -0.0000   0.75300000
  0.571858  -0.0000   0.77300000
  0.577343  -0.0000   0.80000000
  0.578173  -0.0000   0.80400000
  0.578992  -0.0000   0.80800000
  0.579783  -0.0000   0.81200000
  0.580572  -0.0000   0.81600000
  0.581358  -0.0000   0.82000000
  0.582141  -0.0000   0.82400000
  0.583312  -0.0000   0.83000000
  0.585059  -0.0000   0.83900000
  0.587664  -0.0000   0.85200000
  0.591540  -0.0000   0.87300000
  0.596090  -0.0000   0.89700000
  0.598080  -0.0000   0.90800000
  0.600040  -0.0000   0.91800000
  0.600751  -0.0000   0.92200000
  0.601460  -0.0000   0.92600000
  0.602166  -0.0000   0.93000000
  0.602871  -0.0000   0.93400000
  0.603924  -0.0000   0.94000000
  0.605497  -0.0000   0.94900000
  0.607842  -0.0000   0.96200000
  0.611335  -0.0000   0.98200000
  0.614384  -0.0000   1.00000000
  0.614359  -0.0000   1.00000000
  0.614359  -0.0000   1.00000000
  0.614359  -0.0000   1.00000000
  0.614359  -0.0000   1.00000000
  0.614359  -0.0000   1.00000000
  0.614359  -0.0000   1.00000000
  0.614358  -0.0000   1.00000000
  0.614358  -0.0000   1.00000000
  0.614358  -0.0000   1.00000000
  0.614358  -0.0000   1.00000000
  0.614358  -0.0000   1.00000000
  0.614357  -0.0000   1.00000000
  0.614357  -0.0000   1.00000000
  0.614356  -0.0000   1.00000000
